#/home1/08302/tg876011/charm-mpi-compare/stencil/stencil-charm.py 768 100 24576 24576 strong_scaling_results +no_isomalloc_sync
Process,Num processes,Iteration,Iteration Time,Communication Time,Computation Time
0,768,1,0.532817281,0.365899144,0.166918137
0,768,2,0.180929741,0.177900335,0.003029406
0,768,3,0.153071259,0.149267877,0.003803382
0,768,4,0.186290217,0.183208856,0.003081361
0,768,5,0.003940635,0.000738051,0.003202584
0,768,6,0.003814537,0.00064269,0.003171847
0,768,7,0.003707153,0.000469475,0.003237678
0,768,8,0.003529348,0.000258102,0.003271246
0,768,9,0.003630922,0.000350082,0.00328084
0,768,10,0.003385667,0.000257773,0.003127894
0,768,11,0.003334427,0.000323006,0.003011421
0,768,12,0.003577455,0.000550966,0.003026489
0,768,13,0.003412738,0.000397525,0.003015213
0,768,14,0.024804601,0.021452731,0.00335187
0,768,15,0.004379944,0.001072846,0.003307098
0,768,16,0.00418503,0.000831884,0.003353146
0,768,17,0.018155499,0.014898654,0.003256845
0,768,18,0.003685707,0.000430936,0.003254771
0,768,19,0.003447334,0.000282821,0.003164513
0,768,20,0.003414096,0.000266337,0.003147759
0,768,21,0.011323058,0.008294759,0.003028299
0,768,22,0.004767882,0.001706923,0.003060959
0,768,23,0.004901493,0.001818444,0.003083049
0,768,24,0.004865275,0.001828337,0.003036938
0,768,25,0.004904539,0.001801527,0.003103012
0,768,26,0.004213687,0.00111805,0.003095637
0,768,27,0.004116215,0.000995286,0.003120929
0,768,28,0.003991319,0.000869813,0.003121506
0,768,29,0.004335413,0.001225196,0.003110217
0,768,30,0.004206427,0.001079105,0.003127322
0,768,31,0.00397333,0.000821214,0.003152116
0,768,32,0.01745318,0.014259241,0.003193939
0,768,33,0.023285941,0.019836057,0.003449884
0,768,34,0.006622965,0.003123957,0.003499008
0,768,35,0.006008821,0.002466254,0.003542567
0,768,36,0.005592153,0.002008878,0.003583275
0,768,37,0.005126311,0.001537329,0.003588982
0,768,38,0.005319946,0.001751605,0.003568341
0,768,39,0.005386869,0.001801035,0.003585834
0,768,40,0.005512688,0.001902753,0.003609935
0,768,41,0.005390139,0.001878,0.003512139
0,768,42,0.005015886,0.00139348,0.003622406
0,768,43,0.005319585,0.001611901,0.003707684
0,768,44,0.004753684,0.000984417,0.003769267
0,768,45,0.004989453,0.001167135,0.003822318
0,768,46,0.004679612,0.000740805,0.003938807
0,768,47,0.004910055,0.000904644,0.004005411
0,768,48,0.004791813,0.000745394,0.004046419
0,768,49,0.004603944,0.000610457,0.003993487
0,768,50,0.004918651,0.000906744,0.004011907
0,768,51,0.004778288,0.000774739,0.004003549
0,768,52,0.005100647,0.001055592,0.004045055
0,768,53,0.005066721,0.00101614,0.004050581
0,768,54,0.004659253,0.000658773,0.00400048
0,768,55,0.004703792,0.000696848,0.004006944
0,768,56,0.004689486,0.000719184,0.003970302
0,768,57,0.004650638,0.000589475,0.004061163
0,768,58,0.004751059,0.000728868,0.004022191
0,768,59,0.004741297,0.000699642,0.004041655
0,768,60,0.004624026,0.000598658,0.004025368
0,768,61,0.00460541,0.000618574,0.003986836
0,768,62,0.004717484,0.000700886,0.004016598
0,768,63,0.004800209,0.000858805,0.003941404
0,768,64,0.004783456,0.000754588,0.004028868
0,768,65,0.004499222,0.000484681,0.004014541
0,768,66,0.004746488,0.000757529,0.003988959
0,768,67,0.004729541,0.000691381,0.00403816
0,768,68,0.004720475,0.000714666,0.004005809
0,768,69,0.004793386,0.000828858,0.003964528
0,768,70,0.004769302,0.000732958,0.004036344
0,768,71,0.00488726,0.000863049,0.004024211
0,768,72,0.004572484,0.000557091,0.004015393
0,768,73,0.004665767,0.000575909,0.004089858
0,768,74,0.004507841,0.000497338,0.004010503
0,768,75,0.004697493,0.000676025,0.004021468
0,768,76,0.00454066,0.00052064,0.00402002
0,768,77,0.004616779,0.000616098,0.004000681
0,768,78,0.004557793,0.000486197,0.004071596
0,768,79,0.004574967,0.000574968,0.003999999
0,768,80,0.004439656,0.000477078,0.003962578
0,768,81,0.004725001,0.000775558,0.003949443
0,768,82,0.004560186,0.000540124,0.004020062
0,768,83,0.004473974,0.000551202,0.003922772
0,768,84,0.00460079,0.000606466,0.003994324
0,768,85,0.004473609,0.000508294,0.003965315
0,768,86,0.004664992,0.000695996,0.003968996
0,768,87,0.004460405,0.0004844,0.003976005
0,768,88,0.004760814,0.000707342,0.004053472
0,768,89,0.00460581,0.000637211,0.003968599
0,768,90,0.00507523,0.001016856,0.004058374
0,768,91,0.004874015,0.000913532,0.003960483
0,768,92,0.004743241,0.000786651,0.00395659
0,768,93,0.00446191,0.000587364,0.003874546
0,768,94,0.004415143,0.00046102,0.003954123
0,768,95,0.004381718,0.000487716,0.003894002
0,768,96,0.004311169,0.000577465,0.003733704
0,768,97,0.004375161,0.000656044,0.003719117
0,768,98,0.005035496,0.001124296,0.0039112
0,768,99,0.004848203,0.000978386,0.003869817
0,768,100,0.005322836,0.001557171,0.003765665
0,768,101,0.004374611,0.000626084,0.003748527
0,768,102,0.007215478,0.003456264,0.003759214
0,768,103,0.004253512,0.000555284,0.003698228
0,768,104,0.007788534,0.004079238,0.003709296
0,768,105,0.004472025,0.000713777,0.003758248
0,768,106,0.004291674,0.000468565,0.003823109
0,768,107,0.004138528,0.000413819,0.003724709
0,768,108,0.004042567,0.000348564,0.003694003
0,768,109,0.005673408,0.002096215,0.003577193
0,768,110,0.010412493,0.006787443,0.00362505
1,768,1,0.617584523,0.491825124,0.125759399
1,768,2,0.206192169,0.203127319,0.00306485
1,768,3,0.22603655,0.222972711,0.003063839
1,768,4,0.003721496,0.000593266,0.00312823
1,768,5,0.003944424,0.000716073,0.003228351
1,768,6,0.003669019,0.000476696,0.003192323
1,768,7,0.003613541,0.000335783,0.003277758
1,768,8,0.003580099,0.00029939,0.003280709
1,768,9,0.003582814,0.000288278,0.003294536
1,768,10,0.003429196,0.000276066,0.00315313
1,768,11,0.003576125,0.000540059,0.003036066
1,768,12,0.003405204,0.000364109,0.003041095
1,768,13,0.024419295,0.021071949,0.003347346
1,768,14,0.00446633,0.001065647,0.003400683
1,768,15,0.004106754,0.000770891,0.003335863
1,768,16,0.018260163,0.01490335,0.003356813
1,768,17,0.003604331,0.000320606,0.003283725
1,768,18,0.003587467,0.000328081,0.003259386
1,768,19,0.003495984,0.000309469,0.003186515
1,768,20,0.011361307,0.008277578,0.003083729
1,768,21,0.004211058,0.00114157,0.003069488
1,768,22,0.004539445,0.001489553,0.003049892
1,768,23,0.004912304,0.001833892,0.003078412
1,768,24,0.004550572,0.00147084,0.003079732
1,768,25,0.004706244,0.001586031,0.003120213
1,768,26,0.004176303,0.00107293,0.003103373
1,768,27,0.0041606,0.001032079,0.003128521
1,768,28,0.004184067,0.001014084,0.003169983
1,768,29,0.004262019,0.001119504,0.003142515
1,768,30,0.004012261,0.000864382,0.003147879
1,768,31,0.016344761,0.013159036,0.003185725
1,768,32,0.024419434,0.021032052,0.003387382
1,768,33,0.006580365,0.003159312,0.003421053
1,768,34,0.005884398,0.002338478,0.00354592
1,768,35,0.005725499,0.002102383,0.003623116
1,768,36,0.005072752,0.001553723,0.003519029
1,768,37,0.00528004,0.001735056,0.003544984
1,768,38,0.005382408,0.001775295,0.003607113
1,768,39,0.005348344,0.001801848,0.003546496
1,768,40,0.005260853,0.001647188,0.003613665
1,768,41,0.00503149,0.001440977,0.003590513
1,768,42,0.005150886,0.00153733,0.003613556
1,768,43,0.005034459,0.001351241,0.003683218
1,768,44,0.004855625,0.001158552,0.003697073
1,768,45,0.004556557,0.000769799,0.003786758
1,768,46,0.00492138,0.001037474,0.003883906
1,768,47,0.004799328,0.000782102,0.004017226
1,768,48,0.004735661,0.00075961,0.003976051
1,768,49,0.004894394,0.000851562,0.004042832
1,768,50,0.00477018,0.000775494,0.003994686
1,768,51,0.005064559,0.001063906,0.004000653
1,768,52,0.005099999,0.001109005,0.003990994
1,768,53,0.004713046,0.000653807,0.004059239
1,768,54,0.004665701,0.000661197,0.004004504
1,768,55,0.004688439,0.000649019,0.00403942
1,768,56,0.004573898,0.000541701,0.004032197
1,768,57,0.004867361,0.000867867,0.003999494
1,768,58,0.004678586,0.0006583,0.004020286
1,768,59,0.004600315,0.000565782,0.004034533
1,768,60,0.004696077,0.00067631,0.004019767
1,768,61,0.004707006,0.000675701,0.004031305
1,768,62,0.004863005,0.000804832,0.004058173
1,768,63,0.00462275,0.000576058,0.004046692
1,768,64,0.004548035,0.000570679,0.003977356
1,768,65,0.004753591,0.000761288,0.003992303
1,768,66,0.004652642,0.000652146,0.004000496
1,768,67,0.004721825,0.000680736,0.004041089
1,768,68,0.004880735,0.000856187,0.004024548
1,768,69,0.004718303,0.000672735,0.004045568
1,768,70,0.00486025,0.000818868,0.004041382
1,768,71,0.004597828,0.000558033,0.004039795
1,768,72,0.00460894,0.000557318,0.004051622
1,768,73,0.004585405,0.000522925,0.00406248
1,768,74,0.004648699,0.00063306,0.004015639
1,768,75,0.004569608,0.000538788,0.00403082
1,768,76,0.004620046,0.000624917,0.003995129
1,768,77,0.004538771,0.000555745,0.003983026
1,768,78,0.004607925,0.00061145,0.003996475
1,768,79,0.004536775,0.00049936,0.004037415
1,768,80,0.004652468,0.000623894,0.004028574
1,768,81,0.00458221,0.000525713,0.004056497
1,768,82,0.004485033,0.000532928,0.003952105
1,768,83,0.004537602,0.000559568,0.003978034
1,768,84,0.004552116,0.000567545,0.003984571
1,768,85,0.004602829,0.000600186,0.004002643
1,768,86,0.004533934,0.000572198,0.003961736
1,768,87,0.004656048,0.000692971,0.003963077
1,768,88,0.004546604,0.000585142,0.003961462
1,768,89,0.004635036,0.000641495,0.003993541
1,768,90,0.004875492,0.000916648,0.003958844
1,768,91,0.005020243,0.001052222,0.003968021
1,768,92,0.00453506,0.00057784,0.00395722
1,768,93,0.004641639,0.000682353,0.003959286
1,768,94,0.004432838,0.000519333,0.003913505
1,768,95,0.004488424,0.000607366,0.003881058
1,768,96,0.004292631,0.000522384,0.003770247
1,768,97,0.004975757,0.001139311,0.003836446
1,768,98,0.004732257,0.000871486,0.003860771
1,768,99,0.005558393,0.001663665,0.003894728
1,768,100,0.004408277,0.000574139,0.003834138
1,768,101,0.007262543,0.003488736,0.003773807
1,768,102,0.004322751,0.00059602,0.003726731
1,768,103,0.007617455,0.00394979,0.003667665
1,768,104,0.004505498,0.000716642,0.003788856
1,768,105,0.004182883,0.000343407,0.003839476
1,768,106,0.004165117,0.000402496,0.003762621
1,768,107,0.004075222,0.000373378,0.003701844
1,768,108,0.00599626,0.0023451,0.00365116
1,768,109,0.009052791,0.005342179,0.003710612
1,768,110,0.006563931,0.002937413,0.003626518
2,768,1,0.614876257,0.488627165,0.126249092
2,768,2,0.171553246,0.168523475,0.003029771
2,768,3,0.221405572,0.218385248,0.003020324
2,768,4,0.025616207,0.022551959,0.003064248
2,768,5,0.004138523,0.000922693,0.00321583
2,768,6,0.003820154,0.00064004,0.003180114
2,768,7,0.003641993,0.000409266,0.003232727
2,768,8,0.003570772,0.00032455,0.003246222
2,768,9,0.003545584,0.000294585,0.003250999
2,768,10,0.004047738,0.000953955,0.003093783
2,768,11,0.003421219,0.000417908,0.003003311
2,768,12,0.024072213,0.020872644,0.003199569
2,768,13,0.004394266,0.001073158,0.003321108
2,768,14,0.004175869,0.000794247,0.003381622
2,768,15,0.0182546,0.014988417,0.003266183
2,768,16,0.003648083,0.00034114,0.003306943
2,768,17,0.003676553,0.000416817,0.003259736
2,768,18,0.003542712,0.000327641,0.003215071
2,768,19,0.011417344,0.008379734,0.00303761
2,768,20,0.004169387,0.001122399,0.003046988
2,768,21,0.004203162,0.00115002,0.003053142
2,768,22,0.004292286,0.001254493,0.003037793
2,768,23,0.004296678,0.001247101,0.003049577
2,768,24,0.004587799,0.0015622,0.003025599
2,768,25,0.004685015,0.001585087,0.003099928
2,768,26,0.004224691,0.001138525,0.003086166
2,768,27,0.004038195,0.000952942,0.003085253
2,768,28,0.004227512,0.001096275,0.003131237
2,768,29,0.004130889,0.001002479,0.00312841
2,768,30,0.015819279,0.012734978,0.003084301
2,768,31,0.025209367,0.021968186,0.003241181
2,768,32,0.006645687,0.003202927,0.00344276
2,768,33,0.005792029,0.002308057,0.003483972
2,768,34,0.00572262,0.002316617,0.003406003
2,768,35,0.005333491,0.001792889,0.003540602
2,768,36,0.005262491,0.001762481,0.00350001
2,768,37,0.005056992,0.001541438,0.003515554
2,768,38,0.005290862,0.001589392,0.00370147
2,768,39,0.005129227,0.001560215,0.003569012
2,768,40,0.005050196,0.001420151,0.003630045
2,768,41,0.005059851,0.001497719,0.003562132
2,768,42,0.005033981,0.001458304,0.003575677
2,768,43,0.00484574,0.001145742,0.003699998
2,768,44,0.004662233,0.000937865,0.003724368
2,768,45,0.00481552,0.001038257,0.003777263
2,768,46,0.0047227,0.000884005,0.003838695
2,768,47,0.004977936,0.000904431,0.004073505
2,768,48,0.00481637,0.000811084,0.004005286
2,768,49,0.004765978,0.000733094,0.004032884
2,768,50,0.005053138,0.000998084,0.004055054
2,768,51,0.005105558,0.001104294,0.004001264
2,768,52,0.004689924,0.000659917,0.004030007
2,768,53,0.004675383,0.000637071,0.004038312
2,768,54,0.004661079,0.000655689,0.00400539
2,768,55,0.004566384,0.000587534,0.00397885
2,768,56,0.004941807,0.000942735,0.003999072
2,768,57,0.004670229,0.000661867,0.004008362
2,768,58,0.004529915,0.000570097,0.003959818
2,768,59,0.004787118,0.000781752,0.004005366
2,768,60,0.004689844,0.000671331,0.004018513
2,768,61,0.00485384,0.000840957,0.004012883
2,768,62,0.004571939,0.000562828,0.004009111
2,768,63,0.004561743,0.000547288,0.004014455
2,768,64,0.004832571,0.000847776,0.003984795
2,768,65,0.004668073,0.00065649,0.004011583
2,768,66,0.004639871,0.00066989,0.003969981
2,768,67,0.004922364,0.000919123,0.004003241
2,768,68,0.004686015,0.000635809,0.004050206
2,768,69,0.004884865,0.000883119,0.004001746
2,768,70,0.004630496,0.000652536,0.00397796
2,768,71,0.004575776,0.000564932,0.004010844
2,768,72,0.004539347,0.000537458,0.004001889
2,768,73,0.004684267,0.000705334,0.003978933
2,768,74,0.004566936,0.00057142,0.003995516
2,768,75,0.004700831,0.000642946,0.004057885
2,768,76,0.004547815,0.000574088,0.003973727
2,768,77,0.004614849,0.000662097,0.003952752
2,768,78,0.004507074,0.000541473,0.003965601
2,768,79,0.004604869,0.000614011,0.003990858
2,768,80,0.004551452,0.000557361,0.003994091
2,768,81,0.0046477,0.000595926,0.004051774
2,768,82,0.004432575,0.000477837,0.003954738
2,768,83,0.00452635,0.00063726,0.00388909
2,768,84,0.004640838,0.000621778,0.00401906
2,768,85,0.004586242,0.000614976,0.003971266
2,768,86,0.004650847,0.000661229,0.003989618
2,768,87,0.004592789,0.000646748,0.003946041
2,768,88,0.004524621,0.000610204,0.003914417
2,768,89,0.004984904,0.001054247,0.003930657
2,768,90,0.004937832,0.001027692,0.00391014
2,768,91,0.004564502,0.000621047,0.003943455
2,768,92,0.004524843,0.000635153,0.00388969
2,768,93,0.004505803,0.000578518,0.003927285
2,768,94,0.004619096,0.00068406,0.003935036
2,768,95,0.004331243,0.000489959,0.003841284
2,768,96,0.004742493,0.000953084,0.003789409
2,768,97,0.004923595,0.001141323,0.003782272
2,768,98,0.005541037,0.001692969,0.003848068
2,768,99,0.00453898,0.000642156,0.003896824
2,768,100,0.007274032,0.003498656,0.003775376
2,768,101,0.004395593,0.000705884,0.003689709
2,768,102,0.00539679,0.001656293,0.003740497
2,768,103,0.00455019,0.000912405,0.003637785
2,768,104,0.005495993,0.001740625,0.003755368
2,768,105,0.004392649,0.00065001,0.003742639
2,768,106,0.004290598,0.000501026,0.003789572
2,768,107,0.006504544,0.002837915,0.003666629
2,768,108,0.008834403,0.005236233,0.00359817
2,768,109,0.004143743,0.000506458,0.003637285
2,768,110,0.008835092,0.005405561,0.003429531
3,768,1,0.615643488,0.48916545,0.126478038
3,768,2,0.197964531,0.194912938,0.003051593
3,768,3,0.152988625,0.149931594,0.003057031
3,768,4,0.048826279,0.045771679,0.0030546
3,768,5,0.021494139,0.018279411,0.003214728
3,768,6,0.004203367,0.001042067,0.0031613
3,768,7,0.003792152,0.000498343,0.003293809
3,768,8,0.003958779,0.000671262,0.003287517
3,768,9,0.004158518,0.000902291,0.003256227
3,768,10,0.00355136,0.000434866,0.003116494
3,768,11,0.023848667,0.020610637,0.00323803
3,768,12,0.004214106,0.000956364,0.003257742
3,768,13,0.004154665,0.000753068,0.003401597
3,768,14,0.018362327,0.014974889,0.003387438
3,768,15,0.003644755,0.000344641,0.003300114
3,768,16,0.003686726,0.000354616,0.00333211
3,768,17,0.003628515,0.000347452,0.003281063
3,768,18,0.003572884,0.000323866,0.003249018
3,768,19,0.003453464,0.000304614,0.00314885
3,768,20,0.010945758,0.007841549,0.003104209
3,768,21,0.004502377,0.00143138,0.003070997
3,768,22,0.004536037,0.001470598,0.003065439
3,768,23,0.004550888,0.001461114,0.003089774
3,768,24,0.004611705,0.001537972,0.003073733
3,768,25,0.004945908,0.001833514,0.003112394
3,768,26,0.00401411,0.000908521,0.003105589
3,768,27,0.004235444,0.001109618,0.003125826
3,768,28,0.004023851,0.000866007,0.003157844
3,768,29,0.01612869,0.013005026,0.003123664
3,768,30,0.025539036,0.022238258,0.003300778
3,768,31,0.006291896,0.00281253,0.003479366
3,768,32,0.005975805,0.002517159,0.003458646
3,768,33,0.00573565,0.002232344,0.003503306
3,768,34,0.0052601,0.001790589,0.003469511
3,768,35,0.005336211,0.001761644,0.003574567
3,768,36,0.004942555,0.001339496,0.003603059
3,768,37,0.005078361,0.00152041,0.003557951
3,768,38,0.005297899,0.001665763,0.003632136
3,768,39,0.005006531,0.001305763,0.003700768
3,768,40,0.004679681,0.00103202,0.003647661
3,768,41,0.005081646,0.00147704,0.003604606
3,768,42,0.004916225,0.001274269,0.003641956
3,768,43,0.004764636,0.001095501,0.003669135
3,768,44,0.004806131,0.001039638,0.003766493
3,768,45,0.004685729,0.000783896,0.003901833
3,768,46,0.004813384,0.000888356,0.003925028
3,768,47,0.004823433,0.00081131,0.004012123
3,768,48,0.004796044,0.000739929,0.004056115
3,768,49,0.005013929,0.00100521,0.004008719
3,768,50,0.005122534,0.001055873,0.004066661
3,768,51,0.004688641,0.000683566,0.004005075
3,768,52,0.004682761,0.00056562,0.004117141
3,768,53,0.004624789,0.000573724,0.004051065
3,768,54,0.004676836,0.000588659,0.004088177
3,768,55,0.004875238,0.000832956,0.004042282
3,768,56,0.004646982,0.000584618,0.004062364
3,768,57,0.004610322,0.000550939,0.004059383
3,768,58,0.004752547,0.000701388,0.004051159
3,768,59,0.004627966,0.000549734,0.004078232
3,768,60,0.004841073,0.000772563,0.00406851
3,768,61,0.004555992,0.000556425,0.003999567
3,768,62,0.004610746,0.000584243,0.004026503
3,768,63,0.004900205,0.000823419,0.004076786
3,768,64,0.004592299,0.000551155,0.004041144
3,768,65,0.00468355,0.000673265,0.004010285
3,768,66,0.004883009,0.000835626,0.004047383
3,768,67,0.004649192,0.000567754,0.004081438
3,768,68,0.004969965,0.00084356,0.004126405
3,768,69,0.004595482,0.0005546,0.004040882
3,768,70,0.00457744,0.000569223,0.004008217
3,768,71,0.004575623,0.000560589,0.004015034
3,768,72,0.004624628,0.000570955,0.004053673
3,768,73,0.004584941,0.000547654,0.004037287
3,768,74,0.004611096,0.000596762,0.004014334
3,768,75,0.004626537,0.000565933,0.004060604
3,768,76,0.004615782,0.000587235,0.004028547
3,768,77,0.004586037,0.000584788,0.004001249
3,768,78,0.00455442,0.000572634,0.003981786
3,768,79,0.00452854,0.000567156,0.003961384
3,768,80,0.004592708,0.000531567,0.004061141
3,768,81,0.004568399,0.000536242,0.004032157
3,768,82,0.004614822,0.000547945,0.004066877
3,768,83,0.004481104,0.000530306,0.003950798
3,768,84,0.00462819,0.000582304,0.004045886
3,768,85,0.0045634,0.000564543,0.003998857
3,768,86,0.00464312,0.000642211,0.004000909
3,768,87,0.004613933,0.000586695,0.004027238
3,768,88,0.004983616,0.001025501,0.003958115
3,768,89,0.004905966,0.000977359,0.003928607
3,768,90,0.004515199,0.000555923,0.003959276
3,768,91,0.004570746,0.000585582,0.003985164
3,768,92,0.004534999,0.000565525,0.003969474
3,768,93,0.004562061,0.000684848,0.003877213
3,768,94,0.004495705,0.000504689,0.003991016
3,768,95,0.004796076,0.000916463,0.003879613
3,768,96,0.004849087,0.001059467,0.00378962
3,768,97,0.005559867,0.001674688,0.003885179
3,768,98,0.004468641,0.000536549,0.003932092
3,768,99,0.007387582,0.00353078,0.003856802
3,768,100,0.004470279,0.000672272,0.003798007
3,768,101,0.005251489,0.001541673,0.003709816
3,768,102,0.004734324,0.000995208,0.003739116
3,768,103,0.004057497,0.000381801,0.003675696
3,768,104,0.004462539,0.000674044,0.003788495
3,768,105,0.004816465,0.001027367,0.003789098
3,768,106,0.007360978,0.003675484,0.003685494
3,768,107,0.006637796,0.002918091,0.003719705
3,768,108,0.005008802,0.001385045,0.003623757
3,768,109,0.010333543,0.006710545,0.003622998
3,768,110,0.004234842,0.000787507,0.003447335
4,768,1,0.620452589,0.493954188,0.126498401
4,768,2,0.18740063,0.184374202,0.003026428
4,768,3,0.223837788,0.22080715,0.003030638
4,768,4,0.003682809,0.000670507,0.003012302
4,768,5,0.003340853,0.000336739,0.003004114
4,768,6,0.02114883,0.017973854,0.003174976
4,768,7,0.005087632,0.001834017,0.003253615
4,768,8,0.004227726,0.000961665,0.003266061
4,768,9,0.003654839,0.000445313,0.003209526
4,768,10,0.023716125,0.020592858,0.003123267
4,768,11,0.004231446,0.001053218,0.003178228
4,768,12,0.003939808,0.000684551,0.003255257
4,768,13,0.018414837,0.015175666,0.003239171
4,768,14,0.003678215,0.000336352,0.003341863
4,768,15,0.003610046,0.000359804,0.003250242
4,768,16,0.003656505,0.000340079,0.003316426
4,768,17,0.003674271,0.000406624,0.003267647
4,768,18,0.003551469,0.000323813,0.003227656
4,768,19,0.003424025,0.000301598,0.003122427
4,768,20,0.003513053,0.000361731,0.003151322
4,768,21,0.01059766,0.007573054,0.003024606
4,768,22,0.004722167,0.001694056,0.003028111
4,768,23,0.005212468,0.002158511,0.003053957
4,768,24,0.0045829,0.001543781,0.003039119
4,768,25,0.004903424,0.001809713,0.003093711
4,768,26,0.004460115,0.001381073,0.003079042
4,768,27,0.004017471,0.00092645,0.003091021
4,768,28,0.016816219,0.013650217,0.003166002
4,768,29,0.025547252,0.022252526,0.003294726
4,768,30,0.006121062,0.002867639,0.003253423
4,768,31,0.005696555,0.002369444,0.003327111
4,768,32,0.005875009,0.00244572,0.003429289
4,768,33,0.005431106,0.001895559,0.003535547
4,768,34,0.005088011,0.001470192,0.003617819
4,768,35,0.004993448,0.001377254,0.003616194
4,768,36,0.005100962,0.001499559,0.003601403
4,768,37,0.005253647,0.001658996,0.003594651
4,768,38,0.004652716,0.001131862,0.003520854
4,768,39,0.005027033,0.001381756,0.003645277
4,768,40,0.004824697,0.0013176,0.003507097
4,768,41,0.004783975,0.001230401,0.003553574
4,768,42,0.004694058,0.001121296,0.003572762
4,768,43,0.004985222,0.001383247,0.003601975
4,768,44,0.004622602,0.000934634,0.003687968
4,768,45,0.004978617,0.001222386,0.003756231
4,768,46,0.00476778,0.000953203,0.003814577
4,768,47,0.004765033,0.000875053,0.00388998
4,768,48,0.00502701,0.001112453,0.003914557
4,768,49,0.005062386,0.001136688,0.003925698
4,768,50,0.004711367,0.000756782,0.003954585
4,768,51,0.004599646,0.00064777,0.003951876
4,768,52,0.004659097,0.000700347,0.00395875
4,768,53,0.004692448,0.000669228,0.00402322
4,768,54,0.004914739,0.000958733,0.003956006
4,768,55,0.004634993,0.000648051,0.003986942
4,768,56,0.004633711,0.000682431,0.00395128
4,768,57,0.004718402,0.000714207,0.004004195
4,768,58,0.0046212,0.000662392,0.003958808
4,768,59,0.004788578,0.000756204,0.004032374
4,768,60,0.004664372,0.000673595,0.003990777
4,768,61,0.004610086,0.000650727,0.003959359
4,768,62,0.004826783,0.000843869,0.003982914
4,768,63,0.004673226,0.000680447,0.003992779
4,768,64,0.004660622,0.000640118,0.004020504
4,768,65,0.004878253,0.000904893,0.00397336
4,768,66,0.004612865,0.000647937,0.003964928
4,768,67,0.004933057,0.000926155,0.004006902
4,768,68,0.004660475,0.000651165,0.00400931
4,768,69,0.004532464,0.000531884,0.00400058
4,768,70,0.004632866,0.000666725,0.003966141
4,768,71,0.004544724,0.000555842,0.003988882
4,768,72,0.004577785,0.00058113,0.003996655
4,768,73,0.004660238,0.000646956,0.004013282
4,768,74,0.004506997,0.000556876,0.003950121
4,768,75,0.004733717,0.000695996,0.004037721
4,768,76,0.004551545,0.000560816,0.003990729
4,768,77,0.00450959,0.000552627,0.003956963
4,768,78,0.004509061,0.000567633,0.003941428
4,768,79,0.004614364,0.000653527,0.003960837
4,768,80,0.00458479,0.000602776,0.003982014
4,768,81,0.004685561,0.000667406,0.004018155
4,768,82,0.004458194,0.000549036,0.003909158
4,768,83,0.004417315,0.000529711,0.003887604
4,768,84,0.004747357,0.000758933,0.003988424
4,768,85,0.004710431,0.00079608,0.003914351
4,768,86,0.00451,0.000543072,0.003966928
4,768,87,0.005144928,0.001187598,0.00395733
4,768,88,0.004939194,0.001007169,0.003932025
4,768,89,0.004465742,0.00057546,0.003890282
4,768,90,0.004550163,0.000690471,0.003859692
4,768,91,0.004554086,0.000584099,0.003969987
4,768,92,0.004556783,0.000649617,0.003907166
4,768,93,0.00437973,0.000578761,0.003800969
4,768,94,0.004859659,0.000987684,0.003871975
4,768,95,0.005015739,0.001194027,0.003821712
4,768,96,0.005247587,0.001436995,0.003810592
4,768,97,0.00468865,0.000853706,0.003834944
4,768,98,0.007487109,0.003588149,0.00389896
4,768,99,0.004547556,0.000743663,0.003803893
4,768,100,0.004476263,0.000730028,0.003746235
4,768,101,0.00523458,0.001564443,0.003670137
4,768,102,0.004332499,0.000603642,0.003728857
4,768,103,0.004042664,0.000380861,0.003661803
4,768,104,0.005283827,0.001510401,0.003773426
4,768,105,0.007438527,0.003704997,0.00373353
4,768,106,0.004713322,0.001083236,0.003630086
4,768,107,0.006951027,0.003307547,0.00364348
4,768,108,0.00791745,0.004232315,0.003685135
4,768,109,0.005318896,0.001746367,0.003572529
4,768,110,0.004704039,0.001275337,0.003428702
5,768,1,0.617474718,0.49076453,0.126710188
5,768,2,0.173397045,0.170376586,0.003020459
5,768,3,0.234579954,0.230772118,0.003807836
5,768,4,0.009459182,0.006427168,0.003032014
5,768,5,0.003679242,0.000664588,0.003014654
5,768,6,0.023014155,0.019816636,0.003197519
5,768,7,0.004215211,0.000911836,0.003303375
5,768,8,0.003667306,0.000405755,0.003261551
5,768,9,0.023678035,0.020651176,0.003026859
5,768,10,0.004344608,0.001159881,0.003184727
5,768,11,0.003782449,0.00059598,0.003186469
5,768,12,0.018440489,0.015106883,0.003333606
5,768,13,0.003586361,0.0003327,0.003253661
5,768,14,0.003670768,0.000339431,0.003331337
5,768,15,0.003651442,0.000355651,0.003295791
5,768,16,0.003673719,0.000361303,0.003312416
5,768,17,0.003600053,0.000336421,0.003263632
5,768,18,0.003537364,0.000351712,0.003185652
5,768,19,0.003497639,0.000385569,0.00311207
5,768,20,0.003516518,0.000393111,0.003123407
5,768,21,0.00332696,0.000271358,0.003055602
5,768,22,0.010476993,0.007433464,0.003043529
5,768,23,0.004908712,0.001875633,0.003033079
5,768,24,0.005684928,0.002655053,0.003029875
5,768,25,0.005178038,0.002050928,0.00312711
5,768,26,0.004243683,0.001167757,0.003075926
5,768,27,0.017769281,0.014624243,0.003145038
5,768,28,0.025532218,0.022328018,0.0032042
5,768,29,0.006096899,0.002884719,0.00321218
5,768,30,0.005648092,0.002282013,0.003366079
5,768,31,0.005694751,0.002261108,0.003433643
5,768,32,0.005037539,0.001536426,0.003501113
5,768,33,0.005035999,0.001504336,0.003531663
5,768,34,0.00531048,0.001739659,0.003570821
5,768,35,0.005164476,0.00164891,0.003515566
5,768,36,0.004872616,0.001337289,0.003535327
5,768,37,0.004915046,0.001281997,0.003633049
5,768,38,0.004920656,0.001389333,0.003531323
5,768,39,0.005111293,0.001480101,0.003631192
5,768,40,0.004541182,0.001006767,0.003534415
5,768,41,0.004549483,0.001039987,0.003509496
5,768,42,0.005142577,0.001594549,0.003548028
5,768,43,0.004650203,0.00104007,0.003610133
5,768,44,0.00485782,0.001195668,0.003662152
5,768,45,0.004857887,0.001085693,0.003772194
5,768,46,0.004689976,0.000814666,0.00387531
5,768,47,0.004993893,0.001029077,0.003964816
5,768,48,0.005024265,0.001075873,0.003948392
5,768,49,0.004676577,0.000691168,0.003985409
5,768,50,0.004693642,0.000714581,0.003979061
5,768,51,0.004618403,0.000619127,0.003999276
5,768,52,0.004624889,0.000605715,0.004019174
5,768,53,0.005046281,0.001014277,0.004032004
5,768,54,0.00456706,0.000616555,0.003950505
5,768,55,0.004666974,0.000633624,0.00403335
5,768,56,0.004678255,0.000615266,0.004062989
5,768,57,0.004684254,0.000654615,0.004029639
5,768,58,0.004706376,0.000718612,0.003987764
5,768,59,0.004672582,0.00061408,0.004058502
5,768,60,0.004649661,0.000604021,0.00404564
5,768,61,0.004768157,0.000736523,0.004031634
5,768,62,0.004739573,0.000704933,0.00403464
5,768,63,0.004632977,0.000613435,0.004019542
5,768,64,0.004908197,0.000903671,0.004004526
5,768,65,0.004623416,0.000628604,0.003994812
5,768,66,0.00490043,0.000945213,0.003955217
5,768,67,0.004611294,0.000619689,0.003991605
5,768,68,0.004569756,0.000600008,0.003969748
5,768,69,0.004618964,0.000628944,0.00399002
5,768,70,0.004590264,0.000607347,0.003982917
5,768,71,0.004524139,0.000517749,0.00400639
5,768,72,0.004643282,0.000606134,0.004037148
5,768,73,0.004524641,0.000505469,0.004019172
5,768,74,0.004742733,0.000730987,0.004011746
5,768,75,0.004546832,0.000522356,0.004024476
5,768,76,0.004503028,0.000528034,0.003974994
5,768,77,0.004444536,0.000526083,0.003918453
5,768,78,0.004660827,0.000669615,0.003991212
5,768,79,0.004641927,0.000657569,0.003984358
5,768,80,0.004573154,0.000630904,0.00394225
5,768,81,0.004636957,0.00068273,0.003954227
5,768,82,0.004454296,0.000520346,0.00393395
5,768,83,0.004657218,0.000705243,0.003951975
5,768,84,0.004708118,0.00064725,0.004060868
5,768,85,0.004478961,0.000506231,0.00397273
5,768,86,0.005177422,0.001179238,0.003998184
5,768,87,0.004967172,0.000920285,0.004046887
5,768,88,0.00444519,0.00050735,0.00393784
5,768,89,0.004585694,0.00062586,0.003959834
5,768,90,0.004398546,0.00055972,0.003838826
5,768,91,0.004760594,0.000760118,0.004000476
5,768,92,0.004478357,0.000538907,0.00393945
5,768,93,0.004636687,0.000807956,0.003828731
5,768,94,0.004823529,0.000955717,0.003867812
5,768,95,0.004886836,0.001080599,0.003806237
5,768,96,0.004828323,0.001076301,0.003752022
5,768,97,0.008012832,0.004197145,0.003815687
5,768,98,0.004634552,0.000752969,0.003881583
5,768,99,0.004283631,0.000473531,0.0038101
5,768,100,0.004221824,0.000527996,0.003693828
5,768,101,0.004124154,0.000487503,0.003636651
5,768,102,0.00497975,0.001287392,0.003692358
5,768,103,0.005546973,0.001912129,0.003634844
5,768,104,0.007715666,0.00400429,0.003711376
5,768,105,0.004812489,0.001074673,0.003737816
5,768,106,0.0070006,0.00334494,0.00365566
5,768,107,0.007349401,0.003725011,0.00362439
5,768,108,0.005282764,0.001648944,0.00363382
5,768,109,0.004328891,0.000752678,0.003576213
5,768,110,0.004640382,0.00119605,0.003444332
6,768,1,0.617811388,0.491511185,0.126300203
6,768,2,0.188377046,0.185352885,0.003024161
6,768,3,0.216753094,0.212943966,0.003809128
6,768,4,0.00585238,0.002820093,0.003032287
6,768,5,0.0295816,0.026401423,0.003180177
6,768,6,0.004115386,0.000928987,0.003186399
6,768,7,0.003670418,0.000402896,0.003267522
6,768,8,0.023868499,0.020848829,0.00301967
6,768,9,0.004238342,0.001182525,0.003055817
6,768,10,0.003722522,0.000529993,0.003192529
6,768,11,0.018357335,0.014949266,0.003408069
6,768,12,0.003617601,0.000329928,0.003287673
6,768,13,0.003583453,0.000344183,0.00323927
6,768,14,0.003768663,0.000431916,0.003336747
6,768,15,0.003673146,0.000417238,0.003255908
6,768,16,0.003647464,0.000334423,0.003313041
6,768,17,0.003617224,0.000320732,0.003296492
6,768,18,0.003565148,0.000390885,0.003174263
6,768,19,0.00352316,0.00039231,0.00313085
6,768,20,0.003393219,0.000292126,0.003101093
6,768,21,0.003488418,0.000459577,0.003028841
6,768,22,0.003297067,0.000265189,0.003031878
6,768,23,0.010822681,0.007791018,0.003031663
6,768,24,0.005528526,0.002499513,0.003029013
6,768,25,0.005491824,0.002334564,0.00315726
6,768,26,0.019276849,0.016147981,0.003128868
6,768,27,0.025620437,0.022426454,0.003193983
6,768,28,0.006068022,0.002750266,0.003317756
6,768,29,0.005367008,0.002074269,0.003292739
6,768,30,0.00564821,0.002185472,0.003462738
6,768,31,0.005099167,0.001675881,0.003423286
6,768,32,0.005003962,0.001535463,0.003468499
6,768,33,0.005264247,0.001857729,0.003406518
6,768,34,0.005280509,0.001782178,0.003498331
6,768,35,0.004723323,0.001227969,0.003495354
6,768,36,0.004819355,0.00127457,0.003544785
6,768,37,0.004970924,0.001324905,0.003646019
6,768,38,0.004707829,0.001211208,0.003496621
6,768,39,0.005074537,0.001419195,0.003655342
6,768,40,0.004509059,0.000986959,0.0035221
6,768,41,0.005059769,0.001479711,0.003580058
6,768,42,0.004648832,0.001118981,0.003529851
6,768,43,0.004802274,0.00115913,0.003643144
6,768,44,0.004804912,0.001084459,0.003720453
6,768,45,0.004634216,0.000843614,0.003790602
6,768,46,0.004892976,0.000991061,0.003901915
6,768,47,0.004990016,0.000992223,0.003997793
6,768,48,0.004712395,0.000725727,0.003986668
6,768,49,0.004650115,0.000620491,0.004029624
6,768,50,0.00461228,0.000620531,0.003991749
6,768,51,0.004599127,0.000612452,0.003986675
6,768,52,0.005058434,0.000999073,0.004059361
6,768,53,0.004591592,0.000606862,0.00398473
6,768,54,0.00460474,0.00058454,0.0040202
6,768,55,0.004660512,0.000602704,0.004057808
6,768,56,0.004763723,0.0008037,0.003960023
6,768,57,0.004683616,0.000636466,0.00404715
6,768,58,0.004672948,0.000710232,0.003962716
6,768,59,0.004635854,0.00060788,0.004027974
6,768,60,0.004772611,0.000779199,0.003993412
6,768,61,0.004744771,0.000762204,0.003982567
6,768,62,0.004610924,0.00062252,0.003988404
6,768,63,0.004958511,0.000898926,0.004059585
6,768,64,0.004625009,0.000633829,0.00399118
6,768,65,0.004908414,0.000856041,0.004052373
6,768,66,0.004606298,0.000610274,0.003996024
6,768,67,0.004545817,0.00052378,0.004022037
6,768,68,0.004663246,0.000641376,0.00402187
6,768,69,0.004576897,0.000576688,0.004000209
6,768,70,0.004530196,0.00057156,0.003958636
6,768,71,0.00461771,0.000601324,0.004016386
6,768,72,0.004459123,0.000538108,0.003921015
6,768,73,0.004760318,0.000755328,0.00400499
6,768,74,0.004501774,0.000522823,0.003978951
6,768,75,0.004555155,0.000523639,0.004031516
6,768,76,0.004560854,0.000546649,0.004014205
6,768,77,0.004543461,0.000553103,0.003990358
6,768,78,0.004675959,0.000728677,0.003947282
6,768,79,0.004598157,0.000612489,0.003985668
6,768,80,0.004663188,0.000628541,0.004034647
6,768,81,0.004511219,0.000515334,0.003995885
6,768,82,0.004645199,0.000607494,0.004037705
6,768,83,0.004519379,0.000535109,0.00398427
6,768,84,0.004600892,0.000544801,0.004056091
6,768,85,0.005122909,0.001120914,0.004001995
6,768,86,0.004899216,0.000948664,0.003950552
6,768,87,0.004620863,0.000569564,0.004051299
6,768,88,0.004490837,0.000450859,0.004039978
6,768,89,0.004549657,0.000588435,0.003961222
6,768,90,0.004607253,0.000669597,0.003937656
6,768,91,0.004541684,0.000519001,0.004022683
6,768,92,0.004631304,0.000577828,0.004053476
6,768,93,0.004768754,0.000839745,0.003929009
6,768,94,0.005012572,0.001215405,0.003797167
6,768,95,0.004451923,0.000663741,0.003788182
6,768,96,0.008470662,0.004627158,0.003843504
6,768,97,0.004559979,0.000759951,0.003800028
6,768,98,0.0043576,0.000502875,0.003854725
6,768,99,0.004211808,0.000443585,0.003768223
6,768,100,0.004235547,0.000471689,0.003763858
6,768,101,0.004124677,0.000437995,0.003686682
6,768,102,0.006509396,0.002838819,0.003670577
6,768,103,0.007580076,0.00386356,0.003716516
6,768,104,0.004837264,0.001070709,0.003766555
6,768,105,0.007090799,0.003427998,0.003662801
6,768,106,0.004442637,0.000805426,0.003637211
6,768,107,0.00403792,0.000474541,0.003563379
6,768,108,0.006852446,0.003184832,0.003667614
6,768,109,0.005505015,0.001916193,0.003588822
6,768,110,0.004540653,0.001101454,0.003439199
7,768,1,0.620003755,0.493736789,0.126266966
7,768,2,0.204870796,0.201848997,0.003021799
7,768,3,0.161794639,0.158771282,0.003023357
7,768,4,0.068112716,0.064952413,0.003160303
7,768,5,0.004282413,0.001118438,0.003163975
7,768,6,0.003627871,0.000415592,0.003212279
7,768,7,0.024114775,0.021093918,0.003020857
7,768,8,0.003993135,0.000972854,0.003020281
7,768,9,0.003758589,0.000685458,0.003073131
7,768,10,0.018185784,0.014815547,0.003370237
7,768,11,0.003754128,0.000400441,0.003353687
7,768,12,0.003616033,0.000359942,0.003256091
7,768,13,0.003669448,0.000421664,0.003247784
7,768,14,0.003752531,0.00045201,0.003300521
7,768,15,0.003599839,0.000331544,0.003268295
7,768,16,0.003705392,0.000411676,0.003293716
7,768,17,0.003694676,0.000409807,0.003284869
7,768,18,0.003486586,0.000311853,0.003174733
7,768,19,0.003504974,0.000385882,0.003119092
7,768,20,0.003472184,0.000370539,0.003101645
7,768,21,0.003323128,0.000295363,0.003027765
7,768,22,0.003375471,0.000342698,0.003032773
7,768,23,0.003354807,0.000338416,0.003016391
7,768,24,0.011932585,0.008907631,0.003024954
7,768,25,0.021944101,0.018781134,0.003162967
7,768,26,0.025892333,0.022693301,0.003199032
7,768,27,0.005984674,0.00282124,0.003163434
7,768,28,0.005434955,0.002186666,0.003248289
7,768,29,0.00538914,0.002137679,0.003251461
7,768,30,0.005067633,0.00172634,0.003341293
7,768,31,0.004969987,0.001593079,0.003376908
7,768,32,0.005370253,0.001950102,0.003420151
7,768,33,0.00508933,0.001628816,0.003460514
7,768,34,0.004854593,0.001337157,0.003517436
7,768,35,0.004764062,0.001271386,0.003492676
7,768,36,0.004821999,0.001343738,0.003478261
7,768,37,0.004818723,0.001196264,0.003622459
7,768,38,0.004781139,0.001251639,0.0035295
7,768,39,0.004594223,0.000974167,0.003620056
7,768,40,0.00490036,0.001337627,0.003562733
7,768,41,0.004643289,0.00102375,0.003619539
7,768,42,0.004810719,0.001203295,0.003607424
7,768,43,0.004731889,0.001045286,0.003686603
7,768,44,0.004753602,0.00105707,0.003696532
7,768,45,0.004863369,0.00099929,0.003864079
7,768,46,0.004869573,0.000929254,0.003940319
7,768,47,0.004791045,0.000819287,0.003971758
7,768,48,0.004543235,0.00058581,0.003957425
7,768,49,0.004703117,0.000681507,0.00402161
7,768,50,0.004587789,0.00062238,0.003965409
7,768,51,0.005062708,0.001031872,0.004030836
7,768,52,0.00463818,0.000624438,0.004013742
7,768,53,0.004595354,0.000579844,0.00401551
7,768,54,0.004690434,0.000683795,0.004006639
7,768,55,0.004858027,0.000880235,0.003977792
7,768,56,0.004560717,0.000611448,0.003949269
7,768,57,0.004749653,0.000694034,0.004055619
7,768,58,0.004509122,0.000596941,0.003912181
7,768,59,0.004896563,0.000903517,0.003993046
7,768,60,0.004693256,0.000727151,0.003966105
7,768,61,0.004683612,0.000712891,0.003970721
7,768,62,0.004779009,0.000831603,0.003947406
7,768,63,0.004682794,0.000714721,0.003968073
7,768,64,0.004785642,0.000836711,0.003948931
7,768,65,0.004689211,0.000704546,0.003984665
7,768,66,0.004522256,0.000546078,0.003976178
7,768,67,0.004692992,0.00074235,0.003950642
7,768,68,0.004591085,0.000635719,0.003955366
7,768,69,0.004569732,0.000611025,0.003958707
7,768,70,0.004659306,0.000720972,0.003938334
7,768,71,0.00455647,0.000550099,0.004006371
7,768,72,0.004634172,0.000643837,0.003990335
7,768,73,0.004513662,0.000548726,0.003964936
7,768,74,0.004577487,0.000632711,0.003944776
7,768,75,0.004602687,0.000636479,0.003966208
7,768,76,0.004579506,0.000656495,0.003923011
7,768,77,0.004657527,0.000716191,0.003941336
7,768,78,0.004566208,0.000618049,0.003948159
7,768,79,0.004606128,0.000607138,0.00399899
7,768,80,0.004567612,0.000588254,0.003979358
7,768,81,0.00455265,0.00061289,0.00393976
7,768,82,0.004558694,0.000592742,0.003965952
7,768,83,0.004641716,0.000643511,0.003998205
7,768,84,0.005154798,0.001147264,0.004007534
7,768,85,0.004913828,0.000982148,0.00393168
7,768,86,0.004545088,0.000616028,0.00392906
7,768,87,0.004569787,0.000610238,0.003959549
7,768,88,0.004568778,0.000673877,0.003894901
7,768,89,0.004666684,0.000711454,0.00395523
7,768,90,0.004411845,0.00051097,0.003900875
7,768,91,0.004589578,0.000681719,0.003907859
7,768,92,0.004756677,0.000834576,0.003922101
7,768,93,0.005191837,0.001298344,0.003893493
7,768,94,0.004421401,0.000671536,0.003749865
7,768,95,0.008326425,0.004525815,0.00380061
7,768,96,0.004719663,0.000891289,0.003828374
7,768,97,0.004383322,0.000579123,0.003804199
7,768,98,0.00423108,0.000402325,0.003828755
7,768,99,0.004196419,0.000426663,0.003769756
7,768,100,0.004233172,0.000476264,0.003756908
7,768,101,0.006721193,0.002985481,0.003735712
7,768,102,0.007081431,0.003460648,0.003620783
7,768,103,0.005202997,0.001485701,0.003717296
7,768,104,0.004693986,0.000940084,0.003753902
7,768,105,0.004108298,0.000397297,0.003711001
7,768,106,0.006003601,0.002330485,0.003673116
7,768,107,0.004456389,0.000847956,0.003608433
7,768,108,0.006463808,0.002801404,0.003662404
7,768,109,0.006238255,0.002664912,0.003573343
7,768,110,0.004512799,0.001089824,0.003422975
8,768,1,0.612786603,0.486175175,0.126611428
8,768,2,0.147812403,0.144718403,0.003094
8,768,3,0.262794777,0.259675364,0.003119413
8,768,4,0.003928686,0.000657619,0.003271067
8,768,5,0.003588353,0.000366653,0.0032217
8,768,6,0.024584106,0.021489477,0.003094629
8,768,7,0.003949085,0.000868787,0.003080298
8,768,8,0.003652109,0.000568717,0.003083392
8,768,9,0.018059122,0.014603482,0.00345564
8,768,10,0.00373879,0.000306914,0.003431876
8,768,11,0.003738905,0.000315572,0.003423333
8,768,12,0.003680099,0.000326454,0.003353645
8,768,13,0.003637121,0.000307713,0.003329408
8,768,14,0.003704118,0.000324837,0.003379281
8,768,15,0.00365136,0.00031579,0.00333557
8,768,16,0.003670368,0.000311651,0.003358717
8,768,17,0.003660736,0.000306876,0.00335386
8,768,18,0.00354469,0.000297753,0.003246937
8,768,19,0.003465517,0.000289185,0.003176332
8,768,20,0.003457763,0.000279482,0.003178281
8,768,21,0.003351823,0.000257545,0.003094278
8,768,22,0.003347293,0.000256199,0.003091094
8,768,23,0.003411199,0.000312402,0.003098797
8,768,24,0.029619501,0.026412893,0.003206608
8,768,25,0.026456451,0.023246836,0.003209615
8,768,26,0.006135035,0.002867604,0.003267431
8,768,27,0.005356175,0.0019962,0.003359975
8,768,28,0.005301221,0.001986615,0.003314606
8,768,29,0.004867611,0.001501636,0.003365975
8,768,30,0.004979761,0.001560552,0.003419209
8,768,31,0.005148275,0.001633109,0.003515166
8,768,32,0.005109147,0.001553037,0.00355611
8,768,33,0.004891903,0.001270423,0.00362148
8,768,34,0.004770709,0.001153769,0.00361694
8,768,35,0.004762012,0.001143306,0.003618706
8,768,36,0.00470137,0.001094845,0.003606525
8,768,37,0.004650502,0.000952033,0.003698469
8,768,38,0.004698669,0.001059764,0.003638905
8,768,39,0.00443313,0.000754156,0.003678974
8,768,40,0.005010295,0.001349085,0.00366121
8,768,41,0.004675943,0.000987094,0.003688849
8,768,42,0.004620298,0.000950684,0.003669614
8,768,43,0.004874737,0.001089819,0.003784918
8,768,44,0.004758013,0.00096601,0.003792003
8,768,45,0.004805472,0.000872149,0.003933323
8,768,46,0.00501311,0.000978326,0.004034784
8,768,47,0.004569673,0.000552458,0.004017215
8,768,48,0.004630872,0.000558281,0.004072591
8,768,49,0.004623934,0.000545202,0.004078732
8,768,50,0.004887039,0.000828125,0.004058914
8,768,51,0.004704204,0.000652992,0.004051212
8,768,52,0.004642928,0.00053242,0.004110508
8,768,53,0.004687714,0.000665568,0.004022146
8,768,54,0.004859003,0.000816955,0.004042048
8,768,55,0.00464807,0.000543643,0.004104427
8,768,56,0.004575052,0.000534075,0.004040977
8,768,57,0.004719719,0.000642816,0.004076903
8,768,58,0.004734755,0.000713762,0.004020993
8,768,59,0.004707113,0.000656893,0.00405022
8,768,60,0.004694963,0.000654684,0.004040279
8,768,61,0.004776641,0.000729661,0.00404698
8,768,62,0.004771402,0.000721318,0.004050084
8,768,63,0.00469495,0.00066369,0.00403126
8,768,64,0.004578399,0.000560466,0.004017933
8,768,65,0.004686401,0.0006273,0.004059101
8,768,66,0.004686839,0.000633531,0.004053308
8,768,67,0.00461066,0.000558025,0.004052635
8,768,68,0.004579879,0.00054652,0.004033359
8,768,69,0.004634659,0.000579989,0.00405467
8,768,70,0.004547479,0.000535319,0.00401216
8,768,71,0.004595678,0.000549001,0.004046677
8,768,72,0.004589689,0.000560857,0.004028832
8,768,73,0.004599116,0.000555977,0.004043139
8,768,74,0.004599195,0.000556438,0.004042757
8,768,75,0.004606813,0.000559706,0.004047107
8,768,76,0.004641922,0.000546175,0.004095747
8,768,77,0.00451128,0.000554303,0.003956977
8,768,78,0.004544409,0.0005232,0.004021209
8,768,79,0.004623206,0.000549335,0.004073871
8,768,80,0.004599257,0.000546455,0.004052802
8,768,81,0.004520149,0.000523183,0.003996966
8,768,82,0.004602536,0.00055319,0.004049346
8,768,83,0.005050425,0.000969324,0.004081101
8,768,84,0.005084387,0.001026758,0.004057629
8,768,85,0.00452218,0.000524563,0.003997617
8,768,86,0.004571593,0.00055648,0.004015113
8,768,87,0.00460326,0.000544558,0.004058702
8,768,88,0.004587388,0.000532931,0.004054457
8,768,89,0.004513436,0.000518755,0.003994681
8,768,90,0.004505565,0.000517118,0.003988447
8,768,91,0.004535779,0.000599752,0.003936027
8,768,92,0.005382811,0.001417878,0.003964933
8,768,93,0.004588829,0.000670115,0.003918714
8,768,94,0.007462787,0.003564549,0.003898238
8,768,95,0.004958517,0.00111571,0.003842807
8,768,96,0.004741688,0.000845162,0.003896526
8,768,97,0.004288775,0.00039054,0.003898235
8,768,98,0.004335248,0.000397864,0.003937384
8,768,99,0.004310369,0.000406773,0.003903596
8,768,100,0.006273397,0.002497389,0.003776008
8,768,101,0.004866906,0.00106998,0.003796926
8,768,102,0.006536122,0.002829486,0.003706636
8,768,103,0.005118229,0.001312258,0.003805971
8,768,104,0.004939333,0.001111287,0.003828046
8,768,105,0.004183777,0.000397334,0.003786443
8,768,106,0.004218306,0.000472328,0.003745978
8,768,107,0.005473341,0.00178563,0.003687711
8,768,108,0.004386867,0.000731999,0.003654868
8,768,109,0.006429564,0.002839767,0.003589797
8,768,110,0.006174292,0.002644437,0.003529855
9,768,1,0.613264166,0.486557534,0.126706632
9,768,2,0.188925642,0.185906303,0.003019339
9,768,3,0.177377295,0.174360087,0.003017208
9,768,4,0.047121762,0.043972994,0.003148768
9,768,5,0.00400089,0.000861385,0.003139505
9,768,6,0.003584677,0.0004029,0.003181777
9,768,7,0.024352923,0.021337577,0.003015346
9,768,8,0.018884044,0.015354454,0.00352959
9,768,9,0.003808578,0.000452683,0.003355895
9,768,10,0.003683375,0.000348451,0.003334924
9,768,11,0.003656664,0.000310577,0.003346087
9,768,12,0.003587489,0.000300114,0.003287375
9,768,13,0.003566154,0.000308493,0.003257661
9,768,14,0.003644647,0.000342333,0.003302314
9,768,15,0.00358145,0.000323157,0.003258293
9,768,16,0.003627114,0.000326642,0.003300472
9,768,17,0.00367881,0.000404193,0.003274617
9,768,18,0.003572305,0.000393913,0.003178392
9,768,19,0.003415811,0.000300003,0.003115808
9,768,20,0.003455619,0.000362698,0.003092921
9,768,21,0.003475913,0.000446112,0.003029801
9,768,22,0.003448623,0.000414673,0.00303395
9,768,23,0.028929632,0.025797296,0.003132336
9,768,24,0.026571119,0.023497442,0.003073677
9,768,25,0.005953091,0.002782774,0.003170317
9,768,26,0.005373071,0.002200064,0.003173007
9,768,27,0.005470192,0.002136238,0.003333954
9,768,28,0.004677432,0.001427335,0.003250097
9,768,29,0.004681938,0.001331445,0.003350493
9,768,30,0.0045865,0.001211859,0.003374641
9,768,31,0.005102863,0.001659012,0.003443851
9,768,32,0.004888184,0.001385251,0.003502933
9,768,33,0.004732892,0.001217591,0.003515301
9,768,34,0.004913871,0.001345331,0.00356854
9,768,35,0.004442072,0.000923434,0.003518638
9,768,36,0.004675419,0.001189169,0.00348625
9,768,37,0.004776754,0.001194115,0.003582639
9,768,38,0.004715959,0.001158681,0.003557278
9,768,39,0.004527396,0.000941974,0.003585422
9,768,40,0.004697208,0.001140524,0.003556684
9,768,41,0.004567751,0.001026406,0.003541345
9,768,42,0.004919803,0.001351711,0.003568092
9,768,43,0.004492645,0.000862487,0.003630158
9,768,44,0.004863166,0.001173411,0.003689755
9,768,45,0.004914375,0.00109561,0.003818765
9,768,46,0.004823441,0.000883967,0.003939474
9,768,47,0.004945235,0.000983028,0.003962207
9,768,48,0.004625909,0.000654669,0.00397124
9,768,49,0.004617183,0.000651124,0.003966059
9,768,50,0.004596953,0.000584761,0.004012192
9,768,51,0.004913102,0.000960597,0.003952505
9,768,52,0.004778012,0.000765203,0.004012809
9,768,53,0.004532207,0.000565541,0.003966666
9,768,54,0.004805848,0.00076923,0.004036618
9,768,55,0.004732662,0.000786126,0.003946536
9,768,56,0.004726131,0.000778383,0.003947748
9,768,57,0.00456182,0.000578858,0.003982962
9,768,58,0.004733325,0.000768143,0.003965182
9,768,59,0.004730539,0.000773529,0.00395701
9,768,60,0.004733789,0.000715079,0.00401871
9,768,61,0.004647264,0.000683748,0.003963516
9,768,62,0.004791681,0.00080296,0.003988721
9,768,63,0.004752489,0.000774691,0.003977798
9,768,64,0.004737334,0.00080493,0.003932404
9,768,65,0.004560128,0.00060652,0.003953608
9,768,66,0.004752131,0.000758234,0.003993897
9,768,67,0.004651197,0.000675222,0.003975975
9,768,68,0.004600396,0.00063852,0.003961876
9,768,69,0.004585647,0.000591279,0.003994368
9,768,70,0.004659043,0.00070368,0.003955363
9,768,71,0.00457105,0.000610958,0.003960092
9,768,72,0.004615032,0.000602503,0.004012529
9,768,73,0.004492948,0.000521132,0.003971816
9,768,74,0.004689513,0.00072224,0.003967273
9,768,75,0.004587484,0.000608587,0.003978897
9,768,76,0.004591381,0.00064645,0.003944931
9,768,77,0.004571616,0.000694798,0.003876818
9,768,78,0.004597901,0.00061072,0.003987181
9,768,79,0.004568901,0.000603329,0.003965572
9,768,80,0.004608331,0.000606717,0.004001614
9,768,81,0.004576514,0.000680906,0.003895608
9,768,82,0.004555026,0.000581153,0.003973873
9,768,83,0.005247754,0.001286379,0.003961375
9,768,84,0.004629837,0.000640709,0.003989128
9,768,85,0.004812213,0.00089906,0.003913153
9,768,86,0.004547092,0.000627081,0.003920011
9,768,87,0.004530705,0.000594498,0.003936207
9,768,88,0.004553486,0.000657136,0.00389635
9,768,89,0.004909821,0.000994856,0.003914965
9,768,90,0.004975824,0.0009989,0.003976924
9,768,91,0.005299774,0.001439751,0.003860023
9,768,92,0.004556363,0.000728137,0.003828226
9,768,93,0.00710488,0.003295061,0.003809819
9,768,94,0.004667898,0.000834678,0.00383322
9,768,95,0.005179968,0.001420556,0.003759412
9,768,96,0.004585052,0.00073225,0.003852802
9,768,97,0.00428806,0.000469017,0.003819043
9,768,98,0.004254066,0.000417726,0.00383634
9,768,99,0.006140305,0.002417974,0.003722331
9,768,100,0.004671758,0.000998151,0.003673607
9,768,101,0.004677925,0.000954468,0.003723457
9,768,102,0.00410364,0.000417528,0.003686112
9,768,103,0.006336542,0.00263347,0.003703072
9,768,104,0.005133955,0.001419741,0.003714214
9,768,105,0.004939053,0.001240846,0.003698207
9,768,106,0.00414613,0.000469778,0.003676352
9,768,107,0.004202351,0.000535221,0.00366713
9,768,108,0.005384443,0.001822767,0.003561676
9,768,109,0.00453861,0.000869279,0.003669331
9,768,110,0.006263689,0.002672486,0.003591203
10,768,1,0.612531713,0.486108981,0.126422732
10,768,2,0.166592109,0.16353302,0.003059089
10,768,3,0.23826621,0.235208057,0.003058153
10,768,4,0.003659824,0.000595431,0.003064393
10,768,5,0.008938069,0.005713023,0.003225046
10,768,6,0.004109425,0.000855884,0.003253541
10,768,7,0.039252139,0.036053923,0.003198216
10,768,8,0.004044973,0.000741003,0.00330397
10,768,9,0.003699817,0.00032162,0.003378197
10,768,10,0.003717346,0.000329066,0.00338828
10,768,11,0.003724744,0.000330635,0.003394109
10,768,12,0.003645914,0.000344307,0.003301607
10,768,13,0.003708168,0.000407252,0.003300916
10,768,14,0.003664379,0.000327304,0.003337075
10,768,15,0.003614744,0.000319659,0.003295085
10,768,16,0.003635843,0.000321231,0.003314612
10,768,17,0.003720378,0.00040879,0.003311588
10,768,18,0.003595886,0.000384112,0.003211774
10,768,19,0.003434041,0.000288265,0.003145776
10,768,20,0.003586661,0.000459665,0.003126996
10,768,21,0.003407849,0.000347707,0.003060142
10,768,22,0.027897854,0.024828591,0.003069263
10,768,23,0.026935797,0.023774901,0.003160896
10,768,24,0.005795572,0.002699492,0.00309608
10,768,25,0.005523586,0.002307607,0.003215979
10,768,26,0.004831276,0.001657178,0.003174098
10,768,27,0.004954861,0.001624287,0.003330574
10,768,28,0.004630981,0.001315495,0.003315486
10,768,29,0.004746248,0.001319781,0.003426467
10,768,30,0.004979636,0.001541398,0.003438238
10,768,31,0.004680429,0.001206261,0.003474168
10,768,32,0.004880093,0.001398059,0.003482034
10,768,33,0.005018535,0.001363909,0.003654626
10,768,34,0.004336035,0.000730355,0.00360568
10,768,35,0.004850093,0.001251154,0.003598939
10,768,36,0.004731808,0.001108279,0.003623529
10,768,37,0.004395999,0.000761124,0.003634875
10,768,38,0.004934561,0.001263832,0.003670729
10,768,39,0.004495869,0.000773753,0.003722116
10,768,40,0.00470601,0.001032688,0.003673322
10,768,41,0.00475924,0.001122814,0.003636426
10,768,42,0.004679113,0.000996005,0.003683108
10,768,43,0.00457629,0.000887749,0.003688541
10,768,44,0.004703875,0.000916562,0.003787313
10,768,45,0.004700323,0.000819305,0.003881018
10,768,46,0.004810538,0.000762985,0.004047553
10,768,47,0.004706667,0.000708422,0.003998245
10,768,48,0.004577368,0.000528161,0.004049207
10,768,49,0.004661876,0.000665206,0.00399667
10,768,50,0.004554371,0.000562669,0.003991702
10,768,51,0.004671852,0.000669745,0.004002107
10,768,52,0.004766379,0.00067056,0.004095819
10,768,53,0.004667411,0.000618355,0.004049056
10,768,54,0.004592154,0.000507642,0.004084512
10,768,55,0.004639983,0.000606733,0.00403325
10,768,56,0.00476019,0.000722486,0.004037704
10,768,57,0.004774958,0.000698363,0.004076595
10,768,58,0.004546024,0.000510521,0.004035503
10,768,59,0.00468556,0.000608023,0.004077537
10,768,60,0.0047608,0.000696593,0.004064207
10,768,61,0.004740113,0.000675811,0.004064302
10,768,62,0.004567702,0.000552691,0.004015011
10,768,63,0.004807056,0.000807766,0.00399929
10,768,64,0.00473575,0.000730676,0.004005074
10,768,65,0.004785483,0.000738365,0.004047118
10,768,66,0.004539302,0.000534023,0.004005279
10,768,67,0.004663842,0.00066282,0.004001022
10,768,68,0.004759265,0.000696183,0.004063082
10,768,69,0.004532034,0.000535297,0.003996737
10,768,70,0.004576413,0.000542971,0.004033442
10,768,71,0.004659931,0.000627228,0.004032703
10,768,72,0.004570855,0.000558279,0.004012576
10,768,73,0.004665507,0.000654812,0.004010695
10,768,74,0.004650804,0.000626711,0.004024093
10,768,75,0.004700884,0.000655759,0.004045125
10,768,76,0.004577433,0.000544847,0.004032586
10,768,77,0.004510998,0.000523427,0.003987571
10,768,78,0.004513882,0.000521563,0.003992319
10,768,79,0.004521355,0.000520318,0.004001037
10,768,80,0.004675819,0.000641193,0.004034626
10,768,81,0.005264209,0.001253459,0.00401075
10,768,82,0.005282326,0.001308676,0.00397365
10,768,83,0.00460004,0.000540496,0.004059544
10,768,84,0.004595784,0.000531945,0.004063839
10,768,85,0.00446161,0.000502401,0.003959209
10,768,86,0.004608375,0.000525364,0.004083011
10,768,87,0.00461087,0.000520041,0.004090829
10,768,88,0.0051025,0.001037036,0.004065464
10,768,89,0.004832978,0.000775082,0.004057896
10,768,90,0.004957716,0.000924393,0.004033323
10,768,91,0.005016265,0.00106642,0.003949845
10,768,92,0.004763831,0.000823424,0.003940407
10,768,93,0.004493539,0.000466208,0.004027331
10,768,94,0.006754423,0.002880948,0.003873475
10,768,95,0.00509835,0.001286255,0.003812095
10,768,96,0.004737906,0.000855151,0.003882755
10,768,97,0.004338159,0.000407045,0.003931114
10,768,98,0.004374437,0.000429371,0.003945066
10,768,99,0.00431843,0.00041899,0.00389944
10,768,100,0.005663309,0.001911037,0.003752272
10,768,101,0.004933128,0.001184966,0.003748162
10,768,102,0.004240035,0.000500017,0.003740018
10,768,103,0.007296682,0.003534649,0.003762033
10,768,104,0.004217997,0.000447115,0.003770882
10,768,105,0.004426534,0.000602054,0.00382448
10,768,106,0.004496496,0.000761807,0.003734689
10,768,107,0.004090818,0.000379753,0.003711065
10,768,108,0.005463049,0.001832084,0.003630965
10,768,109,0.004761325,0.00103697,0.003724355
10,768,110,0.003975754,0.000428901,0.003546853
11,768,1,0.626207623,0.493056272,0.133151351
11,768,2,0.194545202,0.19151828,0.003026922
11,768,3,0.175227356,0.172199624,0.003027732
11,768,4,0.025241646,0.022213088,0.003028558
11,768,5,0.003787654,0.000698087,0.003089567
11,768,6,0.045027855,0.041820678,0.003207177
11,768,7,0.003998777,0.000796617,0.00320216
11,768,8,0.003591036,0.000311548,0.003279488
11,768,9,0.003753484,0.000423146,0.003330338
11,768,10,0.003713946,0.000350927,0.003363019
11,768,11,0.003720362,0.000337928,0.003382434
11,768,12,0.003695565,0.000411767,0.003283798
11,768,13,0.003612158,0.000319267,0.003292891
11,768,14,0.003637719,0.000336648,0.003301071
11,768,15,0.003687204,0.00043042,0.003256784
11,768,16,0.003727622,0.000444754,0.003282868
11,768,17,0.003618026,0.00033232,0.003285706
11,768,18,0.003572871,0.000407367,0.003165504
11,768,19,0.003597677,0.000469178,0.003128499
11,768,20,0.003473571,0.000379826,0.003093745
11,768,21,0.027528461,0.024373162,0.003155299
11,768,22,0.026702809,0.023555068,0.003147741
11,768,23,0.005601002,0.002475672,0.00312533
11,768,24,0.005644687,0.002478485,0.003166202
11,768,25,0.004596625,0.001388635,0.00320799
11,768,26,0.004645111,0.00149771,0.003147401
11,768,27,0.004920665,0.00163574,0.003284925
11,768,28,0.004420735,0.001138395,0.00328234
11,768,29,0.005098359,0.001663413,0.003434946
11,768,30,0.004743941,0.001295864,0.003448077
11,768,31,0.004784061,0.001301547,0.003482514
11,768,32,0.004722384,0.0012096,0.003512784
11,768,33,0.004706742,0.001104843,0.003601899
11,768,34,0.004716334,0.001151479,0.003564855
11,768,35,0.004811521,0.001214912,0.003596609
11,768,36,0.004426128,0.000825205,0.003600923
11,768,37,0.004663785,0.0010453,0.003618485
11,768,38,0.004744413,0.001076589,0.003667824
11,768,39,0.004578019,0.000946259,0.00363176
11,768,40,0.004673685,0.001073811,0.003599874
11,768,41,0.004658597,0.001001983,0.003656614
11,768,42,0.004806443,0.00109249,0.003713953
11,768,43,0.004674338,0.000928559,0.003745779
11,768,44,0.004768303,0.000907342,0.003860961
11,768,45,0.004685367,0.000814949,0.003870418
11,768,46,0.004714976,0.000704355,0.004010621
11,768,47,0.004698808,0.000673552,0.004025256
11,768,48,0.004677077,0.00060046,0.004076617
11,768,49,0.004675993,0.000656396,0.004019597
11,768,50,0.004529627,0.000478063,0.004051564
11,768,51,0.004564486,0.00058963,0.003974856
11,768,52,0.00464625,0.000567858,0.004078392
11,768,53,0.004601704,0.00057717,0.004024534
11,768,54,0.00479621,0.000790208,0.004006002
11,768,55,0.004627806,0.000591922,0.004035884
11,768,56,0.004719526,0.000722966,0.00399656
11,768,57,0.004625219,0.000615395,0.004009824
11,768,58,0.004852498,0.000896677,0.003955821
11,768,59,0.004731868,0.000693563,0.004038305
11,768,60,0.004665204,0.000660281,0.004004923
11,768,61,0.004562796,0.00053764,0.004025156
11,768,62,0.004528203,0.000528379,0.003999824
11,768,63,0.004662515,0.000615529,0.004046986
11,768,64,0.004526446,0.000529668,0.003996778
11,768,65,0.004634573,0.000623209,0.004011364
11,768,66,0.004625239,0.000655006,0.003970233
11,768,67,0.004837235,0.00081213,0.004025105
11,768,68,0.004555628,0.000562314,0.003993314
11,768,69,0.004538198,0.000551285,0.003986913
11,768,70,0.004483375,0.000515726,0.003967649
11,768,71,0.005151569,0.001142106,0.004009463
11,768,72,0.004882991,0.000915095,0.003967896
11,768,73,0.00467341,0.000652065,0.004021345
11,768,74,0.00471755,0.000774945,0.003942605
11,768,75,0.004630449,0.000648148,0.003982301
11,768,76,0.004540662,0.000559383,0.003981279
11,768,77,0.004495925,0.000558206,0.003937719
11,768,78,0.004513986,0.000516765,0.003997221
11,768,79,0.004637687,0.000620591,0.004017096
11,768,80,0.005234813,0.00128106,0.003953753
11,768,81,0.005382589,0.001484747,0.003897842
11,768,82,0.004494927,0.000603692,0.003891235
11,768,83,0.004610673,0.000640525,0.003970148
11,768,84,0.004536946,0.000555189,0.003981757
11,768,85,0.004552868,0.000637112,0.003915756
11,768,86,0.004585362,0.000674275,0.003911087
11,768,87,0.004640441,0.000676091,0.00396435
11,768,88,0.004491044,0.000521608,0.003969436
11,768,89,0.005030154,0.001055349,0.003974805
11,768,90,0.005136494,0.001139656,0.003996838
11,768,91,0.004929303,0.000983146,0.003946157
11,768,92,0.004766218,0.000889733,0.003876485
11,768,93,0.004403464,0.000471561,0.003931903
11,768,94,0.004403711,0.000570857,0.003832854
11,768,95,0.007078674,0.003221878,0.003856796
11,768,96,0.004996922,0.001141863,0.003855059
11,768,97,0.004195953,0.000407226,0.003788727
11,768,98,0.00430983,0.000456381,0.003853449
11,768,99,0.004334019,0.000505622,0.003828397
11,768,100,0.004176752,0.000433863,0.003742889
11,768,101,0.005839942,0.002106747,0.003733195
11,768,102,0.004714709,0.001021767,0.003692942
11,768,103,0.00422054,0.00060299,0.00361755
11,768,104,0.007332869,0.003581441,0.003751428
11,768,105,0.004396028,0.000684139,0.003711889
11,768,106,0.004348469,0.000691022,0.003657447
11,768,107,0.006257118,0.002656593,0.003600525
11,768,108,0.004667996,0.001074861,0.003593135
11,768,109,0.004159015,0.000536306,0.003622709
11,768,110,0.003837328,0.00031977,0.003517558
12,768,1,0.630306773,0.502971583,0.12733519
12,768,2,0.20540911,0.20238661,0.0030225
12,768,3,0.210546755,0.207518821,0.003027934
12,768,4,0.003631558,0.00058704,0.003044518
12,768,5,0.045083045,0.041999489,0.003083556
12,768,6,0.003948131,0.00075614,0.003191991
12,768,7,0.003603848,0.000409982,0.003193866
12,768,8,0.003669221,0.000384438,0.003284783
12,768,9,0.003664768,0.000322168,0.0033426
12,768,10,0.00376944,0.000437052,0.003332388
12,768,11,0.003729688,0.000335141,0.003394547
12,768,12,0.003658125,0.000392974,0.003265151
12,768,13,0.00361545,0.000323575,0.003291875
12,768,14,0.003730597,0.000425855,0.003304742
12,768,15,0.003688653,0.000419854,0.003268799
12,768,16,0.003638631,0.00036966,0.003268971
12,768,17,0.003720499,0.000418114,0.003302385
12,768,18,0.00358158,0.000407645,0.003173935
12,768,19,0.003521413,0.000402506,0.003118907
12,768,20,0.02706206,0.024030136,0.003031924
12,768,21,0.026880045,0.02374372,0.003136325
12,768,22,0.005282239,0.002194972,0.003087267
12,768,23,0.005129367,0.002056757,0.00307261
12,768,24,0.004777141,0.001610265,0.003166876
12,768,25,0.004830077,0.001623211,0.003206866
12,768,26,0.004459306,0.001289373,0.003169933
12,768,27,0.00469679,0.001422815,0.003273975
12,768,28,0.004910633,0.001626561,0.003284072
12,768,29,0.004843097,0.001404382,0.003438715
12,768,30,0.004752659,0.001351744,0.003400915
12,768,31,0.004708191,0.001266288,0.003441903
12,768,32,0.004570615,0.001100907,0.003469708
12,768,33,0.004957961,0.001351506,0.003606455
12,768,34,0.004659591,0.001116315,0.003543276
12,768,35,0.004604394,0.001031042,0.003573352
12,768,36,0.00468298,0.001156721,0.003526259
12,768,37,0.004544887,0.000977024,0.003567863
12,768,38,0.004841012,0.001233732,0.00360728
12,768,39,0.004572022,0.000993588,0.003578434
12,768,40,0.004632038,0.001065543,0.003566495
12,768,41,0.004716685,0.001155188,0.003561497
12,768,42,0.00473432,0.001076028,0.003658292
12,768,43,0.004583784,0.000877615,0.003706169
12,768,44,0.004859547,0.001090189,0.003769358
12,768,45,0.00470912,0.000822954,0.003886166
12,768,46,0.004670584,0.000663489,0.004007095
12,768,47,0.004716698,0.000745044,0.003971654
12,768,48,0.004715534,0.000682974,0.00403256
12,768,49,0.004485615,0.000483153,0.004002462
12,768,50,0.004679058,0.000682229,0.003996829
12,768,51,0.004536075,0.000566291,0.003969784
12,768,52,0.004704161,0.000710682,0.003993479
12,768,53,0.004767094,0.000817252,0.003949842
12,768,54,0.004579494,0.000618617,0.003960877
12,768,55,0.004835505,0.000820109,0.004015396
12,768,56,0.004561965,0.000635906,0.003926059
12,768,57,0.004893921,0.000909753,0.003984168
12,768,58,0.004702074,0.000716651,0.003985423
12,768,59,0.004670653,0.000650127,0.004020526
12,768,60,0.00455458,0.000567496,0.003987084
12,768,61,0.004506692,0.000527649,0.003979043
12,768,62,0.004627453,0.00063641,0.003991043
12,768,63,0.004557109,0.000613162,0.003943947
12,768,64,0.004659398,0.000666125,0.003993273
12,768,65,0.004637473,0.00062134,0.004016133
12,768,66,0.004794153,0.000788371,0.004005782
12,768,67,0.004534672,0.000533052,0.00400162
12,768,68,0.00457141,0.000533836,0.004037574
12,768,69,0.004502783,0.000522434,0.003980349
12,768,70,0.005170263,0.001208348,0.003961915
12,768,71,0.004847658,0.000841168,0.00400649
12,768,72,0.004714198,0.000756905,0.003957293
12,768,73,0.004763147,0.000786855,0.003976292
12,768,74,0.004531838,0.000541751,0.003990087
12,768,75,0.004596812,0.000583154,0.004013658
12,768,76,0.004555663,0.000543736,0.004011927
12,768,77,0.004470044,0.000557721,0.003912323
12,768,78,0.004630536,0.000686488,0.003944048
12,768,79,0.005239409,0.001319276,0.003920133
12,768,80,0.005420683,0.001426875,0.003993808
12,768,81,0.00450057,0.000561896,0.003938674
12,768,82,0.004560365,0.000655199,0.003905166
12,768,83,0.004564151,0.000570037,0.003994114
12,768,84,0.004554079,0.000591172,0.003962907
12,768,85,0.004569524,0.000633372,0.003936152
12,768,86,0.0046407,0.00068526,0.00395544
12,768,87,0.004518189,0.000557848,0.003960341
12,768,88,0.004576369,0.000631258,0.003945111
12,768,89,0.004468641,0.000483525,0.003985116
12,768,90,0.006006911,0.002033381,0.00397353
12,768,91,0.004445349,0.000538615,0.003906734
12,768,92,0.00464553,0.000779485,0.003866045
12,768,93,0.00437556,0.000468931,0.003906629
12,768,94,0.004611681,0.000815308,0.003796373
12,768,95,0.004398669,0.00057875,0.003819919
12,768,96,0.006327708,0.002474749,0.003852959
12,768,97,0.005048877,0.001201331,0.003847546
12,768,98,0.004312635,0.000407881,0.003904754
12,768,99,0.004223599,0.000422856,0.003800743
12,768,100,0.00418358,0.000425516,0.003758064
12,768,101,0.004067242,0.000414753,0.003652489
12,768,102,0.005838306,0.002151325,0.003686981
12,768,103,0.004656797,0.001062489,0.003594308
12,768,104,0.004405905,0.000676298,0.003729607
12,768,105,0.007281997,0.003516918,0.003765079
12,768,106,0.005168081,0.001480145,0.003687936
12,768,107,0.004200685,0.000562419,0.003638266
12,768,108,0.005409662,0.001843933,0.003565729
12,768,109,0.004938077,0.001245533,0.003692544
12,768,110,0.007887021,0.004355288,0.003531733
13,768,1,0.641774443,0.514735841,0.127038602
13,768,2,0.206141169,0.203114788,0.003026381
13,768,3,0.177026995,0.173998747,0.003028248
13,768,4,0.066781977,0.063748815,0.003033162
13,768,5,0.0037981,0.000689302,0.003108798
13,768,6,0.00366116,0.000453366,0.003207794
13,768,7,0.003533787,0.000344064,0.003189723
13,768,8,0.003671243,0.0003573,0.003313943
13,768,9,0.003756514,0.000358944,0.00339757
13,768,10,0.003685405,0.000364985,0.00332042
13,768,11,0.003759423,0.000354961,0.003404462
13,768,12,0.003607579,0.000335896,0.003271683
13,768,13,0.003723906,0.000377096,0.00334681
13,768,14,0.003634745,0.000371557,0.003263188
13,768,15,0.003708238,0.000415179,0.003293059
13,768,16,0.00367577,0.000428221,0.003247549
13,768,17,0.003760119,0.000438111,0.003322008
13,768,18,0.003514414,0.000321971,0.003192443
13,768,19,0.026718668,0.023670357,0.003048311
13,768,20,0.027128871,0.023980962,0.003147909
13,768,21,0.005041004,0.001866586,0.003174418
13,768,22,0.004899309,0.001816142,0.003083167
13,768,23,0.004569334,0.001499937,0.003069397
13,768,24,0.004749376,0.001578418,0.003170958
13,768,25,0.004663514,0.001474511,0.003189003
13,768,26,0.004558554,0.001372427,0.003186127
13,768,27,0.004992823,0.001630092,0.003362731
13,768,28,0.004589745,0.001330222,0.003259523
13,768,29,0.004878768,0.001476763,0.003402005
13,768,30,0.004924,0.001510248,0.003413752
13,768,31,0.004668047,0.001213883,0.003454164
13,768,32,0.004628005,0.001234333,0.003393672
13,768,33,0.004906116,0.001340892,0.003565224
13,768,34,0.004392959,0.000920359,0.0034726
13,768,35,0.004930234,0.001398015,0.003532219
13,768,36,0.004591604,0.00102314,0.003568464
13,768,37,0.004812561,0.001197298,0.003615263
13,768,38,0.004470419,0.000870294,0.003600125
13,768,39,0.004550882,0.001064281,0.003486601
13,768,40,0.00474726,0.001185657,0.003561603
13,768,41,0.004768802,0.001182866,0.003585936
13,768,42,0.004528356,0.000933274,0.003595082
13,768,43,0.004686139,0.001033436,0.003652703
13,768,44,0.004719436,0.000980696,0.00373874
13,768,45,0.004638955,0.000769253,0.003869702
13,768,46,0.004765017,0.000776468,0.003988549
13,768,47,0.004650056,0.000691747,0.003958309
13,768,48,0.004525034,0.000545705,0.003979329
13,768,49,0.004677566,0.000697404,0.003980162
13,768,50,0.004527101,0.000560195,0.003966906
13,768,51,0.004661839,0.000630251,0.004031588
13,768,52,0.004780671,0.000756364,0.004024307
13,768,53,0.004548596,0.000558204,0.003990392
13,768,54,0.004835505,0.000847906,0.003987599
13,768,55,0.0046627,0.000683212,0.003979488
13,768,56,0.004830856,0.000733555,0.004097301
13,768,57,0.004655131,0.000660459,0.003994672
13,768,58,0.004637598,0.000597938,0.00403966
13,768,59,0.004540088,0.000542212,0.003997876
13,768,60,0.004552411,0.000570333,0.003982078
13,768,61,0.004659673,0.00066061,0.003999063
13,768,62,0.004569009,0.000628014,0.003940995
13,768,63,0.004646751,0.000663777,0.003982974
13,768,64,0.004650125,0.0007212,0.003928925
13,768,65,0.00471871,0.0007313,0.00398741
13,768,66,0.004448572,0.000531176,0.003917396
13,768,67,0.004654488,0.000684661,0.003969827
13,768,68,0.004596761,0.000631516,0.003965245
13,768,69,0.005109301,0.001062731,0.00404657
13,768,70,0.0047706,0.000837944,0.003932656
13,768,71,0.004773515,0.000776406,0.003997109
13,768,72,0.004738806,0.00073414,0.004004666
13,768,73,0.00452476,0.000575589,0.003949171
13,768,74,0.004566096,0.000569753,0.003996343
13,768,75,0.004565883,0.000573156,0.003992727
13,768,76,0.004516603,0.000564236,0.003952367
13,768,77,0.004652598,0.000554515,0.004098083
13,768,78,0.005305963,0.001348877,0.003957086
13,768,79,0.005351587,0.00129772,0.004053867
13,768,80,0.004525439,0.000493525,0.004031914
13,768,81,0.00455537,0.000495669,0.004059701
13,768,82,0.004447591,0.000552962,0.003894629
13,768,83,0.004500059,0.00053379,0.003966269
13,768,84,0.004754926,0.000863235,0.003891691
13,768,85,0.004609937,0.00066019,0.003949747
13,768,86,0.004470954,0.000579727,0.003891227
13,768,87,0.004595967,0.000600362,0.003995605
13,768,88,0.004448669,0.000554667,0.003894002
13,768,89,0.006022041,0.002011932,0.004010109
13,768,90,0.004462371,0.000547307,0.003915064
13,768,91,0.004667745,0.000742023,0.003925722
13,768,92,0.004373186,0.000556678,0.003816508
13,768,93,0.004724669,0.000854078,0.003870591
13,768,94,0.004379874,0.000579953,0.003799921
13,768,95,0.005924813,0.002125401,0.003799412
13,768,96,0.00550438,0.001553218,0.003951162
13,768,97,0.004247028,0.000401507,0.003845521
13,768,98,0.004270171,0.000428994,0.003841177
13,768,99,0.004252975,0.000403318,0.003849657
13,768,100,0.004190171,0.000431034,0.003759137
13,768,101,0.004107285,0.000394582,0.003712703
13,768,102,0.004309624,0.000623958,0.003685666
13,768,103,0.005084741,0.001449358,0.003635383
13,768,104,0.005014584,0.001289902,0.003724682
13,768,105,0.004973833,0.001134451,0.003839382
13,768,106,0.006514445,0.002802388,0.003712057
13,768,107,0.005255313,0.001553931,0.003701382
13,768,108,0.004195023,0.000662246,0.003532777
13,768,109,0.007418816,0.003765557,0.003653259
13,768,110,0.003971056,0.000328288,0.003642768
14,768,1,0.615724856,0.489580227,0.126144629
14,768,2,0.213902273,0.210884731,0.003017542
14,768,3,0.255225775,0.252208002,0.003017773
14,768,4,0.003610515,0.000585173,0.003025342
14,768,5,0.003638181,0.000532975,0.003105206
14,768,6,0.003664536,0.000451265,0.003213271
14,768,7,0.003488892,0.000294547,0.003194345
14,768,8,0.003691878,0.000372157,0.003319721
14,768,9,0.003661994,0.00031931,0.003342684
14,768,10,0.003683668,0.000340574,0.003343094
14,768,11,0.003709927,0.000351025,0.003358902
14,768,12,0.003771134,0.000498728,0.003272406
14,768,13,0.003709236,0.000401476,0.00330776
14,768,14,0.003682311,0.000417727,0.003264584
14,768,15,0.003703319,0.000415387,0.003287932
14,768,16,0.003594136,0.000344449,0.003249687
14,768,17,0.003614778,0.000335326,0.003279452
14,768,18,0.026627281,0.023611463,0.003015818
14,768,19,0.027477976,0.024343005,0.003134971
14,768,20,0.004957327,0.001842778,0.003114549
14,768,21,0.0045343,0.001373688,0.003160612
14,768,22,0.004391252,0.001290562,0.00310069
14,768,23,0.004655587,0.001602722,0.003052865
14,768,24,0.004541982,0.001372702,0.00316928
14,768,25,0.00462072,0.001421479,0.003199241
14,768,26,0.004435316,0.001212818,0.003222498
14,768,27,0.004812972,0.001559118,0.003253854
14,768,28,0.004376872,0.00109697,0.003279902
14,768,29,0.005014103,0.001612673,0.00340143
14,768,30,0.004886456,0.001508183,0.003378273
14,768,31,0.005099658,0.001625496,0.003474162
14,768,32,0.004425956,0.001029794,0.003396162
14,768,33,0.00488943,0.001312489,0.003576941
14,768,34,0.004784572,0.001284493,0.003500079
14,768,35,0.004560504,0.001035037,0.003525467
14,768,36,0.004950875,0.001356256,0.003594619
14,768,37,0.004456057,0.000941578,0.003514479
14,768,38,0.00475902,0.001127625,0.003631395
14,768,39,0.004426553,0.000894876,0.003531677
14,768,40,0.004563689,0.001053672,0.003510017
14,768,41,0.004822995,0.001253038,0.003569957
14,768,42,0.00458161,0.000959037,0.003622573
14,768,43,0.004598774,0.000892521,0.003706253
14,768,44,0.004562705,0.000795844,0.003766861
14,768,45,0.004591484,0.000764243,0.003827241
14,768,46,0.004646947,0.000698342,0.003948605
14,768,47,0.00457933,0.000592895,0.003986435
14,768,48,0.004665442,0.000695091,0.003970351
14,768,49,0.004849775,0.000833072,0.004016703
14,768,50,0.00462825,0.00064863,0.00397962
14,768,51,0.00489984,0.00085229,0.00404755
14,768,52,0.004642248,0.000576744,0.004065504
14,768,53,0.004802588,0.000833776,0.003968812
14,768,54,0.004670681,0.000650545,0.004020136
14,768,55,0.004766997,0.000743742,0.004023255
14,768,56,0.004582941,0.00058782,0.003995121
14,768,57,0.004723067,0.000739623,0.003983444
14,768,58,0.004567156,0.000561967,0.004005189
14,768,59,0.004667692,0.000673897,0.003993795
14,768,60,0.004591607,0.000556479,0.004035128
14,768,61,0.004564676,0.000550688,0.004013988
14,768,62,0.004688002,0.000680296,0.004007706
14,768,63,0.004670393,0.000667421,0.004002972
14,768,64,0.004621696,0.000574393,0.004047303
14,768,65,0.004590654,0.000569445,0.004021209
14,768,66,0.004575216,0.000560108,0.004015108
14,768,67,0.004593365,0.000585048,0.004008317
14,768,68,0.004530365,0.000553696,0.003976669
14,768,69,0.004662965,0.000645431,0.004017534
14,768,70,0.004635979,0.000659391,0.003976588
14,768,71,0.004744036,0.000753058,0.003990978
14,768,72,0.004652366,0.000671831,0.003980535
14,768,73,0.004560919,0.00060042,0.003960499
14,768,74,0.004689643,0.000686536,0.004003107
14,768,75,0.004565113,0.000568212,0.003996901
14,768,76,0.00475076,0.00075626,0.0039945
14,768,77,0.005664162,0.001712564,0.003951598
14,768,78,0.004919653,0.000977592,0.003942061
14,768,79,0.004602044,0.000588468,0.004013576
14,768,80,0.00458545,0.000596385,0.003989065
14,768,81,0.004477457,0.000500394,0.003977063
14,768,82,0.004458211,0.000556872,0.003901339
14,768,83,0.005275322,0.00126241,0.004012912
14,768,84,0.004509458,0.000573593,0.003935865
14,768,85,0.004496724,0.000546625,0.003950099
14,768,86,0.004558086,0.000595249,0.003962837
14,768,87,0.004535844,0.000588561,0.003947283
14,768,88,0.005871328,0.001955811,0.003915517
14,768,89,0.004592726,0.000681664,0.003911062
14,768,90,0.004649494,0.000689445,0.003960049
14,768,91,0.00452296,0.000548518,0.003974442
14,768,92,0.00449245,0.000679861,0.003812589
14,768,93,0.004606736,0.000744315,0.003862421
14,768,94,0.004880518,0.001087901,0.003792617
14,768,95,0.004373754,0.000618299,0.003755455
14,768,96,0.005029118,0.001195183,0.003833935
14,768,97,0.005108293,0.001257627,0.003850666
14,768,98,0.004292332,0.000421384,0.003870948
14,768,99,0.004267404,0.000439568,0.003827836
14,768,100,0.004172328,0.000427287,0.003745041
14,768,101,0.004186606,0.00048681,0.003699796
14,768,102,0.004614097,0.000881158,0.003732939
14,768,103,0.005008575,0.001352204,0.003656371
14,768,104,0.004205141,0.00047121,0.003733931
14,768,105,0.007929551,0.004166044,0.003763507
14,768,106,0.004424642,0.000720666,0.003703976
14,768,107,0.004108558,0.000455047,0.003653511
14,768,108,0.004753422,0.001199512,0.00355391
14,768,109,0.004339357,0.000738641,0.003600716
14,768,110,0.007250378,0.003652809,0.003597569
15,768,1,0.748437951,0.625536652,0.122901299
15,768,2,0.20567963,0.202656519,0.003023111
15,768,3,0.08062034,0.07756906,0.00305128
15,768,4,0.057004648,0.053978388,0.00302626
15,768,5,0.003787578,0.000681171,0.003106407
15,768,6,0.003762396,0.00053232,0.003230076
15,768,7,0.003483206,0.000291919,0.003191287
15,768,8,0.003681307,0.000375154,0.003306153
15,768,9,0.003706578,0.000341776,0.003364802
15,768,10,0.003672616,0.000349937,0.003322679
15,768,11,0.003719194,0.000347229,0.003371965
15,768,12,0.003582567,0.000329116,0.003253451
15,768,13,0.003751331,0.000459247,0.003292084
15,768,14,0.003651888,0.000395502,0.003256386
15,768,15,0.00379146,0.000499383,0.003292077
15,768,16,0.003682051,0.000428065,0.003253986
15,768,17,0.027108323,0.024070683,0.00303764
15,768,18,0.027373823,0.024241875,0.003131948
15,768,19,0.004998517,0.001912218,0.003086299
15,768,20,0.004443649,0.001313369,0.00313028
15,768,21,0.004257262,0.001106492,0.00315077
15,768,22,0.004324156,0.001181917,0.003142239
15,768,23,0.004259665,0.001201845,0.00305782
15,768,24,0.004717571,0.001556392,0.003161179
15,768,25,0.004584025,0.001399959,0.003184066
15,768,26,0.004735308,0.001444783,0.003290525
15,768,27,0.004452555,0.001246123,0.003206432
15,768,28,0.004577284,0.001357306,0.003219978
15,768,29,0.004774311,0.001414233,0.003360078
15,768,30,0.004764954,0.001382554,0.0033824
15,768,31,0.004810171,0.001338972,0.003471199
15,768,32,0.004823087,0.001385958,0.003437129
15,768,33,0.004391435,0.000850874,0.003540561
15,768,34,0.004958281,0.001474096,0.003484185
15,768,35,0.004531861,0.001040497,0.003491364
15,768,36,0.004649967,0.001087329,0.003562638
15,768,37,0.00454027,0.001055746,0.003484524
15,768,38,0.004630483,0.001054147,0.003576336
15,768,39,0.004703603,0.001205041,0.003498562
15,768,40,0.004477655,0.000958115,0.00351954
15,768,41,0.004612891,0.00104529,0.003567601
15,768,42,0.004612422,0.000976157,0.003636265
15,768,43,0.00469572,0.000979425,0.003716295
15,768,44,0.004770721,0.001001196,0.003769525
15,768,45,0.004613768,0.000712284,0.003901484
15,768,46,0.004711462,0.00074334,0.003968122
15,768,47,0.004825229,0.000784422,0.004040807
15,768,48,0.004812511,0.000841341,0.00397117
15,768,49,0.00469627,0.000653284,0.004042986
15,768,50,0.004839123,0.000856143,0.00398298
15,768,51,0.004687471,0.000667562,0.004019909
15,768,52,0.004893992,0.000859914,0.004034078
15,768,53,0.004549772,0.000548281,0.004001491
15,768,54,0.004778223,0.000799994,0.003978229
15,768,55,0.004595782,0.000575265,0.004020517
15,768,56,0.00478212,0.000769261,0.004012859
15,768,57,0.004525226,0.000545176,0.00398005
15,768,58,0.004669665,0.000681461,0.003988204
15,768,59,0.004526156,0.00057326,0.003952896
15,768,60,0.00462635,0.000683977,0.003942373
15,768,61,0.004720149,0.000747026,0.003973123
15,768,62,0.004609677,0.000640754,0.003968923
15,768,63,0.004570069,0.000655483,0.003914586
15,768,64,0.004614496,0.000691017,0.003923479
15,768,65,0.004436209,0.000553995,0.003882214
15,768,66,0.00469566,0.000766803,0.003928857
15,768,67,0.00464455,0.000715393,0.003929157
15,768,68,0.00462705,0.000729167,0.003897883
15,768,69,0.004701492,0.000797859,0.003903633
15,768,70,0.004723858,0.00074845,0.003975408
15,768,71,0.004537007,0.000596018,0.003940989
15,768,72,0.004695313,0.000753774,0.003941539
15,768,73,0.004603344,0.000667279,0.003936065
15,768,74,0.004644598,0.000681655,0.003962943
15,768,75,0.004723044,0.000755931,0.003967113
15,768,76,0.004623684,0.000660868,0.003962816
15,768,77,0.004625464,0.000672592,0.003952872
15,768,78,0.004830121,0.000923973,0.003906148
15,768,79,0.005000376,0.000985931,0.004014445
15,768,80,0.004587131,0.000603478,0.003983653
15,768,81,0.00450251,0.000554072,0.003948438
15,768,82,0.005821288,0.001851897,0.003969391
15,768,83,0.004617555,0.000595308,0.004022247
15,768,84,0.004455054,0.000539032,0.003916022
15,768,85,0.004541755,0.000514946,0.004026809
15,768,86,0.004493377,0.000560782,0.003932595
15,768,87,0.005906125,0.00195711,0.003949015
15,768,88,0.004640987,0.000709755,0.003931232
15,768,89,0.004603093,0.000726639,0.003876454
15,768,90,0.004432906,0.000546407,0.003886499
15,768,91,0.004678181,0.000709285,0.003968896
15,768,92,0.004645128,0.000858059,0.003787069
15,768,93,0.004890997,0.001074024,0.003816973
15,768,94,0.004403128,0.000599587,0.003803541
15,768,95,0.004363514,0.000599161,0.003764353
15,768,96,0.004392885,0.000564658,0.003828227
15,768,97,0.004415781,0.000564135,0.003851646
15,768,98,0.004952612,0.001075091,0.003877521
15,768,99,0.004229723,0.000446959,0.003782764
15,768,100,0.004215592,0.000490062,0.00372553
15,768,101,0.005171516,0.001450905,0.003720611
15,768,102,0.005072374,0.0013526,0.003719774
15,768,103,0.004132617,0.00050852,0.003624097
15,768,104,0.007546396,0.003843043,0.003703353
15,768,105,0.004746631,0.000998253,0.003748378
15,768,106,0.00432052,0.000677189,0.003643331
15,768,107,0.004128003,0.000472227,0.003655776
15,768,108,0.004349006,0.00079783,0.003551176
15,768,109,0.004569393,0.000951702,0.003617691
15,768,110,0.005078386,0.001582226,0.00349616
16,768,1,0.620072005,0.497880292,0.122191713
16,768,2,0.214927466,0.211863176,0.00306429
16,768,3,0.003654437,0.000478893,0.003175544
16,768,4,0.00343667,0.00030029,0.00313638
16,768,5,0.056443686,0.053320932,0.003122754
16,768,6,0.004054644,0.000687608,0.003367036
16,768,7,0.0035949,0.000313951,0.003280949
16,768,8,0.003729657,0.000314941,0.003414716
16,768,9,0.003767491,0.00032923,0.003438261
16,768,10,0.003750895,0.000350007,0.003400888
16,768,11,0.003811549,0.00035554,0.003456009
16,768,12,0.003703498,0.000339172,0.003364326
16,768,13,0.003784073,0.000324961,0.003459112
16,768,14,0.003703615,0.000327366,0.003376249
16,768,15,0.003729332,0.000352823,0.003376509
16,768,16,0.027139709,0.024053979,0.00308573
16,768,17,0.02748513,0.024346842,0.003138288
16,768,18,0.004990388,0.001791163,0.003199225
16,768,19,0.004400623,0.001222507,0.003178116
16,768,20,0.00415694,0.000857431,0.003299509
16,768,21,0.004091324,0.000848709,0.003242615
16,768,22,0.004206148,0.000969231,0.003236917
16,768,23,0.004695894,0.001440335,0.003255559
16,768,24,0.004520892,0.00131871,0.003202182
16,768,25,0.00451598,0.001210715,0.003305265
16,768,26,0.004786642,0.001454385,0.003332257
16,768,27,0.004382985,0.00111065,0.003272335
16,768,28,0.00483984,0.001516895,0.003322945
16,768,29,0.004712534,0.001295099,0.003417435
16,768,30,0.004734462,0.0012334,0.003501062
16,768,31,0.004770213,0.001161457,0.003608756
16,768,32,0.004452488,0.000973634,0.003478854
16,768,33,0.004976172,0.001393605,0.003582567
16,768,34,0.004490969,0.00090484,0.003586129
16,768,35,0.004608926,0.001054047,0.003554879
16,768,36,0.00471696,0.001031117,0.003685843
16,768,37,0.004470087,0.000869975,0.003600112
16,768,38,0.004977739,0.0012994,0.003678339
16,768,39,0.004205874,0.000580073,0.003625801
16,768,40,0.004600612,0.001017426,0.003583186
16,768,41,0.00454965,0.000864907,0.003684743
16,768,42,0.004590007,0.000927511,0.003662496
16,768,43,0.004786345,0.001066953,0.003719392
16,768,44,0.004590324,0.000710759,0.003879565
16,768,45,0.004694942,0.000843076,0.003851866
16,768,46,0.004717368,0.000697744,0.004019624
16,768,47,0.004836742,0.000836224,0.004000518
16,768,48,0.004625149,0.000612931,0.004012218
16,768,49,0.004936274,0.00093085,0.004005424
16,768,50,0.004633233,0.0005996,0.004033633
16,768,51,0.004884498,0.000890176,0.003994322
16,768,52,0.004577952,0.000564215,0.004013737
16,768,53,0.004773032,0.000801883,0.003971149
16,768,54,0.004552319,0.000584762,0.003967557
16,768,55,0.004835847,0.000820299,0.004015548
16,768,56,0.004577652,0.000592409,0.003985243
16,768,57,0.004598442,0.000589605,0.004008837
16,768,58,0.004579385,0.000579542,0.003999843
16,768,59,0.004597481,0.000571176,0.004026305
16,768,60,0.00469691,0.000688519,0.004008391
16,768,61,0.004674968,0.000602966,0.004072002
16,768,62,0.004574139,0.000563546,0.004010593
16,768,63,0.004626689,0.000579573,0.004047116
16,768,64,0.00452526,0.000578573,0.003946687
16,768,65,0.004642439,0.000579134,0.004063305
16,768,66,0.004645101,0.00058334,0.004061761
16,768,67,0.004663076,0.000602731,0.004060345
16,768,68,0.00462229,0.00059303,0.00402926
16,768,69,0.004638223,0.000576795,0.004061428
16,768,70,0.004621599,0.00056267,0.004058929
16,768,71,0.004648419,0.000583014,0.004065405
16,768,72,0.004614221,0.000566268,0.004047953
16,768,73,0.004631229,0.000569373,0.004061856
16,768,74,0.004706616,0.000655911,0.004050705
16,768,75,0.004676263,0.000588395,0.004087868
16,768,76,0.004611817,0.000591806,0.004020011
16,768,77,0.004615054,0.000574995,0.004040059
16,768,78,0.004514106,0.000515736,0.00399837
16,768,79,0.00483538,0.00082623,0.00400915
16,768,80,0.004636689,0.000611426,0.004025263
16,768,81,0.006120779,0.00212154,0.003999239
16,768,82,0.004547029,0.000563385,0.003983644
16,768,83,0.004570782,0.000467991,0.004102791
16,768,84,0.004493661,0.000510309,0.003983352
16,768,85,0.004540506,0.000567385,0.003973121
16,768,86,0.005866636,0.001795657,0.004070979
16,768,87,0.004732811,0.000692063,0.004040748
16,768,88,0.004617021,0.000603787,0.004013234
16,768,89,0.004445652,0.000482467,0.003963185
16,768,90,0.004551273,0.000558501,0.003992772
16,768,91,0.004822058,0.000820191,0.004001867
16,768,92,0.004912979,0.000996392,0.003916587
16,768,93,0.00443259,0.000581298,0.003851292
16,768,94,0.004366035,0.000536994,0.003829041
16,768,95,0.00430375,0.00049459,0.00380916
16,768,96,0.004374177,0.000493684,0.003880493
16,768,97,0.004261452,0.00040337,0.003858082
16,768,98,0.004406589,0.000484986,0.003921603
16,768,99,0.004518193,0.000654738,0.003863455
16,768,100,0.005592778,0.001788059,0.003804719
16,768,101,0.005029976,0.001217667,0.003812309
16,768,102,0.004198365,0.000472927,0.003725438
16,768,103,0.007546741,0.003780201,0.00376654
16,768,104,0.004689856,0.000908608,0.003781248
16,768,105,0.004391116,0.000632591,0.003758525
16,768,106,0.004118317,0.000414395,0.003703922
16,768,107,0.004455305,0.000759262,0.003696043
16,768,108,0.004465664,0.000904181,0.003561483
16,768,109,0.005275851,0.001552372,0.003723479
16,768,110,0.004232032,0.000703287,0.003528745
17,768,1,0.760071332,0.638312148,0.121759184
17,768,2,0.215268976,0.212249971,0.003019005
17,768,3,0.059293821,0.056266762,0.003027059
17,768,4,0.003758418,0.00066153,0.003096888
17,768,5,0.016428455,0.01327431,0.003154145
17,768,6,0.043552437,0.040335402,0.003217035
17,768,7,0.004130722,0.000867918,0.003262804
17,768,8,0.003696999,0.000326125,0.003370874
17,768,9,0.003742373,0.000348736,0.003393637
17,768,10,0.003732986,0.000355944,0.003377042
17,768,11,0.003802767,0.000366128,0.003436639
17,768,12,0.003698661,0.000351043,0.003347618
17,768,13,0.003820725,0.000433068,0.003387657
17,768,14,0.003697859,0.000378176,0.003319683
17,768,15,0.003706518,0.00034715,0.003359368
17,768,16,0.051133422,0.048023185,0.003110237
17,768,17,0.005023856,0.001893312,0.003130544
17,768,18,0.004531302,0.00136889,0.003162412
17,768,19,0.004066074,0.00083289,0.003233184
17,768,20,0.004040295,0.000800247,0.003240048
17,768,21,0.004200322,0.001049047,0.003151275
17,768,22,0.004361597,0.001162676,0.003198921
17,768,23,0.004335564,0.001235237,0.003100327
17,768,24,0.004691898,0.001399294,0.003292604
17,768,25,0.004394203,0.001155217,0.003238986
17,768,26,0.004756757,0.001366495,0.003390262
17,768,27,0.004503814,0.001195262,0.003308552
17,768,28,0.004813565,0.001494406,0.003319159
17,768,29,0.004885956,0.001458155,0.003427801
17,768,30,0.004603047,0.001148755,0.003454292
17,768,31,0.004885182,0.001374316,0.003510866
17,768,32,0.004857452,0.001321269,0.003536183
17,768,33,0.004356297,0.000792399,0.003563898
17,768,34,0.004676242,0.001161355,0.003514887
17,768,35,0.004810988,0.001246156,0.003564832
17,768,36,0.004575184,0.000913993,0.003661191
17,768,37,0.004585514,0.001043203,0.003542311
17,768,38,0.004533327,0.000895555,0.003637772
17,768,39,0.004630637,0.001070881,0.003559756
17,768,40,0.004308432,0.000723455,0.003584977
17,768,41,0.004574347,0.000944285,0.003630062
17,768,42,0.004938421,0.00133148,0.003606941
17,768,43,0.004480369,0.000752732,0.003727637
17,768,44,0.004831774,0.001029263,0.003802511
17,768,45,0.004470882,0.000563822,0.00390706
17,768,46,0.004924826,0.000958989,0.003965837
17,768,47,0.004677481,0.000702479,0.003975002
17,768,48,0.004896485,0.000863234,0.004033251
17,768,49,0.004595927,0.000595574,0.004000353
17,768,50,0.004937948,0.000917778,0.00402017
17,768,51,0.004574557,0.00059825,0.003976307
17,768,52,0.004754649,0.000694358,0.004060291
17,768,53,0.004575625,0.000584188,0.003991437
17,768,54,0.004736251,0.000726827,0.004009424
17,768,55,0.004605219,0.000626913,0.003978306
17,768,56,0.004610866,0.000603102,0.004007764
17,768,57,0.004588968,0.000647771,0.003941197
17,768,58,0.004597916,0.000581904,0.004016012
17,768,59,0.004744739,0.000744868,0.003999871
17,768,60,0.004549052,0.000557777,0.003991275
17,768,61,0.004622175,0.000600447,0.004021728
17,768,62,0.004636918,0.000578887,0.004058031
17,768,63,0.004595712,0.000590076,0.004005636
17,768,64,0.004567998,0.000578097,0.003989901
17,768,65,0.004616679,0.000596667,0.004020012
17,768,66,0.004648245,0.000614991,0.004033254
17,768,67,0.004648431,0.000542146,0.004106285
17,768,68,0.004544531,0.000577569,0.003966962
17,768,69,0.004562202,0.000559692,0.00400251
17,768,70,0.004596648,0.000572388,0.00402426
17,768,71,0.00460033,0.00058195,0.00401838
17,768,72,0.004776379,0.000752466,0.004023913
17,768,73,0.004730858,0.000662504,0.004068354
17,768,74,0.004712931,0.000683587,0.004029344
17,768,75,0.004680359,0.000584348,0.004096011
17,768,76,0.004624152,0.000598746,0.004025406
17,768,77,0.004574669,0.000535345,0.004039324
17,768,78,0.004766201,0.000714284,0.004051917
17,768,79,0.004630279,0.000575816,0.004054463
17,768,80,0.004627655,0.000617113,0.004010542
17,768,81,0.004705513,0.000720232,0.003985281
17,768,82,0.005170607,0.001130374,0.004040233
17,768,83,0.004553881,0.000533347,0.004020534
17,768,84,0.004576414,0.000577195,0.003999219
17,768,85,0.006446725,0.002362133,0.004084592
17,768,86,0.004642273,0.000604213,0.00403806
17,768,87,0.004496414,0.000530047,0.003966367
17,768,88,0.004535157,0.000586267,0.00394889
17,768,89,0.004403876,0.000488086,0.00391579
17,768,90,0.004566047,0.00058458,0.003981467
17,768,91,0.004910025,0.000921666,0.003988359
17,768,92,0.004808901,0.000925706,0.003883195
17,768,93,0.004383711,0.000551027,0.003832684
17,768,94,0.004343576,0.000513434,0.003830142
17,768,95,0.004314965,0.00056358,0.003751385
17,768,96,0.004429615,0.000531166,0.003898449
17,768,97,0.004207199,0.000384691,0.003822508
17,768,98,0.004379994,0.000486813,0.003893181
17,768,99,0.006215695,0.002386123,0.003829572
17,768,100,0.004983973,0.001247395,0.003736578
17,768,101,0.004202859,0.000466003,0.003736856
17,768,102,0.007529924,0.003864793,0.003665131
17,768,103,0.00430978,0.000529189,0.003780591
17,768,104,0.00481516,0.00101694,0.00379822
17,768,105,0.004227359,0.000473517,0.003753842
17,768,106,0.004503054,0.000770161,0.003732893
17,768,107,0.004550536,0.00085837,0.003692166
17,768,108,0.0051401,0.00156391,0.00357619
17,768,109,0.004326704,0.00065167,0.003675034
17,768,110,0.009144697,0.005686799,0.003457898
18,768,1,0.71972016,0.59640279,0.12331737
18,768,2,0.213685085,0.210660577,0.003024508
18,768,3,0.003639526,0.000493598,0.003145928
18,768,4,0.063125425,0.060087929,0.003037496
18,768,5,0.00436709,0.001153823,0.003213267
18,768,6,0.003684379,0.000437734,0.003246645
18,768,7,0.042516523,0.039349459,0.003167064
18,768,8,0.004263729,0.000929596,0.003334133
18,768,9,0.003797437,0.000432698,0.003364739
18,768,10,0.003743696,0.000360687,0.003383009
18,768,11,0.003791979,0.000346755,0.003445224
18,768,12,0.003682012,0.000335966,0.003346046
18,768,13,0.00368607,0.000355263,0.003330807
18,768,14,0.003866452,0.000546265,0.003320187
18,768,15,0.051338808,0.048295486,0.003043322
18,768,16,0.005205573,0.00206308,0.003142493
18,768,17,0.00450384,0.001310207,0.003193633
18,768,18,0.004070605,0.000879726,0.003190879
18,768,19,0.004068322,0.000876863,0.003191459
18,768,20,0.004203702,0.000933342,0.00327036
18,768,21,0.003982882,0.000804255,0.003178627
18,768,22,0.004284299,0.001119893,0.003164406
18,768,23,0.004647582,0.00138706,0.003260522
18,768,24,0.004399648,0.001203349,0.003196299
18,768,25,0.00445786,0.001317775,0.003140085
18,768,26,0.004826969,0.001528388,0.003298581
18,768,27,0.004591013,0.001243748,0.003347265
18,768,28,0.004826132,0.00141923,0.003406902
18,768,29,0.004961028,0.001492334,0.003468694
18,768,30,0.004612557,0.001107282,0.003505275
18,768,31,0.004927232,0.00136479,0.003562442
18,768,32,0.004381816,0.000791905,0.003589911
18,768,33,0.004822474,0.001271361,0.003551113
18,768,34,0.004706183,0.001063202,0.003642981
18,768,35,0.004430955,0.000876612,0.003554343
18,768,36,0.004837769,0.001200916,0.003636853
18,768,37,0.004444233,0.000857557,0.003586676
18,768,38,0.004790273,0.001047884,0.003742389
18,768,39,0.004157833,0.00055844,0.003599393
18,768,40,0.00460481,0.001065059,0.003539751
18,768,41,0.005020912,0.001417934,0.003602978
18,768,42,0.004481229,0.000793657,0.003687572
18,768,43,0.004728729,0.001007626,0.003721103
18,768,44,0.004343643,0.000566008,0.003777635
18,768,45,0.004885862,0.001039607,0.003846255
18,768,46,0.004664383,0.000758575,0.003905808
18,768,47,0.004880674,0.000929977,0.003950697
18,768,48,0.004639742,0.000687511,0.003952231
18,768,49,0.004865936,0.000907284,0.003958652
18,768,50,0.004559786,0.000582173,0.003977613
18,768,51,0.004725188,0.00072952,0.003995668
18,768,52,0.004672468,0.000643227,0.004029241
18,768,53,0.004617653,0.000666898,0.003950755
18,768,54,0.004697101,0.000684155,0.004012946
18,768,55,0.00458102,0.000655713,0.003925307
18,768,56,0.004650585,0.000628575,0.00402201
18,768,57,0.004568408,0.000620061,0.003948347
18,768,58,0.004644684,0.000637611,0.004007073
18,768,59,0.004620925,0.000655367,0.003965558
18,768,60,0.00456487,0.000611735,0.003953135
18,768,61,0.004586336,0.000667799,0.003918537
18,768,62,0.004582484,0.000624513,0.003957971
18,768,63,0.004636627,0.000724089,0.003912538
18,768,64,0.004586118,0.000649794,0.003936324
18,768,65,0.00469664,0.000738238,0.003958402
18,768,66,0.00448682,0.00059801,0.00388881
18,768,67,0.004723069,0.000747245,0.003975824
18,768,68,0.004616022,0.000673199,0.003942823
18,768,69,0.004612028,0.000704152,0.003907876
18,768,70,0.004592663,0.000670141,0.003922522
18,768,71,0.004727667,0.000774106,0.003953561
18,768,72,0.004725913,0.000792537,0.003933376
18,768,73,0.004703194,0.00076413,0.003939064
18,768,74,0.004513793,0.000575605,0.003938188
18,768,75,0.004811949,0.000918547,0.003893402
18,768,76,0.004607226,0.000706363,0.003900863
18,768,77,0.004690595,0.000792859,0.003897736
18,768,78,0.004704178,0.00076607,0.003938108
18,768,79,0.004657152,0.00074862,0.003908532
18,768,80,0.004662005,0.000732251,0.003929754
18,768,81,0.004647411,0.000736878,0.003910533
18,768,82,0.004541963,0.000619026,0.003922937
18,768,83,0.004720784,0.000719471,0.004001313
18,768,84,0.004774038,0.000848489,0.003925549
18,768,85,0.004555652,0.00066203,0.003893622
18,768,86,0.005950508,0.001894074,0.004056434
18,768,87,0.004885657,0.000857425,0.004028232
18,768,88,0.004609884,0.000608795,0.004001089
18,768,89,0.004412513,0.000496137,0.003916376
18,768,90,0.0044575,0.000511578,0.003945922
18,768,91,0.004873287,0.00088933,0.003983957
18,768,92,0.004894295,0.000996776,0.003897519
18,768,93,0.004360866,0.000553384,0.003807482
18,768,94,0.004351582,0.000551874,0.003799708
18,768,95,0.004279131,0.000546021,0.00373311
18,768,96,0.004498403,0.000649968,0.003848435
18,768,97,0.004256867,0.000491923,0.003764944
18,768,98,0.006516213,0.002722024,0.003794189
18,768,99,0.005077957,0.001338315,0.003739642
18,768,100,0.004171466,0.000475051,0.003696415
18,768,101,0.006675841,0.002953238,0.003722603
18,768,102,0.004962162,0.001337443,0.003624719
18,768,103,0.00494818,0.001253816,0.003694364
18,768,104,0.004342819,0.000577074,0.003765745
18,768,105,0.004499806,0.000788417,0.003711389
18,768,106,0.004653483,0.000984257,0.003669226
18,768,107,0.005232543,0.00160285,0.003629693
18,768,108,0.004204885,0.000619146,0.003585739
18,768,109,0.009358092,0.005783874,0.003574218
18,768,110,0.004533554,0.001121198,0.003412356
19,768,1,0.762546022,0.640277881,0.122268141
19,768,2,0.214631571,0.211615119,0.003016452
19,768,3,0.067621743,0.064569704,0.003052039
19,768,4,0.003615333,0.000491572,0.003123761
19,768,5,0.006589942,0.003299629,0.003290313
19,768,6,0.0039993,0.000749151,0.003250149
19,768,7,0.003631605,0.000369288,0.003262317
19,768,8,0.042429359,0.03916258,0.003266779
19,768,9,0.004415884,0.001020435,0.003395449
19,768,10,0.003847768,0.000450702,0.003397066
19,768,11,0.003796983,0.000332833,0.00346415
19,768,12,0.003673414,0.000329086,0.003344328
19,768,13,0.003669611,0.000315404,0.003354207
19,768,14,0.051918755,0.048780737,0.003138018
19,768,15,0.004873451,0.001830626,0.003042825
19,768,16,0.004541266,0.001442418,0.003098848
19,768,17,0.004286088,0.001095806,0.003190282
19,768,18,0.004104356,0.000908124,0.003196232
19,768,19,0.004142258,0.000959605,0.003182653
19,768,20,0.003985522,0.000751089,0.003234433
19,768,21,0.003963437,0.000817851,0.003145586
19,768,22,0.004359502,0.001224111,0.003135391
19,768,23,0.004437717,0.001317117,0.0031206
19,768,24,0.004566539,0.00136929,0.003197249
19,768,25,0.004424737,0.001241257,0.00318348
19,768,26,0.004826027,0.00152495,0.003301077
19,768,27,0.004541062,0.00124562,0.003295442
19,768,28,0.004983514,0.001574622,0.003408892
19,768,29,0.004998137,0.001520804,0.003477333
19,768,30,0.004769198,0.001229945,0.003539253
19,768,31,0.004609944,0.00107635,0.003533594
19,768,32,0.004614218,0.000956967,0.003657251
19,768,33,0.004590866,0.000949289,0.003641577
19,768,34,0.004745436,0.001143054,0.003602382
19,768,35,0.004511793,0.000934739,0.003577054
19,768,36,0.004549556,0.000948466,0.00360109
19,768,37,0.00463396,0.001017891,0.003616069
19,768,38,0.004497845,0.000831904,0.003665941
19,768,39,0.004761692,0.001150369,0.003611323
19,768,40,0.004805885,0.00118739,0.003618495
19,768,41,0.004471085,0.000868501,0.003602584
19,768,42,0.004714971,0.001004342,0.003710629
19,768,43,0.00449872,0.000736376,0.003762344
19,768,44,0.004840253,0.001029839,0.003810414
19,768,45,0.00474616,0.000865642,0.003880518
19,768,46,0.004791429,0.000829176,0.003962253
19,768,47,0.004672645,0.000692111,0.003980534
19,768,48,0.00485607,0.000877665,0.003978405
19,768,49,0.004535693,0.000567397,0.003968296
19,768,50,0.004542827,0.000588124,0.003954703
19,768,51,0.004736508,0.000737927,0.003998581
19,768,52,0.004626673,0.000674112,0.003952561
19,768,53,0.004681712,0.000738434,0.003943278
19,768,54,0.004614814,0.000610338,0.004004476
19,768,55,0.00455331,0.000598741,0.003954569
19,768,56,0.004602561,0.000579094,0.004023467
19,768,57,0.004555725,0.000588393,0.003967332
19,768,58,0.004637296,0.000627567,0.004009729
19,768,59,0.004571671,0.000605687,0.003965984
19,768,60,0.004606505,0.000657206,0.003949299
19,768,61,0.004588552,0.000667535,0.003921017
19,768,62,0.004769476,0.000770208,0.003999268
19,768,63,0.004632153,0.000649263,0.00398289
19,768,64,0.004696983,0.00075207,0.003944913
19,768,65,0.004611641,0.000672624,0.003939017
19,768,66,0.004597174,0.000654289,0.003942885
19,768,67,0.004676455,0.000666028,0.004010427
19,768,68,0.004667906,0.00067705,0.003990856
19,768,69,0.004500787,0.000576838,0.003923949
19,768,70,0.004692443,0.000710653,0.00398179
19,768,71,0.004742586,0.000784519,0.003958067
19,768,72,0.004702764,0.000718903,0.003983861
19,768,73,0.004566949,0.000651659,0.00391529
19,768,74,0.00484179,0.000880647,0.003961143
19,768,75,0.004630443,0.000664352,0.003966091
19,768,76,0.004697338,0.00073656,0.003960778
19,768,77,0.004670158,0.000685204,0.003984954
19,768,78,0.004643049,0.000638252,0.004004797
19,768,79,0.004656466,0.000644065,0.004012401
19,768,80,0.004641389,0.000676941,0.003964448
19,768,81,0.004565478,0.000599347,0.003966131
19,768,82,0.004670667,0.000763608,0.003907059
19,768,83,0.004793025,0.000769085,0.00402394
19,768,84,0.004569888,0.000644691,0.003925197
19,768,85,0.004759892,0.000807341,0.003952551
19,768,86,0.004741589,0.000731239,0.00401035
19,768,87,0.004681318,0.000757777,0.003923541
19,768,88,0.005067018,0.001090542,0.003976476
19,768,89,0.004445209,0.000562786,0.003882423
19,768,90,0.004465991,0.000524582,0.003941409
19,768,91,0.004835432,0.000862033,0.003973399
19,768,92,0.004735534,0.00084994,0.003885594
19,768,93,0.004695378,0.000867669,0.003827709
19,768,94,0.004515978,0.000688991,0.003826987
19,768,95,0.004652964,0.000819995,0.003832969
19,768,96,0.004355305,0.000547898,0.003807407
19,768,97,0.006471962,0.002621194,0.003850768
19,768,98,0.005210633,0.001423011,0.003787622
19,768,99,0.004223804,0.000495703,0.003728101
19,768,100,0.006599414,0.002900935,0.003698479
19,768,101,0.005055511,0.001350611,0.0037049
19,768,102,0.004850881,0.001227461,0.00362342
19,768,103,0.004217729,0.00051307,0.003704659
19,768,104,0.004531557,0.000756271,0.003775286
19,768,105,0.004757386,0.00107835,0.003679036
19,768,106,0.005307421,0.001664329,0.003643092
19,768,107,0.004241071,0.000644533,0.003596538
19,768,108,0.009412396,0.005825834,0.003586562
19,768,109,0.004667332,0.001073679,0.003593653
19,768,110,0.003883966,0.000492536,0.00339143
20,768,1,0.778548247,0.657630843,0.120917404
20,768,2,0.220939685,0.217916871,0.003022814
20,768,3,0.003607425,0.000474878,0.003132547
20,768,4,0.005901031,0.002878783,0.003022248
20,768,5,0.004443491,0.001235849,0.003207642
20,768,6,0.003656292,0.000408881,0.003247411
20,768,7,0.003609605,0.000334273,0.003275332
20,768,8,0.021416073,0.018386001,0.003030072
20,768,9,0.024353945,0.020997282,0.003356663
20,768,10,0.004468084,0.001058037,0.003410047
20,768,11,0.00385228,0.00044403,0.00340825
20,768,12,0.003673626,0.000343251,0.003330375
20,768,13,0.051857956,0.048821252,0.003036704
20,768,14,0.00535679,0.002208571,0.003148219
20,768,15,0.004555961,0.001391012,0.003164949
20,768,16,0.004142165,0.000990647,0.003151518
20,768,17,0.004095411,0.000910848,0.003184563
20,768,18,0.004146959,0.00096957,0.003177389
20,768,19,0.003949249,0.000750127,0.003199122
20,768,20,0.003924921,0.000717851,0.00320707
20,768,21,0.003981306,0.000836505,0.003144801
20,768,22,0.004261999,0.00106259,0.003199409
20,768,23,0.004441354,0.001295335,0.003146019
20,768,24,0.00459917,0.001308251,0.003290919
20,768,25,0.004236484,0.001085585,0.003150899
20,768,26,0.005124121,0.00183269,0.003291431
20,768,27,0.004794372,0.001506474,0.003287898
20,768,28,0.005347508,0.001916021,0.003431487
20,768,29,0.004509219,0.001048691,0.003460528
20,768,30,0.004725028,0.001230811,0.003494217
20,768,31,0.004715108,0.001144637,0.003570471
20,768,32,0.004674402,0.001034878,0.003639524
20,768,33,0.004592515,0.000899872,0.003692643
20,768,34,0.004510251,0.00088832,0.003621931
20,768,35,0.004603336,0.000957712,0.003645624
20,768,36,0.004722364,0.001077253,0.003645111
20,768,37,0.004574873,0.000888172,0.003686701
20,768,38,0.004690355,0.001036574,0.003653781
20,768,39,0.004703798,0.001049052,0.003654746
20,768,40,0.004534541,0.000834239,0.003700302
20,768,41,0.004715842,0.000962028,0.003753814
20,768,42,0.004524923,0.00069465,0.003830273
20,768,43,0.004792893,0.000988523,0.00380437
20,768,44,0.004680046,0.00068737,0.003992676
20,768,45,0.004785659,0.000740696,0.004044963
20,768,46,0.004604698,0.000578649,0.004026049
20,768,47,0.004778902,0.000754246,0.004024656
20,768,48,0.004596675,0.000556413,0.004040262
20,768,49,0.004666925,0.00058949,0.004077435
20,768,50,0.004608902,0.000577448,0.004031454
20,768,51,0.004650162,0.000570595,0.004079567
20,768,52,0.004595776,0.000588634,0.004007142
20,768,53,0.004651122,0.000589422,0.0040617
20,768,54,0.004637552,0.000579237,0.004058315
20,768,55,0.004570488,0.000604108,0.00396638
20,768,56,0.004556089,0.000555266,0.004000823
20,768,57,0.00458291,0.00060687,0.00397604
20,768,58,0.004726716,0.000676588,0.004050128
20,768,59,0.004597899,0.000525607,0.004072292
20,768,60,0.004652122,0.000642214,0.004009908
20,768,61,0.004688667,0.000649934,0.004038733
20,768,62,0.004631236,0.000637917,0.003993319
20,768,63,0.004718798,0.000658201,0.004060597
20,768,64,0.004576425,0.000534753,0.004041672
20,768,65,0.004656903,0.000621213,0.00403569
20,768,66,0.004566175,0.000575048,0.003991127
20,768,67,0.004722721,0.000672451,0.00405027
20,768,68,0.00455659,0.000566783,0.003989807
20,768,69,0.004655582,0.000651611,0.004003971
20,768,70,0.004707287,0.000657512,0.004049775
20,768,71,0.004699849,0.000642811,0.004057038
20,768,72,0.004664534,0.000636954,0.00402758
20,768,73,0.004771069,0.000739182,0.004031887
20,768,74,0.00465314,0.000616031,0.004037109
20,768,75,0.004677951,0.000642849,0.004035102
20,768,76,0.004603179,0.000666325,0.003936854
20,768,77,0.004703199,0.000719678,0.003983521
20,768,78,0.00460589,0.00062356,0.00398233
20,768,79,0.00467598,0.000616863,0.004059117
20,768,80,0.004573622,0.000600562,0.00397306
20,768,81,0.004724741,0.000671288,0.004053453
20,768,82,0.004706103,0.000656296,0.004049807
20,768,83,0.004663485,0.000566162,0.004097323
20,768,84,0.004747118,0.000747754,0.003999364
20,768,85,0.004640009,0.000626268,0.004013741
20,768,86,0.004609694,0.000570807,0.004038887
20,768,87,0.004701466,0.000683552,0.004017914
20,768,88,0.004633764,0.000618382,0.004015382
20,768,89,0.004427341,0.000480801,0.00394654
20,768,90,0.004487553,0.000523596,0.003963957
20,768,91,0.004972597,0.000979234,0.003993363
20,768,92,0.00529411,0.001335988,0.003958122
20,768,93,0.004429062,0.000619397,0.003809665
20,768,94,0.0047558,0.001035998,0.003719802
20,768,95,0.004439681,0.000731619,0.003708062
20,768,96,0.006370227,0.00245117,0.003919057
20,768,97,0.005250642,0.001314298,0.003936344
20,768,98,0.004357869,0.000501922,0.003855947
20,768,99,0.0065791,0.002818037,0.003761063
20,768,100,0.005119832,0.001344654,0.003775178
20,768,101,0.004799534,0.001077306,0.003722228
20,768,102,0.004108894,0.00048807,0.003620824
20,768,103,0.004376817,0.000656866,0.003719951
20,768,104,0.004938591,0.001170279,0.003768312
20,768,105,0.005438819,0.001743446,0.003695373
20,768,106,0.004285258,0.000633605,0.003651653
20,768,107,0.009482567,0.005858486,0.003624081
20,768,108,0.004593117,0.001083529,0.003509588
20,768,109,0.004054825,0.000456212,0.003598613
20,768,110,0.003910063,0.000525194,0.003384869
21,768,1,0.767637983,0.644870179,0.122767804
21,768,2,0.214431578,0.211375577,0.003056001
21,768,3,0.062686821,0.059620377,0.003066444
21,768,4,0.003657807,0.000518014,0.003139793
21,768,5,0.006372022,0.003178133,0.003193889
21,768,6,0.004203903,0.00091683,0.003287073
21,768,7,0.022001995,0.018928618,0.003073377
21,768,8,0.003928575,0.000742034,0.003186541
21,768,9,0.011743896,0.008583263,0.003160633
21,768,10,0.015350268,0.0119072,0.003443068
21,768,11,0.004505387,0.001073743,0.003431644
21,768,12,0.052327506,0.049229327,0.003098179
21,768,13,0.004799557,0.001716395,0.003083162
21,768,14,0.004703108,0.001468246,0.003234862
21,768,15,0.004160614,0.000962281,0.003198333
21,768,16,0.004018737,0.00084105,0.003177687
21,768,17,0.00409744,0.000873836,0.003223604
21,768,18,0.00400814,0.000812794,0.003195346
21,768,19,0.003881325,0.000666811,0.003214514
21,768,20,0.003849497,0.000565554,0.003283943
21,768,21,0.004038352,0.000851953,0.003186399
21,768,22,0.004122696,0.000948679,0.003174017
21,768,23,0.004735231,0.001531847,0.003203384
21,768,24,0.004530581,0.001186426,0.003344155
21,768,25,0.004512961,0.001310831,0.00320213
21,768,26,0.004695692,0.001283297,0.003412395
21,768,27,0.004941615,0.001587124,0.003354491
21,768,28,0.004828167,0.001352184,0.003475983
21,768,29,0.004879976,0.001335975,0.003544001
21,768,30,0.004717965,0.001109652,0.003608313
21,768,31,0.004710409,0.001071448,0.003638961
21,768,32,0.004718652,0.001017252,0.0037014
21,768,33,0.004405569,0.000672184,0.003733385
21,768,34,0.004799389,0.001072264,0.003727125
21,768,35,0.00448268,0.000772518,0.003710162
21,768,36,0.004697329,0.000935732,0.003761597
21,768,37,0.004692081,0.0009584,0.003733681
21,768,38,0.004769161,0.00091622,0.003852941
21,768,39,0.00446162,0.000671502,0.003790118
21,768,40,0.005074055,0.001268378,0.003805677
21,768,41,0.004540836,0.000659415,0.003881421
21,768,42,0.004898509,0.00091671,0.003981799
21,768,43,0.004511924,0.00055148,0.003960444
21,768,44,0.004879366,0.000818973,0.004060393
21,768,45,0.004617757,0.000491503,0.004126254
21,768,46,0.004620741,0.000544176,0.004076565
21,768,47,0.004737601,0.000529513,0.004208088
21,768,48,0.004625747,0.000515175,0.004110572
21,768,49,0.004655757,0.000501968,0.004153789
21,768,50,0.004609537,0.000517397,0.00409214
21,768,51,0.004668881,0.000500968,0.004167913
21,768,52,0.004630629,0.000517594,0.004113035
21,768,53,0.004654603,0.000514381,0.004140222
21,768,54,0.004610997,0.000509352,0.004101645
21,768,55,0.004629498,0.000530171,0.004099327
21,768,56,0.00462416,0.000516875,0.004107285
21,768,57,0.004598693,0.000548853,0.00404984
21,768,58,0.004632906,0.00052444,0.004108466
21,768,59,0.004675133,0.000540165,0.004134968
21,768,60,0.004670171,0.000572393,0.004097778
21,768,61,0.004640302,0.00054721,0.004093092
21,768,62,0.004652088,0.000557485,0.004094603
21,768,63,0.00463991,0.000542977,0.004096933
21,768,64,0.004660789,0.000554617,0.004106172
21,768,65,0.004618962,0.000559583,0.004059379
21,768,66,0.004636444,0.000543384,0.00409306
21,768,67,0.00463976,0.000544146,0.004095614
21,768,68,0.004640451,0.000546294,0.004094157
21,768,69,0.004700694,0.0005845,0.004116194
21,768,70,0.004693428,0.000567704,0.004125724
21,768,71,0.004677967,0.000575302,0.004102665
21,768,72,0.004726601,0.000569207,0.004157394
21,768,73,0.004675037,0.000579329,0.004095708
21,768,74,0.004704461,0.000589288,0.004115173
21,768,75,0.004687702,0.000585275,0.004102427
21,768,76,0.004637188,0.000550741,0.004086447
21,768,77,0.004614921,0.000553458,0.004061463
21,768,78,0.004603907,0.000555533,0.004048374
21,768,79,0.004672295,0.000558737,0.004113558
21,768,80,0.004596035,0.000555419,0.004040616
21,768,81,0.004686569,0.000534069,0.0041525
21,768,82,0.004651171,0.000587437,0.004063734
21,768,83,0.004810149,0.000687603,0.004122546
21,768,84,0.004608497,0.000589313,0.004019184
21,768,85,0.004657563,0.000529696,0.004127867
21,768,86,0.004653761,0.000505071,0.00414869
21,768,87,0.004647134,0.000491746,0.004155388
21,768,88,0.004507675,0.000488626,0.004019049
21,768,89,0.004498607,0.000488591,0.004010016
21,768,90,0.004599394,0.000526114,0.00407328
21,768,91,0.005149029,0.001016577,0.004132452
21,768,92,0.005068099,0.001048359,0.00401974
21,768,93,0.004805953,0.000866776,0.003939177
21,768,94,0.004450058,0.000633054,0.003817004
21,768,95,0.006053394,0.002217748,0.003835646
21,768,96,0.005347764,0.001382744,0.00396502
21,768,97,0.004478275,0.000510032,0.003968243
21,768,98,0.006465126,0.002597728,0.003867398
21,768,99,0.005142145,0.001378941,0.003763204
21,768,100,0.004828417,0.001000349,0.003828068
21,768,101,0.004182976,0.000427273,0.003755703
21,768,102,0.004360884,0.000641314,0.00371957
21,768,103,0.00459088,0.000782633,0.003808247
21,768,104,0.005856894,0.002024033,0.003832861
21,768,105,0.004326456,0.000562016,0.00376444
21,768,106,0.009589224,0.005996627,0.003592597
21,768,107,0.004716068,0.000991152,0.003724916
21,768,108,0.003983175,0.000424587,0.003558588
21,768,109,0.004167251,0.000525261,0.00364199
21,768,110,0.005506924,0.002066062,0.003440862
22,768,1,0.7151294,0.592897344,0.122232056
22,768,2,0.21542647,0.212402211,0.003024259
22,768,3,0.004158998,0.001145935,0.003013063
22,768,4,0.065780092,0.062749753,0.003030339
22,768,5,0.004304186,0.001095353,0.003208833
22,768,6,0.022406676,0.019370021,0.003036655
22,768,7,0.00385065,0.000758379,0.003092271
22,768,8,0.011694549,0.00866212,0.003032429
22,768,9,0.004292166,0.001128654,0.003163512
22,768,10,0.003955407,0.000736223,0.003219184
22,768,11,0.063788765,0.060756886,0.003031879
22,768,12,0.004611773,0.001543145,0.003068628
22,768,13,0.004429406,0.001376147,0.003053259
22,768,14,0.00424339,0.001113158,0.003130232
22,768,15,0.004198721,0.000987121,0.0032116
22,768,16,0.004059281,0.000851793,0.003207488
22,768,17,0.004066567,0.000864286,0.003202281
22,768,18,0.003952069,0.000764002,0.003188067
22,768,19,0.003931378,0.000709425,0.003221953
22,768,20,0.003729513,0.000516107,0.003213406
22,768,21,0.004160854,0.000949658,0.003211196
22,768,22,0.004171222,0.000997061,0.003174161
22,768,23,0.004426496,0.001278189,0.003148307
22,768,24,0.004430051,0.001237097,0.003192954
22,768,25,0.004453445,0.001306547,0.003146898
22,768,26,0.004875461,0.001564983,0.003310478
22,768,27,0.004925614,0.001557304,0.00336831
22,768,28,0.004837553,0.00141624,0.003421313
22,768,29,0.00471458,0.001304392,0.003410188
22,768,30,0.00489915,0.001350159,0.003548991
22,768,31,0.004579413,0.001023939,0.003555474
22,768,32,0.004788964,0.001145566,0.003643398
22,768,33,0.004809733,0.001175078,0.003634655
22,768,34,0.004606256,0.000958002,0.003648254
22,768,35,0.004607896,0.000998296,0.0036096
22,768,36,0.004661972,0.001071095,0.003590877
22,768,37,0.004897718,0.001162805,0.003734913
22,768,38,0.004474449,0.000801272,0.003673177
22,768,39,0.004885384,0.001249986,0.003635398
22,768,40,0.004480854,0.000802522,0.003678332
22,768,41,0.005105825,0.001317982,0.003787843
22,768,42,0.004517654,0.000725322,0.003792332
22,768,43,0.004907202,0.001060436,0.003846766
22,768,44,0.004396026,0.000531188,0.003864838
22,768,45,0.004801469,0.000820909,0.00398056
22,768,46,0.004491006,0.000480365,0.004010641
22,768,47,0.004750324,0.000699907,0.004050417
22,768,48,0.004526204,0.000476456,0.004049748
22,768,49,0.004593979,0.000531169,0.00406281
22,768,50,0.004513108,0.000505108,0.004008
22,768,51,0.004611715,0.000526644,0.004085071
22,768,52,0.004548758,0.000523079,0.004025679
22,768,53,0.004522864,0.000514168,0.004008696
22,768,54,0.004638861,0.000609689,0.004029172
22,768,55,0.00450466,0.000554568,0.003950092
22,768,56,0.004588964,0.000621326,0.003967638
22,768,57,0.004616673,0.000675685,0.003940988
22,768,58,0.004646571,0.000643072,0.004003499
22,768,59,0.004624644,0.000621922,0.004002722
22,768,60,0.004648114,0.000665995,0.003982119
22,768,61,0.004634786,0.000631227,0.004003559
22,768,62,0.004666568,0.000656786,0.004009782
22,768,63,0.004657121,0.000631071,0.00402605
22,768,64,0.004654187,0.000639064,0.004015123
22,768,65,0.00459842,0.000624904,0.003973516
22,768,66,0.004644629,0.000669437,0.003975192
22,768,67,0.004636593,0.000664591,0.003972002
22,768,68,0.004712784,0.000731499,0.003981285
22,768,69,0.004473095,0.000561955,0.00391114
22,768,70,0.004809081,0.000843525,0.003965556
22,768,71,0.004675225,0.000741552,0.003933673
22,768,72,0.004769395,0.000741993,0.004027402
22,768,73,0.004583086,0.000637173,0.003945913
22,768,74,0.004764847,0.000800022,0.003964825
22,768,75,0.004665212,0.000750975,0.003914237
22,768,76,0.004696357,0.000763594,0.003932763
22,768,77,0.004606912,0.000636475,0.003970437
22,768,78,0.004620814,0.00064678,0.003974034
22,768,79,0.004658375,0.00064899,0.004009385
22,768,80,0.00466595,0.000702004,0.003963946
22,768,81,0.004571703,0.000619562,0.003952141
22,768,82,0.00468008,0.000764049,0.003916031
22,768,83,0.005129395,0.001147566,0.003981829
22,768,84,0.004518651,0.000567623,0.003951028
22,768,85,0.004549537,0.000566315,0.003983222
22,768,86,0.004563383,0.000635977,0.003927406
22,768,87,0.004610716,0.000696432,0.003914284
22,768,88,0.004586335,0.000674058,0.003912277
22,768,89,0.004837393,0.000918399,0.003918994
22,768,90,0.005545265,0.001629552,0.003915713
22,768,91,0.005123064,0.00120398,0.003919084
22,768,92,0.004914205,0.001023897,0.003890308
22,768,93,0.004480499,0.000651517,0.003828982
22,768,94,0.006187781,0.002418785,0.003768996
22,768,95,0.005248942,0.001410378,0.003838564
22,768,96,0.004314614,0.000488898,0.003825716
22,768,97,0.006769321,0.002976108,0.003793213
22,768,98,0.00513855,0.001364039,0.003774511
22,768,99,0.004311893,0.000632232,0.003679661
22,768,100,0.004621904,0.000883197,0.003738707
22,768,101,0.004519757,0.000848204,0.003671553
22,768,102,0.004283157,0.000613503,0.003669654
22,768,103,0.005999431,0.002253546,0.003745885
22,768,104,0.004529449,0.000750817,0.003778632
22,768,105,0.009636999,0.005939937,0.003697062
22,768,106,0.004746384,0.001161203,0.003585181
22,768,107,0.004122612,0.000401524,0.003721088
22,768,108,0.00393299,0.000451167,0.003481823
22,768,109,0.00527832,0.001808318,0.003470002
22,768,110,0.004834168,0.001492473,0.003341695
23,768,1,0.736727105,0.613434489,0.123292616
23,768,2,0.212700725,0.209667279,0.003033446
23,768,3,0.011717304,0.008696251,0.003021053
23,768,4,0.003893746,0.000748981,0.003144765
23,768,5,0.078774541,0.075615367,0.003159174
23,768,6,0.003740676,0.000641486,0.00309919
23,768,7,0.011751101,0.008733825,0.003017276
23,768,8,0.004095711,0.001032573,0.003063138
23,768,9,0.003975335,0.000648667,0.003326668
23,768,10,0.063935854,0.060866477,0.003069377
23,768,11,0.004362923,0.001319208,0.003043715
23,768,12,0.004041592,0.000914095,0.003127497
23,768,13,0.004366872,0.001170234,0.003196638
23,768,14,0.003957437,0.000793758,0.003163679
23,768,15,0.004225595,0.001030153,0.003195442
23,768,16,0.004061732,0.000869813,0.003191919
23,768,17,0.004059598,0.000864446,0.003195152
23,768,18,0.003880254,0.00068879,0.003191464
23,768,19,0.00380164,0.000587929,0.003213711
23,768,20,0.003965832,0.000714156,0.003251676
23,768,21,0.004034305,0.000833352,0.003200953
23,768,22,0.004048539,0.000990603,0.003057936
23,768,23,0.004641568,0.001482852,0.003158716
23,768,24,0.004418331,0.001229787,0.003188544
23,768,25,0.004534438,0.001329331,0.003205107
23,768,26,0.004854375,0.001588392,0.003265983
23,768,27,0.004754324,0.001464554,0.00328977
23,768,28,0.005098172,0.001674412,0.00342376
23,768,29,0.004802579,0.00130952,0.003493059
23,768,30,0.004668769,0.001150349,0.00351842
23,768,31,0.004771946,0.00124598,0.003525966
23,768,32,0.004919676,0.001320416,0.00359926
23,768,33,0.004617338,0.001012647,0.003604691
23,768,34,0.00462897,0.001067656,0.003561314
23,768,35,0.00482148,0.001198762,0.003622718
23,768,36,0.004442411,0.000859106,0.003583305
23,768,37,0.004979337,0.001342738,0.003636599
23,768,38,0.004604619,0.001015833,0.003588786
23,768,39,0.00465351,0.001043365,0.003610145
23,768,40,0.004710148,0.001103074,0.003607074
23,768,41,0.004823219,0.001208406,0.003614813
23,768,42,0.004598504,0.000887496,0.003711008
23,768,43,0.004661394,0.000926917,0.003734477
23,768,44,0.004631594,0.00081437,0.003817224
23,768,45,0.004706423,0.000740747,0.003965676
23,768,46,0.004544065,0.000602815,0.00394125
23,768,47,0.004485967,0.000525888,0.003960079
23,768,48,0.004507209,0.000514222,0.003992987
23,768,49,0.004552614,0.000522007,0.004030607
23,768,50,0.00467212,0.000632719,0.004039401
23,768,51,0.004636104,0.000555741,0.004080363
23,768,52,0.004601596,0.000575518,0.004026078
23,768,53,0.004582409,0.00056036,0.004022049
23,768,54,0.004617001,0.000552612,0.004064389
23,768,55,0.004564354,0.000552549,0.004011805
23,768,56,0.004605311,0.000543304,0.004062007
23,768,57,0.004523214,0.000552076,0.003971138
23,768,58,0.004554691,0.000550546,0.004004145
23,768,59,0.00457712,0.000533476,0.004043644
23,768,60,0.004568671,0.000567211,0.00400146
23,768,61,0.004576376,0.00056012,0.004016256
23,768,62,0.004577476,0.000581147,0.003996329
23,768,63,0.004737167,0.00067377,0.004063397
23,768,64,0.004496861,0.000499778,0.003997083
23,768,65,0.005003502,0.000942504,0.004060998
23,768,66,0.004588491,0.00056734,0.004021151
23,768,67,0.004694119,0.000643413,0.004050706
23,768,68,0.004567929,0.000570966,0.003996963
23,768,69,0.004656344,0.00063027,0.004026074
23,768,70,0.004614282,0.000621576,0.003992706
23,768,71,0.00475608,0.000753315,0.004002765
23,768,72,0.004537941,0.000537918,0.004000023
23,768,73,0.004558779,0.000555558,0.004003221
23,768,74,0.004561166,0.000567792,0.003993374
23,768,75,0.004522078,0.000579699,0.003942379
23,768,76,0.004573336,0.000652428,0.003920908
23,768,77,0.004627615,0.000699114,0.003928501
23,768,78,0.004717122,0.000761853,0.003955269
23,768,79,0.00465945,0.000663468,0.003995982
23,768,80,0.004568908,0.000610774,0.003958134
23,768,81,0.005575346,0.001608208,0.003967138
23,768,82,0.005210641,0.001156151,0.00405449
23,768,83,0.004514845,0.000545036,0.003969809
23,768,84,0.004502773,0.000564213,0.00393856
23,768,85,0.00452895,0.000531343,0.003997607
23,768,86,0.004566207,0.000527714,0.004038493
23,768,87,0.004567758,0.000546996,0.004020762
23,768,88,0.004927678,0.00096268,0.003964998
23,768,89,0.005581099,0.001623104,0.003957995
23,768,90,0.005069764,0.001084095,0.003985669
23,768,91,0.004492124,0.000632337,0.003859787
23,768,92,0.005016013,0.0010851,0.003930913
23,768,93,0.00591316,0.002117241,0.003795919
23,768,94,0.005502794,0.00167587,0.003826924
23,768,95,0.004470822,0.00064028,0.003830542
23,768,96,0.006747951,0.002835104,0.003912847
23,768,97,0.005136467,0.001324888,0.003811579
23,768,98,0.004274065,0.000530404,0.003743661
23,768,99,0.004337377,0.000662612,0.003674765
23,768,100,0.004893615,0.001182113,0.003711502
23,768,101,0.004229842,0.000558245,0.003671597
23,768,102,0.005341135,0.001627021,0.003714114
23,768,103,0.00511346,0.001394053,0.003719407
23,768,104,0.009643596,0.005969122,0.003674474
23,768,105,0.004701167,0.001067402,0.003633765
23,768,106,0.004208627,0.000633105,0.003575522
23,768,107,0.004158536,0.00050086,0.003657676
23,768,108,0.004970368,0.001440824,0.003529544
23,768,109,0.004584023,0.001117865,0.003466158
23,768,110,0.004910777,0.00157616,0.003334617
24,768,1,0.741555081,0.608810671,0.13274441
24,768,2,0.198050629,0.194991166,0.003059463
24,768,3,0.003686959,0.000533392,0.003153567
24,768,4,0.078770029,0.075660291,0.003109738
24,768,5,0.003736091,0.000563037,0.003173054
24,768,6,0.011875003,0.008813176,0.003061827
24,768,7,0.004062985,0.000889026,0.003173959
24,768,8,0.003680141,0.000548202,0.003131939
24,768,9,0.064161745,0.061067572,0.003094173
24,768,10,0.0043686,0.001131819,0.003236781
24,768,11,0.003836887,0.000578792,0.003258095
24,768,12,0.003962787,0.000710071,0.003252716
24,768,13,0.004246865,0.000907781,0.003339084
24,768,14,0.003915514,0.000651391,0.003264123
24,768,15,0.003973843,0.000746763,0.00322708
24,768,16,0.004082265,0.000838491,0.003243774
24,768,17,0.003994168,0.000760918,0.00323325
24,768,18,0.003970706,0.000698476,0.00327223
24,768,19,0.003756649,0.000528182,0.003228467
24,768,20,0.003727784,0.000488972,0.003238812
24,768,21,0.004059832,0.000823426,0.003236406
24,768,22,0.004274652,0.001050836,0.003223816
24,768,23,0.004571571,0.001409881,0.00316169
24,768,24,0.004606342,0.00141617,0.003190172
24,768,25,0.004664344,0.001346337,0.003318007
24,768,26,0.004933406,0.001614314,0.003319092
24,768,27,0.004736283,0.001351646,0.003384637
24,768,28,0.005196768,0.001677071,0.003519697
24,768,29,0.004729774,0.001184009,0.003545765
24,768,30,0.004923402,0.00133136,0.003592042
24,768,31,0.004580867,0.000843395,0.003737472
24,768,32,0.004706393,0.001079461,0.003626932
24,768,33,0.004925938,0.001216387,0.003709551
24,768,34,0.004698705,0.000984942,0.003713763
24,768,35,0.00433692,0.000719644,0.003617276
24,768,36,0.004861737,0.001194527,0.00366721
24,768,37,0.004806321,0.00103715,0.003769171
24,768,38,0.004762842,0.000954574,0.003808268
24,768,39,0.00465604,0.00084648,0.00380956
24,768,40,0.004811927,0.000966146,0.003845781
24,768,41,0.004584022,0.000603191,0.003980831
24,768,42,0.00443192,0.000670091,0.003761829
24,768,43,0.004370733,0.000620814,0.003749919
24,768,44,0.004733321,0.000957481,0.00377584
24,768,45,0.004660962,0.000754418,0.003906544
24,768,46,0.004352604,0.000656469,0.003696135
24,768,47,0.004739416,0.000887033,0.003852383
24,768,48,0.004534486,0.000694741,0.003839745
24,768,49,0.004692406,0.000804102,0.003888304
24,768,50,0.004492782,0.000695387,0.003797395
24,768,51,0.004693001,0.000848287,0.003844714
24,768,52,0.004517204,0.000700643,0.003816561
24,768,53,0.004585277,0.00072238,0.003862897
24,768,54,0.004529116,0.000666874,0.003862242
24,768,55,0.004570951,0.000709983,0.003860968
24,768,56,0.004483357,0.000649679,0.003833678
24,768,57,0.004545667,0.000725112,0.003820555
24,768,58,0.004608643,0.000742186,0.003866457
24,768,59,0.00464396,0.000787856,0.003856104
24,768,60,0.004551812,0.000653657,0.003898155
24,768,61,0.004608321,0.000833489,0.003774832
24,768,62,0.004730522,0.000947625,0.003782897
24,768,63,0.004689544,0.000838341,0.003851203
24,768,64,0.004891687,0.000963643,0.003928044
24,768,65,0.004522721,0.000682469,0.003840252
24,768,66,0.004754161,0.000893122,0.003861039
24,768,67,0.00448472,0.000649226,0.003835494
24,768,68,0.004762086,0.001005634,0.003756452
24,768,69,0.004589418,0.000800753,0.003788665
24,768,70,0.004752942,0.000863137,0.003889805
24,768,71,0.00452487,0.00061203,0.00391284
24,768,72,0.004625623,0.000734881,0.003890742
24,768,73,0.004508751,0.000662777,0.003845974
24,768,74,0.00434146,0.000645576,0.003695884
24,768,75,0.004393296,0.000750362,0.003642934
24,768,76,0.00439997,0.000704801,0.003695169
24,768,77,0.004347037,0.000630658,0.003716379
24,768,78,0.005010537,0.00131765,0.003692887
24,768,79,0.005003595,0.001228312,0.003775283
24,768,80,0.005842468,0.002175927,0.003666541
24,768,81,0.005118148,0.001381498,0.00373665
24,768,82,0.004615332,0.000825074,0.003790258
24,768,83,0.004274591,0.000604366,0.003670225
24,768,84,0.004304868,0.000619467,0.003685401
24,768,85,0.004639425,0.000767973,0.003871452
24,768,86,0.004185272,0.000581661,0.003603611
24,768,87,0.005364239,0.001782301,0.003581938
24,768,88,0.005539141,0.001987988,0.003551153
24,768,89,0.005319443,0.001595489,0.003723954
24,768,90,0.004472589,0.000741956,0.003730633
24,768,91,0.004210298,0.00071325,0.003497048
24,768,92,0.006510536,0.002986435,0.003524101
24,768,93,0.005804514,0.002107323,0.003697191
24,768,94,0.004502483,0.000685144,0.003817339
24,768,95,0.006553607,0.002842748,0.003710859
24,768,96,0.005004532,0.001423632,0.0035809
24,768,97,0.004454454,0.001050028,0.003404426
24,768,98,0.004513966,0.000894338,0.003619628
24,768,99,0.004343641,0.000943499,0.003400142
24,768,100,0.004583494,0.001245661,0.003337833
24,768,101,0.005247656,0.001836229,0.003411427
24,768,102,0.004652524,0.001272476,0.003380048
24,768,103,0.010462647,0.007091725,0.003370922
24,768,104,0.004522378,0.001162879,0.003359499
24,768,105,0.00438292,0.000967995,0.003414925
24,768,106,0.004282162,0.00079639,0.003485772
24,768,107,0.00507546,0.001626053,0.003449407
24,768,108,0.00423519,0.000850122,0.003385068
24,768,109,0.0048227,0.001599523,0.003223177
24,768,110,0.006218761,0.003171482,0.003047279
25,768,1,0.72174995,0.595953621,0.125796329
25,768,2,0.211425923,0.20840852,0.003017403
25,768,3,0.014880027,0.011862502,0.003017525
25,768,4,0.003774551,0.000625292,0.003149259
25,768,5,0.078682956,0.075662412,0.003020544
25,768,6,0.003850785,0.000757393,0.003093392
25,768,7,0.011786484,0.008771571,0.003014913
25,768,8,0.065397248,0.062349569,0.003047679
25,768,9,0.004236353,0.001045799,0.003190554
25,768,10,0.003652485,0.000512233,0.003140252
25,768,11,0.003681512,0.000507277,0.003174235
25,768,12,0.003953401,0.00075786,0.003195541
25,768,13,0.004249,0.00106962,0.00317938
25,768,14,0.00399611,0.000805079,0.003191031
25,768,15,0.003986676,0.000830199,0.003156477
25,768,16,0.004005072,0.000857815,0.003147257
25,768,17,0.004069977,0.000929548,0.003140429
25,768,18,0.003901943,0.000736084,0.003165859
25,768,19,0.003757516,0.000596284,0.003161232
25,768,20,0.003808231,0.000622305,0.003185926
25,768,21,0.004087178,0.000910938,0.00317624
25,768,22,0.0041277,0.000985233,0.003142467
25,768,23,0.004478493,0.001380743,0.00309775
25,768,24,0.004475981,0.001370571,0.00310541
25,768,25,0.004761441,0.001461668,0.003299773
25,768,26,0.004702285,0.001454349,0.003247936
25,768,27,0.004912927,0.001589497,0.00332343
25,768,28,0.005117473,0.001679683,0.00343779
25,768,29,0.004766463,0.001322414,0.003444049
25,768,30,0.004787014,0.001153766,0.003633248
25,768,31,0.004595248,0.001041865,0.003553383
25,768,32,0.004835274,0.001215905,0.003619369
25,768,33,0.004491245,0.000902616,0.003588629
25,768,34,0.005074697,0.001463009,0.003611688
25,768,35,0.004553767,0.001009352,0.003544415
25,768,36,0.004794904,0.00120308,0.003591824
25,768,37,0.004769771,0.001102038,0.003667733
25,768,38,0.004817559,0.001064179,0.00375338
25,768,39,0.004779884,0.000989948,0.003789936
25,768,40,0.004609551,0.000846763,0.003762788
25,768,41,0.004690128,0.000869618,0.00382051
25,768,42,0.004597381,0.000829569,0.003767812
25,768,43,0.004577028,0.000805474,0.003771554
25,768,44,0.004641784,0.000911024,0.00373076
25,768,45,0.0046908,0.000895787,0.003795013
25,768,46,0.004617329,0.000876464,0.003740865
25,768,47,0.004728226,0.000900462,0.003827764
25,768,48,0.004532415,0.00075484,0.003777575
25,768,49,0.004767576,0.000942448,0.003825128
25,768,50,0.004526983,0.000791335,0.003735648
25,768,51,0.004641227,0.000908824,0.003732403
25,768,52,0.004423548,0.000697935,0.003725613
25,768,53,0.004660816,0.000816915,0.003843901
25,768,54,0.004310354,0.000594667,0.003715687
25,768,55,0.004629831,0.000887364,0.003742467
25,768,56,0.004548063,0.000787945,0.003760118
25,768,57,0.004660384,0.000917877,0.003742507
25,768,58,0.004541766,0.000863184,0.003678582
25,768,59,0.004722703,0.000996413,0.00372629
25,768,60,0.00464032,0.000985913,0.003654407
25,768,61,0.004777651,0.001109571,0.00366808
25,768,62,0.004662255,0.00096674,0.003695515
25,768,63,0.004864728,0.001142441,0.003722287
25,768,64,0.004517957,0.000850969,0.003666988
25,768,65,0.004746443,0.000970745,0.003775698
25,768,66,0.004560772,0.000805043,0.003755729
25,768,67,0.004871907,0.001118796,0.003753111
25,768,68,0.004498054,0.000789346,0.003708708
25,768,69,0.004515357,0.000863876,0.003651481
25,768,70,0.004597659,0.000850088,0.003747571
25,768,71,0.004831125,0.000934956,0.003896169
25,768,72,0.0043137,0.000509215,0.003804485
25,768,73,0.004502572,0.000669984,0.003832588
25,768,74,0.004263291,0.000663571,0.00359972
25,768,75,0.004465464,0.000882883,0.003582581
25,768,76,0.004284381,0.000754483,0.003529898
25,768,77,0.005259739,0.001769528,0.003490211
25,768,78,0.004871854,0.001382417,0.003489437
25,768,79,0.006043403,0.002442268,0.003601135
25,768,80,0.005045048,0.001437699,0.003607349
25,768,81,0.004647289,0.000913357,0.003733932
25,768,82,0.004353411,0.000660644,0.003692767
25,768,83,0.00420831,0.000572681,0.003635629
25,768,84,0.004437346,0.000741531,0.003695815
25,768,85,0.004514645,0.000856935,0.00365771
25,768,86,0.004942205,0.001467226,0.003474979
25,768,87,0.005716452,0.002221419,0.003495033
25,768,88,0.005231758,0.001675376,0.003556382
25,768,89,0.004684135,0.001016031,0.003668104
25,768,90,0.004387518,0.000783541,0.003603977
25,768,91,0.006011861,0.002574376,0.003437485
25,768,92,0.005228289,0.001714562,0.003513727
25,768,93,0.004967139,0.001405348,0.003561791
25,768,94,0.004709549,0.001056688,0.003652861
25,768,95,0.004282962,0.000576885,0.003706077
25,768,96,0.006645557,0.003230401,0.003415156
25,768,97,0.004183085,0.000771425,0.00341166
25,768,98,0.004314084,0.001041011,0.003273073
25,768,99,0.005414627,0.002156544,0.003258083
25,768,100,0.005504537,0.002249488,0.003255049
25,768,101,0.004451362,0.001107236,0.003344126
25,768,102,0.006943744,0.003624173,0.003319571
25,768,103,0.004585795,0.00130592,0.003279875
25,768,104,0.006958181,0.003681828,0.003276353
25,768,105,0.004777634,0.001529764,0.00324787
25,768,106,0.005674064,0.002271559,0.003402505
25,768,107,0.004284386,0.000915853,0.003368533
25,768,108,0.004292321,0.000989144,0.003303177
25,768,109,0.007353239,0.004316347,0.003036892
25,768,110,0.005076861,0.002055533,0.003021328
26,768,1,0.715567894,0.590199622,0.125368272
26,768,2,0.211282503,0.20825259,0.003029913
26,768,3,0.005861625,0.002821591,0.003040034
26,768,4,0.069102972,0.066068047,0.003034925
26,768,5,0.00421576,0.001065002,0.003150758
26,768,6,0.021399266,0.018377663,0.003021603
26,768,7,0.074605783,0.071569024,0.003036759
26,768,8,0.004075906,0.00095211,0.003123796
26,768,9,0.003706524,0.00052936,0.003177164
26,768,10,0.00355702,0.000425316,0.003131704
26,768,11,0.003709845,0.000558217,0.003151628
26,768,12,0.003984884,0.000750894,0.00323399
26,768,13,0.004195852,0.000977419,0.003218433
26,768,14,0.003961877,0.000782121,0.003179756
26,768,15,0.003967886,0.00081754,0.003150346
26,768,16,0.004041955,0.000902179,0.003139776
26,768,17,0.003998789,0.000858075,0.003140714
26,768,18,0.003918904,0.000772597,0.003146307
26,768,19,0.003809643,0.000653274,0.003156369
26,768,20,0.003696875,0.000529673,0.003167202
26,768,21,0.004018495,0.000851196,0.003167299
26,768,22,0.004120232,0.001037559,0.003082673
26,768,23,0.004510698,0.001412626,0.003098072
26,768,24,0.004391614,0.001271662,0.003119952
26,768,25,0.0046927,0.001476686,0.003216014
26,768,26,0.004589252,0.001352703,0.003236549
26,768,27,0.004925036,0.001497832,0.003427204
26,768,28,0.005080004,0.00161601,0.003463994
26,768,29,0.004544679,0.001004716,0.003539963
26,768,30,0.004772089,0.001189154,0.003582935
26,768,31,0.004848658,0.00103575,0.003812908
26,768,32,0.004489904,0.000874699,0.003615205
26,768,33,0.004648712,0.001035148,0.003613564
26,768,34,0.004764903,0.001123325,0.003641578
26,768,35,0.0045697,0.000980089,0.003589611
26,768,36,0.004911702,0.001238054,0.003673648
26,768,37,0.004657684,0.000979522,0.003678162
26,768,38,0.004885597,0.001076216,0.003809381
26,768,39,0.004600365,0.000847358,0.003753007
26,768,40,0.004869049,0.001115052,0.003753997
26,768,41,0.004699179,0.00084218,0.003856999
26,768,42,0.004638122,0.000850707,0.003787415
26,768,43,0.004590523,0.000856141,0.003734382
26,768,44,0.004784354,0.001037867,0.003746487
26,768,45,0.00456613,0.000715865,0.003850265
26,768,46,0.00459714,0.000890836,0.003706304
26,768,47,0.004671588,0.00089847,0.003773118
26,768,48,0.004784106,0.001021513,0.003762593
26,768,49,0.00449878,0.000770436,0.003728344
26,768,50,0.004811056,0.001119317,0.003691739
26,768,51,0.004594896,0.000850174,0.003744722
26,768,52,0.004662512,0.000952792,0.00370972
26,768,53,0.004689009,0.000988319,0.00370069
26,768,54,0.004726676,0.001002095,0.003724581
26,768,55,0.004592641,0.0009237,0.003668941
26,768,56,0.004771389,0.001064342,0.003707047
26,768,57,0.004668714,0.000947726,0.003720988
26,768,58,0.004735763,0.00101382,0.003721943
26,768,59,0.004697119,0.000989358,0.003707761
26,768,60,0.004689367,0.00105521,0.003634157
26,768,61,0.004790438,0.001041522,0.003748916
26,768,62,0.004712191,0.000996981,0.00371521
26,768,63,0.004595484,0.000914498,0.003680986
26,768,64,0.004664586,0.000977031,0.003687555
26,768,65,0.004590197,0.000888296,0.003701901
26,768,66,0.004889353,0.001127512,0.003761841
26,768,67,0.00457523,0.000767979,0.003807251
26,768,68,0.004561145,0.000795043,0.003766102
26,768,69,0.00442321,0.000797793,0.003625417
26,768,70,0.004694287,0.000949781,0.003744506
26,768,71,0.004521698,0.000771563,0.003750135
26,768,72,0.004520072,0.000721615,0.003798457
26,768,73,0.00451424,0.000753934,0.003760306
26,768,74,0.004323565,0.000617583,0.003705982
26,768,75,0.004345992,0.000790348,0.003555644
26,768,76,0.005169371,0.001700773,0.003468598
26,768,77,0.004887438,0.001356264,0.003531174
26,768,78,0.005942248,0.002371884,0.003570364
26,768,79,0.005090414,0.00134558,0.003744834
26,768,80,0.004733667,0.000938224,0.003795443
26,768,81,0.004224214,0.000518705,0.003705509
26,768,82,0.00428978,0.000632197,0.003657583
26,768,83,0.004377411,0.000711327,0.003666084
26,768,84,0.00439335,0.000782228,0.003611122
26,768,85,0.005088087,0.00150443,0.003583657
26,768,86,0.005384739,0.001987222,0.003397517
26,768,87,0.005243572,0.001791742,0.00345183
26,768,88,0.00478275,0.001219841,0.003562909
26,768,89,0.004571856,0.000944167,0.003627689
26,768,90,0.005919082,0.002577366,0.003341716
26,768,91,0.004818302,0.001483551,0.003334751
26,768,92,0.004820744,0.001387691,0.003433053
26,768,93,0.004855431,0.001295243,0.003560188
26,768,94,0.004570514,0.000861979,0.003708535
26,768,95,0.004238096,0.000566933,0.003671163
26,768,96,0.004150779,0.000567458,0.003583321
26,768,97,0.006149289,0.002869677,0.003279612
26,768,98,0.006228116,0.002974039,0.003254077
26,768,99,0.005739757,0.002405176,0.003334581
26,768,100,0.004373395,0.000993575,0.00337982
26,768,101,0.006264454,0.002992305,0.003272149
26,768,102,0.005225465,0.001898711,0.003326754
26,768,103,0.00686895,0.003575604,0.003293346
26,768,104,0.004794024,0.001508024,0.003286
26,768,105,0.005683958,0.002460081,0.003223877
26,768,106,0.004439081,0.000971626,0.003467455
26,768,107,0.004018345,0.000617771,0.003400574
26,768,108,0.004357862,0.001081489,0.003276373
26,768,109,0.006572444,0.003543784,0.00302866
26,768,110,0.007081424,0.004049327,0.003032097
27,768,1,0.735505143,0.609837358,0.125667785
27,768,2,0.212107566,0.209082132,0.003025434
27,768,3,0.006024542,0.003006679,0.003017863
27,768,4,0.005301853,0.002287304,0.003014549
27,768,5,0.065869088,0.062724254,0.003144834
27,768,6,0.09319816,0.090163358,0.003034802
27,768,7,0.003869364,0.000832654,0.00303671
27,768,8,0.003584589,0.000467316,0.003117273
27,768,9,0.0035818,0.000405255,0.003176545
27,768,10,0.003701262,0.000558716,0.003142546
27,768,11,0.003971938,0.000726208,0.00324573
27,768,12,0.003635007,0.000440196,0.003194811
27,768,13,0.004228389,0.001013456,0.003214933
27,768,14,0.003874803,0.000698058,0.003176745
27,768,15,0.003995337,0.000845439,0.003149898
27,768,16,0.004012927,0.000871112,0.003141815
27,768,17,0.004034444,0.000892084,0.00314236
27,768,18,0.003889286,0.000726475,0.003162811
27,768,19,0.003858074,0.000678142,0.003179932
27,768,20,0.003739499,0.000571595,0.003167904
27,768,21,0.003975496,0.000804707,0.003170789
27,768,22,0.004183521,0.001091502,0.003092019
27,768,23,0.004471645,0.001366579,0.003105066
27,768,24,0.004385645,0.001270049,0.003115596
27,768,25,0.004568535,0.001412424,0.003156111
27,768,26,0.004867886,0.001649514,0.003218372
27,768,27,0.004728761,0.001409409,0.003319352
27,768,28,0.005285511,0.001841751,0.00344376
27,768,29,0.004463713,0.000918991,0.003544722
27,768,30,0.004678229,0.001143213,0.003535016
27,768,31,0.004586261,0.000895933,0.003690328
27,768,32,0.004658198,0.000988752,0.003669446
27,768,33,0.004388876,0.000696458,0.003692418
27,768,34,0.004656833,0.001024239,0.003632594
27,768,35,0.004526553,0.000851526,0.003675027
27,768,36,0.00486161,0.001121134,0.003740476
27,768,37,0.004670677,0.00092706,0.003743617
27,768,38,0.004874868,0.001055054,0.003819814
27,768,39,0.00474137,0.000931927,0.003809443
27,768,40,0.004610856,0.000779625,0.003831231
27,768,41,0.004889823,0.001049241,0.003840582
27,768,42,0.004670847,0.000772681,0.003898166
27,768,43,0.004712208,0.000820608,0.0038916
27,768,44,0.004565809,0.000676838,0.003888971
27,768,45,0.004750299,0.000846322,0.003903977
27,768,46,0.004545308,0.000656009,0.003889299
27,768,47,0.004538088,0.000713247,0.003824841
27,768,48,0.00477005,0.000880001,0.003890049
27,768,49,0.004727517,0.000836293,0.003891224
27,768,50,0.004562352,0.000698925,0.003863427
27,768,51,0.004803936,0.00094996,0.003853976
27,768,52,0.004634408,0.00080024,0.003834168
27,768,53,0.004592032,0.000770908,0.003821124
27,768,54,0.004756405,0.000939888,0.003816517
27,768,55,0.004753465,0.000908675,0.00384479
27,768,56,0.004593106,0.000700744,0.003892362
27,768,57,0.004779934,0.000953304,0.00382663
27,768,58,0.00464098,0.00080678,0.0038342
27,768,59,0.004709976,0.000853518,0.003856458
27,768,60,0.004766639,0.000922414,0.003844225
27,768,61,0.00476929,0.000977559,0.003791731
27,768,62,0.004574573,0.000769455,0.003805118
27,768,63,0.004726002,0.000856807,0.003869195
27,768,64,0.004657553,0.000785072,0.003872481
27,768,65,0.004597882,0.00070334,0.003894542
27,768,66,0.004656807,0.000711108,0.003945699
27,768,67,0.004806207,0.000947861,0.003858346
27,768,68,0.004495277,0.000681788,0.003813489
27,768,69,0.004609833,0.000829458,0.003780375
27,768,70,0.004569408,0.000738908,0.0038305
27,768,71,0.004789182,0.000801159,0.003988023
27,768,72,0.004373688,0.000506642,0.003867046
27,768,73,0.004396174,0.000508884,0.00388729
27,768,74,0.005065434,0.001299914,0.00376552
27,768,75,0.005204692,0.001628238,0.003576454
27,768,76,0.004932674,0.001348807,0.003583867
27,768,77,0.005893216,0.00229786,0.003595356
27,768,78,0.004894423,0.001181636,0.003712787
27,768,79,0.004772018,0.001053081,0.003718937
27,768,80,0.004344827,0.00060482,0.003740007
27,768,81,0.0042597,0.00055384,0.00370586
27,768,82,0.004314352,0.000590424,0.003723928
27,768,83,0.004442519,0.000703051,0.003739468
27,768,84,0.005165428,0.00153001,0.003635418
27,768,85,0.005246762,0.001777004,0.003469758
27,768,86,0.005126979,0.001716354,0.003410625
27,768,87,0.004648458,0.001149888,0.00349857
27,768,88,0.004668443,0.001040385,0.003628058
27,768,89,0.004415959,0.000782036,0.003633923
27,768,90,0.004374495,0.000715806,0.003658689
27,768,91,0.005597053,0.002197816,0.003399237
27,768,92,0.00522461,0.001800185,0.003424425
27,768,93,0.004964168,0.001247163,0.003717005
27,768,94,0.004611936,0.000862266,0.00374967
27,768,95,0.004176036,0.000479197,0.003696839
27,768,96,0.005645278,0.002241576,0.003403702
27,768,97,0.007147086,0.00374225,0.003404836
27,768,98,0.005391306,0.002065433,0.003325873
27,768,99,0.004858648,0.001444487,0.003414161
27,768,100,0.005979718,0.00280934,0.003170378
27,768,101,0.004542975,0.001255599,0.003287376
27,768,102,0.005135393,0.001776882,0.003358511
27,768,103,0.004237511,0.000885152,0.003352359
27,768,104,0.008840494,0.005660923,0.003179571
27,768,105,0.004245383,0.000965371,0.003280012
27,768,106,0.00410946,0.000685239,0.003424221
27,768,107,0.004219711,0.00085272,0.003366991
27,768,108,0.006562926,0.003378533,0.003184393
27,768,109,0.007603537,0.004591722,0.003011815
27,768,110,0.00441738,0.001404192,0.003013188
28,768,1,0.718511148,0.592823139,0.125688009
28,768,2,0.210524903,0.207503701,0.003021202
28,768,3,0.003663806,0.000524999,0.003138807
28,768,4,0.066955688,0.063922837,0.003032851
28,768,5,0.0043398,0.001227133,0.003112667
28,768,6,0.003609821,0.000433286,0.003176535
28,768,7,0.092241401,0.089211662,0.003029739
28,768,8,0.004062528,0.001028459,0.003034069
28,768,9,0.003702709,0.000501104,0.003201605
28,768,10,0.003514407,0.000370208,0.003144199
28,768,11,0.003793175,0.000609198,0.003183977
28,768,12,0.00391634,0.000715685,0.003200655
28,768,13,0.004250255,0.001099726,0.003150529
28,768,14,0.003963714,0.000795839,0.003167875
28,768,15,0.003946602,0.000782055,0.003164547
28,768,16,0.003972867,0.000824655,0.003148212
28,768,17,0.004041221,0.000890599,0.003150622
28,768,18,0.003979893,0.000835692,0.003144201
28,768,19,0.003919991,0.000756606,0.003163385
28,768,20,0.003693727,0.000520048,0.003173679
28,768,21,0.003894406,0.000713372,0.003181034
28,768,22,0.004173533,0.001001841,0.003171692
28,768,23,0.004394616,0.0012875,0.003107116
28,768,24,0.004494808,0.001391114,0.003103694
28,768,25,0.004878935,0.001584516,0.003294419
28,768,26,0.004532512,0.001323086,0.003209426
28,768,27,0.004923221,0.001609072,0.003314149
28,768,28,0.005009541,0.001594726,0.003414815
28,768,29,0.004676273,0.001088364,0.003587909
28,768,30,0.004505691,0.000946074,0.003559617
28,768,31,0.004639329,0.001005406,0.003633923
28,768,32,0.004651674,0.001076583,0.003575091
28,768,33,0.004630057,0.001065562,0.003564495
28,768,34,0.004334313,0.000810806,0.003523507
28,768,35,0.004600853,0.001043296,0.003557557
28,768,36,0.004739249,0.001119138,0.003620111
28,768,37,0.004623503,0.001000692,0.003622811
28,768,38,0.004701629,0.000991458,0.003710171
28,768,39,0.004715221,0.000990524,0.003724697
28,768,40,0.004534865,0.000872353,0.003662512
28,768,41,0.004566583,0.000831188,0.003735395
28,768,42,0.004895261,0.001133858,0.003761403
28,768,43,0.004561964,0.000895412,0.003666552
28,768,44,0.004744882,0.001035945,0.003708937
28,768,45,0.004487643,0.000741286,0.003746357
28,768,46,0.004676643,0.001030711,0.003645932
28,768,47,0.004631895,0.000910759,0.003721136
28,768,48,0.004523615,0.000873127,0.003650488
28,768,49,0.004690033,0.001125782,0.003564251
28,768,50,0.004719112,0.001033652,0.00368546
28,768,51,0.004635634,0.000978499,0.003657135
28,768,52,0.004695219,0.00113565,0.003559569
28,768,53,0.004759372,0.001139321,0.003620051
28,768,54,0.004546247,0.000892379,0.003653868
28,768,55,0.004696141,0.001125316,0.003570825
28,768,56,0.00478727,0.001107246,0.003680024
28,768,57,0.004632365,0.000922137,0.003710228
28,768,58,0.004663766,0.001049983,0.003613783
28,768,59,0.004698262,0.001098489,0.003599773
28,768,60,0.004670927,0.001021051,0.003649876
28,768,61,0.004836887,0.001139846,0.003697041
28,768,62,0.004613174,0.00101443,0.003598744
28,768,63,0.004747646,0.001122507,0.003625139
28,768,64,0.004678461,0.000975214,0.003703247
28,768,65,0.004698551,0.000968327,0.003730224
28,768,66,0.004573836,0.000837327,0.003736509
28,768,67,0.004718987,0.000954316,0.003764671
28,768,68,0.00464632,0.001075986,0.003570334
28,768,69,0.004580243,0.000964812,0.003615431
28,768,70,0.004559792,0.000914511,0.003645281
28,768,71,0.004674195,0.000955838,0.003718357
28,768,72,0.004653646,0.000986703,0.003666943
28,768,73,0.005911304,0.002188658,0.003722646
28,768,74,0.00524328,0.001720096,0.003523184
28,768,75,0.004987046,0.001421751,0.003565295
28,768,76,0.005713747,0.002241532,0.003472215
28,768,77,0.004966394,0.001410502,0.003555892
28,768,78,0.004367843,0.000807248,0.003560595
28,768,79,0.004635013,0.000947609,0.003687404
28,768,80,0.004380808,0.000777447,0.003603361
28,768,81,0.004343093,0.000691106,0.003651987
28,768,82,0.0042552,0.000645465,0.003609735
28,768,83,0.004756165,0.001219367,0.003536798
28,768,84,0.006121424,0.002512182,0.003609242
28,768,85,0.005011333,0.001436502,0.003574831
28,768,86,0.004280498,0.000867987,0.003412511
28,768,87,0.004745524,0.0012455,0.003500024
28,768,88,0.004427085,0.000978632,0.003448453
28,768,89,0.004592106,0.000981193,0.003610913
28,768,90,0.004408025,0.00087753,0.003530495
28,768,91,0.006316267,0.003005004,0.003311263
28,768,92,0.004760242,0.001337932,0.00342231
28,768,93,0.004749471,0.001129238,0.003620233
28,768,94,0.004372169,0.000786376,0.003585793
28,768,95,0.005935568,0.002384023,0.003551545
28,768,96,0.004539528,0.00110928,0.003430248
28,768,97,0.004396852,0.000981248,0.003415604
28,768,98,0.006790881,0.003484461,0.00330642
28,768,99,0.007437253,0.004230504,0.003206749
28,768,100,0.004300086,0.00103805,0.003262036
28,768,101,0.004387666,0.001057854,0.003329812
28,768,102,0.004831482,0.001515589,0.003315893
28,768,103,0.004563116,0.001299944,0.003263172
28,768,104,0.005599252,0.002371586,0.003227666
28,768,105,0.006832239,0.003608703,0.003223536
28,768,106,0.004365078,0.000934258,0.00343082
28,768,107,0.007101006,0.003953489,0.003147517
28,768,108,0.00425016,0.001100624,0.003149536
28,768,109,0.00435965,0.001200634,0.003159016
28,768,110,0.006368387,0.00334268,0.003025707
29,768,1,0.735848378,0.609249048,0.12659933
29,768,2,0.209625617,0.206599842,0.003025775
29,768,3,0.037781122,0.034764992,0.00301613
29,768,4,0.003706722,0.000555892,0.00315083
29,768,5,0.037779984,0.034632959,0.003147025
29,768,6,0.004001161,0.000876287,0.003124874
29,768,7,0.003601334,0.000477906,0.003123428
29,768,8,0.092237128,0.089197124,0.003040004
29,768,9,0.004307825,0.001114805,0.00319302
29,768,10,0.00384085,0.000705649,0.003135201
29,768,11,0.003813212,0.000658973,0.003154239
29,768,12,0.003800434,0.000611469,0.003188965
29,768,13,0.004311041,0.001081691,0.00322935
29,768,14,0.003941124,0.000782536,0.003158588
29,768,15,0.003958887,0.000812775,0.003146112
29,768,16,0.00407921,0.000947981,0.003131229
29,768,17,0.004074717,0.000998761,0.003075956
29,768,18,0.004204792,0.000886206,0.003318586
29,768,19,0.003703227,0.000561279,0.003141948
29,768,20,0.003742755,0.000613434,0.003129321
29,768,21,0.003725607,0.000565125,0.003160482
29,768,22,0.004119016,0.00103477,0.003084246
29,768,23,0.004478034,0.001374049,0.003103985
29,768,24,0.004843217,0.001737644,0.003105573
29,768,25,0.004388634,0.001211024,0.00317761
29,768,26,0.004972686,0.001727625,0.003245061
29,768,27,0.004782747,0.001453219,0.003329528
29,768,28,0.004869279,0.001438396,0.003430883
29,768,29,0.004759536,0.001204502,0.003555034
29,768,30,0.004759496,0.001091134,0.003668362
29,768,31,0.004497447,0.000782241,0.003715206
29,768,32,0.004654649,0.000948428,0.003706221
29,768,33,0.004540532,0.000887485,0.003653047
29,768,34,0.004521362,0.000833907,0.003687455
29,768,35,0.004444917,0.000823931,0.003620986
29,768,36,0.004840803,0.001144547,0.003696256
29,768,37,0.004621121,0.00084658,0.003774541
29,768,38,0.00453773,0.000805052,0.003732678
29,768,39,0.004774517,0.000924963,0.003849554
29,768,40,0.004771318,0.000938266,0.003833052
29,768,41,0.004593003,0.000619289,0.003973714
29,768,42,0.004508965,0.000595723,0.003913242
29,768,43,0.004544567,0.000653516,0.003891051
29,768,44,0.004387114,0.0006216,0.003765514
29,768,45,0.004591749,0.00079431,0.003797439
29,768,46,0.004424652,0.000645528,0.003779124
29,768,47,0.004932507,0.001050231,0.003882276
29,768,48,0.004466356,0.000653377,0.003812979
29,768,49,0.004561083,0.000839104,0.003721979
29,768,50,0.004678016,0.000924399,0.003753617
29,768,51,0.004535346,0.000811434,0.003723912
29,768,52,0.004539201,0.00075302,0.003786181
29,768,53,0.004687493,0.000987672,0.003699821
29,768,54,0.004685892,0.00093611,0.003749782
29,768,55,0.004540617,0.00083019,0.003710427
29,768,56,0.004837353,0.001066245,0.003771108
29,768,57,0.004628134,0.000957652,0.003670482
29,768,58,0.004626055,0.000903878,0.003722177
29,768,59,0.004568283,0.000842804,0.003725479
29,768,60,0.004702213,0.001014496,0.003687717
29,768,61,0.004681599,0.001030969,0.00365063
29,768,62,0.004618143,0.000974589,0.003643554
29,768,63,0.004799665,0.001155476,0.003644189
29,768,64,0.004676585,0.000988163,0.003688422
29,768,65,0.004751893,0.000982843,0.00376905
29,768,66,0.004625615,0.000887416,0.003738199
29,768,67,0.004611388,0.000877868,0.00373352
29,768,68,0.004639728,0.00087999,0.003759738
29,768,69,0.004832395,0.001167012,0.003665383
29,768,70,0.004681954,0.000926023,0.003755931
29,768,71,0.005308293,0.001477217,0.003831076
29,768,72,0.006401407,0.002646438,0.003754969
29,768,73,0.004496973,0.00083176,0.003665213
29,768,74,0.005103716,0.001506583,0.003597133
29,768,75,0.004788748,0.001186396,0.003602352
29,768,76,0.004599428,0.000929641,0.003669787
29,768,77,0.005286446,0.00161923,0.003667216
29,768,78,0.004826237,0.001179316,0.003646921
29,768,79,0.004693551,0.000972457,0.003721094
29,768,80,0.004410175,0.000745643,0.003664532
29,768,81,0.004463359,0.000709075,0.003754284
29,768,82,0.004988258,0.001358448,0.00362981
29,768,83,0.005978269,0.002394307,0.003583962
29,768,84,0.005130334,0.001388851,0.003741483
29,768,85,0.004283083,0.000661006,0.003622077
29,768,86,0.004384263,0.000915249,0.003469014
29,768,87,0.004494885,0.001072079,0.003422806
29,768,88,0.004659822,0.001141944,0.003517878
29,768,89,0.004515931,0.000984777,0.003531154
29,768,90,0.006174314,0.002878957,0.003295357
29,768,91,0.004767102,0.001444531,0.003322571
29,768,92,0.004545635,0.001209312,0.003336323
29,768,93,0.004878607,0.001253454,0.003625153
29,768,94,0.005903524,0.002427238,0.003476286
29,768,95,0.004429184,0.000842715,0.003586469
29,768,96,0.004529247,0.001102346,0.003426901
29,768,97,0.00672502,0.003369006,0.003356014
29,768,98,0.005005311,0.001684887,0.003320424
29,768,99,0.004400638,0.001089299,0.003311339
29,768,100,0.005930647,0.002748252,0.003182395
29,768,101,0.004545207,0.00126744,0.003277767
29,768,102,0.005084867,0.001740225,0.003344642
29,768,103,0.006551126,0.003269532,0.003281594
29,768,104,0.004788452,0.00147516,0.003313292
29,768,105,0.004091051,0.000728569,0.003362482
29,768,106,0.005540871,0.002114498,0.003426373
29,768,107,0.004367754,0.000939165,0.003428589
29,768,108,0.006980248,0.003817059,0.003163189
29,768,109,0.004359797,0.001331127,0.00302867
29,768,110,0.006417488,0.003397676,0.003019812
30,768,1,0.751546817,0.625512799,0.126034018
30,768,2,0.21021872,0.207200369,0.003018351
30,768,3,0.003600807,0.00050567,0.003095137
30,768,4,0.037226169,0.034193162,0.003033007
30,768,5,0.004257556,0.001119254,0.003138302
30,768,6,0.00356817,0.000446691,0.003121479
30,768,7,0.003474438,0.000343058,0.00313138
30,768,8,0.003509079,0.000402011,0.003107068
30,768,9,0.092191667,0.089137309,0.003054358
30,768,10,0.00422632,0.001149851,0.003076469
30,768,11,0.004109121,0.000930743,0.003178378
30,768,12,0.003892727,0.000700118,0.003192609
30,768,13,0.004300179,0.001056663,0.003243516
30,768,14,0.003964091,0.000761327,0.003202764
30,768,15,0.004027639,0.000854894,0.003172745
30,768,16,0.003961624,0.00081415,0.003147474
30,768,17,0.004115894,0.000957773,0.003158121
30,768,18,0.003893813,0.000751038,0.003142775
30,768,19,0.003854667,0.000689642,0.003165025
30,768,20,0.003799465,0.000636697,0.003162768
30,768,21,0.003974686,0.00080059,0.003174096
30,768,22,0.004076275,0.000903693,0.003172582
30,768,23,0.004500436,0.0013843,0.003116136
30,768,24,0.004454106,0.001234845,0.003219261
30,768,25,0.004635575,0.001441376,0.003194199
30,768,26,0.004680096,0.001431904,0.003248192
30,768,27,0.004937946,0.001621956,0.00331599
30,768,28,0.005114678,0.001664597,0.003450081
30,768,29,0.004487929,0.000956979,0.00353095
30,768,30,0.004775244,0.001158579,0.003616665
30,768,31,0.004520225,0.000842585,0.00367764
30,768,32,0.004662136,0.00105488,0.003607256
30,768,33,0.004517275,0.000864688,0.003652587
30,768,34,0.004542306,0.000973579,0.003568727
30,768,35,0.004573042,0.000970856,0.003602186
30,768,36,0.004547755,0.000912382,0.003635373
30,768,37,0.004676438,0.001046964,0.003629474
30,768,38,0.004855726,0.001116632,0.003739094
30,768,39,0.004553642,0.00080427,0.003749372
30,768,40,0.004653466,0.000952203,0.003701263
30,768,41,0.004751396,0.00097006,0.003781336
30,768,42,0.004327217,0.000663265,0.003663952
30,768,43,0.004628306,0.000906523,0.003721783
30,768,44,0.004793635,0.001072791,0.003720844
30,768,45,0.00464602,0.000923645,0.003722375
30,768,46,0.004599057,0.000873145,0.003725912
30,768,47,0.004604392,0.000802695,0.003801697
30,768,48,0.004618107,0.000883225,0.003734882
30,768,49,0.004405157,0.000636167,0.00376899
30,768,50,0.004565435,0.000891214,0.003674221
30,768,51,0.004632036,0.000945601,0.003686435
30,768,52,0.004428838,0.000756752,0.003672086
30,768,53,0.00456038,0.00086481,0.00369557
30,768,54,0.004627813,0.000842653,0.00378516
30,768,55,0.004578823,0.000921464,0.003657359
30,768,56,0.004639844,0.000866728,0.003773116
30,768,57,0.004687768,0.000990432,0.003697336
30,768,58,0.004740153,0.001032699,0.003707454
30,768,59,0.004530104,0.000847631,0.003682473
30,768,60,0.004500982,0.000803105,0.003697877
30,768,61,0.004704027,0.001083304,0.003620723
30,768,62,0.004725336,0.001024798,0.003700538
30,768,63,0.004579843,0.000929492,0.003650351
30,768,64,0.004855552,0.001133317,0.003722235
30,768,65,0.004635514,0.000943186,0.003692328
30,768,66,0.004869562,0.000994885,0.003874677
30,768,67,0.004442379,0.000783249,0.00365913
30,768,68,0.004678871,0.000929547,0.003749324
30,768,69,0.004570704,0.000878948,0.003691756
30,768,70,0.005146164,0.001380364,0.0037658
30,768,71,0.004725419,0.000933995,0.003791424
30,768,72,0.0049988,0.001269272,0.003729528
30,768,73,0.006234967,0.002561286,0.003673681
30,768,74,0.005322063,0.001701654,0.003620409
30,768,75,0.005041294,0.001424319,0.003616975
30,768,76,0.004518285,0.000808003,0.003710282
30,768,77,0.00437005,0.000758184,0.003611866
30,768,78,0.004917121,0.001360906,0.003556215
30,768,79,0.005055125,0.001470297,0.003584828
30,768,80,0.004927918,0.0011996,0.003728318
30,768,81,0.005334809,0.001761732,0.003573077
30,768,82,0.005948385,0.002478136,0.003470249
30,768,83,0.004728892,0.00122904,0.003499852
30,768,84,0.004537605,0.000848304,0.003689301
30,768,85,0.004233646,0.00069512,0.003538526
30,768,86,0.004449423,0.001003316,0.003446107
30,768,87,0.004650358,0.001159511,0.003490847
30,768,88,0.004650894,0.001161007,0.003489887
30,768,89,0.006620575,0.003254799,0.003365776
30,768,90,0.004698593,0.001320732,0.003377861
30,768,91,0.004465406,0.001125782,0.003339624
30,768,92,0.004441707,0.001138396,0.003303311
30,768,93,0.004762905,0.001138298,0.003624607
30,768,94,0.004288817,0.000698374,0.003590443
30,768,95,0.005548695,0.001938886,0.003609809
30,768,96,0.007534371,0.004275018,0.003259353
30,768,97,0.004516566,0.001257248,0.003259318
30,768,98,0.00466217,0.001370782,0.003291388
30,768,99,0.004390579,0.001091556,0.003299023
30,768,100,0.00410659,0.000778076,0.003328514
30,768,101,0.005818095,0.002537909,0.003280186
30,768,102,0.005265868,0.001951279,0.003314589
30,768,103,0.004219671,0.000922606,0.003297065
30,768,104,0.006261607,0.003006749,0.003254858
30,768,105,0.004784475,0.001527968,0.003256507
30,768,106,0.00426612,0.000868968,0.003397152
30,768,107,0.007465779,0.004274515,0.003191264
30,768,108,0.004953076,0.001759026,0.00319405
30,768,109,0.004619934,0.001493323,0.003126611
30,768,110,0.006265634,0.003252193,0.003013441
31,768,1,0.665421859,0.498921474,0.166500385
31,768,2,0.14413078,0.141115605,0.003015175
31,768,3,0.173684537,0.170665087,0.00301945
31,768,4,0.003745455,0.000612009,0.003133446
31,768,5,0.03755288,0.034436303,0.003116577
31,768,6,0.003955349,0.000831908,0.003123441
31,768,7,0.003568477,0.000419144,0.003149333
31,768,8,0.00343488,0.000330085,0.003104795
31,768,9,0.00353025,0.000398807,0.003131443
31,768,10,0.092174,0.089106494,0.003067506
31,768,11,0.004393012,0.001306679,0.003086333
31,768,12,0.004328956,0.001214934,0.003114022
31,768,13,0.004217787,0.000939938,0.003277849
31,768,14,0.003919912,0.000686945,0.003232967
31,768,15,0.004000639,0.000809952,0.003190687
31,768,16,0.004098122,0.00093067,0.003167452
31,768,17,0.003952895,0.000781365,0.00317153
31,768,18,0.003973776,0.000786681,0.003187095
31,768,19,0.003775438,0.000595532,0.003179906
31,768,20,0.003879485,0.000668741,0.003210744
31,768,21,0.003903509,0.000768711,0.003134798
31,768,22,0.00423252,0.001038741,0.003193779
31,768,23,0.00442368,0.001308587,0.003115093
31,768,24,0.004533716,0.001293457,0.003240259
31,768,25,0.004347948,0.001205972,0.003141976
31,768,26,0.004895529,0.001567727,0.003327802
31,768,27,0.004868624,0.001471631,0.003396993
31,768,28,0.004905887,0.001471252,0.003434635
31,768,29,0.004650939,0.001139757,0.003511182
31,768,30,0.004554198,0.00097913,0.003575068
31,768,31,0.004573344,0.001053158,0.003520186
31,768,32,0.004707812,0.001163219,0.003544593
31,768,33,0.004619324,0.001070251,0.003549073
31,768,34,0.004584372,0.001011436,0.003572936
31,768,35,0.004392043,0.000850955,0.003541088
31,768,36,0.004823749,0.001225839,0.00359791
31,768,37,0.00438855,0.000724575,0.003663975
31,768,38,0.004895084,0.001226312,0.003668772
31,768,39,0.004529764,0.000888374,0.00364139
31,768,40,0.004604426,0.000888742,0.003715684
31,768,41,0.004743514,0.001018777,0.003724737
31,768,42,0.004613548,0.00097214,0.003641408
31,768,43,0.004647821,0.000894263,0.003753558
31,768,44,0.004731734,0.001087185,0.003644549
31,768,45,0.004645672,0.000905451,0.003740221
31,768,46,0.004475448,0.000723137,0.003752311
31,768,47,0.004635795,0.000924721,0.003711074
31,768,48,0.004577113,0.000831964,0.003745149
31,768,49,0.004508802,0.000838798,0.003670004
31,768,50,0.004524265,0.000813074,0.003711191
31,768,51,0.004666719,0.000943708,0.003723011
31,768,52,0.004528146,0.000876812,0.003651334
31,768,53,0.004496319,0.000801532,0.003694787
31,768,54,0.004591034,0.000869204,0.00372183
31,768,55,0.004614607,0.000896738,0.003717869
31,768,56,0.004610385,0.000890353,0.003720032
31,768,57,0.004517639,0.000838714,0.003678925
31,768,58,0.00456291,0.000995093,0.003567817
31,768,59,0.004797718,0.001167286,0.003630432
31,768,60,0.004609521,0.00094658,0.003662941
31,768,61,0.004384585,0.000782098,0.003602487
31,768,62,0.004765539,0.001126251,0.003639288
31,768,63,0.004637744,0.001043588,0.003594156
31,768,64,0.004678777,0.000978835,0.003699942
31,768,65,0.004800579,0.001217858,0.003582721
31,768,66,0.004816954,0.001087479,0.003729475
31,768,67,0.00474979,0.001094337,0.003655453
31,768,68,0.004389373,0.000747776,0.003641597
31,768,69,0.005873094,0.002245895,0.003627199
31,768,70,0.004778123,0.001196123,0.003582
31,768,71,0.004739251,0.000886568,0.003852683
31,768,72,0.0042083,0.000519446,0.003688854
31,768,73,0.004569284,0.000829059,0.003740225
31,768,74,0.005845945,0.002299772,0.003546173
31,768,75,0.005354694,0.001869949,0.003484745
31,768,76,0.005245925,0.001737785,0.00350814
31,768,77,0.004469068,0.000926858,0.00354221
31,768,78,0.004387937,0.000833225,0.003554712
31,768,79,0.004955827,0.001458675,0.003497152
31,768,80,0.005177622,0.001563816,0.003613806
31,768,81,0.004787731,0.001134241,0.00365349
31,768,82,0.005338611,0.001842147,0.003496464
31,768,83,0.006078573,0.002516514,0.003562059
31,768,84,0.004826974,0.001249339,0.003577635
31,768,85,0.004459064,0.000844388,0.003614676
31,768,86,0.004228277,0.000834234,0.003394043
31,768,87,0.00492181,0.001415905,0.003505905
31,768,88,0.007522156,0.003994126,0.00352803
31,768,89,0.004613546,0.001088492,0.003525054
31,768,90,0.004287675,0.000848826,0.003438849
31,768,91,0.00427963,0.00102197,0.00325766
31,768,92,0.004429671,0.001170541,0.00325913
31,768,93,0.00458682,0.00113041,0.00345641
31,768,94,0.004375219,0.000846773,0.003528446
31,768,95,0.004197864,0.000670162,0.003527702
31,768,96,0.004912847,0.001550261,0.003362586
31,768,97,0.007913059,0.004597824,0.003315235
31,768,98,0.004744523,0.001432734,0.003311789
31,768,99,0.004602586,0.001193142,0.003409444
31,768,100,0.004046226,0.000675675,0.003370551
31,768,101,0.004244725,0.000771878,0.003472847
31,768,102,0.006232713,0.002958411,0.003274302
31,768,103,0.004618287,0.001458281,0.003160006
31,768,104,0.004069649,0.000847695,0.003221954
31,768,105,0.006147016,0.003021303,0.003125713
31,768,106,0.004997055,0.001774162,0.003222893
31,768,107,0.004165007,0.00090171,0.003263297
31,768,108,0.007725109,0.004465948,0.003259161
31,768,109,0.008401239,0.005380098,0.003021141
31,768,110,0.004282853,0.001270676,0.003012177
32,768,1,0.658219211,0.532309952,0.125909259
32,768,2,0.151567844,0.148553908,0.003013936
32,768,3,0.187692789,0.184663325,0.003029464
32,768,4,0.003916041,0.000777087,0.003138954
32,768,5,0.003771498,0.000596798,0.0031747
32,768,6,0.00361272,0.000454174,0.003158546
32,768,7,0.003493185,0.000381264,0.003111921
32,768,8,0.003576575,0.000448376,0.003128199
32,768,9,0.003423548,0.000331279,0.003092269
32,768,10,0.003540629,0.000417815,0.003122814
32,768,11,0.003409345,0.000319343,0.003090002
32,768,12,0.003622622,0.000507922,0.0031147
32,768,13,0.023962227,0.02092125,0.003040977
32,768,14,0.004506403,0.001473503,0.0030329
32,768,15,0.004373531,0.001229757,0.003143774
32,768,16,0.014615411,0.011527718,0.003087693
32,768,17,0.004610631,0.001427164,0.003183467
32,768,18,0.005924627,0.002891629,0.003032998
32,768,19,0.003844644,0.000677992,0.003166652
32,768,20,0.011669928,0.008623068,0.00304686
32,768,21,0.004743233,0.001679924,0.003063309
32,768,22,0.004929702,0.001850229,0.003079473
32,768,23,0.004913066,0.00179335,0.003119716
32,768,24,0.004798193,0.001643274,0.003154919
32,768,25,0.004274209,0.00116692,0.003107289
32,768,26,0.004073765,0.000905233,0.003168532
32,768,27,0.003999798,0.000855268,0.00314453
32,768,28,0.004364087,0.001285659,0.003078428
32,768,29,0.00415151,0.001071889,0.003079621
32,768,30,0.003968407,0.000780594,0.003187813
32,768,31,0.017367104,0.014286948,0.003080156
32,768,32,0.022897386,0.019486896,0.00341049
32,768,33,0.006598963,0.003228588,0.003370375
32,768,34,0.005949534,0.002372662,0.003576872
32,768,35,0.005524051,0.001911995,0.003612056
32,768,36,0.00522189,0.001649629,0.003572261
32,768,37,0.005224862,0.001717335,0.003507527
32,768,38,0.005350671,0.001895187,0.003455484
32,768,39,0.005491618,0.001898554,0.003593064
32,768,40,0.005497956,0.001859522,0.003638434
32,768,41,0.004983132,0.001293285,0.003689847
32,768,42,0.005187088,0.001307117,0.003879971
32,768,43,0.004722549,0.000925686,0.003796863
32,768,44,0.004924347,0.001064988,0.003859359
32,768,45,0.004579639,0.000707734,0.003871905
32,768,46,0.004761681,0.000898894,0.003862787
32,768,47,0.004675402,0.00086284,0.003812562
32,768,48,0.004724747,0.000821666,0.003903081
32,768,49,0.004737806,0.000947811,0.003789995
32,768,50,0.004761918,0.000973255,0.003788663
32,768,51,0.004550713,0.000734871,0.003815842
32,768,52,0.004863632,0.001092523,0.003771109
32,768,53,0.004895686,0.001073194,0.003822492
32,768,54,0.004807051,0.000951921,0.00385513
32,768,55,0.004448153,0.00069747,0.003750683
32,768,56,0.004733259,0.000973176,0.003760083
32,768,57,0.004633117,0.000854538,0.003778579
32,768,58,0.004802698,0.001082193,0.003720505
32,768,59,0.004602378,0.000912606,0.003689772
32,768,60,0.004758904,0.001033357,0.003725547
32,768,61,0.004550719,0.000882908,0.003667811
32,768,62,0.004711309,0.000983099,0.00372821
32,768,63,0.00471236,0.000936539,0.003775821
32,768,64,0.00483493,0.001099216,0.003735714
32,768,65,0.004540822,0.000806452,0.00373437
32,768,66,0.004712429,0.000908703,0.003803726
32,768,67,0.004662013,0.000871984,0.003790029
32,768,68,0.004748558,0.001111923,0.003636635
32,768,69,0.004661073,0.001009063,0.00365201
32,768,70,0.004626958,0.00097518,0.003651778
32,768,71,0.004944262,0.001317834,0.003626428
32,768,72,0.004753391,0.0010669,0.003686491
32,768,73,0.004690505,0.000902062,0.003788443
32,768,74,0.004538998,0.000866701,0.003672297
32,768,75,0.004532845,0.000815093,0.003717752
32,768,76,0.004649127,0.000947418,0.003701709
32,768,77,0.004511748,0.000884141,0.003627607
32,768,78,0.004575202,0.001007768,0.003567434
32,768,79,0.004627071,0.001001145,0.003625926
32,768,80,0.004446517,0.000911359,0.003535158
32,768,81,0.004495865,0.000895516,0.003600349
32,768,82,0.004855291,0.001209038,0.003646253
32,768,83,0.0046026,0.000911779,0.003690821
32,768,84,0.004543118,0.000791712,0.003751406
32,768,85,0.004436261,0.000774269,0.003661992
32,768,86,0.004672372,0.000856056,0.003816316
32,768,87,0.004589039,0.000973406,0.003615633
32,768,88,0.005609592,0.002193987,0.003415605
32,768,89,0.005044548,0.001564848,0.0034797
32,768,90,0.004962891,0.001436235,0.003526656
32,768,91,0.004722949,0.001098184,0.003624765
32,768,92,0.00459057,0.001017016,0.003573554
32,768,93,0.004214389,0.000767864,0.003446525
32,768,94,0.004392227,0.001037154,0.003355073
32,768,95,0.004251834,0.000906188,0.003345646
32,768,96,0.00463248,0.001124952,0.003507528
32,768,97,0.004797999,0.001218455,0.003579544
32,768,98,0.004955793,0.001326902,0.003628891
32,768,99,0.005011502,0.001505521,0.003505981
32,768,100,0.004425447,0.00104819,0.003377257
32,768,101,0.006970418,0.003648528,0.00332189
32,768,102,0.004527904,0.001108393,0.003419511
32,768,103,0.008372694,0.005009162,0.003363532
32,768,104,0.004284374,0.000884109,0.003400265
32,768,105,0.004248344,0.000885457,0.003362887
32,768,106,0.004270111,0.000914173,0.003355938
32,768,107,0.004005675,0.000718961,0.003286714
32,768,108,0.005619288,0.002353349,0.003265939
32,768,109,0.010755482,0.007479772,0.00327571
32,768,110,0.006248882,0.003084453,0.003164429
33,768,1,0.751075575,0.628104181,0.122971394
33,768,2,0.226001381,0.222973401,0.00302798
33,768,3,0.003672278,0.000543619,0.003128659
33,768,4,0.003817467,0.00062583,0.003191637
33,768,5,0.00373232,0.000579171,0.003153149
33,768,6,0.003557783,0.000411667,0.003146116
33,768,7,0.003561572,0.000386079,0.003175493
33,768,8,0.003486653,0.000369477,0.003117176
33,768,9,0.003516796,0.000362549,0.003154247
33,768,10,0.00346747,0.000362483,0.003104987
33,768,11,0.003603531,0.000463874,0.003139657
33,768,12,0.023861361,0.020834474,0.003026887
33,768,13,0.00434804,0.001316194,0.003031846
33,768,14,0.004345986,0.001239983,0.003106003
33,768,15,0.01491355,0.011835449,0.003078101
33,768,16,0.004530385,0.001441877,0.003088508
33,768,17,0.005883771,0.00280854,0.003075231
33,768,18,0.00369829,0.000578904,0.003119386
33,768,19,0.011861258,0.008826807,0.003034451
33,768,20,0.004272293,0.001242133,0.00303016
33,768,21,0.004486659,0.001315814,0.003170845
33,768,22,0.004885123,0.001786985,0.003098138
33,768,23,0.004583979,0.001462725,0.003121254
33,768,24,0.004670481,0.001491274,0.003179207
33,768,25,0.004174563,0.001002935,0.003171628
33,768,26,0.004182354,0.001046106,0.003136248
33,768,27,0.004152213,0.001089711,0.003062502
33,768,28,0.004225529,0.001148309,0.00307722
33,768,29,0.004013948,0.000834218,0.00317973
33,768,30,0.016311138,0.013236139,0.003074999
33,768,31,0.024025087,0.020795856,0.003229231
33,768,32,0.006646493,0.003265457,0.003381036
33,768,33,0.005830325,0.002241739,0.003588586
33,768,34,0.005570741,0.002080331,0.00349041
33,768,35,0.00513675,0.001697736,0.003439014
33,768,36,0.005206771,0.001708674,0.003498097
33,768,37,0.005431993,0.001938683,0.00349331
33,768,38,0.005374536,0.001807539,0.003566997
33,768,39,0.005197861,0.001598567,0.003599294
33,768,40,0.005074128,0.001400364,0.003673764
33,768,41,0.005157131,0.001566517,0.003590614
33,768,42,0.004903643,0.001185974,0.003717669
33,768,43,0.004839626,0.001141888,0.003697738
33,768,44,0.004497381,0.000667298,0.003830083
33,768,45,0.004792248,0.001063543,0.003728705
33,768,46,0.004690346,0.000953784,0.003736562
33,768,47,0.004534901,0.000738219,0.003796682
33,768,48,0.004832675,0.001075488,0.003757187
33,768,49,0.004676543,0.000935553,0.00374099
33,768,50,0.004781711,0.000993931,0.00378778
33,768,51,0.004871738,0.001119801,0.003751937
33,768,52,0.004890889,0.001247749,0.00364314
33,768,53,0.0047555,0.001033171,0.003722329
33,768,54,0.00458098,0.00090314,0.00367784
33,768,55,0.004634826,0.000930636,0.00370419
33,768,56,0.004554252,0.000877268,0.003676984
33,768,57,0.004973291,0.00126296,0.003710331
33,768,58,0.004622451,0.000961581,0.00366087
33,768,59,0.004637771,0.000974294,0.003663477
33,768,60,0.004611265,0.001005441,0.003605824
33,768,61,0.004806785,0.001140994,0.003665791
33,768,62,0.004697244,0.001043049,0.003654195
33,768,63,0.004738073,0.00103066,0.003707413
33,768,64,0.004474947,0.000858978,0.003615969
33,768,65,0.00466665,0.001008131,0.003658519
33,768,66,0.004630098,0.001004793,0.003625305
33,768,67,0.004960536,0.001331681,0.003628855
33,768,68,0.004599144,0.000935291,0.003663853
33,768,69,0.004733411,0.001043805,0.003689606
33,768,70,0.004911359,0.001285354,0.003626005
33,768,71,0.004544179,0.000953455,0.003590724
33,768,72,0.004657574,0.00093594,0.003721634
33,768,73,0.004663248,0.000934525,0.003728723
33,768,74,0.004491399,0.000850792,0.003640607
33,768,75,0.004584336,0.000861543,0.003722793
33,768,76,0.00460116,0.000896717,0.003704443
33,768,77,0.004563362,0.000858139,0.003705223
33,768,78,0.004479218,0.000801636,0.003677582
33,768,79,0.004621926,0.000995565,0.003626361
33,768,80,0.004576128,0.000859041,0.003717087
33,768,81,0.004648951,0.000945783,0.003703168
33,768,82,0.004689449,0.00091885,0.003770599
33,768,83,0.004465038,0.000739678,0.00372536
33,768,84,0.004542074,0.000817051,0.003725023
33,768,85,0.00438566,0.0007604,0.00362526
33,768,86,0.004714489,0.001050942,0.003663547
33,768,87,0.00454222,0.000864036,0.003678184
33,768,88,0.004481196,0.000965368,0.003515828
33,768,89,0.005541078,0.00208866,0.003452418
33,768,90,0.005139624,0.001513463,0.003626161
33,768,91,0.004675765,0.001024289,0.003651476
33,768,92,0.004906529,0.001248938,0.003657591
33,768,93,0.004123486,0.000695314,0.003428172
33,768,94,0.004636559,0.001201395,0.003435164
33,768,95,0.004400732,0.001076698,0.003324034
33,768,96,0.005068986,0.001562458,0.003506528
33,768,97,0.004694152,0.001134348,0.003559804
33,768,98,0.00522398,0.001691046,0.003532934
33,768,99,0.004330858,0.000941461,0.003389397
33,768,100,0.006805822,0.003549014,0.003256808
33,768,101,0.004798136,0.00142897,0.003369166
33,768,102,0.008350026,0.005124397,0.003225629
33,768,103,0.004385352,0.000979237,0.003406115
33,768,104,0.004117648,0.000802524,0.003315124
33,768,105,0.004115324,0.000785671,0.003329653
33,768,106,0.004212511,0.00084384,0.003368671
33,768,107,0.005734832,0.002461443,0.003273389
33,768,108,0.009418901,0.006015609,0.003403292
33,768,109,0.006661104,0.003482494,0.00317861
33,768,110,0.006030925,0.002970606,0.003060319
34,768,1,0.751968298,0.628623427,0.123344871
34,768,2,0.221460324,0.218439516,0.003020808
34,768,3,0.025540143,0.022513843,0.0030263
34,768,4,0.003999499,0.000868293,0.003131206
34,768,5,0.003899289,0.000741793,0.003157496
34,768,6,0.003560522,0.000415897,0.003144625
34,768,7,0.003478643,0.00037659,0.003102053
34,768,8,0.003566517,0.000452853,0.003113664
34,768,9,0.00378421,0.000649595,0.003134615
34,768,10,0.003604025,0.000512859,0.003091166
34,768,11,0.023987891,0.020952702,0.003035189
34,768,12,0.004365005,0.001194746,0.003170259
34,768,13,0.0040262,0.000879378,0.003146822
34,768,14,0.015212877,0.012182884,0.003029993
34,768,15,0.004514118,0.001454168,0.00305995
34,768,16,0.005642713,0.002564678,0.003078035
34,768,17,0.003742146,0.000571917,0.003170229
34,768,18,0.012051961,0.009026643,0.003025318
34,768,19,0.004178924,0.001151024,0.0030279
34,768,20,0.004237115,0.001124117,0.003112998
34,768,21,0.004254443,0.001037392,0.003217051
34,768,22,0.004238039,0.001140599,0.00309744
34,768,23,0.004637615,0.001515251,0.003122364
34,768,24,0.004613664,0.001465284,0.00314838
34,768,25,0.004288849,0.001119389,0.00316946
34,768,26,0.004028605,0.000883259,0.003145346
34,768,27,0.004152581,0.000972632,0.003179949
34,768,28,0.00413501,0.001046151,0.003088859
34,768,29,0.015875726,0.012820354,0.003055372
34,768,30,0.02485127,0.021693783,0.003157487
34,768,31,0.00659824,0.003154283,0.003443957
34,768,32,0.005676259,0.002303633,0.003372626
34,768,33,0.005749438,0.002320943,0.003428495
34,768,34,0.005190659,0.001784306,0.003406353
34,768,35,0.005159922,0.001742596,0.003417326
34,768,36,0.005220775,0.001789701,0.003431074
34,768,37,0.005114106,0.001653897,0.003460209
34,768,38,0.00533092,0.001825089,0.003505831
34,768,39,0.004963651,0.001461056,0.003502595
34,768,40,0.005067538,0.001422393,0.003645145
34,768,41,0.005039713,0.001333353,0.00370636
34,768,42,0.004676974,0.00092739,0.003749584
34,768,43,0.004659446,0.000945301,0.003714145
34,768,44,0.004684708,0.000993804,0.003690904
34,768,45,0.004700049,0.000976202,0.003723847
34,768,46,0.004602577,0.000916528,0.003686049
34,768,47,0.004995872,0.00124228,0.003753592
34,768,48,0.004418218,0.000775475,0.003642743
34,768,49,0.00495039,0.00119002,0.00376037
34,768,50,0.004778968,0.001131724,0.003647244
34,768,51,0.005189533,0.001471003,0.00371853
34,768,52,0.004482978,0.000861061,0.003621917
34,768,53,0.004691884,0.001000023,0.003691861
34,768,54,0.004632749,0.000900394,0.003732355
34,768,55,0.004643918,0.000946737,0.003697181
34,768,56,0.004487013,0.000930753,0.00355626
34,768,57,0.005026285,0.001274862,0.003751423
34,768,58,0.004568872,0.000911459,0.003657413
34,768,59,0.004701585,0.001067048,0.003634537
34,768,60,0.004627494,0.001010664,0.00361683
34,768,61,0.004903152,0.00120355,0.003699602
34,768,62,0.004580531,0.000915381,0.00366515
34,768,63,0.00462084,0.000960801,0.003660039
34,768,64,0.004548087,0.00094073,0.003607357
34,768,65,0.004801388,0.001096404,0.003704984
34,768,66,0.004795817,0.001148929,0.003646888
34,768,67,0.004753193,0.000945647,0.003807546
34,768,68,0.004622242,0.000994759,0.003627483
34,768,69,0.005003199,0.001284454,0.003718745
34,768,70,0.004438002,0.000857107,0.003580895
34,768,71,0.004612861,0.000967302,0.003645559
34,768,72,0.004654239,0.000988296,0.003665943
34,768,73,0.004670467,0.000870434,0.003800033
34,768,74,0.004344877,0.000711234,0.003633643
34,768,75,0.004448443,0.000803499,0.003644944
34,768,76,0.004715257,0.001090497,0.00362476
34,768,77,0.004563614,0.000828803,0.003734811
34,768,78,0.004535813,0.000942358,0.003593455
34,768,79,0.004513906,0.000880723,0.003633183
34,768,80,0.004557875,0.000949165,0.00360871
34,768,81,0.004696797,0.000936011,0.003760786
34,768,82,0.004590121,0.000911205,0.003678916
34,768,83,0.004522711,0.000780001,0.00374271
34,768,84,0.004383179,0.000792356,0.003590823
34,768,85,0.004727401,0.001122546,0.003604855
34,768,86,0.00445026,0.000884813,0.003565447
34,768,87,0.004760034,0.001140779,0.003619255
34,768,88,0.00474284,0.001301916,0.003440924
34,768,89,0.005596689,0.002147841,0.003448848
34,768,90,0.004662995,0.001135004,0.003527991
34,768,91,0.004870446,0.001250987,0.003619459
34,768,92,0.004612036,0.001042066,0.00356997
34,768,93,0.004319598,0.0009489,0.003370698
34,768,94,0.004548717,0.001186904,0.003361813
34,768,95,0.004978806,0.001562835,0.003415971
34,768,96,0.004913645,0.001351617,0.003562028
34,768,97,0.005365058,0.001841695,0.003523363
34,768,98,0.004306523,0.000829147,0.003477376
34,768,99,0.006953514,0.003631116,0.003322398
34,768,100,0.004403017,0.001102052,0.003300965
34,768,101,0.00628214,0.002922315,0.003359825
34,768,102,0.004625569,0.001302712,0.003322857
34,768,103,0.005502629,0.002176856,0.003325773
34,768,104,0.00421939,0.00088486,0.00333453
34,768,105,0.004243064,0.000895984,0.00334708
34,768,106,0.006337411,0.003185291,0.00315212
34,768,107,0.009317639,0.00607671,0.003240929
34,768,108,0.004137588,0.000686864,0.003450724
34,768,109,0.008985118,0.005738709,0.003246409
34,768,110,0.004608477,0.001474637,0.00313384
35,768,1,0.758778997,0.634493865,0.124285132
35,768,2,0.153055932,0.150028042,0.00302789
35,768,3,0.048774152,0.045741638,0.003032514
35,768,4,0.021368981,0.018325086,0.003043895
35,768,5,0.004258009,0.001048917,0.003209092
35,768,6,0.003648713,0.000473963,0.00317475
35,768,7,0.003859371,0.000678211,0.00318116
35,768,8,0.00398623,0.000813392,0.003172838
35,768,9,0.003598442,0.000498946,0.003099496
35,768,10,0.024040429,0.0210063,0.003034129
35,768,11,0.004067304,0.00104318,0.003024124
35,768,12,0.004168283,0.001053691,0.003114592
35,768,13,0.015339232,0.012290952,0.00304828
35,768,14,0.004485523,0.001437976,0.003047547
35,768,15,0.005439733,0.002357034,0.003082699
35,768,16,0.003723144,0.000567012,0.003156132
35,768,17,0.00371565,0.000575871,0.003139779
35,768,18,0.003640948,0.000455576,0.003185372
35,768,19,0.011319503,0.008276382,0.003043121
35,768,20,0.004592633,0.00155605,0.003036583
35,768,21,0.004549054,0.001459878,0.003089176
35,768,22,0.004488978,0.001275064,0.003213914
35,768,23,0.004654328,0.001556272,0.003098056
35,768,24,0.004849407,0.001693459,0.003155948
35,768,25,0.004075345,0.000901557,0.003173788
35,768,26,0.00416657,0.000956168,0.003210402
35,768,27,0.003989191,0.000785203,0.003203988
35,768,28,0.016166982,0.013103466,0.003063516
35,768,29,0.025331961,0.022095489,0.003236472
35,768,30,0.006128527,0.002857564,0.003270963
35,768,31,0.005892349,0.002493058,0.003399291
35,768,32,0.005693568,0.002226289,0.003467279
35,768,33,0.005263123,0.00176308,0.003500043
35,768,34,0.005208305,0.001575209,0.003633096
35,768,35,0.005032023,0.001432516,0.003599507
35,768,36,0.005073803,0.00150423,0.003569573
35,768,37,0.00519371,0.001707758,0.003485952
35,768,38,0.004945227,0.001274692,0.003670535
35,768,39,0.004761694,0.001204772,0.003556922
35,768,40,0.005076407,0.001438714,0.003637693
35,768,41,0.004908581,0.001197247,0.003711334
35,768,42,0.004682426,0.000896717,0.003785709
35,768,43,0.004784881,0.001092958,0.003691923
35,768,44,0.004471537,0.000730994,0.003740543
35,768,45,0.004729555,0.001069162,0.003660393
35,768,46,0.004762742,0.001155018,0.003607724
35,768,47,0.004519218,0.000832009,0.003687209
35,768,48,0.005030262,0.00130987,0.003720392
35,768,49,0.004912052,0.001223711,0.003688341
35,768,50,0.004790371,0.001160604,0.003629767
35,768,51,0.004694012,0.001039419,0.003654593
35,768,52,0.004609285,0.000977496,0.003631789
35,768,53,0.004629517,0.000942754,0.003686763
35,768,54,0.004560673,0.000946025,0.003614648
35,768,55,0.004792416,0.001106708,0.003685708
35,768,56,0.004675346,0.000986438,0.003688908
35,768,57,0.004662366,0.00096362,0.003698746
35,768,58,0.004638715,0.001003736,0.003634979
35,768,59,0.004829849,0.001112446,0.003717403
35,768,60,0.004781089,0.001092216,0.003688873
35,768,61,0.004549893,0.000903044,0.003646849
35,768,62,0.004603999,0.00098162,0.003622379
35,768,63,0.004689218,0.001001143,0.003688075
35,768,64,0.004774794,0.001131957,0.003642837
35,768,65,0.00485206,0.001147313,0.003704747
35,768,66,0.004620181,0.000960209,0.003659972
35,768,67,0.004927169,0.001178217,0.003748952
35,768,68,0.004717136,0.001065733,0.003651403
35,768,69,0.004484964,0.00083317,0.003651794
35,768,70,0.004462217,0.000870389,0.003591828
35,768,71,0.004655013,0.001071563,0.00358345
35,768,72,0.004736563,0.000985693,0.00375087
35,768,73,0.004349082,0.000666441,0.003682641
35,768,74,0.004510958,0.000940741,0.003570217
35,768,75,0.00450711,0.000974242,0.003532868
35,768,76,0.004662406,0.0010977,0.003564706
35,768,77,0.004697107,0.001041764,0.003655343
35,768,78,0.004537145,0.000922574,0.003614571
35,768,79,0.004644102,0.000979193,0.003664909
35,768,80,0.004432869,0.000786785,0.003646084
35,768,81,0.004736667,0.000984726,0.003751941
35,768,82,0.004541555,0.000792762,0.003748793
35,768,83,0.004573214,0.000877828,0.003695386
35,768,84,0.004545051,0.000854701,0.00369035
35,768,85,0.004520556,0.000877837,0.003642719
35,768,86,0.004659998,0.000991117,0.003668881
35,768,87,0.00489762,0.001358596,0.003539024
35,768,88,0.005181134,0.001867051,0.003314083
35,768,89,0.004840427,0.001321013,0.003519414
35,768,90,0.004603597,0.00099894,0.003604657
35,768,91,0.004746615,0.0011144,0.003632215
35,768,92,0.004870544,0.00127023,0.003600314
35,768,93,0.004367999,0.000869072,0.003498927
35,768,94,0.005028635,0.001521025,0.00350761
35,768,95,0.004868082,0.001320609,0.003547473
35,768,96,0.005561265,0.001824668,0.003736597
35,768,97,0.004379852,0.000691562,0.00368829
35,768,98,0.006806812,0.003414672,0.00339214
35,768,99,0.004491566,0.001118963,0.003372603
35,768,100,0.006069325,0.002744653,0.003324672
35,768,101,0.004798714,0.001358507,0.003440207
35,768,102,0.004124001,0.000755589,0.003368412
35,768,103,0.004236837,0.000896067,0.00334077
35,768,104,0.00476052,0.001587373,0.003173147
35,768,105,0.007281234,0.004052922,0.003228312
35,768,106,0.006945877,0.003664633,0.003281244
35,768,107,0.005072427,0.001772382,0.003300045
35,768,108,0.010324265,0.00705843,0.003265835
35,768,109,0.004499179,0.001238997,0.003260182
35,768,110,0.004233927,0.001168753,0.003065174
36,768,1,0.754021638,0.630478665,0.123542973
36,768,2,0.223845267,0.220825451,0.003019816
36,768,3,0.003676509,0.000561612,0.003114897
36,768,4,0.003464764,0.00039654,0.003068224
36,768,5,0.020930071,0.017838169,0.003091902
36,768,6,0.004872677,0.001841042,0.003031635
36,768,7,0.00401535,0.000912957,0.003102393
36,768,8,0.003664374,0.000550269,0.003114105
36,768,9,0.024157838,0.021134416,0.003023422
36,768,10,0.004006303,0.000982659,0.003023644
36,768,11,0.004033765,0.000922121,0.003111644
36,768,12,0.015488407,0.012456095,0.003032312
36,768,13,0.004502215,0.001472243,0.003029972
36,768,14,0.005115974,0.002047802,0.003068172
36,768,15,0.003741372,0.0005585,0.003182872
36,768,16,0.003669944,0.000445274,0.00322467
36,768,17,0.003613558,0.000476342,0.003137216
36,768,18,0.003662886,0.000533716,0.00312917
36,768,19,0.003479509,0.000367595,0.003111914
36,768,20,0.011086891,0.008043659,0.003043232
36,768,21,0.004721,0.00164353,0.00307747
36,768,22,0.005228389,0.002068258,0.003160131
36,768,23,0.004536954,0.001437041,0.003099913
36,768,24,0.00487307,0.001703311,0.003169759
36,768,25,0.004510271,0.001326536,0.003183735
36,768,26,0.003982011,0.000813206,0.003168805
36,768,27,0.016737324,0.013679719,0.003057605
36,768,28,0.025331222,0.022165939,0.003165283
36,768,29,0.006161238,0.002960086,0.003201152
36,768,30,0.005595585,0.002383564,0.003212021
36,768,31,0.005757044,0.002399583,0.003357461
36,768,32,0.005395551,0.001728767,0.003666784
36,768,33,0.004985567,0.001201209,0.003784358
36,768,34,0.005034872,0.001409798,0.003625074
36,768,35,0.005044375,0.001549147,0.003495228
36,768,36,0.005237692,0.00176636,0.003471332
36,768,37,0.004713657,0.001181938,0.003531719
36,768,38,0.004949921,0.001494992,0.003454929
36,768,39,0.004984026,0.001403695,0.003580331
36,768,40,0.004697955,0.001047934,0.003650021
36,768,41,0.004692423,0.001016945,0.003675478
36,768,42,0.004943953,0.001279432,0.003664521
36,768,43,0.004480548,0.000790074,0.003690474
36,768,44,0.004907843,0.001234676,0.003673167
36,768,45,0.004615365,0.000966582,0.003648783
36,768,46,0.004501929,0.000855567,0.003646362
36,768,47,0.004773152,0.001091487,0.003681665
36,768,48,0.005054343,0.001374694,0.003679649
36,768,49,0.004814539,0.001126895,0.003687644
36,768,50,0.004409469,0.000759046,0.003650423
36,768,51,0.004647806,0.000937642,0.003710164
36,768,52,0.00457783,0.000957994,0.003619836
36,768,53,0.004833871,0.001170474,0.003663397
36,768,54,0.004760057,0.001133728,0.003626329
36,768,55,0.004631932,0.000945564,0.003686368
36,768,56,0.004702855,0.001093095,0.00360976
36,768,57,0.004681523,0.001029041,0.003652482
36,768,58,0.0047392,0.001079102,0.003660098
36,768,59,0.004647575,0.001051284,0.003596291
36,768,60,0.004713821,0.001018595,0.003695226
36,768,61,0.004535044,0.00086145,0.003673594
36,768,62,0.004766213,0.001165506,0.003600707
36,768,63,0.004678761,0.001060618,0.003618143
36,768,64,0.004965882,0.001331699,0.003634183
36,768,65,0.004788911,0.001025775,0.003763136
36,768,66,0.004870109,0.001125065,0.003745044
36,768,67,0.004858098,0.000992199,0.003865899
36,768,68,0.004396821,0.000691493,0.003705328
36,768,69,0.004691113,0.000883797,0.003807316
36,768,70,0.004356664,0.000717208,0.003639456
36,768,71,0.004682176,0.000912081,0.003770095
36,768,72,0.00449475,0.000753504,0.003741246
36,768,73,0.004505865,0.000776752,0.003729113
36,768,74,0.004367479,0.00077952,0.003587959
36,768,75,0.004441663,0.000866492,0.003575171
36,768,76,0.004814144,0.001208282,0.003605862
36,768,77,0.004506329,0.000921124,0.003585205
36,768,78,0.00459057,0.000944534,0.003646036
36,768,79,0.004483842,0.000876664,0.003607178
36,768,80,0.004704235,0.001024778,0.003679457
36,768,81,0.004658032,0.000861781,0.003796251
36,768,82,0.004677274,0.00091162,0.003765654
36,768,83,0.004459308,0.000684089,0.003775219
36,768,84,0.004284751,0.000600153,0.003684598
36,768,85,0.004792464,0.001158644,0.00363382
36,768,86,0.005137301,0.00160106,0.003536241
36,768,87,0.005364851,0.001876859,0.003487992
36,768,88,0.004442018,0.001007152,0.003434866
36,768,89,0.00474915,0.001186297,0.003562853
36,768,90,0.004534005,0.001025668,0.003508337
36,768,91,0.004747006,0.001120903,0.003626103
36,768,92,0.004695192,0.001063724,0.003631468
36,768,93,0.004955985,0.001511019,0.003444966
36,768,94,0.005059976,0.001513876,0.0035461
36,768,95,0.005323991,0.001593665,0.003730326
36,768,96,0.004659672,0.000861075,0.003798597
36,768,97,0.006994649,0.003573636,0.003421013
36,768,98,0.004345487,0.000932851,0.003412636
36,768,99,0.005206886,0.001829007,0.003377879
36,768,100,0.005348638,0.001989428,0.00335921
36,768,101,0.004246302,0.000842726,0.003403576
36,768,102,0.004074679,0.000733745,0.003340934
36,768,103,0.005243758,0.001836666,0.003407092
36,768,104,0.007443175,0.004153689,0.003289486
36,768,105,0.004774431,0.001384858,0.003389573
36,768,106,0.006959756,0.003741659,0.003218097
36,768,107,0.007940447,0.004569826,0.003370621
36,768,108,0.005492084,0.002167062,0.003325022
36,768,109,0.004772919,0.001378392,0.003394527
36,768,110,0.004933468,0.001899422,0.003034046
37,768,1,0.75154988,0.627664208,0.123885672
37,768,2,0.233040306,0.230018527,0.003021779
37,768,3,0.010955023,0.007938921,0.003016102
37,768,4,0.003746407,0.000661027,0.00308538
37,768,5,0.022715309,0.019654936,0.003060373
37,768,6,0.004055699,0.000925204,0.003130495
37,768,7,0.003676287,0.00051413,0.003162157
37,768,8,0.024122016,0.02108281,0.003039206
37,768,9,0.004133444,0.00111411,0.003019334
37,768,10,0.003847695,0.000698467,0.003149228
37,768,11,0.015651893,0.012625746,0.003026147
37,768,12,0.004518879,0.001391569,0.00312731
37,768,13,0.004951395,0.001800747,0.003150648
37,768,14,0.003598358,0.000444513,0.003153845
37,768,15,0.00371207,0.00054819,0.00316388
37,768,16,0.003637991,0.000446608,0.003191383
37,768,17,0.003586401,0.000455987,0.003130414
37,768,18,0.003635533,0.000519084,0.003116449
37,768,19,0.003587166,0.000422814,0.003164352
37,768,20,0.003502858,0.000402365,0.003100493
37,768,21,0.010748716,0.007703132,0.003045584
37,768,22,0.004929739,0.001863694,0.003066045
37,768,23,0.005698594,0.002595247,0.003103347
37,768,24,0.005088411,0.001947478,0.003140933
37,768,25,0.004287143,0.001090556,0.003196587
37,768,26,0.017652496,0.014578145,0.003074351
37,768,27,0.025373697,0.022283766,0.003089931
37,768,28,0.006087344,0.002939255,0.003148089
37,768,29,0.005578876,0.002287055,0.003291821
37,768,30,0.005621823,0.002211519,0.003410304
37,768,31,0.004920136,0.001527099,0.003393037
37,768,32,0.005068555,0.001557863,0.003510692
37,768,33,0.005231157,0.001701671,0.003529486
37,768,34,0.00518221,0.001710073,0.003472137
37,768,35,0.004888641,0.001391532,0.003497109
37,768,36,0.004794818,0.001281512,0.003513306
37,768,37,0.00500002,0.001475024,0.003524996
37,768,38,0.005015533,0.001475316,0.003540217
37,768,39,0.004592039,0.001045121,0.003546918
37,768,40,0.004585777,0.001060016,0.003525761
37,768,41,0.005107533,0.001606889,0.003500644
37,768,42,0.004575985,0.00095641,0.003619575
37,768,43,0.004768644,0.001105846,0.003662798
37,768,44,0.004735401,0.001126293,0.003609108
37,768,45,0.004513316,0.000904521,0.003608795
37,768,46,0.004781814,0.001091618,0.003690196
37,768,47,0.004967202,0.001288353,0.003678849
37,768,48,0.004524879,0.000900127,0.003624752
37,768,49,0.004693243,0.001027673,0.00366557
37,768,50,0.004623908,0.000980388,0.00364352
37,768,51,0.004551123,0.000915008,0.003636115
37,768,52,0.004911898,0.001309269,0.003602629
37,768,53,0.004804286,0.001178042,0.003626244
37,768,54,0.004414302,0.000766846,0.003647456
37,768,55,0.004750549,0.001180015,0.003570534
37,768,56,0.00481983,0.001221375,0.003598455
37,768,57,0.004691605,0.001034932,0.003656673
37,768,58,0.004513723,0.000933773,0.00357995
37,768,59,0.004727316,0.001121722,0.003605594
37,768,60,0.004765928,0.00112416,0.003641768
37,768,61,0.004647437,0.001067689,0.003579748
37,768,62,0.004785548,0.001167455,0.003618093
37,768,63,0.004876138,0.001303733,0.003572405
37,768,64,0.004728739,0.00104347,0.003685269
37,768,65,0.004904811,0.001256012,0.003648799
37,768,66,0.00478416,0.001080323,0.003703837
37,768,67,0.004484363,0.000809883,0.00367448
37,768,68,0.004712018,0.000891337,0.003820681
37,768,69,0.004378013,0.000790483,0.00358753
37,768,70,0.004520438,0.00082697,0.003693468
37,768,71,0.004375769,0.000734589,0.00364118
37,768,72,0.004696674,0.000847702,0.003848972
37,768,73,0.004516173,0.000858519,0.003657654
37,768,74,0.00456584,0.000815084,0.003750756
37,768,75,0.004365148,0.00083331,0.003531838
37,768,76,0.004565935,0.001003539,0.003562396
37,768,77,0.004436129,0.000902696,0.003533433
37,768,78,0.004604678,0.000955664,0.003649014
37,768,79,0.004555195,0.001003665,0.00355153
37,768,80,0.004671836,0.001112352,0.003559484
37,768,81,0.004600246,0.001021245,0.003579001
37,768,82,0.004629196,0.001014676,0.00361452
37,768,83,0.00451446,0.000859765,0.003654695
37,768,84,0.004601318,0.000987465,0.003613853
37,768,85,0.005307619,0.00182711,0.003480509
37,768,86,0.005314292,0.001727219,0.003587073
37,768,87,0.004369678,0.00085893,0.003510748
37,768,88,0.004359734,0.000982178,0.003377556
37,768,89,0.004557221,0.001080564,0.003476657
37,768,90,0.004529021,0.001050105,0.003478916
37,768,91,0.004955897,0.001500116,0.003455781
37,768,92,0.005299139,0.001829642,0.003469497
37,768,93,0.004825849,0.001496453,0.003329396
37,768,94,0.005007588,0.001653128,0.00335446
37,768,95,0.004873519,0.001360144,0.003513375
37,768,96,0.00756156,0.004112589,0.003448971
37,768,97,0.004541297,0.001099334,0.003441963
37,768,98,0.004237664,0.000830166,0.003407498
37,768,99,0.004311681,0.000911233,0.003400448
37,768,100,0.004351461,0.001037226,0.003314235
37,768,101,0.005291499,0.001981233,0.003310266
37,768,102,0.005479924,0.002243218,0.003236706
37,768,103,0.007581278,0.004446615,0.003134663
37,768,104,0.004720144,0.001434899,0.003285245
37,768,105,0.007186789,0.004038817,0.003147972
37,768,106,0.007575541,0.00427553,0.003300011
37,768,107,0.005272876,0.001891129,0.003381747
37,768,108,0.004363364,0.001118334,0.00324503
37,768,109,0.00485652,0.00160601,0.00325051
37,768,110,0.005401573,0.002360732,0.003040841
38,768,1,0.752760333,0.62913525,0.123625083
38,768,2,0.215481106,0.212460404,0.003020702
38,768,3,0.005481283,0.002461777,0.003019506
38,768,4,0.031006009,0.027885545,0.003120464
38,768,5,0.004007121,0.000951391,0.00305573
38,768,6,0.003683209,0.00056961,0.003113599
38,768,7,0.024183317,0.021157544,0.003025773
38,768,8,0.004214429,0.0010692,0.003145229
38,768,9,0.003643399,0.000535827,0.003107572
38,768,10,0.015887293,0.012842849,0.003044444
38,768,11,0.004364678,0.001213139,0.003151539
38,768,12,0.004641223,0.001593824,0.003047399
38,768,13,0.003706499,0.000541734,0.003164765
38,768,14,0.003662385,0.000443666,0.003218719
38,768,15,0.003737367,0.000563379,0.003173988
38,768,16,0.003662687,0.000459246,0.003203441
38,768,17,0.003625444,0.000447961,0.003177483
38,768,18,0.003571026,0.000456125,0.003114901
38,768,19,0.003643921,0.000516258,0.003127663
38,768,20,0.003451478,0.000338259,0.003113219
38,768,21,0.003604076,0.000482097,0.003121979
38,768,22,0.010893956,0.007782454,0.003111502
38,768,23,0.005589379,0.002500917,0.003088462
38,768,24,0.005356499,0.002222777,0.003133722
38,768,25,0.019253992,0.016184086,0.003069906
38,768,26,0.025495008,0.022401155,0.003093853
38,768,27,0.005967241,0.002793772,0.003173469
38,768,28,0.005391306,0.002127462,0.003263844
38,768,29,0.00547232,0.002192142,0.003280178
38,768,30,0.005105269,0.001691211,0.003414058
38,768,31,0.004918174,0.001502829,0.003415345
38,768,32,0.005291093,0.00183645,0.003454643
38,768,33,0.005280931,0.00169298,0.003587951
38,768,34,0.004649452,0.001121389,0.003528063
38,768,35,0.00480022,0.001357991,0.003442229
38,768,36,0.004848598,0.001399824,0.003448774
38,768,37,0.004838673,0.001323264,0.003515409
38,768,38,0.004911612,0.001281902,0.00362971
38,768,39,0.004695572,0.000926386,0.003769186
38,768,40,0.005036592,0.001186628,0.003849964
38,768,41,0.004600746,0.000681065,0.003919681
38,768,42,0.004762182,0.00082633,0.003935852
38,768,43,0.004667293,0.000771264,0.003896029
38,768,44,0.004584802,0.000749737,0.003835065
38,768,45,0.004749736,0.000879373,0.003870363
38,768,46,0.004904847,0.000948352,0.003956495
38,768,47,0.004621731,0.000744647,0.003877084
38,768,48,0.004635813,0.000736783,0.00389903
38,768,49,0.004651585,0.00075202,0.003899565
38,768,50,0.004587144,0.000766178,0.003820966
38,768,51,0.004900471,0.001031464,0.003869007
38,768,52,0.004752154,0.000840105,0.003912049
38,768,53,0.004461262,0.000630944,0.003830318
38,768,54,0.004842771,0.000942582,0.003900189
38,768,55,0.00474893,0.000844221,0.003904709
38,768,56,0.004616695,0.0007417,0.003874995
38,768,57,0.004644186,0.000760983,0.003883203
38,768,58,0.00469631,0.00083009,0.00386622
38,768,59,0.00472514,0.000863651,0.003861489
38,768,60,0.004696478,0.000854531,0.003841947
38,768,61,0.004705944,0.000897697,0.003808247
38,768,62,0.004948735,0.001019938,0.003928797
38,768,63,0.004645073,0.000721746,0.003923327
38,768,64,0.004922824,0.00089308,0.004029744
38,768,65,0.004684605,0.000748116,0.003936489
38,768,66,0.004534332,0.000562238,0.003972094
38,768,67,0.004606507,0.000598219,0.004008288
38,768,68,0.004553402,0.000593096,0.003960306
38,768,69,0.004442717,0.00055423,0.003888487
38,768,70,0.004369835,0.000591864,0.003777971
38,768,71,0.004526648,0.000595555,0.003931093
38,768,72,0.004710931,0.000713578,0.003997353
38,768,73,0.004489227,0.000579242,0.003909985
38,768,74,0.004528843,0.000645671,0.003883172
38,768,75,0.004368907,0.000640852,0.003728055
38,768,76,0.004300433,0.000708937,0.003591496
38,768,77,0.004505419,0.000899502,0.003605917
38,768,78,0.004535955,0.000937113,0.003598842
38,768,79,0.004764075,0.001104078,0.003659997
38,768,80,0.00457165,0.000902385,0.003669265
38,768,81,0.004715537,0.001010907,0.00370463
38,768,82,0.004483797,0.000793527,0.00369027
38,768,83,0.004629755,0.000973284,0.003656471
38,768,84,0.005552051,0.00204467,0.003507381
38,768,85,0.005204746,0.00147874,0.003726006
38,768,86,0.004547452,0.000695481,0.003851971
38,768,87,0.004293888,0.00056353,0.003730358
38,768,88,0.004126356,0.000656326,0.00347003
38,768,89,0.004606423,0.001017057,0.003589366
38,768,90,0.004647352,0.001125976,0.003521376
38,768,91,0.005381755,0.001977781,0.003403974
38,768,92,0.005000248,0.001647233,0.003353015
38,768,93,0.005028253,0.001708832,0.003319421
38,768,94,0.00454087,0.001058783,0.003482087
38,768,95,0.008380402,0.004597506,0.003782896
38,768,96,0.00461557,0.000758691,0.003856879
38,768,97,0.004286433,0.000567827,0.003718606
38,768,98,0.004016421,0.000530184,0.003486237
38,768,99,0.004364191,0.000881258,0.003482933
38,768,100,0.004147319,0.000744251,0.003403068
38,768,101,0.006757335,0.003478862,0.003278473
38,768,102,0.007609644,0.004148991,0.003460653
38,768,103,0.004659636,0.001244742,0.003414894
38,768,104,0.007330353,0.004040604,0.003289749
38,768,105,0.004420888,0.001052051,0.003368837
38,768,106,0.004164708,0.000875912,0.003288796
38,768,107,0.006724691,0.003356213,0.003368478
38,768,108,0.00564443,0.002280924,0.003363506
38,768,109,0.004644289,0.001327918,0.003316371
38,768,110,0.005149892,0.00209542,0.003054472
39,768,1,0.750516441,0.627418146,0.123098295
39,768,2,0.16177694,0.15874243,0.00303451
39,768,3,0.067855019,0.0648242,0.003030819
39,768,4,0.004366156,0.001150335,0.003215821
39,768,5,0.003606457,0.00045278,0.003153677
39,768,6,0.024262367,0.021226489,0.003035878
39,768,7,0.004079354,0.000976137,0.003103217
39,768,8,0.003651105,0.000535882,0.003115223
39,768,9,0.016079044,0.013047957,0.003031087
39,768,10,0.004205844,0.001175615,0.003030229
39,768,11,0.004563801,0.001299909,0.003263892
39,768,12,0.003730426,0.000559361,0.003171065
39,768,13,0.003579541,0.000451106,0.003128435
39,768,14,0.003631223,0.000458728,0.003172495
39,768,15,0.003857217,0.000639752,0.003217465
39,768,16,0.003548054,0.000371908,0.003176146
39,768,17,0.003688392,0.000541165,0.003147227
39,768,18,0.003687351,0.000527891,0.00315946
39,768,19,0.00345286,0.000350042,0.003102818
39,768,20,0.003617848,0.000477412,0.003140436
39,768,21,0.003453454,0.000346654,0.0031068
39,768,22,0.003482148,0.000330253,0.003151895
39,768,23,0.011937309,0.008846351,0.003090958
39,768,24,0.021770383,0.018706924,0.003063459
39,768,25,0.0258531,0.022744549,0.003108551
39,768,26,0.005860653,0.002771404,0.003089249
39,768,27,0.005361069,0.002222287,0.003138782
39,768,28,0.005433453,0.002254917,0.003178536
39,768,29,0.004986485,0.001651789,0.003334696
39,768,30,0.004931775,0.001462792,0.003468983
39,768,31,0.005316248,0.001725488,0.00359076
39,768,32,0.005063416,0.001483339,0.003580077
39,768,33,0.004789095,0.001156405,0.00363269
39,768,34,0.004799229,0.001144319,0.00365491
39,768,35,0.004842286,0.001153187,0.003689099
39,768,36,0.004662488,0.000957531,0.003704957
39,768,37,0.004907507,0.001058585,0.003848922
39,768,38,0.004516437,0.000764449,0.003751988
39,768,39,0.004906035,0.001063801,0.003842234
39,768,40,0.004616779,0.000757912,0.003858867
39,768,41,0.004830686,0.000904367,0.003926319
39,768,42,0.004579184,0.000700815,0.003878369
39,768,43,0.004715294,0.000735621,0.003979673
39,768,44,0.004728389,0.00073647,0.003991919
39,768,45,0.004828595,0.000873862,0.003954733
39,768,46,0.004648017,0.000691327,0.00395669
39,768,47,0.004638539,0.00065137,0.003987169
39,768,48,0.004611162,0.000678651,0.003932511
39,768,49,0.004668977,0.000666551,0.004002426
39,768,50,0.004975315,0.000986747,0.003988568
39,768,51,0.004660614,0.000681484,0.00397913
39,768,52,0.004521302,0.000585629,0.003935673
39,768,53,0.004778577,0.000849197,0.00392938
39,768,54,0.004764591,0.000826095,0.003938496
39,768,55,0.004605179,0.000722747,0.003882432
39,768,56,0.004738172,0.000841896,0.003896276
39,768,57,0.004677951,0.000708532,0.003969419
39,768,58,0.004785747,0.000847209,0.003938538
39,768,59,0.004687572,0.000776982,0.00391059
39,768,60,0.004722456,0.000853472,0.003868984
39,768,61,0.004797801,0.000982065,0.003815736
39,768,62,0.004697455,0.000800894,0.003896561
39,768,63,0.004711435,0.000891428,0.003820007
39,768,64,0.004781269,0.00095479,0.003826479
39,768,65,0.004461621,0.000560095,0.003901526
39,768,66,0.004724256,0.00081427,0.003909986
39,768,67,0.004579604,0.000590083,0.003989521
39,768,68,0.004562924,0.000579378,0.003983546
39,768,69,0.004440038,0.000539567,0.003900471
39,768,70,0.0044237,0.000582367,0.003841333
39,768,71,0.004524706,0.000596055,0.003928651
39,768,72,0.004691759,0.000632622,0.004059137
39,768,73,0.004481286,0.000540421,0.003940865
39,768,74,0.004486274,0.000508634,0.00397764
39,768,75,0.004234964,0.000536983,0.003697981
39,768,76,0.004498792,0.000776691,0.003722101
39,768,77,0.004498114,0.00088259,0.003615524
39,768,78,0.004619076,0.001034185,0.003584891
39,768,79,0.004769098,0.000993056,0.003776042
39,768,80,0.004496217,0.000830811,0.003665406
39,768,81,0.004579118,0.000855442,0.003723676
39,768,82,0.004585398,0.00089665,0.003688748
39,768,83,0.006001823,0.002282346,0.003719477
39,768,84,0.004955859,0.001278689,0.00367717
39,768,85,0.004477966,0.00058611,0.003891856
39,768,86,0.004419546,0.000566716,0.00385283
39,768,87,0.004213974,0.000543698,0.003670276
39,768,88,0.004185697,0.000723845,0.003461852
39,768,89,0.004619425,0.001095172,0.003524253
39,768,90,0.005247488,0.001870145,0.003377343
39,768,91,0.005130202,0.001638626,0.003491576
39,768,92,0.005190959,0.001831458,0.003359501
39,768,93,0.004535879,0.001169474,0.003366405
39,768,94,0.008410164,0.00473705,0.003673114
39,768,95,0.004683967,0.000868162,0.003815805
39,768,96,0.004396114,0.000542993,0.003853121
39,768,97,0.004115462,0.000403273,0.003712189
39,768,98,0.00404727,0.000560898,0.003486372
39,768,99,0.00444416,0.000882574,0.003561586
39,768,100,0.006758911,0.003480778,0.003278133
39,768,101,0.007362606,0.004059805,0.003302801
39,768,102,0.005028922,0.001482444,0.003546478
39,768,103,0.004624361,0.001191431,0.00343293
39,768,104,0.00419646,0.000907156,0.003289304
39,768,105,0.005868151,0.00271016,0.003157991
39,768,106,0.00465061,0.001412883,0.003237727
39,768,107,0.006487619,0.003154279,0.00333334
39,768,108,0.006340611,0.00300216,0.003338451
39,768,109,0.004676015,0.001320239,0.003355776
39,768,110,0.005214128,0.002167849,0.003046279
40,768,1,0.765463403,0.641640002,0.123823401
40,768,2,0.262759014,0.259718147,0.003040867
40,768,3,0.003802372,0.000647172,0.0031552
40,768,4,0.003646578,0.000432472,0.003214106
40,768,5,0.024752515,0.021728522,0.003023993
40,768,6,0.003908528,0.000886222,0.003022306
40,768,7,0.003689123,0.000559803,0.00312932
40,768,8,0.016242509,0.013205743,0.003036766
40,768,9,0.004188723,0.001156285,0.003032438
40,768,10,0.004140437,0.001030549,0.003109888
40,768,11,0.003744038,0.00063301,0.003111028
40,768,12,0.003766225,0.000610549,0.003155676
40,768,13,0.003729663,0.000530458,0.003199205
40,768,14,0.003624574,0.000466114,0.00315846
40,768,15,0.003755988,0.00054199,0.003213998
40,768,16,0.003685853,0.000444399,0.003241454
40,768,17,0.003509349,0.00037263,0.003136719
40,768,18,0.00367901,0.000524654,0.003154356
40,768,19,0.003622768,0.00044149,0.003181278
40,768,20,0.003456038,0.000332991,0.003123047
40,768,21,0.003431796,0.000329156,0.00310264
40,768,22,0.003467828,0.00032826,0.003139568
40,768,23,0.029531918,0.026451301,0.003080617
40,768,24,0.026464373,0.023390355,0.003074018
40,768,25,0.006022141,0.002933771,0.00308837
40,768,26,0.005281993,0.002179233,0.00310276
40,768,27,0.005367068,0.002157729,0.003209339
40,768,28,0.004774307,0.001476749,0.003297558
40,768,29,0.004846272,0.001405474,0.003440798
40,768,30,0.005035852,0.001585329,0.003450523
40,768,31,0.0051681,0.001551463,0.003616637
40,768,32,0.00479711,0.001035071,0.003762039
40,768,33,0.004816107,0.00107896,0.003737147
40,768,34,0.004745717,0.001094595,0.003651122
40,768,35,0.004692606,0.000940288,0.003752318
40,768,36,0.004601584,0.000915153,0.003686431
40,768,37,0.004730048,0.00096434,0.003765708
40,768,38,0.004418252,0.000666559,0.003751693
40,768,39,0.004958939,0.001097309,0.00386163
40,768,40,0.004651019,0.00080619,0.003844829
40,768,41,0.004660447,0.000681268,0.003979179
40,768,42,0.004737858,0.000758835,0.003979023
40,768,43,0.00479348,0.000883313,0.003910167
40,768,44,0.004663481,0.00077651,0.003886971
40,768,45,0.004864216,0.000864822,0.003999394
40,768,46,0.004613291,0.00058908,0.004024211
40,768,47,0.004580628,0.000627374,0.003953254
40,768,48,0.004621971,0.000681473,0.003940498
40,768,49,0.004961387,0.001022411,0.003938976
40,768,50,0.004687554,0.000745311,0.003942243
40,768,51,0.004604096,0.000725228,0.003878868
40,768,52,0.004693562,0.000732866,0.003960696
40,768,53,0.004866691,0.00090334,0.003963351
40,768,54,0.004518854,0.000662938,0.003855916
40,768,55,0.004769753,0.000903392,0.003866361
40,768,56,0.004643684,0.000687387,0.003956297
40,768,57,0.004805611,0.000858392,0.003947219
40,768,58,0.004673759,0.000863161,0.003810598
40,768,59,0.004722194,0.000827432,0.003894762
40,768,60,0.00476723,0.000899767,0.003867463
40,768,61,0.004699793,0.000893096,0.003806697
40,768,62,0.004771092,0.000902738,0.003868354
40,768,63,0.004571913,0.000745773,0.00382614
40,768,64,0.004586049,0.00069731,0.003888739
40,768,65,0.004693289,0.000716315,0.003976974
40,768,66,0.004568727,0.000549346,0.004019381
40,768,67,0.00461898,0.000622986,0.003995994
40,768,68,0.004453009,0.000544034,0.003908975
40,768,69,0.004407068,0.000543126,0.003863942
40,768,70,0.004362519,0.000545789,0.00381673
40,768,71,0.004445027,0.000553407,0.00389162
40,768,72,0.004711011,0.000693586,0.004017425
40,768,73,0.004522013,0.000648324,0.003873689
40,768,74,0.004576966,0.000693952,0.003883014
40,768,75,0.00457829,0.000716877,0.003861413
40,768,76,0.004442057,0.000772623,0.003669434
40,768,77,0.004579103,0.000959834,0.003619269
40,768,78,0.004379634,0.000834329,0.003545305
40,768,79,0.004751696,0.001090176,0.00366152
40,768,80,0.00462205,0.000951556,0.003670494
40,768,81,0.004574988,0.000903408,0.00367158
40,768,82,0.005861278,0.002268689,0.003592589
40,768,83,0.005232372,0.001557639,0.003674733
40,768,84,0.004290212,0.000528611,0.003761601
40,768,85,0.004308583,0.000483532,0.003825051
40,768,86,0.004358603,0.000570783,0.00378782
40,768,87,0.004422387,0.00070005,0.003722337
40,768,88,0.004237827,0.00080196,0.003435867
40,768,89,0.004745623,0.001224541,0.003521082
40,768,90,0.005216779,0.001809291,0.003407488
40,768,91,0.005699455,0.002248215,0.00345124
40,768,92,0.004643002,0.001180518,0.003462484
40,768,93,0.007527988,0.004095604,0.003432384
40,768,94,0.005013797,0.001359534,0.003654263
40,768,95,0.004694947,0.000812254,0.003882693
40,768,96,0.004272484,0.000442868,0.003829616
40,768,97,0.00410584,0.000498828,0.003607012
40,768,98,0.004115961,0.000662098,0.003453863
40,768,99,0.006833273,0.003599976,0.003233297
40,768,100,0.004783749,0.001498621,0.003285128
40,768,101,0.00667316,0.00339836,0.0032748
40,768,102,0.005080071,0.001644243,0.003435828
40,768,103,0.004805087,0.001336201,0.003468886
40,768,104,0.004136763,0.000851947,0.003284816
40,768,105,0.004454222,0.001042073,0.003412149
40,768,106,0.005187029,0.001986566,0.003200463
40,768,107,0.004693303,0.00143845,0.003254853
40,768,108,0.006093971,0.002878761,0.00321521
40,768,109,0.006501949,0.003318713,0.003183236
40,768,110,0.004996817,0.001936013,0.003060804
41,768,1,0.753782365,0.630413092,0.123369273
41,768,2,0.177348027,0.174317931,0.003030096
41,768,3,0.046976343,0.043948135,0.003028208
41,768,4,0.004025624,0.00076729,0.003258334
41,768,5,0.003587611,0.000430422,0.003157189
41,768,6,0.024506287,0.02147661,0.003029677
41,768,7,0.017449132,0.014425117,0.003024015
41,768,8,0.004173277,0.001151279,0.003021998
41,768,9,0.00389323,0.000754503,0.003138727
41,768,10,0.003714866,0.000544116,0.00317075
41,768,11,0.003642554,0.000530987,0.003111567
41,768,12,0.003706058,0.000565849,0.003140209
41,768,13,0.00366382,0.000470195,0.003193625
41,768,14,0.00356797,0.000413684,0.003154286
41,768,15,0.003711314,0.000518431,0.003192883
41,768,16,0.00368277,0.000461971,0.003220799
41,768,17,0.003528925,0.000402632,0.003126293
41,768,18,0.003550696,0.000383804,0.003166892
41,768,19,0.003698689,0.000598133,0.003100556
41,768,20,0.003491079,0.00035671,0.003134369
41,768,21,0.003500742,0.000387164,0.003113578
41,768,22,0.028974899,0.025896552,0.003078347
41,768,23,0.026590116,0.023511566,0.00307855
41,768,24,0.005867812,0.002798117,0.003069695
41,768,25,0.005390819,0.002268484,0.003122335
41,768,26,0.005257925,0.002018533,0.003239392
41,768,27,0.00476386,0.001503902,0.003259958
41,768,28,0.004585961,0.001166543,0.003419418
41,768,29,0.004500995,0.001053805,0.00344719
41,768,30,0.005052469,0.001543371,0.003509098
41,768,31,0.004833156,0.001150428,0.003682728
41,768,32,0.004688918,0.00102065,0.003668268
41,768,33,0.004852066,0.001159469,0.003692597
41,768,34,0.004488846,0.000856055,0.003632791
41,768,35,0.004700857,0.001009738,0.003691119
41,768,36,0.004724143,0.001131873,0.00359227
41,768,37,0.004683459,0.000922496,0.003760963
41,768,38,0.004571316,0.000854198,0.003717118
41,768,39,0.004653775,0.000868801,0.003784974
41,768,40,0.004604635,0.000798764,0.003805871
41,768,41,0.004864115,0.000953082,0.003911033
41,768,42,0.004412452,0.000639068,0.003773384
41,768,43,0.004756879,0.00091506,0.003841819
41,768,44,0.004863508,0.001013851,0.003849657
41,768,45,0.00467135,0.000895898,0.003775452
41,768,46,0.004806303,0.000925472,0.003880831
41,768,47,0.004603333,0.0007988,0.003804533
41,768,48,0.004571047,0.0008112,0.003759847
41,768,49,0.004668071,0.000852184,0.003815887
41,768,50,0.004877003,0.001075392,0.003801611
41,768,51,0.004762331,0.000881025,0.003881306
41,768,52,0.004507933,0.000732083,0.00377585
41,768,53,0.004658313,0.000874982,0.003783331
41,768,54,0.004920325,0.001041358,0.003878967
41,768,55,0.004505931,0.000736223,0.003769708
41,768,56,0.004822783,0.001056949,0.003765834
41,768,57,0.004645179,0.000828462,0.003816717
41,768,58,0.004791621,0.000934671,0.00385695
41,768,59,0.004675645,0.000921881,0.003753764
41,768,60,0.00469614,0.000886574,0.003809566
41,768,61,0.004827253,0.001065202,0.003762051
41,768,62,0.004602914,0.000828397,0.003774517
41,768,63,0.004868082,0.001029555,0.003838527
41,768,64,0.00450682,0.000761938,0.003744882
41,768,65,0.004559982,0.000741831,0.003818151
41,768,66,0.004654617,0.000882723,0.003771894
41,768,67,0.004740183,0.000824537,0.003915646
41,768,68,0.004396458,0.000657417,0.003739041
41,768,69,0.004426107,0.000711911,0.003714196
41,768,70,0.004359648,0.000665229,0.003694419
41,768,71,0.004616598,0.000777586,0.003839012
41,768,72,0.004488207,0.000669136,0.003819071
41,768,73,0.004655034,0.000867881,0.003787153
41,768,74,0.004408784,0.000709373,0.003699411
41,768,75,0.004607627,0.000951035,0.003656592
41,768,76,0.004558865,0.000911683,0.003647182
41,768,77,0.004473581,0.000970459,0.003503122
41,768,78,0.004516875,0.000995973,0.003520902
41,768,79,0.004790795,0.001147105,0.00364369
41,768,80,0.004531116,0.000859226,0.00367189
41,768,81,0.004663961,0.001026313,0.003637648
41,768,82,0.004955509,0.001329496,0.003626013
41,768,83,0.005346779,0.00173182,0.003614959
41,768,84,0.004964578,0.001383702,0.003580876
41,768,85,0.004426308,0.000706642,0.003719666
41,768,86,0.004362044,0.000606994,0.00375505
41,768,87,0.004250596,0.000657495,0.003593101
41,768,88,0.005362957,0.001958677,0.00340428
41,768,89,0.00514196,0.001673819,0.003468141
41,768,90,0.005754395,0.002149296,0.003605099
41,768,91,0.004441679,0.000909885,0.003531794
41,768,92,0.007325876,0.004016357,0.003309519
41,768,93,0.004672721,0.001213859,0.003458862
41,768,94,0.005166971,0.00157533,0.003591641
41,768,95,0.004541738,0.000769389,0.003772349
41,768,96,0.004273314,0.0005527,0.003720614
41,768,97,0.004088594,0.000489707,0.003598887
41,768,98,0.00637445,0.0030426,0.00333185
41,768,99,0.004726457,0.001410277,0.00331618
41,768,100,0.004601207,0.001279617,0.00332159
41,768,101,0.004027637,0.000748116,0.003279521
41,768,102,0.006390915,0.003114425,0.00327649
41,768,103,0.005173464,0.001940463,0.003233001
41,768,104,0.004678017,0.001459983,0.003218034
41,768,105,0.004468028,0.001110478,0.00335755
41,768,106,0.004145729,0.000753016,0.003392713
41,768,107,0.005187173,0.001909237,0.003277936
41,768,108,0.004822725,0.001347046,0.003475679
41,768,109,0.00605351,0.002822633,0.003230877
41,768,110,0.006884755,0.003810099,0.003074656
42,768,1,0.759783415,0.635651453,0.124131962
42,768,2,0.238342704,0.235327337,0.003015367
42,768,3,0.003668846,0.000531298,0.003137548
42,768,4,0.008677993,0.005584651,0.003093342
42,768,5,0.004090045,0.000907554,0.003182491
42,768,6,0.039066093,0.036036315,0.003029778
42,768,7,0.004170484,0.001030961,0.003139523
42,768,8,0.003603624,0.000392558,0.003211066
42,768,9,0.003493324,0.000363785,0.003129539
42,768,10,0.003671268,0.000513419,0.003157849
42,768,11,0.003604512,0.000504469,0.003100043
42,768,12,0.003809158,0.000678184,0.003130974
42,768,13,0.003730317,0.000561971,0.003168346
42,768,14,0.003822142,0.000614308,0.003207834
42,768,15,0.003593026,0.000431608,0.003161418
42,768,16,0.003593624,0.000401975,0.003191649
42,768,17,0.003597683,0.000476385,0.003121298
42,768,18,0.003738181,0.000640425,0.003097756
42,768,19,0.003519143,0.00037024,0.003148903
42,768,20,0.003567356,0.000471128,0.003096228
42,768,21,0.028030703,0.024942392,0.003088311
42,768,22,0.026824581,0.023765913,0.003058668
42,768,23,0.005892902,0.002789747,0.003103155
42,768,24,0.005377995,0.002270279,0.003107716
42,768,25,0.004937278,0.001765151,0.003172127
42,768,26,0.004765901,0.001600492,0.003165409
42,768,27,0.004654071,0.001301136,0.003352935
42,768,28,0.004610717,0.001221931,0.003388786
42,768,29,0.004904021,0.001461899,0.003442122
42,768,30,0.004665942,0.001079705,0.003586237
42,768,31,0.004887101,0.001253163,0.003633938
42,768,32,0.004818192,0.001104536,0.003713656
42,768,33,0.004418301,0.000707551,0.00371075
42,768,34,0.004796618,0.001152958,0.00364366
42,768,35,0.004745029,0.00109484,0.003650189
42,768,36,0.004373264,0.000740528,0.003632736
42,768,37,0.004925058,0.001199723,0.003725335
42,768,38,0.004423571,0.000755562,0.003668009
42,768,39,0.004768169,0.000916007,0.003852162
42,768,40,0.004720201,0.000938816,0.003781385
42,768,41,0.004622589,0.000783637,0.003838952
42,768,42,0.004630348,0.000757428,0.00387292
42,768,43,0.004574681,0.000716565,0.003858116
42,768,44,0.004627477,0.00072052,0.003906957
42,768,45,0.004643716,0.000826397,0.003817319
42,768,46,0.004733796,0.000807168,0.003926628
42,768,47,0.004494898,0.000612257,0.003882641
42,768,48,0.004706476,0.000828565,0.003877911
42,768,49,0.00456358,0.000680095,0.003883485
42,768,50,0.004677132,0.000754159,0.003922973
42,768,51,0.004545186,0.000711453,0.003833733
42,768,52,0.004638074,0.000803408,0.003834666
42,768,53,0.004512468,0.000762957,0.003749511
42,768,54,0.004670928,0.000861498,0.00380943
42,768,55,0.004868592,0.001037087,0.003831505
42,768,56,0.004533713,0.000709337,0.003824376
42,768,57,0.004864106,0.001043557,0.003820549
42,768,58,0.004530499,0.000754819,0.00377568
42,768,59,0.004756543,0.000971134,0.003785409
42,768,60,0.004722092,0.000910788,0.003811304
42,768,61,0.004678878,0.000929375,0.003749503
42,768,62,0.004856815,0.001008083,0.003848732
42,768,63,0.004531322,0.000752303,0.003779019
42,768,64,0.004931885,0.001081055,0.00385083
42,768,65,0.004545749,0.000726815,0.003818934
42,768,66,0.004656881,0.000667282,0.003989599
42,768,67,0.00449219,0.000668778,0.003823412
42,768,68,0.004779021,0.000905344,0.003873677
42,768,69,0.004311051,0.000556649,0.003754402
42,768,70,0.004365874,0.000596733,0.003769141
42,768,71,0.00464037,0.000826294,0.003814076
42,768,72,0.005252054,0.001308918,0.003943136
42,768,73,0.004557209,0.000722242,0.003834967
42,768,74,0.004630629,0.000751934,0.003878695
42,768,75,0.004298487,0.000681573,0.003616914
42,768,76,0.00464376,0.001007536,0.003636224
42,768,77,0.004256839,0.000733328,0.003523511
42,768,78,0.004527362,0.001003136,0.003524226
42,768,79,0.004588813,0.000979958,0.003608855
42,768,80,0.005410118,0.001898952,0.003511166
42,768,81,0.0050254,0.001366026,0.003659374
42,768,82,0.004798767,0.001031475,0.003767292
42,768,83,0.004423146,0.000691326,0.00373182
42,768,84,0.004610859,0.000899985,0.003710874
42,768,85,0.0045692,0.000860123,0.003709077
42,768,86,0.004556571,0.000760485,0.003796086
42,768,87,0.005986706,0.002505117,0.003481589
42,768,88,0.004852482,0.001291245,0.003561237
42,768,89,0.00496621,0.001370567,0.003595643
42,768,90,0.00513342,0.001427354,0.003706066
42,768,91,0.004740816,0.001131167,0.003609649
42,768,92,0.004299854,0.000867798,0.003432056
42,768,93,0.007131521,0.003702945,0.003428576
42,768,94,0.005108699,0.001505298,0.003603401
42,768,95,0.004672063,0.000856717,0.003815346
42,768,96,0.004175037,0.000420776,0.003754261
42,768,97,0.004083483,0.000462663,0.00362082
42,768,98,0.004314249,0.000857291,0.003456958
42,768,99,0.00621747,0.002971823,0.003245647
42,768,100,0.004975141,0.001690476,0.003284665
42,768,101,0.004031754,0.000705677,0.003326077
42,768,102,0.007544062,0.004143117,0.003400945
42,768,103,0.004242385,0.000889014,0.003353371
42,768,104,0.004355738,0.001045509,0.003310229
42,768,105,0.004600054,0.001196553,0.003403501
42,768,106,0.004081153,0.000720561,0.003360592
42,768,107,0.005579858,0.002290474,0.003289384
42,768,108,0.004604127,0.001199316,0.003404811
42,768,109,0.004079529,0.00079268,0.003286849
42,768,110,0.00607857,0.002803847,0.003274723
43,768,1,0.752846282,0.63033845,0.122507832
43,768,2,0.175273723,0.172251887,0.003021836
43,768,3,0.025230024,0.022192042,0.003037982
43,768,4,0.003776228,0.000627375,0.003148853
43,768,5,0.044759035,0.04172718,0.003031855
43,768,6,0.004074752,0.000908344,0.003166408
43,768,7,0.003498011,0.000374726,0.003123285
43,768,8,0.003549627,0.000379853,0.003169774
43,768,9,0.003628075,0.000511169,0.003116906
43,768,10,0.003560451,0.000427677,0.003132774
43,768,11,0.003764803,0.000597008,0.003167795
43,768,12,0.003745608,0.000632897,0.003112711
43,768,13,0.003785616,0.000657217,0.003128399
43,768,14,0.00369943,0.000504989,0.003194441
43,768,15,0.003617727,0.000460594,0.003157133
43,768,16,0.003659299,0.000511324,0.003147975
43,768,17,0.00375949,0.000611886,0.003147604
43,768,18,0.003497539,0.000386467,0.003111072
43,768,19,0.003584085,0.000456453,0.003127632
43,768,20,0.027587764,0.024468037,0.003119727
43,768,21,0.026809241,0.02374607,0.003063171
43,768,22,0.005616456,0.002577386,0.00303907
43,768,23,0.005586725,0.002371356,0.003215369
43,768,24,0.00458158,0.001487889,0.003093691
43,768,25,0.004680117,0.001579417,0.0031007
43,768,26,0.004758404,0.001493683,0.003264721
43,768,27,0.004482854,0.001254904,0.00322795
43,768,28,0.004890521,0.001625088,0.003265433
43,768,29,0.004753074,0.001239552,0.003513522
43,768,30,0.004713807,0.00120933,0.003504477
43,768,31,0.00472778,0.001145853,0.003581927
43,768,32,0.004576937,0.00094834,0.003628597
43,768,33,0.004770346,0.001190132,0.003580214
43,768,34,0.004736075,0.001081097,0.003654978
43,768,35,0.004398128,0.000857548,0.00354058
43,768,36,0.004674705,0.00110847,0.003566235
43,768,37,0.004653137,0.000902915,0.003750222
43,768,38,0.004600109,0.000990481,0.003609628
43,768,39,0.004747161,0.001021734,0.003725427
43,768,40,0.004630883,0.000817201,0.003813682
43,768,41,0.004698238,0.000902266,0.003795972
43,768,42,0.004629211,0.000788666,0.003840545
43,768,43,0.004598511,0.000764654,0.003833857
43,768,44,0.004748258,0.00088958,0.003858678
43,768,45,0.004582031,0.000700677,0.003881354
43,768,46,0.004572134,0.000693725,0.003878409
43,768,47,0.004648321,0.0008171,0.003831221
43,768,48,0.00449359,0.000595973,0.003897617
43,768,49,0.004524845,0.000762521,0.003762324
43,768,50,0.004658795,0.000800013,0.003858782
43,768,51,0.004494366,0.000711256,0.00378311
43,768,52,0.004600251,0.000795287,0.003804964
43,768,53,0.004591813,0.000817279,0.003774534
43,768,54,0.004641473,0.000862632,0.003778841
43,768,55,0.004565592,0.000813548,0.003752044
43,768,56,0.004481299,0.000763341,0.003717958
43,768,57,0.004584162,0.000880502,0.00370366
43,768,58,0.004662564,0.00092452,0.003738044
43,768,59,0.004612069,0.000950237,0.003661832
43,768,60,0.004783096,0.00103869,0.003744406
43,768,61,0.004672428,0.00099534,0.003677088
43,768,62,0.004539508,0.000862536,0.003676972
43,768,63,0.004719261,0.001033658,0.003685603
43,768,64,0.004600531,0.000848049,0.003752482
43,768,65,0.004745802,0.001044738,0.003701064
43,768,66,0.004674261,0.000909531,0.00376473
43,768,67,0.004792111,0.001011626,0.003780485
43,768,68,0.004435701,0.000703599,0.003732102
43,768,69,0.0046155,0.000909333,0.003706167
43,768,70,0.005098801,0.001398091,0.00370071
43,768,71,0.005494021,0.001880891,0.00361313
43,768,72,0.00463374,0.000813512,0.003820228
43,768,73,0.004576396,0.000758915,0.003817481
43,768,74,0.004550886,0.000776843,0.003774043
43,768,75,0.004555952,0.00088452,0.003671432
43,768,76,0.004439665,0.000783083,0.003656582
43,768,77,0.004272974,0.000713854,0.00355912
43,768,78,0.004565917,0.001053708,0.003512209
43,768,79,0.005571353,0.002026642,0.003544711
43,768,80,0.00497374,0.001395607,0.003578133
43,768,81,0.004750174,0.00101269,0.003737484
43,768,82,0.004345866,0.000616104,0.003729762
43,768,83,0.00426607,0.000612314,0.003653756
43,768,84,0.004596699,0.000953385,0.003643314
43,768,85,0.00465283,0.000906392,0.003746438
43,768,86,0.004528513,0.000803942,0.003724571
43,768,87,0.004447858,0.000881637,0.003566221
43,768,88,0.006045683,0.00257857,0.003467113
43,768,89,0.00518592,0.001596331,0.003589589
43,768,90,0.004865821,0.001301892,0.003563929
43,768,91,0.004929937,0.001304768,0.003625169
43,768,92,0.004406292,0.000932054,0.003474238
43,768,93,0.004433996,0.001041449,0.003392547
43,768,94,0.007105078,0.00338927,0.003715808
43,768,95,0.005014866,0.001274939,0.003739927
43,768,96,0.00423343,0.000440371,0.003793059
43,768,97,0.00405486,0.00049944,0.00355542
43,768,98,0.004327501,0.000887125,0.003440376
43,768,99,0.004313728,0.000846658,0.00346707
43,768,100,0.006026224,0.002783082,0.003243142
43,768,101,0.004692508,0.001377701,0.003314807
43,768,102,0.00398699,0.000701459,0.003285531
43,768,103,0.007486684,0.004304203,0.003182481
43,768,104,0.004598781,0.001234378,0.003364403
43,768,105,0.004388077,0.001016631,0.003371446
43,768,106,0.006300472,0.003057627,0.003242845
43,768,107,0.004671096,0.00144614,0.003224956
43,768,108,0.00410668,0.000667191,0.003439489
43,768,109,0.003836938,0.000523443,0.003313495
43,768,110,0.007775226,0.004616312,0.003158914
44,768,1,0.754869233,0.631551144,0.123318089
44,768,2,0.210589546,0.207571485,0.003018061
44,768,3,0.003621356,0.000529556,0.0030918
44,768,4,0.044968916,0.041941533,0.003027383
44,768,5,0.003889937,0.000782306,0.003107631
44,768,6,0.003555523,0.000422958,0.003132565
44,768,7,0.003507049,0.000384937,0.003122112
44,768,8,0.003638649,0.000513025,0.003125624
44,768,9,0.003578117,0.000404575,0.003173542
44,768,10,0.00361319,0.000507222,0.003105968
44,768,11,0.003705183,0.000573476,0.003131707
44,768,12,0.003842837,0.000677836,0.003165001
44,768,13,0.003735912,0.000612174,0.003123738
44,768,14,0.003751537,0.000610617,0.00314092
44,768,15,0.003690545,0.000512482,0.003178063
44,768,16,0.003707713,0.000516597,0.003191116
44,768,17,0.003615042,0.000503504,0.003111538
44,768,18,0.00350365,0.000363956,0.003139694
44,768,19,0.02738621,0.024275158,0.003111052
44,768,20,0.026724725,0.023649029,0.003075696
44,768,21,0.005395833,0.002340519,0.003055314
44,768,22,0.00515939,0.002111857,0.003047533
44,768,23,0.004661328,0.001599205,0.003062123
44,768,24,0.004766715,0.001679603,0.003087112
44,768,25,0.004500291,0.001346292,0.003153999
44,768,26,0.004610038,0.00147835,0.003131688
44,768,27,0.004873331,0.001610059,0.003263272
44,768,28,0.004682706,0.00135353,0.003329176
44,768,29,0.004784194,0.001360472,0.003423722
44,768,30,0.004670621,0.00120149,0.003469131
44,768,31,0.004518492,0.001061988,0.003456504
44,768,32,0.004843161,0.001333859,0.003509302
44,768,33,0.00468593,0.001170538,0.003515392
44,768,34,0.004597869,0.001112866,0.003485003
44,768,35,0.004709384,0.001231886,0.003477498
44,768,36,0.004505087,0.001017787,0.0034873
44,768,37,0.0047195,0.001246637,0.003472863
44,768,38,0.004673431,0.001126512,0.003546919
44,768,39,0.004651391,0.000977202,0.003674189
44,768,40,0.004688409,0.001076883,0.003611526
44,768,41,0.00464467,0.000932974,0.003711696
44,768,42,0.004562716,0.000872008,0.003690708
44,768,43,0.004749386,0.001066305,0.003683081
44,768,44,0.004567702,0.000858546,0.003709156
44,768,45,0.004496502,0.00083645,0.003660052
44,768,46,0.004813697,0.001086243,0.003727454
44,768,47,0.004534189,0.000795913,0.003738276
44,768,48,0.004477193,0.000737546,0.003739647
44,768,49,0.004702931,0.000916888,0.003786043
44,768,50,0.004565157,0.000823819,0.003741338
44,768,51,0.004562004,0.000813044,0.00374896
44,768,52,0.004529281,0.000807563,0.003721718
44,768,53,0.00467173,0.000979843,0.003691887
44,768,54,0.004584582,0.000849033,0.003735549
44,768,55,0.004566551,0.000841199,0.003725352
44,768,56,0.004633675,0.000866815,0.00376686
44,768,57,0.004498732,0.000703437,0.003795295
44,768,58,0.004713268,0.000975058,0.00373821
44,768,59,0.004715464,0.000974124,0.00374134
44,768,60,0.00472466,0.00092836,0.0037963
44,768,61,0.004448498,0.00072649,0.003722008
44,768,62,0.004615058,0.000837791,0.003777267
44,768,63,0.004459854,0.000779163,0.003680691
44,768,64,0.004702282,0.001000787,0.003701495
44,768,65,0.004585504,0.00086445,0.003721054
44,768,66,0.00478143,0.001050197,0.003731233
44,768,67,0.004865821,0.001014199,0.003851622
44,768,68,0.004410281,0.000631213,0.003779068
44,768,69,0.005476968,0.001875671,0.003601297
44,768,70,0.00519007,0.001623554,0.003566516
44,768,71,0.004753584,0.001065419,0.003688165
44,768,72,0.004486736,0.00075257,0.003734166
44,768,73,0.004417488,0.000768946,0.003648542
44,768,74,0.004565468,0.000843973,0.003721495
44,768,75,0.004587739,0.000984019,0.00360372
44,768,76,0.004458228,0.000877106,0.003581122
44,768,77,0.004231096,0.000751353,0.003479743
44,768,78,0.005801807,0.002318992,0.003482815
44,768,79,0.00527498,0.001700373,0.003574607
44,768,80,0.00472362,0.001001228,0.003722392
44,768,81,0.004390707,0.000671248,0.003719459
44,768,82,0.004236613,0.000562163,0.00367445
44,768,83,0.00443958,0.00074384,0.00369574
44,768,84,0.004436174,0.000841179,0.003594995
44,768,85,0.004629174,0.001053731,0.003575443
44,768,86,0.00459348,0.000951895,0.003641585
44,768,87,0.004465706,0.000988,0.003477706
44,768,88,0.004429541,0.001049221,0.00338032
44,768,89,0.005955468,0.002503709,0.003451759
44,768,90,0.005322764,0.001642676,0.003680088
44,768,91,0.004832535,0.001163245,0.00366929
44,768,92,0.004263605,0.000844278,0.003419327
44,768,93,0.004591774,0.001228873,0.003362901
44,768,94,0.004749996,0.001374854,0.003375142
44,768,95,0.006384008,0.002800758,0.00358325
44,768,96,0.004883024,0.001228567,0.003654457
44,768,97,0.004266645,0.000673539,0.003593106
44,768,98,0.004194119,0.000832565,0.003361554
44,768,99,0.004315532,0.000846769,0.003468763
44,768,100,0.00429637,0.000880529,0.003415841
44,768,101,0.005786406,0.002445162,0.003341244
44,768,102,0.004524163,0.001308877,0.003215286
44,768,103,0.004607823,0.001209167,0.003398656
44,768,104,0.007276722,0.004013505,0.003263217
44,768,105,0.00527801,0.001990262,0.003287748
44,768,106,0.004314679,0.000927708,0.003386971
44,768,107,0.005436135,0.002178392,0.003257743
44,768,108,0.004791573,0.001332745,0.003458828
44,768,109,0.008058936,0.004918468,0.003140468
44,768,110,0.004371837,0.001158416,0.003213421
45,768,1,0.753366359,0.630690119,0.12267624
45,768,2,0.17695861,0.173936224,0.003022386
45,768,3,0.066774376,0.063745748,0.003028628
45,768,4,0.003787799,0.000657914,0.003129885
45,768,5,0.003591531,0.000412129,0.003179402
45,768,6,0.003521971,0.000401576,0.003120395
45,768,7,0.003582548,0.000424261,0.003158287
45,768,8,0.003543668,0.000429162,0.003114506
45,768,9,0.003623749,0.000475344,0.003148405
45,768,10,0.003682322,0.000511537,0.003170785
45,768,11,0.003824329,0.000709884,0.003114445
45,768,12,0.003783531,0.000675485,0.003108046
45,768,13,0.003711425,0.000550288,0.003161137
45,768,14,0.003721963,0.000486028,0.003235935
45,768,15,0.003659513,0.000507375,0.003152138
45,768,16,0.003713278,0.000554669,0.003158609
45,768,17,0.003561961,0.00037523,0.003186731
45,768,18,0.027012939,0.023937256,0.003075683
45,768,19,0.026827051,0.023758832,0.003068219
45,768,20,0.005129419,0.002073394,0.003056025
45,768,21,0.005081979,0.002031856,0.003050123
45,768,22,0.004570295,0.001515247,0.003055048
45,768,23,0.004657211,0.001589248,0.003067963
45,768,24,0.004591897,0.001487149,0.003104748
45,768,25,0.004535687,0.001435039,0.003100648
45,768,26,0.004816663,0.001678874,0.003137789
45,768,27,0.004668835,0.001474712,0.003194123
45,768,28,0.004734089,0.001482006,0.003252083
45,768,29,0.004872231,0.001453761,0.00341847
45,768,30,0.004610146,0.001179006,0.00343114
45,768,31,0.004693299,0.001189876,0.003503423
45,768,32,0.004714722,0.001150305,0.003564417
45,768,33,0.00455569,0.001006109,0.003549581
45,768,34,0.004834645,0.001304947,0.003529698
45,768,35,0.004509015,0.000910617,0.003598398
45,768,36,0.004799375,0.001252245,0.00354713
45,768,37,0.004519962,0.00095778,0.003562182
45,768,38,0.004630792,0.001049771,0.003581021
45,768,39,0.004656038,0.001004057,0.003651981
45,768,40,0.004715501,0.000987519,0.003727982
45,768,41,0.004558809,0.00082321,0.003735599
45,768,42,0.004590364,0.00093547,0.003654894
45,768,43,0.004666705,0.00096176,0.003704945
45,768,44,0.004545466,0.000842613,0.003702853
45,768,45,0.004644853,0.000930797,0.003714056
45,768,46,0.004630556,0.000846617,0.003783939
45,768,47,0.004488172,0.000759646,0.003728526
45,768,48,0.004704534,0.000925915,0.003778619
45,768,49,0.004520414,0.000715681,0.003804733
45,768,50,0.004579851,0.000786122,0.003793729
45,768,51,0.004595293,0.000756466,0.003838827
45,768,52,0.004607187,0.000837185,0.003770002
45,768,53,0.004617822,0.000805246,0.003812576
45,768,54,0.004566168,0.000751552,0.003814616
45,768,55,0.004518129,0.000706685,0.003811444
45,768,56,0.004635841,0.000780696,0.003855145
45,768,57,0.004557406,0.000776774,0.003780632
45,768,58,0.004780323,0.000928691,0.003851632
45,768,59,0.004533071,0.000751403,0.003781668
45,768,60,0.004588221,0.000752008,0.003836213
45,768,61,0.004514393,0.0007283,0.003786093
45,768,62,0.004674774,0.000850611,0.003824163
45,768,63,0.004505436,0.000738421,0.003767015
45,768,64,0.004655704,0.000852622,0.003803082
45,768,65,0.004596682,0.000845828,0.003750854
45,768,66,0.00490588,0.001024907,0.003880973
45,768,67,0.004373864,0.000543616,0.003830248
45,768,68,0.005972936,0.002261448,0.003711488
45,768,69,0.004811297,0.001154802,0.003656495
45,768,70,0.004751318,0.001155499,0.003595819
45,768,71,0.00466728,0.000931737,0.003735543
45,768,72,0.004452309,0.00068031,0.003771999
45,768,73,0.004568721,0.000732094,0.003836627
45,768,74,0.004594181,0.000859945,0.003734236
45,768,75,0.004555186,0.00083576,0.003719426
45,768,76,0.004405802,0.00072547,0.003680332
45,768,77,0.005732226,0.002142559,0.003589667
45,768,78,0.005222577,0.00152354,0.003699037
45,768,79,0.004438049,0.000768552,0.003669497
45,768,80,0.004533073,0.00081216,0.003720913
45,768,81,0.004223231,0.000525444,0.003697787
45,768,82,0.004301816,0.000620624,0.003681192
45,768,83,0.004524888,0.00086638,0.003658508
45,768,84,0.004674174,0.001031353,0.003642821
45,768,85,0.004628376,0.000870211,0.003758165
45,768,86,0.004317074,0.000682403,0.003634671
45,768,87,0.004466827,0.000883142,0.003583685
45,768,88,0.005011141,0.001569021,0.00344212
45,768,89,0.005066309,0.001463347,0.003602962
45,768,90,0.005358936,0.001706091,0.003652845
45,768,91,0.004927996,0.001379594,0.003548402
45,768,92,0.004948905,0.001441719,0.003507186
45,768,93,0.004207474,0.000782036,0.003425438
45,768,94,0.006220253,0.002559681,0.003660572
45,768,95,0.005367966,0.001566549,0.003801417
45,768,96,0.004267282,0.000534159,0.003733123
45,768,97,0.004187865,0.000581939,0.003605926
45,768,98,0.004354959,0.000916189,0.00343877
45,768,99,0.004289233,0.000821661,0.003467572
45,768,100,0.004176155,0.000799555,0.0033766
45,768,101,0.004388378,0.000963443,0.003424935
45,768,102,0.005134103,0.001762304,0.003371799
45,768,103,0.004948631,0.001454278,0.003494353
45,768,104,0.004742539,0.001353599,0.00338894
45,768,105,0.006729463,0.003441813,0.00328765
45,768,106,0.005233163,0.001974941,0.003258222
45,768,107,0.004364817,0.001089448,0.003275369
45,768,108,0.007315074,0.003993307,0.003321767
45,768,109,0.004040051,0.000700036,0.003340015
45,768,110,0.006729866,0.003573389,0.003156477
46,768,1,0.782343792,0.659407166,0.122936626
46,768,2,0.255197141,0.25217341,0.003023731
46,768,3,0.003678731,0.000511162,0.003167569
46,768,4,0.003541467,0.000428507,0.00311296
46,768,5,0.003556801,0.000397228,0.003159573
46,768,6,0.003505288,0.000399871,0.003105417
46,768,7,0.003554941,0.000391804,0.003163137
46,768,8,0.00350889,0.000397526,0.003111364
46,768,9,0.003555202,0.000411837,0.003143365
46,768,10,0.003877703,0.00073473,0.003142973
46,768,11,0.003938594,0.000779799,0.003158795
46,768,12,0.003660711,0.000543251,0.00311746
46,768,13,0.003728839,0.000582207,0.003146632
46,768,14,0.003726848,0.000532032,0.003194816
46,768,15,0.003566798,0.000406988,0.00315981
46,768,16,0.003656634,0.000491118,0.003165516
46,768,17,0.026825605,0.023753624,0.003071981
46,768,18,0.027251859,0.024191568,0.003060291
46,768,19,0.004896031,0.001809337,0.003086694
46,768,20,0.004698078,0.001515813,0.003182265
46,768,21,0.004455424,0.001405037,0.003050387
46,768,22,0.004682812,0.001532188,0.003150624
46,768,23,0.004458888,0.001359908,0.00309898
46,768,24,0.004605619,0.001414276,0.003191343
46,768,25,0.004386896,0.001220404,0.003166492
46,768,26,0.004733559,0.00150175,0.003231809
46,768,27,0.004311331,0.001073282,0.003238049
46,768,28,0.004899287,0.001647644,0.003251643
46,768,29,0.004900859,0.001503079,0.00339778
46,768,30,0.004948615,0.001518032,0.003430583
46,768,31,0.004549637,0.001041294,0.003508343
46,768,32,0.004653293,0.001132246,0.003521047
46,768,33,0.004819207,0.001320986,0.003498221
46,768,34,0.004646207,0.001078225,0.003567982
46,768,35,0.004795292,0.001243134,0.003552158
46,768,36,0.004571131,0.000986419,0.003584712
46,768,37,0.004564847,0.000962868,0.003601979
46,768,38,0.004578683,0.001051977,0.003526706
46,768,39,0.004591345,0.000917526,0.003673819
46,768,40,0.004688504,0.001023501,0.003665003
46,768,41,0.004516491,0.000709464,0.003807027
46,768,42,0.00451843,0.000799553,0.003718877
46,768,43,0.004528123,0.000691011,0.003837112
46,768,44,0.004584262,0.000765774,0.003818488
46,768,45,0.00447586,0.000681738,0.003794122
46,768,46,0.004604122,0.000783486,0.003820636
46,768,47,0.004473225,0.000723016,0.003750209
46,768,48,0.004636996,0.000790222,0.003846774
46,768,49,0.004588178,0.000747798,0.00384038
46,768,50,0.004674613,0.000857456,0.003817157
46,768,51,0.004481526,0.000623567,0.003857959
46,768,52,0.00474699,0.000990781,0.003756209
46,768,53,0.004652099,0.000809843,0.003842256
46,768,54,0.004676154,0.000879114,0.00379704
46,768,55,0.004616206,0.000772502,0.003843704
46,768,56,0.004735841,0.000974071,0.00376177
46,768,57,0.004679383,0.000774649,0.003904734
46,768,58,0.004521964,0.000795986,0.003725978
46,768,59,0.004700825,0.000832545,0.00386828
46,768,60,0.004508466,0.000754886,0.00375358
46,768,61,0.004735742,0.000876351,0.003859391
46,768,62,0.004493919,0.000680899,0.00381302
46,768,63,0.004757841,0.000904737,0.003853104
46,768,64,0.004578242,0.000814289,0.003763953
46,768,65,0.004841637,0.000892952,0.003948685
46,768,66,0.004399453,0.000631803,0.00376765
46,768,67,0.004779723,0.000801406,0.003978317
46,768,68,0.004357601,0.000611092,0.003746509
46,768,69,0.004895271,0.001115975,0.003779296
46,768,70,0.004909715,0.001220384,0.003689331
46,768,71,0.004910917,0.001095341,0.003815576
46,768,72,0.004532516,0.000684195,0.003848321
46,768,73,0.004489017,0.000674493,0.003814524
46,768,74,0.004673377,0.000904083,0.003769294
46,768,75,0.004812291,0.000972006,0.003840285
46,768,76,0.006026446,0.002511185,0.003515261
46,768,77,0.004950122,0.001364589,0.003585533
46,768,78,0.004458344,0.000847395,0.003610949
46,768,79,0.004676948,0.001031696,0.003645252
46,768,80,0.004317724,0.000652387,0.003665337
46,768,81,0.004235092,0.000531942,0.00370315
46,768,82,0.004999881,0.001305879,0.003694002
46,768,83,0.004517782,0.000877879,0.003639903
46,768,84,0.004356996,0.000727601,0.003629395
46,768,85,0.004597259,0.000827549,0.00376971
46,768,86,0.004300703,0.000683727,0.003616976
46,768,87,0.005568791,0.002225986,0.003342805
46,768,88,0.004848233,0.001367507,0.003480726
46,768,89,0.004796335,0.001271527,0.003524808
46,768,90,0.004961703,0.001337234,0.003624469
46,768,91,0.005080395,0.001523278,0.003557117
46,768,92,0.00440415,0.000945128,0.003459022
46,768,93,0.004612384,0.0011084,0.003503984
46,768,94,0.004874228,0.001417253,0.003456975
46,768,95,0.004968963,0.001289339,0.003679624
46,768,96,0.004993433,0.001297387,0.003696046
46,768,97,0.004358013,0.000717563,0.00364045
46,768,98,0.004321047,0.000851582,0.003469465
46,768,99,0.004353007,0.00083481,0.003518197
46,768,100,0.004193149,0.000796929,0.00339622
46,768,101,0.004431242,0.00098994,0.003441302
46,768,102,0.004248442,0.00089823,0.003350212
46,768,103,0.00512819,0.001671894,0.003456296
46,768,104,0.007884827,0.004575706,0.003309121
46,768,105,0.004506477,0.001097899,0.003408578
46,768,106,0.003998942,0.000667747,0.003331195
46,768,107,0.004895622,0.001737231,0.003158391
46,768,108,0.004371878,0.001039191,0.003332687
46,768,109,0.007190903,0.00388977,0.003301133
46,768,110,0.004170918,0.000843947,0.003326971
47,768,1,0.754279245,0.634234495,0.12004475
47,768,2,0.080552472,0.077476826,0.003075646
47,768,3,0.057079873,0.053993635,0.003086238
47,768,4,0.003715027,0.000535503,0.003179524
47,768,5,0.003640083,0.000414874,0.003225209
47,768,6,0.0035363,0.000368888,0.003167412
47,768,7,0.003571219,0.00036731,0.003203909
47,768,8,0.003527747,0.00037204,0.003155707
47,768,9,0.003571566,0.000365377,0.003206189
47,768,10,0.003567485,0.000422014,0.003145471
47,768,11,0.00391364,0.00075559,0.00315805
47,768,12,0.003813266,0.000632844,0.003180422
47,768,13,0.00367973,0.000471206,0.003208524
47,768,14,0.003692508,0.00050172,0.003190788
47,768,15,0.003688323,0.000497555,0.003190768
47,768,16,0.027500318,0.024266279,0.003234039
47,768,17,0.027233195,0.024132091,0.003101104
47,768,18,0.00495142,0.001837305,0.003114115
47,768,19,0.004398778,0.001263727,0.003135051
47,768,20,0.004349289,0.001115652,0.003233637
47,768,21,0.00432731,0.001127726,0.003199584
47,768,22,0.004335692,0.001160609,0.003175083
47,768,23,0.00466201,0.00143852,0.00322349
47,768,24,0.004502749,0.001291439,0.00321131
47,768,25,0.004654371,0.001488515,0.003165856
47,768,26,0.004533562,0.001201147,0.003332415
47,768,27,0.00453204,0.001246178,0.003285862
47,768,28,0.004608516,0.001222825,0.003385691
47,768,29,0.00471883,0.001276183,0.003442647
47,768,30,0.004666034,0.001170802,0.003495232
47,768,31,0.004929511,0.001348642,0.003580869
47,768,32,0.004251767,0.000746747,0.00350502
47,768,33,0.00500039,0.001440674,0.003559716
47,768,34,0.004553432,0.000993153,0.003560279
47,768,35,0.004539434,0.000951788,0.003587646
47,768,36,0.004622395,0.00101468,0.003607715
47,768,37,0.004584795,0.000916473,0.003668322
47,768,38,0.004685935,0.001136659,0.003549276
47,768,39,0.00455676,0.000822129,0.003734631
47,768,40,0.004556587,0.000822252,0.003734335
47,768,41,0.004526254,0.000713369,0.003812885
47,768,42,0.004628489,0.000883006,0.003745483
47,768,43,0.004668658,0.000915276,0.003753382
47,768,44,0.004392274,0.000680774,0.0037115
47,768,45,0.004657046,0.000801457,0.003855589
47,768,46,0.004413738,0.000666766,0.003746972
47,768,47,0.004915036,0.001170367,0.003744669
47,768,48,0.004461962,0.000721316,0.003740646
47,768,49,0.004771983,0.000981511,0.003790472
47,768,50,0.004528252,0.0008136,0.003714652
47,768,51,0.004847626,0.001155564,0.003692062
47,768,52,0.004650577,0.000901095,0.003749482
47,768,53,0.004682327,0.00095971,0.003722617
47,768,54,0.004607267,0.00088929,0.003717977
47,768,55,0.004893199,0.001228562,0.003664637
47,768,56,0.004637969,0.000911173,0.003726796
47,768,57,0.004642056,0.000993794,0.003648262
47,768,58,0.004545827,0.000870261,0.003675566
47,768,59,0.00449999,0.000862076,0.003637914
47,768,60,0.004684491,0.00101582,0.003668671
47,768,61,0.004596361,0.000823712,0.003772649
47,768,62,0.004522622,0.000874768,0.003647854
47,768,63,0.004619619,0.00090732,0.003712299
47,768,64,0.00454084,0.000892005,0.003648835
47,768,65,0.004701217,0.001007444,0.003693773
47,768,66,0.004541183,0.000761225,0.003779958
47,768,67,0.004677253,0.000884922,0.003792331
47,768,68,0.004601794,0.000868694,0.0037331
47,768,69,0.004645513,0.000861369,0.003784144
47,768,70,0.005042187,0.001342946,0.003699241
47,768,71,0.00463361,0.000863698,0.003769912
47,768,72,0.004427249,0.000708808,0.003718441
47,768,73,0.004533877,0.000804828,0.003729049
47,768,74,0.00452632,0.000812911,0.003713409
47,768,75,0.004772672,0.001023766,0.003748906
47,768,76,0.004745111,0.001094626,0.003650485
47,768,77,0.005633722,0.00200823,0.003625492
47,768,78,0.005035424,0.00144007,0.003595354
47,768,79,0.004549128,0.000823306,0.003725822
47,768,80,0.004542688,0.00081036,0.003732328
47,768,81,0.005411337,0.001814371,0.003596966
47,768,82,0.004620165,0.000982577,0.003637588
47,768,83,0.004386283,0.00069862,0.003687663
47,768,84,0.00432396,0.000695432,0.003628528
47,768,85,0.00449988,0.000812071,0.003687809
47,768,86,0.005964152,0.002482823,0.003481329
47,768,87,0.004760879,0.001302463,0.003458416
47,768,88,0.004755596,0.001278283,0.003477313
47,768,89,0.004477033,0.000913793,0.00356324
47,768,90,0.004818446,0.001268663,0.003549783
47,768,91,0.004843119,0.001316231,0.003526888
47,768,92,0.004656883,0.001199497,0.003457386
47,768,93,0.00442931,0.000910252,0.003519058
47,768,94,0.004599467,0.001008573,0.003590894
47,768,95,0.004266662,0.000738633,0.003528029
47,768,96,0.004425356,0.000830693,0.003594663
47,768,97,0.004947897,0.001367469,0.003580428
47,768,98,0.004334337,0.000916115,0.003418222
47,768,99,0.004313888,0.000879481,0.003434407
47,768,100,0.004646848,0.001233354,0.003413494
47,768,101,0.004854827,0.001496463,0.003358364
47,768,102,0.004713537,0.001340046,0.003373491
47,768,103,0.007711399,0.004506243,0.003205156
47,768,104,0.004796577,0.001494636,0.003301941
47,768,105,0.004289654,0.000858737,0.003430917
47,768,106,0.00401354,0.00065846,0.00335508
47,768,107,0.004422443,0.001172337,0.003250106
47,768,108,0.004606995,0.001275116,0.003331879
47,768,109,0.005033755,0.001698246,0.003335509
47,768,110,0.005875967,0.002663981,0.003211986
48,768,1,0.763633052,0.640324498,0.123308554
48,768,2,0.003566741,0.000453804,0.003112937
48,768,3,0.003506101,0.000375642,0.003130459
48,768,4,0.056421175,0.053391747,0.003029428
48,768,5,0.003808972,0.000673697,0.003135275
48,768,6,0.003579867,0.000424817,0.00315505
48,768,7,0.003525745,0.000424031,0.003101714
48,768,8,0.003554345,0.000410764,0.003143581
48,768,9,0.003606122,0.00044327,0.003162852
48,768,10,0.003615247,0.000494254,0.003120993
48,768,11,0.003813547,0.000674004,0.003139543
48,768,12,0.003787576,0.000616049,0.003171527
48,768,13,0.003732068,0.000581506,0.003150562
48,768,14,0.003734877,0.000604792,0.003130085
48,768,15,0.028049134,0.024948127,0.003101007
48,768,16,0.027373908,0.023932204,0.003441704
48,768,17,0.004940877,0.001449278,0.003491599
48,768,18,0.004366786,0.000958027,0.003408759
48,768,19,0.0040833,0.000732392,0.003350908
48,768,20,0.00414854,0.000910215,0.003238325
48,768,21,0.004211062,0.001003086,0.003207976
48,768,22,0.004686124,0.001439962,0.003246162
48,768,23,0.004544058,0.001284449,0.003259609
48,768,24,0.004431081,0.001243469,0.003187612
48,768,25,0.004719362,0.001361884,0.003357478
48,768,26,0.004430219,0.001165869,0.00326435
48,768,27,0.004779475,0.001255056,0.003524419
48,768,28,0.004583668,0.001128154,0.003455514
48,768,29,0.004627127,0.0010773,0.003549827
48,768,30,0.004665431,0.001108844,0.003556587
48,768,31,0.004547058,0.001016312,0.003530746
48,768,32,0.004884778,0.001255144,0.003629634
48,768,33,0.004522375,0.00094357,0.003578805
48,768,34,0.004636632,0.001046425,0.003590207
48,768,35,0.004583622,0.000992066,0.003591556
48,768,36,0.004524232,0.000918067,0.003606165
48,768,37,0.004894443,0.001122879,0.003771564
48,768,38,0.004248739,0.000677923,0.003570816
48,768,39,0.004652942,0.00103359,0.003619352
48,768,40,0.004457586,0.000758773,0.003698813
48,768,41,0.004599626,0.000906148,0.003693478
48,768,42,0.004666419,0.000989122,0.003677297
48,768,43,0.004363738,0.000736322,0.003627416
48,768,44,0.004645489,0.000990798,0.003654691
48,768,45,0.004572867,0.000873988,0.003698879
48,768,46,0.004659599,0.00103482,0.003624779
48,768,47,0.004720916,0.001019407,0.003701509
48,768,48,0.004700401,0.000934512,0.003765889
48,768,49,0.00462386,0.000887226,0.003736634
48,768,50,0.004831502,0.00103607,0.003795432
48,768,51,0.004603657,0.000843016,0.003760641
48,768,52,0.004647264,0.000923294,0.00372397
48,768,53,0.004713411,0.000966144,0.003747267
48,768,54,0.004949006,0.001065058,0.003883948
48,768,55,0.004552068,0.000759222,0.003792846
48,768,56,0.004747946,0.000820939,0.003927007
48,768,57,0.004497941,0.000735506,0.003762435
48,768,58,0.004549555,0.000774861,0.003774694
48,768,59,0.004653863,0.000904465,0.003749398
48,768,60,0.004489824,0.000710161,0.003779663
48,768,61,0.004559865,0.000907522,0.003652343
48,768,62,0.00463513,0.00087984,0.00375529
48,768,63,0.00452825,0.000832552,0.003695698
48,768,64,0.004610867,0.000889801,0.003721066
48,768,65,0.004587436,0.000885577,0.003701859
48,768,66,0.004449299,0.000693963,0.003755336
48,768,67,0.004715006,0.000877754,0.003837252
48,768,68,0.004469632,0.000774144,0.003695488
48,768,69,0.004789457,0.000947786,0.003841671
48,768,70,0.004495236,0.000795144,0.003700092
48,768,71,0.004642139,0.00091351,0.003728629
48,768,72,0.004641731,0.000922019,0.003719712
48,768,73,0.004571818,0.000880549,0.003691269
48,768,74,0.004831898,0.001066888,0.00376501
48,768,75,0.004910585,0.001162266,0.003748319
48,768,76,0.005014432,0.001229935,0.003784497
48,768,77,0.004439271,0.000606523,0.003832748
48,768,78,0.004481946,0.000714551,0.003767395
48,768,79,0.004977609,0.001222163,0.003755446
48,768,80,0.006506485,0.002828671,0.003677814
48,768,81,0.004586465,0.000827375,0.00375909
48,768,82,0.004310077,0.000528542,0.003781535
48,768,83,0.00429564,0.000547217,0.003748423
48,768,84,0.004333734,0.000561996,0.003771738
48,768,85,0.006389814,0.002504577,0.003885237
48,768,86,0.004796284,0.000855904,0.00394038
48,768,87,0.004713788,0.000773489,0.003940299
48,768,88,0.004394538,0.000487849,0.003906689
48,768,89,0.004479375,0.00060493,0.003874445
48,768,90,0.004896529,0.001072068,0.003824461
48,768,91,0.005013407,0.001083106,0.003930301
48,768,92,0.004360506,0.000549548,0.003810958
48,768,93,0.004489703,0.000569371,0.003920332
48,768,94,0.004333503,0.000568469,0.003765034
48,768,95,0.004327266,0.000570128,0.003757138
48,768,96,0.004239099,0.000539228,0.003699871
48,768,97,0.004140722,0.000493843,0.003646879
48,768,98,0.004633733,0.000925046,0.003708687
48,768,99,0.005437996,0.001774233,0.003663763
48,768,100,0.00489723,0.001239461,0.003657769
48,768,101,0.004537674,0.000900499,0.003637175
48,768,102,0.007742304,0.004074473,0.003667831
48,768,103,0.004759864,0.001127593,0.003632271
48,768,104,0.00437847,0.000786935,0.003591535
48,768,105,0.004051592,0.000538888,0.003512704
48,768,106,0.004578921,0.001108435,0.003470486
48,768,107,0.004577237,0.000949064,0.003628173
48,768,108,0.004999442,0.001501645,0.003497797
48,768,109,0.004605875,0.000970592,0.003635283
48,768,110,0.009081356,0.005428023,0.003653333
49,768,1,0.751863717,0.627852758,0.124010959
49,768,2,0.059297356,0.056254966,0.00304239
49,768,3,0.003746391,0.000595626,0.003150765
49,768,4,0.016294772,0.012985162,0.00330961
49,768,5,0.043496613,0.040458695,0.003037918
49,768,6,0.003794732,0.000689977,0.003104755
49,768,7,0.003661859,0.000529554,0.003132305
49,768,8,0.003484111,0.000375702,0.003108409
49,768,9,0.003652938,0.000523517,0.003129421
49,768,10,0.003682629,0.000540274,0.003142355
49,768,11,0.003801174,0.000631615,0.003169559
49,768,12,0.003700137,0.000584584,0.003115553
49,768,13,0.003771991,0.000626011,0.00314598
49,768,14,0.003787083,0.000643686,0.003143397
49,768,15,0.051981517,0.048551134,0.003430383
49,768,16,0.004967836,0.001610344,0.003357492
49,768,17,0.004486361,0.001068914,0.003417447
49,768,18,0.004029101,0.0007097,0.003319401
49,768,19,0.004048339,0.000796187,0.003252152
49,768,20,0.004282403,0.000986565,0.003295838
49,768,21,0.004326047,0.00108679,0.003239257
49,768,22,0.004401571,0.001156687,0.003244884
49,768,23,0.004516393,0.001224097,0.003292296
49,768,24,0.004436566,0.001171236,0.00326533
49,768,25,0.004599649,0.001379131,0.003220518
49,768,26,0.004556343,0.001222566,0.003333777
49,768,27,0.004791541,0.001331727,0.003459814
49,768,28,0.004743017,0.001185585,0.003557432
49,768,29,0.004587919,0.00103014,0.003557779
49,768,30,0.004792281,0.00117845,0.003613831
49,768,31,0.00486078,0.001262345,0.003598435
49,768,32,0.004343315,0.000774373,0.003568942
49,768,33,0.004709031,0.001098493,0.003610538
49,768,34,0.00475844,0.001036856,0.003721584
49,768,35,0.004445032,0.000856472,0.00358856
49,768,36,0.004712491,0.001051603,0.003660888
49,768,37,0.004420585,0.000809038,0.003611547
49,768,38,0.004677215,0.001028178,0.003649037
49,768,39,0.004341681,0.00074871,0.003592971
49,768,40,0.00451229,0.000891644,0.003620646
49,768,41,0.004826704,0.001308421,0.003518283
49,768,42,0.004456898,0.000905743,0.003551155
49,768,43,0.004624436,0.001082234,0.003542202
49,768,44,0.004397584,0.000774258,0.003623326
49,768,45,0.004687238,0.001145182,0.003542056
49,768,46,0.004670028,0.001026981,0.003643047
49,768,47,0.004603238,0.000956826,0.003646412
49,768,48,0.00470458,0.00106162,0.00364296
49,768,49,0.004922515,0.00132494,0.003597575
49,768,50,0.004542251,0.000812298,0.003729953
49,768,51,0.00482799,0.001130288,0.003697702
49,768,52,0.004693696,0.000913473,0.003780223
49,768,53,0.004843753,0.001034136,0.003809617
49,768,54,0.004567376,0.000728406,0.00383897
49,768,55,0.004670653,0.000822822,0.003847831
49,768,56,0.004687946,0.000826282,0.003861664
49,768,57,0.004483895,0.000734254,0.003749641
49,768,58,0.004692774,0.000841442,0.003851332
49,768,59,0.004441242,0.000712713,0.003728529
49,768,60,0.004700059,0.000889579,0.00381048
49,768,61,0.004508178,0.000762072,0.003746106
49,768,62,0.004694425,0.000948924,0.003745501
49,768,63,0.004490537,0.000742731,0.003747806
49,768,64,0.004622685,0.000854728,0.003767957
49,768,65,0.00444015,0.0007479,0.00369225
49,768,66,0.004584057,0.000810842,0.003773215
49,768,67,0.004492032,0.000801637,0.003690395
49,768,68,0.004534197,0.000815851,0.003718346
49,768,69,0.00454904,0.000847523,0.003701517
49,768,70,0.004579859,0.000823751,0.003756108
49,768,71,0.004483525,0.000773964,0.003709561
49,768,72,0.004598653,0.000885392,0.003713261
49,768,73,0.005038305,0.001393496,0.003644809
49,768,74,0.005004087,0.0013192,0.003684887
49,768,75,0.005069177,0.001303332,0.003765845
49,768,76,0.004342822,0.000569148,0.003773674
49,768,77,0.004568603,0.000836495,0.003732108
49,768,78,0.004331487,0.000638416,0.003693071
49,768,79,0.004815193,0.001061277,0.003753916
49,768,80,0.004486769,0.000707574,0.003779195
49,768,81,0.0058014,0.002128003,0.003673397
49,768,82,0.004630886,0.000903092,0.003727794
49,768,83,0.004331485,0.000602774,0.003728711
49,768,84,0.006922604,0.003098012,0.003824592
49,768,85,0.00468733,0.00084204,0.00384529
49,768,86,0.004549699,0.000646152,0.003903547
49,768,87,0.004588552,0.000668264,0.003920288
49,768,88,0.004353576,0.000445191,0.003908385
49,768,89,0.00445932,0.00066969,0.00378963
49,768,90,0.005001512,0.001148299,0.003853213
49,768,91,0.004913994,0.001012993,0.003901001
49,768,92,0.004431998,0.000595703,0.003836295
49,768,93,0.004328191,0.000515422,0.003812769
49,768,94,0.004395777,0.00064613,0.003749647
49,768,95,0.004277814,0.000530431,0.003747383
49,768,96,0.004171187,0.000513049,0.003658138
49,768,97,0.00425963,0.000659049,0.003600581
49,768,98,0.006109994,0.002446258,0.003663736
49,768,99,0.004866702,0.001169602,0.0036971
49,768,100,0.004685495,0.001001123,0.003684372
49,768,101,0.007678691,0.004025757,0.003652934
49,768,102,0.004201348,0.00054405,0.003657298
49,768,103,0.004785636,0.001143292,0.003642344
49,768,104,0.004197976,0.000609059,0.003588917
49,768,105,0.004441548,0.000958877,0.003482671
49,768,106,0.004699264,0.001169152,0.003530112
49,768,107,0.005274444,0.001732792,0.003541652
49,768,108,0.004138827,0.000673654,0.003465173
49,768,109,0.009391438,0.00583828,0.003553158
49,768,110,0.004550731,0.000924781,0.00362595
50,768,1,0.754856264,0.630470801,0.124385463
50,768,2,0.003565065,0.000457922,0.003107143
50,768,3,0.063237564,0.060158704,0.00307886
50,768,4,0.004166696,0.000715719,0.003450977
50,768,5,0.003673468,0.000445114,0.003228354
50,768,6,0.042331621,0.039300615,0.003031006
50,768,7,0.004030215,0.000870024,0.003160191
50,768,8,0.003555569,0.000454797,0.003100772
50,768,9,0.003553843,0.000400757,0.003153086
50,768,10,0.003791856,0.000623409,0.003168447
50,768,11,0.003687529,0.000572576,0.003114953
50,768,12,0.003808582,0.000674399,0.003134183
50,768,13,0.003699029,0.000555254,0.003143775
50,768,14,0.052412757,0.048960971,0.003451786
50,768,15,0.005043456,0.001557063,0.003486393
50,768,16,0.004458692,0.000947665,0.003511027
50,768,17,0.004097727,0.000635768,0.003461959
50,768,18,0.004063648,0.000674459,0.003389189
50,768,19,0.004141198,0.00085416,0.003287038
50,768,20,0.004070389,0.000807555,0.003262834
50,768,21,0.004310194,0.001077444,0.00323275
50,768,22,0.004552863,0.001219713,0.00333315
50,768,23,0.004454309,0.001158886,0.003295423
50,768,24,0.004501755,0.001245351,0.003256404
50,768,25,0.004642187,0.00127319,0.003368997
50,768,26,0.004543727,0.001213868,0.003329859
50,768,27,0.004744042,0.001324602,0.00341944
50,768,28,0.004869434,0.001275675,0.003593759
50,768,29,0.004574589,0.001007757,0.003566832
50,768,30,0.004856269,0.001146681,0.003709588
50,768,31,0.004350211,0.000765723,0.003584488
50,768,32,0.004855825,0.001209493,0.003646332
50,768,33,0.004607649,0.000860152,0.003747497
50,768,34,0.004540141,0.00087004,0.003670101
50,768,35,0.004753231,0.000995652,0.003757579
50,768,36,0.004483176,0.000739372,0.003743804
50,768,37,0.004605125,0.000825741,0.003779384
50,768,38,0.004297757,0.000625383,0.003672374
50,768,39,0.004649209,0.000918138,0.003731071
50,768,40,0.004951163,0.001208602,0.003742561
50,768,41,0.004407468,0.000720328,0.00368714
50,768,42,0.004683197,0.000902818,0.003780379
50,768,43,0.004300767,0.00062782,0.003672947
50,768,44,0.004685905,0.000997778,0.003688127
50,768,45,0.004611136,0.000927777,0.003683359
50,768,46,0.004632701,0.000924609,0.003708092
50,768,47,0.004685061,0.000898245,0.003786816
50,768,48,0.004989216,0.001163375,0.003825841
50,768,49,0.004454328,0.000616571,0.003837757
50,768,50,0.004831739,0.000864777,0.003966962
50,768,51,0.004637225,0.000673823,0.003963402
50,768,52,0.004805229,0.000796839,0.00400839
50,768,53,0.004547527,0.000634387,0.00391314
50,768,54,0.004690254,0.000646751,0.004043503
50,768,55,0.004620099,0.000629847,0.003990252
50,768,56,0.00458942,0.000611042,0.003978378
50,768,57,0.004600044,0.000600994,0.00399905
50,768,58,0.00456002,0.00058681,0.00397321
50,768,59,0.004645722,0.000604562,0.00404116
50,768,60,0.004604235,0.000584568,0.004019667
50,768,61,0.004631612,0.000607295,0.004024317
50,768,62,0.004554132,0.000578198,0.003975934
50,768,63,0.004525801,0.000616353,0.003909448
50,768,64,0.004552817,0.000631665,0.003921152
50,768,65,0.004536992,0.000615997,0.003920995
50,768,66,0.00447764,0.000680615,0.003797025
50,768,67,0.004554396,0.000673019,0.003881377
50,768,68,0.004493034,0.000718506,0.003774528
50,768,69,0.004473477,0.000680533,0.003792944
50,768,70,0.004534038,0.000757122,0.003776916
50,768,71,0.004509021,0.000710665,0.003798356
50,768,72,0.005053746,0.001347152,0.003706594
50,768,73,0.004700853,0.00090269,0.003798163
50,768,74,0.005131602,0.001345956,0.003785646
50,768,75,0.004736156,0.000770036,0.00396612
50,768,76,0.004572834,0.000631532,0.003941302
50,768,77,0.004350395,0.000507978,0.003842417
50,768,78,0.004501591,0.000679134,0.003822457
50,768,79,0.004590807,0.000724314,0.003866493
50,768,80,0.004596307,0.000735738,0.003860569
50,768,81,0.004541441,0.0007803,0.003761141
50,768,82,0.004690767,0.000940387,0.00375038
50,768,83,0.004616872,0.000900912,0.00371596
50,768,84,0.004641461,0.000845887,0.003795574
50,768,85,0.006899231,0.002908989,0.003990242
50,768,86,0.004996992,0.000912578,0.004084414
50,768,87,0.004652744,0.000590994,0.00406175
50,768,88,0.004486037,0.000479748,0.004006289
50,768,89,0.004341194,0.000478376,0.003862818
50,768,90,0.004902497,0.000968045,0.003934452
50,768,91,0.004973775,0.001018062,0.003955713
50,768,92,0.004400717,0.000510801,0.003889916
50,768,93,0.004387435,0.000542436,0.003844999
50,768,94,0.004358865,0.000554055,0.00380481
50,768,95,0.004387553,0.000657008,0.003730545
50,768,96,0.004210362,0.000505103,0.003705259
50,768,97,0.006017099,0.002426754,0.003590345
50,768,98,0.005074596,0.001466717,0.003607879
50,768,99,0.004712454,0.000977305,0.003735149
50,768,100,0.006727373,0.003103279,0.003624094
50,768,101,0.005091047,0.001385634,0.003705413
50,768,102,0.004837719,0.001172475,0.003665244
50,768,103,0.00435303,0.000684747,0.003668283
50,768,104,0.004582902,0.000960063,0.003622839
50,768,105,0.004637187,0.001108473,0.003528714
50,768,106,0.005248006,0.001640971,0.003607035
50,768,107,0.004352106,0.000746172,0.003605934
50,768,108,0.009257046,0.005659892,0.003597154
50,768,109,0.004516139,0.001002764,0.003513375
50,768,110,0.004683399,0.001047114,0.003636285
51,768,1,0.753548808,0.629827387,0.123721421
51,768,2,0.067608411,0.064555581,0.00305283
51,768,3,0.003575333,0.000415209,0.003160124
51,768,4,0.006359914,0.003029233,0.003330681
51,768,5,0.004018986,0.000778155,0.003240831
51,768,6,0.003563262,0.000390858,0.003172404
51,768,7,0.042200643,0.039180773,0.00301987
51,768,8,0.004047761,0.001026706,0.003021055
51,768,9,0.003708718,0.000537761,0.003170957
51,768,10,0.003627141,0.000524473,0.003102668
51,768,11,0.003919111,0.000798307,0.003120804
51,768,12,0.003804303,0.000666567,0.003137736
51,768,13,0.052611811,0.04905408,0.003557731
51,768,14,0.004958671,0.001547164,0.003411507
51,768,15,0.00450308,0.001055857,0.003447223
51,768,16,0.004178766,0.000705352,0.003473414
51,768,17,0.004104246,0.0006904,0.003413846
51,768,18,0.004157758,0.000808435,0.003349323
51,768,19,0.003966746,0.00068069,0.003286056
51,768,20,0.004049032,0.000807004,0.003242028
51,768,21,0.004371651,0.001183278,0.003188373
51,768,22,0.004435545,0.001212485,0.00322306
51,768,23,0.004503412,0.001263854,0.003239558
51,768,24,0.004423756,0.001162187,0.003261569
51,768,25,0.00470826,0.00126725,0.00344101
51,768,26,0.004518683,0.001110429,0.003408254
51,768,27,0.004831727,0.001249181,0.003582546
51,768,28,0.00491987,0.001317328,0.003602542
51,768,29,0.004714934,0.001044544,0.00367039
51,768,30,0.004613053,0.00090625,0.003706803
51,768,31,0.004478917,0.000820221,0.003658696
51,768,32,0.00459879,0.000959397,0.003639393
51,768,33,0.00479229,0.001111733,0.003680557
51,768,34,0.004546393,0.000830729,0.003715664
51,768,35,0.004495996,0.00080102,0.003694976
51,768,36,0.004636108,0.000931488,0.00370462
51,768,37,0.004421672,0.0007591,0.003662572
51,768,38,0.004835101,0.001146637,0.003688464
51,768,39,0.004795632,0.001056291,0.003739341
51,768,40,0.004469236,0.000794198,0.003675038
51,768,41,0.004599927,0.000895879,0.003704048
51,768,42,0.004371116,0.000715393,0.003655723
51,768,43,0.004783984,0.00115667,0.003627314
51,768,44,0.004612791,0.000920537,0.003692254
51,768,45,0.00466959,0.000938836,0.003730754
51,768,46,0.004631924,0.000913255,0.003718669
51,768,47,0.004983096,0.00117253,0.003810566
51,768,48,0.004438109,0.000677234,0.003760875
51,768,49,0.004629928,0.000875861,0.003754067
51,768,50,0.004716365,0.000877513,0.003838852
51,768,51,0.004658625,0.000902092,0.003756533
51,768,52,0.004761145,0.000854172,0.003906973
51,768,53,0.004533993,0.000685137,0.003848856
51,768,54,0.004609218,0.000667078,0.00394214
51,768,55,0.004433677,0.00058814,0.003845537
51,768,56,0.004628466,0.00070603,0.003922436
51,768,57,0.004672656,0.000802514,0.003870142
51,768,58,0.004571427,0.000587707,0.00398372
51,768,59,0.004444415,0.000595886,0.003848529
51,768,60,0.004583512,0.000617855,0.003965657
51,768,61,0.004423941,0.00061294,0.003811001
51,768,62,0.004502728,0.000640052,0.003862676
51,768,63,0.004556241,0.000704032,0.003852209
51,768,64,0.004520525,0.000696857,0.003823668
51,768,65,0.004700535,0.000865654,0.003834881
51,768,66,0.004625286,0.000847447,0.003777839
51,768,67,0.004688604,0.000846471,0.003842133
51,768,68,0.004480992,0.000729342,0.00375165
51,768,69,0.004730737,0.000908647,0.00382209
51,768,70,0.004534688,0.000745616,0.003789072
51,768,71,0.005264135,0.001419521,0.003844614
51,768,72,0.004395101,0.000716342,0.003678759
51,768,73,0.004556612,0.000869888,0.003686724
51,768,74,0.004879764,0.001091696,0.003788068
51,768,75,0.004963328,0.001062697,0.003900631
51,768,76,0.004357949,0.000539354,0.003818595
51,768,77,0.004533662,0.000714882,0.00381878
51,768,78,0.004499388,0.000793268,0.00370612
51,768,79,0.004693034,0.000912947,0.003780087
51,768,80,0.004632768,0.000869705,0.003763063
51,768,81,0.004580004,0.000871589,0.003708415
51,768,82,0.004584333,0.000849641,0.003734692
51,768,83,0.004635961,0.000962673,0.003673288
51,768,84,0.00487352,0.001121119,0.003752401
51,768,85,0.004654371,0.000824892,0.003829479
51,768,86,0.005793914,0.001834386,0.003959528
51,768,87,0.005231249,0.00119681,0.004034439
51,768,88,0.004460691,0.000521321,0.00393937
51,768,89,0.004328373,0.00050402,0.003824353
51,768,90,0.00488952,0.001066433,0.003823087
51,768,91,0.00481663,0.000952042,0.003864588
51,768,92,0.004717655,0.000876019,0.003841636
51,768,93,0.004593148,0.000757,0.003836148
51,768,94,0.004565861,0.000774706,0.003791155
51,768,95,0.004383823,0.000634258,0.003749565
51,768,96,0.006123252,0.002522116,0.003601136
51,768,97,0.005002342,0.001375043,0.003627299
51,768,98,0.004451025,0.000880021,0.003571004
51,768,99,0.00706303,0.003433337,0.003629693
51,768,100,0.00508682,0.001453941,0.003632879
51,768,101,0.004916459,0.001208961,0.003707498
51,768,102,0.004112626,0.000476665,0.003635961
51,768,103,0.004580661,0.001026163,0.003554498
51,768,104,0.004844304,0.001264493,0.003579811
51,768,105,0.005091461,0.001621815,0.003469646
51,768,106,0.004512369,0.000910844,0.003601525
51,768,107,0.009372674,0.005750112,0.003622562
51,768,108,0.004621282,0.000971029,0.003650253
51,768,109,0.004038946,0.000521137,0.003517809
51,768,110,0.004482272,0.000913521,0.003568751
52,768,1,0.754505332,0.631705421,0.122799911
52,768,2,0.003533612,0.000432089,0.003101523
52,768,3,0.006021881,0.002961327,0.003060554
52,768,4,0.00423181,0.000806972,0.003424838
52,768,5,0.00363076,0.000419249,0.003211511
52,768,6,0.003522765,0.000369346,0.003153419
52,768,7,0.02150781,0.018481084,0.003026726
52,768,8,0.023645777,0.020632101,0.003013676
52,768,9,0.004119517,0.001088992,0.003030525
52,768,10,0.003740136,0.00059461,0.003145526
52,768,11,0.003955404,0.000818017,0.003137387
52,768,12,0.052868473,0.049649269,0.003219204
52,768,13,0.005245145,0.001749036,0.003496109
52,768,14,0.004524544,0.0010471,0.003477444
52,768,15,0.004103431,0.000637292,0.003466139
52,768,16,0.004117478,0.000657359,0.003460119
52,768,17,0.004152345,0.000679252,0.003473093
52,768,18,0.003949973,0.000578604,0.003371369
52,768,19,0.003931344,0.000612079,0.003319265
52,768,20,0.004045843,0.000761232,0.003284611
52,768,21,0.004215642,0.001020098,0.003195544
52,768,22,0.004469729,0.001235378,0.003234351
52,768,23,0.004461243,0.001113737,0.003347506
52,768,24,0.004357188,0.001109472,0.003247716
52,768,25,0.004987646,0.001554338,0.003433308
52,768,26,0.004768431,0.001217223,0.003551208
52,768,27,0.005194676,0.001509923,0.003684753
52,768,28,0.004465619,0.000806945,0.003658674
52,768,29,0.004700069,0.001006528,0.003693541
52,768,30,0.00464494,0.000900022,0.003744918
52,768,31,0.004593612,0.000876823,0.003716789
52,768,32,0.004532381,0.000727254,0.003805127
52,768,33,0.004585507,0.000840232,0.003745275
52,768,34,0.004592494,0.000822729,0.003769765
52,768,35,0.004701536,0.000906969,0.003794567
52,768,36,0.004532773,0.000760889,0.003771884
52,768,37,0.004706168,0.000855705,0.003850463
52,768,38,0.004721261,0.000857514,0.003863747
52,768,39,0.004456883,0.000573473,0.00388341
52,768,40,0.004660715,0.00081644,0.003844275
52,768,41,0.004444321,0.000639523,0.003804798
52,768,42,0.00481662,0.000979312,0.003837308
52,768,43,0.004481045,0.00063901,0.003842035
52,768,44,0.004752759,0.000949329,0.00380343
52,768,45,0.004505676,0.000787396,0.00371828
52,768,46,0.00490947,0.001074407,0.003835063
52,768,47,0.004441812,0.000626355,0.003815457
52,768,48,0.004728964,0.000899354,0.00382961
52,768,49,0.004694872,0.000794162,0.00390071
52,768,50,0.004581436,0.000737902,0.003843534
52,768,51,0.004624749,0.000736494,0.003888255
52,768,52,0.004617322,0.000752805,0.003864517
52,768,53,0.004536125,0.000656533,0.003879592
52,768,54,0.004658765,0.000744355,0.00391441
52,768,55,0.004518839,0.00065775,0.003861089
52,768,56,0.004640484,0.000714851,0.003925633
52,768,57,0.004537464,0.000629464,0.003908
52,768,58,0.004519721,0.000571168,0.003948553
52,768,59,0.004576361,0.00057893,0.003997431
52,768,60,0.004460786,0.000559204,0.003901582
52,768,61,0.00456487,0.000608361,0.003956509
52,768,62,0.004561884,0.000617691,0.003944193
52,768,63,0.00457023,0.000671534,0.003898696
52,768,64,0.004659087,0.000786881,0.003872206
52,768,65,0.004656183,0.000729944,0.003926239
52,768,66,0.004620413,0.000724753,0.00389566
52,768,67,0.004530914,0.000648637,0.003882277
52,768,68,0.004715289,0.000849599,0.00386569
52,768,69,0.004552795,0.000701937,0.003850858
52,768,70,0.004661688,0.000792896,0.003868792
52,768,71,0.0046918,0.000907488,0.003784312
52,768,72,0.004597437,0.000837626,0.003759811
52,768,73,0.004640827,0.000914435,0.003726392
52,768,74,0.004871969,0.001022422,0.003849547
52,768,75,0.004830097,0.000821603,0.004008494
52,768,76,0.004608077,0.000670482,0.003937595
52,768,77,0.004571205,0.00066784,0.003903365
52,768,78,0.004671579,0.000803434,0.003868145
52,768,79,0.004587626,0.00072634,0.003861286
52,768,80,0.004651005,0.000810516,0.003840489
52,768,81,0.004530754,0.000722893,0.003807861
52,768,82,0.004783671,0.000949757,0.003833914
52,768,83,0.00458767,0.00084329,0.00374438
52,768,84,0.004763903,0.00094998,0.003813923
52,768,85,0.004751295,0.000902459,0.003848836
52,768,86,0.004668968,0.000813373,0.003855595
52,768,87,0.004881002,0.000856844,0.004024158
52,768,88,0.004920495,0.000969281,0.003951214
52,768,89,0.004468609,0.000606409,0.0038622
52,768,90,0.005175391,0.001289587,0.003885804
52,768,91,0.005400346,0.001457306,0.00394304
52,768,92,0.004540176,0.000656994,0.003883182
52,768,93,0.004732069,0.000814271,0.003917798
52,768,94,0.004410851,0.000574393,0.003836458
52,768,95,0.006207836,0.002500624,0.003707212
52,768,96,0.004973834,0.001327131,0.003646703
52,768,97,0.004602374,0.000903693,0.003698681
52,768,98,0.006929718,0.003205368,0.00372435
52,768,99,0.005143104,0.001426718,0.003716386
52,768,100,0.004832309,0.000863638,0.003968671
52,768,101,0.004187416,0.000464782,0.003722634
52,768,102,0.004232942,0.000623573,0.003609369
52,768,103,0.004947661,0.001439066,0.003508595
52,768,104,0.005460926,0.00191702,0.003543906
52,768,105,0.004288822,0.00080703,0.003481792
52,768,106,0.009516972,0.006012279,0.003504693
52,768,107,0.004589798,0.000984176,0.003605622
52,768,108,0.004183186,0.000511055,0.003672131
52,768,109,0.004116268,0.000573084,0.003543184
52,768,110,0.006336692,0.002936401,0.003400291
53,768,1,0.753680738,0.630058354,0.123622384
53,768,2,0.06264268,0.059590084,0.003052596
53,768,3,0.003670258,0.000506905,0.003163353
53,768,4,0.006249824,0.002950687,0.003299137
53,768,5,0.004127647,0.000895959,0.003231688
53,768,6,0.022067481,0.019045874,0.003021607
53,768,7,0.003951243,0.000833536,0.003117707
53,768,8,0.011805294,0.008779188,0.003026106
53,768,9,0.014238133,0.011201055,0.003037078
53,768,10,0.004169394,0.001133469,0.003035925
53,768,11,0.053839611,0.050628091,0.00321152
53,768,12,0.004788079,0.001447976,0.003340103
53,768,13,0.004546673,0.001024124,0.003522549
53,768,14,0.004187578,0.00064187,0.003545708
53,768,15,0.004042871,0.000531103,0.003511768
53,768,16,0.004059687,0.000571842,0.003487845
53,768,17,0.00402985,0.000522151,0.003507699
53,768,18,0.003888466,0.000516534,0.003371932
53,768,19,0.003793216,0.000531387,0.003261829
53,768,20,0.00414129,0.000831621,0.003309669
53,768,21,0.004135715,0.000856518,0.003279197
53,768,22,0.004691593,0.001386726,0.003304867
53,768,23,0.004385102,0.00110707,0.003278032
53,768,24,0.004656274,0.001356973,0.003299301
53,768,25,0.004465899,0.001138879,0.00332702
53,768,26,0.004972286,0.001430733,0.003541553
53,768,27,0.004681168,0.001102096,0.003579072
53,768,28,0.004795152,0.001167967,0.003627185
53,768,29,0.004673527,0.000965827,0.0037077
53,768,30,0.004681687,0.000938762,0.003742925
53,768,31,0.004655014,0.000927313,0.003727701
53,768,32,0.004362658,0.000673311,0.003689347
53,768,33,0.004805839,0.001087603,0.003718236
53,768,34,0.004517364,0.000768216,0.003749148
53,768,35,0.004647029,0.000858448,0.003788581
53,768,36,0.004722075,0.000868803,0.003853272
53,768,37,0.004619169,0.000764148,0.003855021
53,768,38,0.00451385,0.000714713,0.003799137
53,768,39,0.00506572,0.00122053,0.00384519
53,768,40,0.004462295,0.000599557,0.003862738
53,768,41,0.004741147,0.00091904,0.003822107
53,768,42,0.004598185,0.000811557,0.003786628
53,768,43,0.00474774,0.000978504,0.003769236
53,768,44,0.004429923,0.000648709,0.003781214
53,768,45,0.004699384,0.001004101,0.003695283
53,768,46,0.004575117,0.000698994,0.003876123
53,768,47,0.004668668,0.000820689,0.003847979
53,768,48,0.00449278,0.000608186,0.003884594
53,768,49,0.004564167,0.000756548,0.003807619
53,768,50,0.004554856,0.000670497,0.003884359
53,768,51,0.004556815,0.000681223,0.003875592
53,768,52,0.004585507,0.000696756,0.003888751
53,768,53,0.004579652,0.000732295,0.003847357
53,768,54,0.004538467,0.000675089,0.003863378
53,768,55,0.004663472,0.000798144,0.003865328
53,768,56,0.004671248,0.000689179,0.003982069
53,768,57,0.004471596,0.000673471,0.003798125
53,768,58,0.004729598,0.000761472,0.003968126
53,768,59,0.004462077,0.000684953,0.003777124
53,768,60,0.00481256,0.000901262,0.003911298
53,768,61,0.004523813,0.000744351,0.003779462
53,768,62,0.004742682,0.000880944,0.003861738
53,768,63,0.004500963,0.000772601,0.003728362
53,768,64,0.004793009,0.000934084,0.003858925
53,768,65,0.004517116,0.000793876,0.00372324
53,768,66,0.004835609,0.000881877,0.003953732
53,768,67,0.004469166,0.00068832,0.003780846
53,768,68,0.004701538,0.000890153,0.003811385
53,768,69,0.004617796,0.000810499,0.003807297
53,768,70,0.00485241,0.000891366,0.003961044
53,768,71,0.004470586,0.000766217,0.003704369
53,768,72,0.004612917,0.000936768,0.003676149
53,768,73,0.004742771,0.001073675,0.003669096
53,768,74,0.004837359,0.001016778,0.003820581
53,768,75,0.004683045,0.000888845,0.0037942
53,768,76,0.004675096,0.000880723,0.003794373
53,768,77,0.004609434,0.000859271,0.003750163
53,768,78,0.004552167,0.000853058,0.003699109
53,768,79,0.004650306,0.000922874,0.003727432
53,768,80,0.004704877,0.000941844,0.003763033
53,768,81,0.004546454,0.000822235,0.003724219
53,768,82,0.004844422,0.000989263,0.003855159
53,768,83,0.004593503,0.000823637,0.003769866
53,768,84,0.004798441,0.001004863,0.003793578
53,768,85,0.00472322,0.000805113,0.003918107
53,768,86,0.004625115,0.000719185,0.00390593
53,768,87,0.004728543,0.000747891,0.003980652
53,768,88,0.004613731,0.00068661,0.003927121
53,768,89,0.004620645,0.000806873,0.003813772
53,768,90,0.005574982,0.00169526,0.003879722
53,768,91,0.005211924,0.001268842,0.003943082
53,768,92,0.004854677,0.000957748,0.003896929
53,768,93,0.004449415,0.000589862,0.003859553
53,768,94,0.006163434,0.002418685,0.003744749
53,768,95,0.005088289,0.001445461,0.003642828
53,768,96,0.004390488,0.000690839,0.003699649
53,768,97,0.006834806,0.003176217,0.003658589
53,768,98,0.00522239,0.001510945,0.003711445
53,768,99,0.004854662,0.001157775,0.003696887
53,768,100,0.004114931,0.000450847,0.003664084
53,768,101,0.004512334,0.00077854,0.003733794
53,768,102,0.004511136,0.000852176,0.00365896
53,768,103,0.005856172,0.002310592,0.00354558
53,768,104,0.004262995,0.000727061,0.003535934
53,768,105,0.009855542,0.006263244,0.003592298
53,768,106,0.004565339,0.001103652,0.003461687
53,768,107,0.004133507,0.000527794,0.003605713
53,768,108,0.004191402,0.000541233,0.003650169
53,768,109,0.005685632,0.00199724,0.003688392
53,768,110,0.004661719,0.001265556,0.003396163
54,768,1,0.754751004,0.630933261,0.123817743
54,768,2,0.00422959,0.001024132,0.003205458
54,768,3,0.065760538,0.062668931,0.003091607
54,768,4,0.004092629,0.00062725,0.003465379
54,768,5,0.022376551,0.019314732,0.003061819
54,768,6,0.00394998,0.000885686,0.003064294
54,768,7,0.011826843,0.008759678,0.003067165
54,768,8,0.00413505,0.001065086,0.003069964
54,768,9,0.003819428,0.000615398,0.00320403
54,768,10,0.064032948,0.060857792,0.003175156
54,768,11,0.004606527,0.001293204,0.003313323
54,768,12,0.004401171,0.000859537,0.003541634
54,768,13,0.004180196,0.000604811,0.003575385
54,768,14,0.004106046,0.000541778,0.003564268
54,768,15,0.004063417,0.000502639,0.003560778
54,768,16,0.00407398,0.000505482,0.003568498
54,768,17,0.003968475,0.000492713,0.003475762
54,768,18,0.003917853,0.000459944,0.003457909
54,768,19,0.003748949,0.000423207,0.003325742
54,768,20,0.004169629,0.00084988,0.003319749
54,768,21,0.004206165,0.000902814,0.003303351
54,768,22,0.004445028,0.001084242,0.003360786
54,768,23,0.004388696,0.001031151,0.003357545
54,768,24,0.00448882,0.001120734,0.003368086
54,768,25,0.00468145,0.001283493,0.003397957
54,768,26,0.004853851,0.0012541,0.003599751
54,768,27,0.004754787,0.001091036,0.003663751
54,768,28,0.004731607,0.001060863,0.003670744
54,768,29,0.004772469,0.00105071,0.003721759
54,768,30,0.004572653,0.00082563,0.003747023
54,768,31,0.004675647,0.000907339,0.003768308
54,768,32,0.004826616,0.001036513,0.003790103
54,768,33,0.00460701,0.000852224,0.003754786
54,768,34,0.004651392,0.000942182,0.00370921
54,768,35,0.004664675,0.000910852,0.003753823
54,768,36,0.004757558,0.000940313,0.003817245
54,768,37,0.004542434,0.000764528,0.003777906
54,768,38,0.004895756,0.001087936,0.00380782
54,768,39,0.004434476,0.000627228,0.003807248
54,768,40,0.004966373,0.001163036,0.003803337
54,768,41,0.004518725,0.000779362,0.003739363
54,768,42,0.004851697,0.001004707,0.00384699
54,768,43,0.004330396,0.000583504,0.003746892
54,768,44,0.004748042,0.000917838,0.003830204
54,768,45,0.004357596,0.000652434,0.003705162
54,768,46,0.004805145,0.000992656,0.003812489
54,768,47,0.004389599,0.000560969,0.00382863
54,768,48,0.004595531,0.000739084,0.003856447
54,768,49,0.00449072,0.000664599,0.003826121
54,768,50,0.004512975,0.000673556,0.003839419
54,768,51,0.004526251,0.000653366,0.003872885
54,768,52,0.004595869,0.000673651,0.003922218
54,768,53,0.004482378,0.000606136,0.003876242
54,768,54,0.004636003,0.000664105,0.003971898
54,768,55,0.004475165,0.000595786,0.003879379
54,768,56,0.00458233,0.000604785,0.003977545
54,768,57,0.004476724,0.000587979,0.003888745
54,768,58,0.004708169,0.000715599,0.00399257
54,768,59,0.004486428,0.000623441,0.003862987
54,768,60,0.004670649,0.000625174,0.004045475
54,768,61,0.00456828,0.000643019,0.003925261
54,768,62,0.004615608,0.00061892,0.003996688
54,768,63,0.004763816,0.000842041,0.003921775
54,768,64,0.004590734,0.000627152,0.003963582
54,768,65,0.004632875,0.000770098,0.003862777
54,768,66,0.004755383,0.000753182,0.004002201
54,768,67,0.004757724,0.000848248,0.003909476
54,768,68,0.004606397,0.000611511,0.003994886
54,768,69,0.004735622,0.000850414,0.003885208
54,768,70,0.00462802,0.000639296,0.003988724
54,768,71,0.004568803,0.000784846,0.003783957
54,768,72,0.004453965,0.000636873,0.003817092
54,768,73,0.004450462,0.000759335,0.003691127
54,768,74,0.004739104,0.0008976,0.003841504
54,768,75,0.00478742,0.000947931,0.003839489
54,768,76,0.004712911,0.000810637,0.003902274
54,768,77,0.004585609,0.000798569,0.00378704
54,768,78,0.004765495,0.00095175,0.003813745
54,768,79,0.004575758,0.000739507,0.003836251
54,768,80,0.004630297,0.000739595,0.003890702
54,768,81,0.004993269,0.001223394,0.003769875
54,768,82,0.005334413,0.001543582,0.003790831
54,768,83,0.004493026,0.000694528,0.003798498
54,768,84,0.004590624,0.00069599,0.003894634
54,768,85,0.004752112,0.000781492,0.00397062
54,768,86,0.004723797,0.000706764,0.004017033
54,768,87,0.004670082,0.000590391,0.004079691
54,768,88,0.00492637,0.000834895,0.004091475
54,768,89,0.005381504,0.001522279,0.003859225
54,768,90,0.005208887,0.00140093,0.003807957
54,768,91,0.005006752,0.000994542,0.00401221
54,768,92,0.004539374,0.000588767,0.003950607
54,768,93,0.006248029,0.002391864,0.003856165
54,768,94,0.005212648,0.001418441,0.003794207
54,768,95,0.004217274,0.000494929,0.003722345
54,768,96,0.00674679,0.003122392,0.003624398
54,768,97,0.005218413,0.001612932,0.003605481
54,768,98,0.004527146,0.00080764,0.003719506
54,768,99,0.004570673,0.000825034,0.003745639
54,768,100,0.004536482,0.000781515,0.003754967
54,768,101,0.004303568,0.000538184,0.003765384
54,768,102,0.006000439,0.002285829,0.00371461
54,768,103,0.004490692,0.000865332,0.00362536
54,768,104,0.009706787,0.006129269,0.003577518
54,768,105,0.004837263,0.001219077,0.003618186
54,768,106,0.004010048,0.000487023,0.003523025
54,768,107,0.004115667,0.000449834,0.003665833
54,768,108,0.005353832,0.001708575,0.003645257
54,768,109,0.00497649,0.001219334,0.003757156
54,768,110,0.004634646,0.001214111,0.003420535
55,768,1,0.756756771,0.633362464,0.123394307
55,768,2,0.011748961,0.008691891,0.00305707
55,768,3,0.003719164,0.000603328,0.003115836
55,768,4,0.078730449,0.075711583,0.003018866
55,768,5,0.00388888,0.000741081,0.003147799
55,768,6,0.01181823,0.008800841,0.003017389
55,768,7,0.00408885,0.000923427,0.003165423
55,768,8,0.003723712,0.00060783,0.003115882
55,768,9,0.064027813,0.060951778,0.003076035
55,768,10,0.004485851,0.001176025,0.003309826
55,768,11,0.003995773,0.000641006,0.003354767
55,768,12,0.004277252,0.000676152,0.0036011
55,768,13,0.003965802,0.000423143,0.003542659
55,768,14,0.00418874,0.000644278,0.003544462
55,768,15,0.004060616,0.000552403,0.003508213
55,768,16,0.004056132,0.000557103,0.003499029
55,768,17,0.003901059,0.000456461,0.003444598
55,768,18,0.003790829,0.000439291,0.003351538
55,768,19,0.00394381,0.000674888,0.003268922
55,768,20,0.004080687,0.00082517,0.003255517
55,768,21,0.004200459,0.001018495,0.003181964
55,768,22,0.004528104,0.001196189,0.003331915
55,768,23,0.004380437,0.001103372,0.003277065
55,768,24,0.004522574,0.001189611,0.003332963
55,768,25,0.004796445,0.001455073,0.003341372
55,768,26,0.004702076,0.001293682,0.003408394
55,768,27,0.00494861,0.001316238,0.003632372
55,768,28,0.004751251,0.001070787,0.003680464
55,768,29,0.004637649,0.000976275,0.003661374
55,768,30,0.004754851,0.001080335,0.003674516
55,768,31,0.004842009,0.001140364,0.003701645
55,768,32,0.004592729,0.000838518,0.003754211
55,768,33,0.004662087,0.001060431,0.003601656
55,768,34,0.004735331,0.001060451,0.00367488
55,768,35,0.004499653,0.000846198,0.003653455
55,768,36,0.004892673,0.00117461,0.003718063
55,768,37,0.004641135,0.000915774,0.003725361
55,768,38,0.004644481,0.000878748,0.003765733
55,768,39,0.004729568,0.001044823,0.003684745
55,768,40,0.004819252,0.001095811,0.003723441
55,768,41,0.004488924,0.000743685,0.003745239
55,768,42,0.004642047,0.000921943,0.003720104
55,768,43,0.004539314,0.000796154,0.00374316
55,768,44,0.004550402,0.000834545,0.003715857
55,768,45,0.004575291,0.000823014,0.003752277
55,768,46,0.004468809,0.000737675,0.003731134
55,768,47,0.004494327,0.000734407,0.00375992
55,768,48,0.004506191,0.000745098,0.003761093
55,768,49,0.004570372,0.000757149,0.003813223
55,768,50,0.004567963,0.000713344,0.003854619
55,768,51,0.004608907,0.000740924,0.003867983
55,768,52,0.004577493,0.000666731,0.003910762
55,768,53,0.004573566,0.000694829,0.003878737
55,768,54,0.004509185,0.000590301,0.003918884
55,768,55,0.004517546,0.000672932,0.003844614
55,768,56,0.004566916,0.000655926,0.00391099
55,768,57,0.004627686,0.000733881,0.003893805
55,768,58,0.004535088,0.000572221,0.003962867
55,768,59,0.004590124,0.00074493,0.003845194
55,768,60,0.004621121,0.000674722,0.003946399
55,768,61,0.004539693,0.000774395,0.003765298
55,768,62,0.004972689,0.001044835,0.003927854
55,768,63,0.004381521,0.000614702,0.003766819
55,768,64,0.004808614,0.001014728,0.003793886
55,768,65,0.00467015,0.000857446,0.003812704
55,768,66,0.004873634,0.000949899,0.003923735
55,768,67,0.004355226,0.000602416,0.00375281
55,768,68,0.004955062,0.001020342,0.00393472
55,768,69,0.004578854,0.000673087,0.003905767
55,768,70,0.004731273,0.00077427,0.003957003
55,768,71,0.004338235,0.000575096,0.003763139
55,768,72,0.004442493,0.000743424,0.003699069
55,768,73,0.004330988,0.000649207,0.003681781
55,768,74,0.004372339,0.000574794,0.003797545
55,768,75,0.004698353,0.000814728,0.003883625
55,768,76,0.004618945,0.000696594,0.003922351
55,768,77,0.00451148,0.000689377,0.003822103
55,768,78,0.004974103,0.001185685,0.003788418
55,768,79,0.00489767,0.001119642,0.003778028
55,768,80,0.005579748,0.001983729,0.003596019
55,768,81,0.005301477,0.001603288,0.003698189
55,768,82,0.004466576,0.000726635,0.003739941
55,768,83,0.004492485,0.000749009,0.003743476
55,768,84,0.004610253,0.000715346,0.003894907
55,768,85,0.004507969,0.000587171,0.003920798
55,768,86,0.004765271,0.000790728,0.003974543
55,768,87,0.005038249,0.001105283,0.003932966
55,768,88,0.005534335,0.001615243,0.003919092
55,768,89,0.004982752,0.001207507,0.003775245
55,768,90,0.004652114,0.000817602,0.003834512
55,768,91,0.004994598,0.001062997,0.003931601
55,768,92,0.00603953,0.002236524,0.003803006
55,768,93,0.00554087,0.001752817,0.003788053
55,768,94,0.004338821,0.000598859,0.003739962
55,768,95,0.006770422,0.003138808,0.003631614
55,768,96,0.005240185,0.001565987,0.003674198
55,768,97,0.004209191,0.000680766,0.003528425
55,768,98,0.004552059,0.000851946,0.003700113
55,768,99,0.004863558,0.001229946,0.003633612
55,768,100,0.004255168,0.000550283,0.003704885
55,768,101,0.005311562,0.001591112,0.00372045
55,768,102,0.005135728,0.001479707,0.003656021
55,768,103,0.009685548,0.006185538,0.00350001
55,768,104,0.004740476,0.00116431,0.003576166
55,768,105,0.004266153,0.000684243,0.00358191
55,768,106,0.004036045,0.000566193,0.003469852
55,768,107,0.005139423,0.001588322,0.003551101
55,768,108,0.004648925,0.001100225,0.0035487
55,768,109,0.00506601,0.001425753,0.003640257
55,768,110,0.005872061,0.002453179,0.003418882
56,768,1,0.753432216,0.629811447,0.123620769
56,768,2,0.003628568,0.000442819,0.003185749
56,768,3,0.078803903,0.07574374,0.003060163
56,768,4,0.00369796,0.00057512,0.00312284
56,768,5,0.012004966,0.008953268,0.003051698
56,768,6,0.003946791,0.00082381,0.003122981
56,768,7,0.003742744,0.000589262,0.003153482
56,768,8,0.064161229,0.061058957,0.003102272
56,768,9,0.004115298,0.001001587,0.003113711
56,768,10,0.00395351,0.000640059,0.003313451
56,768,11,0.003972912,0.000564496,0.003408416
56,768,12,0.004151243,0.000533208,0.003618035
56,768,13,0.003962733,0.000378259,0.003584474
56,768,14,0.004010922,0.000426914,0.003584008
56,768,15,0.004048404,0.000442383,0.003606021
56,768,16,0.004002134,0.000454423,0.003547711
56,768,17,0.003955013,0.000463256,0.003491757
56,768,18,0.003816924,0.000429369,0.003387555
56,768,19,0.003714922,0.000395597,0.003319325
56,768,20,0.004075207,0.000750054,0.003325153
56,768,21,0.004294148,0.001001928,0.00329222
56,768,22,0.00463762,0.00125978,0.00337784
56,768,23,0.00458119,0.001328513,0.003252677
56,768,24,0.004536496,0.00119048,0.003346016
56,768,25,0.004923128,0.001556912,0.003366216
56,768,26,0.004665454,0.001212262,0.003453192
56,768,27,0.005057045,0.001444193,0.003612852
56,768,28,0.004704929,0.00112754,0.003577389
56,768,29,0.004811738,0.001157966,0.003653772
56,768,30,0.004492893,0.000876304,0.003616589
56,768,31,0.004760031,0.001159422,0.003600609
56,768,32,0.004836651,0.001211929,0.003624722
56,768,33,0.004681072,0.001005026,0.003676046
56,768,34,0.004441017,0.000851958,0.003589059
56,768,35,0.004812213,0.001174716,0.003637497
56,768,36,0.004709964,0.000982974,0.00372699
56,768,37,0.004737468,0.001011148,0.00372632
56,768,38,0.004655674,0.000906314,0.00374936
56,768,39,0.004774382,0.001013865,0.003760517
56,768,40,0.004408138,0.000740712,0.003667426
56,768,41,0.004697983,0.000970621,0.003727362
56,768,42,0.004407003,0.000734141,0.003672862
56,768,43,0.004684199,0.000968212,0.003715987
56,768,44,0.004543882,0.000820253,0.003723629
56,768,45,0.004592435,0.000923436,0.003668999
56,768,46,0.004580554,0.000814498,0.003766056
56,768,47,0.004546706,0.000741921,0.003804785
56,768,48,0.004638379,0.000822041,0.003816338
56,768,49,0.004550801,0.000686664,0.003864137
56,768,50,0.004644156,0.000765908,0.003878248
56,768,51,0.004549013,0.000669609,0.003879404
56,768,52,0.004545447,0.000671454,0.003873993
56,768,53,0.004506568,0.000641768,0.0038648
56,768,54,0.004620801,0.000698179,0.003922622
56,768,55,0.004524512,0.000606812,0.0039177
56,768,56,0.004568932,0.000636876,0.003932056
56,768,57,0.004522932,0.000601291,0.003921641
56,768,58,0.004685808,0.000721368,0.00396444
56,768,59,0.004525658,0.000661709,0.003863949
56,768,60,0.004704341,0.000784485,0.003919856
56,768,61,0.004754057,0.000914417,0.00383964
56,768,62,0.004601957,0.000732327,0.00386963
56,768,63,0.004793757,0.001004869,0.003788888
56,768,64,0.004665376,0.000813637,0.003851739
56,768,65,0.004705427,0.0008053,0.003900127
56,768,66,0.004555043,0.000666692,0.003888351
56,768,67,0.004775669,0.000961311,0.003814358
56,768,68,0.004608662,0.000702322,0.00390634
56,768,69,0.004689016,0.0007693,0.003919716
56,768,70,0.004512805,0.000588233,0.003924572
56,768,71,0.004477141,0.000693212,0.003783929
56,768,72,0.00438756,0.000645736,0.003741824
56,768,73,0.004218191,0.000597554,0.003620637
56,768,74,0.004642635,0.000865178,0.003777457
56,768,75,0.004621143,0.000732184,0.003888959
56,768,76,0.004546921,0.000620128,0.003926793
56,768,77,0.005032288,0.001376885,0.003655403
56,768,78,0.004873849,0.001132663,0.003741186
56,768,79,0.005814111,0.002198517,0.003615594
56,768,80,0.005199875,0.001474459,0.003725416
56,768,81,0.004425705,0.000691877,0.003733828
56,768,82,0.00452025,0.0007158,0.00380445
56,768,83,0.004372185,0.000592065,0.00378012
56,768,84,0.004485307,0.000623108,0.003862199
56,768,85,0.004444132,0.000516271,0.003927861
56,768,86,0.005331953,0.001373335,0.003958618
56,768,87,0.005548529,0.001615852,0.003932677
56,768,88,0.00519076,0.00125536,0.0039354
56,768,89,0.004498263,0.00067171,0.003826553
56,768,90,0.004455515,0.000632982,0.003822533
56,768,91,0.006445722,0.002574283,0.003871439
56,768,92,0.005699053,0.001810898,0.003888155
56,768,93,0.004362762,0.000489886,0.003872876
56,768,94,0.006672151,0.002942329,0.003729822
56,768,95,0.00516719,0.001464684,0.003702506
56,768,96,0.004603969,0.000869992,0.003733977
56,768,97,0.004283657,0.000661745,0.003621912
56,768,98,0.004597403,0.000921711,0.003675692
56,768,99,0.004633248,0.000956754,0.003676494
56,768,100,0.00516464,0.001456017,0.003708623
56,768,101,0.004707812,0.000997872,0.00370994
56,768,102,0.010487736,0.006875406,0.00361233
56,768,103,0.00455581,0.000984241,0.003571569
56,768,104,0.004364785,0.000744682,0.003620103
56,768,105,0.004176561,0.000567577,0.003608984
56,768,106,0.005114064,0.001502793,0.003611271
56,768,107,0.004264399,0.000670414,0.003593985
56,768,108,0.005022428,0.001464672,0.003557756
56,768,109,0.006447412,0.003014741,0.003432671
56,768,110,0.0050733,0.001714463,0.003358837
57,768,1,0.753664949,0.629921054,0.123743895
57,768,2,0.014840565,0.011782694,0.003057871
57,768,3,0.00369155,0.00057481,0.00311674
57,768,4,0.078780338,0.075762583,0.003017755
57,768,5,0.003827368,0.000664462,0.003162906
57,768,6,0.011907234,0.008882024,0.00302521
57,768,7,0.065298576,0.062250987,0.003047589
57,768,8,0.004064272,0.000981391,0.003082881
57,768,9,0.003715821,0.000510967,0.003204854
57,768,10,0.003708432,0.000438869,0.003269563
57,768,11,0.003942404,0.000586433,0.003355971
57,768,12,0.00424154,0.000630035,0.003611505
57,768,13,0.0039825,0.000393521,0.003588979
57,768,14,0.004014748,0.000409495,0.003605253
57,768,15,0.003992533,0.00043353,0.003559003
57,768,16,0.004081594,0.000531775,0.003549819
57,768,17,0.003893574,0.000444674,0.0034489
57,768,18,0.003767583,0.000432115,0.003335468
57,768,19,0.00379742,0.000490376,0.003307044
57,768,20,0.00409034,0.000819081,0.003271259
57,768,21,0.004158345,0.000909739,0.003248606
57,768,22,0.00451749,0.001248085,0.003269405
57,768,23,0.00448062,0.001249663,0.003230957
57,768,24,0.004543143,0.001247116,0.003296027
57,768,25,0.004753648,0.001317673,0.003435975
57,768,26,0.004827622,0.001373467,0.003454155
57,768,27,0.004985971,0.001283311,0.00370266
57,768,28,0.004746915,0.001041801,0.003705114
57,768,29,0.004600237,0.000881943,0.003718294
57,768,30,0.004680926,0.0008697,0.003811226
57,768,31,0.00475426,0.000974697,0.003779563
57,768,32,0.004505146,0.000768174,0.003736972
57,768,33,0.005000274,0.001243345,0.003756929
57,768,34,0.004635074,0.000929658,0.003705416
57,768,35,0.004726155,0.000934997,0.003791158
57,768,36,0.004700077,0.000923396,0.003776681
57,768,37,0.004746703,0.000912288,0.003834415
57,768,38,0.004749072,0.000813093,0.003935979
57,768,39,0.004622488,0.000749137,0.003873351
57,768,40,0.004628164,0.000767703,0.003860461
57,768,41,0.004664033,0.000825995,0.003838038
57,768,42,0.004580268,0.000759758,0.00382051
57,768,43,0.004696189,0.000892767,0.003803422
57,768,44,0.004619639,0.000821865,0.003797774
57,768,45,0.004672866,0.000930735,0.003742131
57,768,46,0.004634357,0.000834045,0.003800312
57,768,47,0.004576705,0.000773574,0.003803131
57,768,48,0.004708691,0.00077438,0.003934311
57,768,49,0.00459377,0.000742918,0.003850852
57,768,50,0.004661474,0.000744802,0.003916672
57,768,51,0.00442546,0.00061738,0.00380808
57,768,52,0.004530711,0.000629085,0.003901626
57,768,53,0.004429543,0.000613565,0.003815978
57,768,54,0.004609032,0.00072538,0.003883652
57,768,55,0.004537841,0.000749018,0.003788823
57,768,56,0.004634768,0.000752357,0.003882411
57,768,57,0.004645199,0.000823237,0.003821962
57,768,58,0.004690693,0.000861216,0.003829477
57,768,59,0.004660546,0.000902192,0.003758354
57,768,60,0.004820801,0.001025039,0.003795762
57,768,61,0.004533808,0.000818701,0.003715107
57,768,62,0.004916824,0.001119148,0.003797676
57,768,63,0.004593612,0.000795044,0.003798568
57,768,64,0.004603262,0.000843041,0.003760221
57,768,65,0.004522107,0.000786541,0.003735566
57,768,66,0.00491503,0.001101796,0.003813234
57,768,67,0.004496061,0.000732339,0.003763722
57,768,68,0.004672369,0.000881433,0.003790936
57,768,69,0.004547593,0.000710787,0.003836806
57,768,70,0.004642047,0.000785517,0.00385653
57,768,71,0.004381104,0.000670719,0.003710385
57,768,72,0.004394753,0.00069396,0.003700793
57,768,73,0.00444935,0.000845745,0.003603605
57,768,74,0.004541085,0.000859131,0.003681954
57,768,75,0.004454934,0.000700253,0.003754681
57,768,76,0.00526888,0.001534434,0.003734446
57,768,77,0.004829905,0.001121628,0.003708277
57,768,78,0.005971946,0.002199016,0.00377293
57,768,79,0.00507413,0.001165904,0.003908226
57,768,80,0.004396269,0.000753599,0.00364267
57,768,81,0.004499864,0.000700154,0.00379971
57,768,82,0.004309948,0.00059679,0.003713158
57,768,83,0.004390558,0.000568763,0.003821795
57,768,84,0.004501299,0.000607444,0.003893855
57,768,85,0.005113549,0.001211056,0.003902493
57,768,86,0.005680836,0.001672729,0.004008107
57,768,87,0.005206669,0.001187314,0.004019355
57,768,88,0.004578554,0.000672572,0.003905982
57,768,89,0.004463656,0.000642362,0.003821294
57,768,90,0.006112524,0.002288536,0.003823988
57,768,91,0.005215264,0.001276907,0.003938357
57,768,92,0.004932482,0.001088428,0.003844054
57,768,93,0.004619678,0.000700774,0.003918904
57,768,94,0.004228818,0.000512719,0.003716099
57,768,95,0.006953317,0.00326767,0.003685647
57,768,96,0.004171177,0.000525175,0.003646002
57,768,97,0.004467582,0.000928245,0.003539337
57,768,98,0.005421464,0.001771778,0.003649686
57,768,99,0.00553284,0.001832299,0.003700541
57,768,100,0.004343942,0.000663912,0.00368003
57,768,101,0.006942833,0.00325684,0.003685993
57,768,102,0.004656808,0.001149094,0.003507714
57,768,103,0.007000147,0.003506429,0.003493718
57,768,104,0.004819457,0.001206761,0.003612696
57,768,105,0.005502406,0.001913664,0.003588742
57,768,106,0.004276692,0.00067103,0.003605662
57,768,107,0.004372318,0.000753062,0.003619256
57,768,108,0.007639915,0.003933965,0.00370595
57,768,109,0.005140964,0.001741594,0.00339937
57,768,110,0.004926107,0.001653076,0.003273031
58,768,1,0.752489889,0.629034842,0.123455047
58,768,2,0.005914895,0.002826487,0.003088408
58,768,3,0.069078195,0.065966309,0.003111886
58,768,4,0.004079031,0.000630203,0.003448828
58,768,5,0.0215793,0.018509858,0.003069442
58,768,6,0.074584753,0.071511513,0.00307324
58,768,7,0.003982945,0.000770655,0.00321229
58,768,8,0.003661989,0.000455016,0.003206973
58,768,9,0.003590072,0.000362042,0.00322803
58,768,10,0.003674208,0.000377414,0.003296794
58,768,11,0.003928297,0.000580782,0.003347515
58,768,12,0.00419344,0.000550779,0.003642661
58,768,13,0.003998749,0.000403026,0.003595723
58,768,14,0.003999155,0.000409235,0.00358992
58,768,15,0.004046975,0.000412388,0.003634587
58,768,16,0.003989304,0.000412728,0.003576576
58,768,17,0.003915352,0.000450852,0.0034645
58,768,18,0.003806999,0.000431769,0.00337523
58,768,19,0.00369033,0.000400412,0.003289918
58,768,20,0.004017397,0.000738833,0.003278564
58,768,21,0.004213752,0.000937521,0.003276231
58,768,22,0.004487971,0.001171264,0.003316707
58,768,23,0.004373167,0.0010819,0.003291267
58,768,24,0.004568277,0.001183654,0.003384623
58,768,25,0.004569074,0.00120116,0.003367914
58,768,26,0.004714335,0.001234082,0.003480253
58,768,27,0.005033578,0.00132951,0.003704068
58,768,28,0.004448721,0.000738649,0.003710072
58,768,29,0.004750186,0.001014111,0.003736075
58,768,30,0.004612308,0.000815757,0.003796551
58,768,31,0.004685735,0.000910502,0.003775233
58,768,32,0.004664311,0.000914119,0.003750192
58,768,33,0.004721884,0.000844741,0.003877143
58,768,34,0.00462654,0.00092388,0.00370266
58,768,35,0.004840667,0.001106694,0.003733973
58,768,36,0.004630645,0.000851247,0.003779398
58,768,37,0.004741196,0.00088694,0.003854256
58,768,38,0.004621072,0.000763776,0.003857296
58,768,39,0.004872952,0.001044062,0.00382889
58,768,40,0.004576272,0.000693749,0.003882523
58,768,41,0.004745889,0.000955202,0.003790687
58,768,42,0.004636111,0.000720846,0.003915265
58,768,43,0.004755876,0.000833841,0.003922035
58,768,44,0.004504432,0.000658733,0.003845699
58,768,45,0.004721673,0.000893882,0.003827791
58,768,46,0.004597304,0.000651734,0.00394557
58,768,47,0.004786815,0.000853433,0.003933382
58,768,48,0.004539151,0.000584981,0.00395417
58,768,49,0.004803869,0.000769433,0.004034436
58,768,50,0.004573708,0.000621502,0.003952206
58,768,51,0.004661855,0.000621202,0.004040653
58,768,52,0.004705157,0.00062711,0.004078047
58,768,53,0.004684856,0.000636489,0.004048367
58,768,54,0.00467704,0.000650412,0.004026628
58,768,55,0.00467686,0.000585622,0.004091238
58,768,56,0.004672345,0.000680451,0.003991894
58,768,57,0.004710681,0.000659002,0.004051679
58,768,58,0.004744204,0.000716936,0.004027268
58,768,59,0.004704404,0.000616231,0.004088173
58,768,60,0.004714397,0.000703854,0.004010543
58,768,61,0.004735783,0.000636675,0.004099108
58,768,62,0.004650284,0.000646319,0.004003965
58,768,63,0.004647546,0.0006235,0.004024046
58,768,64,0.004586493,0.0006362,0.003950293
58,768,65,0.004770476,0.000595519,0.004174957
58,768,66,0.004573556,0.000665172,0.003908384
58,768,67,0.004576188,0.000635975,0.003940213
58,768,68,0.004575258,0.00067754,0.003897718
58,768,69,0.004583963,0.000685547,0.003898416
58,768,70,0.004497661,0.000664383,0.003833278
58,768,71,0.004482446,0.000654565,0.003827881
58,768,72,0.004538962,0.000637348,0.003901614
58,768,73,0.004363852,0.000658991,0.003704861
58,768,74,0.004433923,0.000700483,0.00373344
58,768,75,0.005252309,0.001369412,0.003882897
58,768,76,0.004880648,0.001038781,0.003841867
58,768,77,0.005975179,0.002121718,0.003853461
58,768,78,0.004920082,0.001026721,0.003893361
58,768,79,0.004660135,0.000746516,0.003913619
58,768,80,0.004294801,0.000549109,0.003745692
58,768,81,0.004314314,0.000583378,0.003730936
58,768,82,0.004376223,0.000616445,0.003759778
58,768,83,0.004430725,0.000657936,0.003772789
58,768,84,0.005098629,0.001198949,0.00389968
58,768,85,0.00556793,0.001470561,0.004097369
58,768,86,0.005204504,0.001104863,0.004099641
58,768,87,0.004669685,0.000618319,0.004051366
58,768,88,0.004524161,0.000592137,0.003932024
58,768,89,0.006198325,0.002127707,0.004070618
58,768,90,0.004832159,0.000709692,0.004122467
58,768,91,0.004722789,0.000756319,0.00396647
58,768,92,0.004736914,0.000771809,0.003965105
58,768,93,0.004413362,0.000503666,0.003909696
58,768,94,0.004287377,0.00050229,0.003785087
58,768,95,0.004224088,0.000490557,0.003733531
58,768,96,0.00643153,0.002787559,0.003643971
58,768,97,0.006283731,0.002595565,0.003688166
58,768,98,0.005683846,0.001976665,0.003707181
58,768,99,0.004350574,0.000662468,0.003688106
58,768,100,0.00631155,0.002495576,0.003815974
58,768,101,0.005198104,0.001336979,0.003861125
58,768,102,0.006918964,0.003276037,0.003642927
58,768,103,0.004813524,0.00122246,0.003591064
58,768,104,0.005737293,0.002118213,0.00361908
58,768,105,0.004210945,0.000590634,0.003620311
58,768,106,0.004061308,0.000368894,0.003692414
58,768,107,0.004456117,0.000802387,0.00365373
58,768,108,0.006830353,0.003072914,0.003757439
58,768,109,0.00715102,0.003731402,0.003419618
58,768,110,0.004451944,0.001125518,0.003326426
59,768,1,0.755060596,0.630990515,0.124070081
59,768,2,0.006014395,0.002957904,0.003056491
59,768,3,0.005394811,0.002357752,0.003037059
59,768,4,0.065706845,0.062368882,0.003337963
59,768,5,0.0932989,0.090276732,0.003022168
59,768,6,0.003866009,0.000757911,0.003108098
59,768,7,0.003533285,0.00037473,0.003158555
59,768,8,0.003517686,0.000376795,0.003140891
59,768,9,0.003718273,0.000545179,0.003173094
59,768,10,0.003872296,0.000563007,0.003309289
59,768,11,0.003696163,0.000400904,0.003295259
59,768,12,0.004192971,0.000651517,0.003541454
59,768,13,0.003894399,0.000418272,0.003476127
59,768,14,0.004004182,0.000507418,0.003496764
59,768,15,0.00402876,0.000529333,0.003499427
59,768,16,0.004014439,0.000528543,0.003485896
59,768,17,0.003890289,0.000462946,0.003427343
59,768,18,0.003845617,0.000525406,0.003320211
59,768,19,0.003769003,0.000499328,0.003269675
59,768,20,0.003966917,0.000723274,0.003243643
59,768,21,0.004267462,0.001022176,0.003245286
59,768,22,0.004433079,0.001100724,0.003332355
59,768,23,0.004391567,0.00112281,0.003268757
59,768,24,0.004525907,0.00118846,0.003337447
59,768,25,0.004786987,0.001436414,0.003350573
59,768,26,0.004604853,0.001184189,0.003420664
59,768,27,0.005148505,0.001507923,0.003640582
59,768,28,0.004347793,0.000729724,0.003618069
59,768,29,0.004688008,0.001013037,0.003674971
59,768,30,0.004431515,0.000756958,0.003674557
59,768,31,0.004662915,0.000920929,0.003741986
59,768,32,0.004363806,0.000691887,0.003671919
59,768,33,0.00468545,0.000961812,0.003723638
59,768,34,0.004492017,0.000807047,0.00368497
59,768,35,0.004809471,0.001076593,0.003732878
59,768,36,0.004676807,0.000981131,0.003695676
59,768,37,0.004792594,0.000952757,0.003839837
59,768,38,0.004747703,0.000883316,0.003864387
59,768,39,0.004569329,0.000794348,0.003774981
59,768,40,0.004833268,0.001082788,0.00375048
59,768,41,0.004515498,0.000733955,0.003781543
59,768,42,0.004811561,0.001010845,0.003800716
59,768,43,0.004552078,0.00079269,0.003759388
59,768,44,0.004768796,0.0010082,0.003760596
59,768,45,0.004429121,0.000725136,0.003703985
59,768,46,0.004776737,0.000966934,0.003809803
59,768,47,0.004686762,0.000830123,0.003856639
59,768,48,0.004697568,0.00093849,0.003759078
59,768,49,0.004554842,0.000745095,0.003809747
59,768,50,0.004874758,0.001045246,0.003829512
59,768,51,0.004647478,0.000788453,0.003859025
59,768,52,0.00459927,0.000796878,0.003802392
59,768,53,0.004721596,0.000877551,0.003844045
59,768,54,0.004758184,0.000869989,0.003888195
59,768,55,0.004517339,0.000716033,0.003801306
59,768,56,0.004800592,0.000910042,0.00389055
59,768,57,0.004675062,0.0008185,0.003856562
59,768,58,0.004707232,0.000840473,0.003866759
59,768,59,0.004733217,0.000879869,0.003853348
59,768,60,0.004859126,0.000889832,0.003969294
59,768,61,0.004526184,0.000712046,0.003814138
59,768,62,0.004705319,0.000906266,0.003799053
59,768,63,0.004588652,0.00080743,0.003781222
59,768,64,0.004644419,0.000846254,0.003798165
59,768,65,0.004575033,0.000777406,0.003797627
59,768,66,0.00489901,0.001014243,0.003884767
59,768,67,0.004553798,0.000733288,0.00382051
59,768,68,0.004581062,0.000718693,0.003862369
59,768,69,0.004567875,0.000712356,0.003855519
59,768,70,0.004590715,0.00073418,0.003856535
59,768,71,0.004435334,0.000703023,0.003732311
59,768,72,0.004396055,0.000687585,0.00370847
59,768,73,0.005212996,0.001521509,0.003691487
59,768,74,0.005436629,0.001626415,0.003810214
59,768,75,0.004921783,0.001116779,0.003805004
59,768,76,0.005935771,0.002225052,0.003710719
59,768,77,0.004751794,0.000978471,0.003773323
59,768,78,0.004780608,0.001004445,0.003776163
59,768,79,0.004326784,0.000515341,0.003811443
59,768,80,0.004294586,0.000521721,0.003772865
59,768,81,0.004261422,0.000544896,0.003716526
59,768,82,0.00437351,0.000593361,0.003780149
59,768,83,0.005271146,0.001465323,0.003805823
59,768,84,0.005415268,0.001602346,0.003812922
59,768,85,0.005232687,0.001305755,0.003926932
59,768,86,0.004543088,0.0005748,0.003968288
59,768,87,0.004551631,0.000628094,0.003923537
59,768,88,0.004412915,0.000608444,0.003804471
59,768,89,0.004337029,0.000540123,0.003796906
59,768,90,0.005840715,0.001990582,0.003850133
59,768,91,0.005244097,0.001339098,0.003904999
59,768,92,0.00468922,0.000864006,0.003825214
59,768,93,0.004565627,0.000722754,0.003842873
59,768,94,0.004232277,0.00051337,0.003718907
59,768,95,0.00584043,0.00222091,0.00361952
59,768,96,0.007273698,0.003523637,0.003750061
59,768,97,0.005459952,0.001769372,0.00369058
59,768,98,0.004772279,0.001058387,0.003713892
59,768,99,0.006184697,0.002460031,0.003724666
59,768,100,0.004433001,0.000697493,0.003735508
59,768,101,0.005081324,0.001379741,0.003701583
59,768,102,0.004244312,0.000702229,0.003542083
59,768,103,0.00900955,0.005477503,0.003532047
59,768,104,0.004156704,0.000584438,0.003572266
59,768,105,0.003986956,0.000438659,0.003548297
59,768,106,0.00427307,0.00064924,0.00362383
59,768,107,0.006718407,0.003088841,0.003629566
59,768,108,0.007818989,0.004382118,0.003436871
59,768,109,0.004433071,0.001057518,0.003375553
59,768,110,0.003903962,0.000620343,0.003283619
60,768,1,0.754236221,0.630242653,0.123993568
60,768,2,0.003580908,0.000460116,0.003120792
60,768,3,0.067035539,0.063988256,0.003047283
60,768,4,0.004239472,0.000813455,0.003426017
60,768,5,0.003592746,0.000414116,0.00317863
60,768,6,0.092383761,0.089352067,0.003031694
60,768,7,0.004067995,0.000894819,0.003173176
60,768,8,0.003534446,0.000370801,0.003163645
60,768,9,0.003565599,0.000371099,0.0031945
60,768,10,0.003752722,0.000480566,0.003272156
60,768,11,0.003902273,0.000584429,0.003317844
60,768,12,0.004293287,0.000723368,0.003569919
60,768,13,0.003926632,0.000393435,0.003533197
60,768,14,0.003937968,0.000415309,0.003522659
60,768,15,0.003990776,0.000436933,0.003553843
60,768,16,0.004028472,0.000529181,0.003499291
60,768,17,0.003994601,0.000574066,0.003420535
60,768,18,0.003871362,0.000532202,0.00333916
60,768,19,0.003744686,0.000513701,0.003230985
60,768,20,0.003885366,0.000612439,0.003272927
60,768,21,0.004177413,0.00093037,0.003247043
60,768,22,0.004464337,0.001091155,0.003373182
60,768,23,0.004496578,0.001220796,0.003275782
60,768,24,0.004668788,0.001298841,0.003369947
60,768,25,0.004592761,0.001179697,0.003413064
60,768,26,0.004824475,0.001312402,0.003512073
60,768,27,0.004886458,0.001244442,0.003642016
60,768,28,0.004489758,0.000824325,0.003665433
60,768,29,0.004544707,0.000808838,0.003735869
60,768,30,0.00455088,0.000837276,0.003713604
60,768,31,0.004715949,0.000917247,0.003798702
60,768,32,0.004644572,0.000855449,0.003789123
60,768,33,0.004359095,0.000663613,0.003695482
60,768,34,0.004581828,0.000880498,0.00370133
60,768,35,0.004669559,0.000936286,0.003733273
60,768,36,0.004613623,0.000871045,0.003742578
60,768,37,0.004594983,0.000796913,0.00379807
60,768,38,0.004689481,0.000924981,0.0037645
60,768,39,0.004599643,0.000820513,0.00377913
60,768,40,0.00448629,0.000747503,0.003738787
60,768,41,0.004825132,0.001065544,0.003759588
60,768,42,0.004675824,0.000888482,0.003787342
60,768,43,0.004709007,0.000934813,0.003774194
60,768,44,0.004478626,0.000748258,0.003730368
60,768,45,0.004757292,0.001008121,0.003749171
60,768,46,0.004580813,0.000793326,0.003787487
60,768,47,0.004561508,0.000815713,0.003745795
60,768,48,0.004731821,0.000914175,0.003817646
60,768,49,0.004573296,0.00082336,0.003749936
60,768,50,0.004640565,0.000767987,0.003872578
60,768,51,0.004834228,0.001009572,0.003824656
60,768,52,0.004715774,0.000830467,0.003885307
60,768,53,0.004468644,0.000653146,0.003815498
60,768,54,0.004830595,0.000932073,0.003898522
60,768,55,0.004617805,0.000848613,0.003769192
60,768,56,0.004555565,0.000744152,0.003811413
60,768,57,0.004734977,0.000994794,0.003740183
60,768,58,0.00478812,0.000949339,0.003838781
60,768,59,0.004661066,0.000904378,0.003756688
60,768,60,0.004746887,0.000951389,0.003795498
60,768,61,0.00476917,0.001046647,0.003722523
60,768,62,0.00465629,0.000794277,0.003862013
60,768,63,0.004574139,0.000901488,0.003672651
60,768,64,0.004656495,0.000866363,0.003790132
60,768,65,0.004631764,0.000872541,0.003759223
60,768,66,0.00463294,0.000827249,0.003805691
60,768,67,0.004783773,0.001047428,0.003736345
60,768,68,0.004712039,0.000857263,0.003854776
60,768,69,0.004416096,0.000681551,0.003734545
60,768,70,0.004714695,0.000825418,0.003889277
60,768,71,0.00431066,0.000695292,0.003615368
60,768,72,0.006211701,0.002528438,0.003683263
60,768,73,0.005499902,0.001713893,0.003786009
60,768,74,0.004945934,0.001088545,0.003857389
60,768,75,0.005841859,0.002097024,0.003744835
60,768,76,0.004886112,0.001149473,0.003736639
60,768,77,0.004373482,0.000586616,0.003786866
60,768,78,0.004494313,0.00067786,0.003816453
60,768,79,0.004469837,0.000657454,0.003812383
60,768,80,0.004278855,0.000505128,0.003773727
60,768,81,0.004269935,0.000520964,0.003748971
60,768,82,0.004796636,0.001061551,0.003735085
60,768,83,0.006065425,0.002217363,0.003848062
60,768,84,0.005092778,0.001169731,0.003923047
60,768,85,0.004422548,0.000473679,0.003948869
60,768,86,0.00462069,0.000618868,0.004001822
60,768,87,0.004492023,0.000549453,0.00394257
60,768,88,0.004418908,0.000541115,0.003877793
60,768,89,0.004473144,0.000660133,0.003813011
60,768,90,0.00653919,0.002608231,0.003930959
60,768,91,0.004692976,0.000828091,0.003864885
60,768,92,0.004546345,0.000652236,0.003894109
60,768,93,0.004416739,0.000612358,0.003804381
60,768,94,0.005944662,0.00223977,0.003704892
60,768,95,0.00466624,0.001003775,0.003662465
60,768,96,0.004419098,0.000784785,0.003634313
60,768,97,0.006920533,0.00316787,0.003752663
60,768,98,0.007517176,0.003866142,0.003651034
60,768,99,0.004248658,0.000551197,0.003697461
60,768,100,0.004336518,0.000604958,0.00373156
60,768,101,0.004856814,0.001168513,0.003688301
60,768,102,0.004641101,0.001056083,0.003585018
60,768,103,0.005625272,0.002113513,0.003511759
60,768,104,0.006835479,0.00325559,0.003579889
60,768,105,0.004171949,0.000575451,0.003596498
60,768,106,0.007329295,0.00376894,0.003560355
60,768,107,0.00426256,0.000653628,0.003608932
60,768,108,0.004382848,0.000681243,0.003701605
60,768,109,0.006535848,0.003161551,0.003374297
60,768,110,0.00432945,0.001080488,0.003248962
61,768,1,0.75296586,0.629433579,0.123532281
61,768,2,0.037843297,0.034719619,0.003123678
61,768,3,0.003588592,0.000428238,0.003160354
61,768,4,0.037749737,0.034329107,0.00342063
61,768,5,0.004043582,0.000781373,0.003262209
61,768,6,0.003615972,0.00038148,0.003234492
61,768,7,0.092291103,0.089188947,0.003102156
61,768,8,0.004165339,0.000980342,0.003184997
61,768,9,0.003895384,0.000659915,0.003235469
61,768,10,0.003792192,0.000378739,0.003413453
61,768,11,0.003774524,0.000410054,0.00336447
61,768,12,0.004262284,0.000649347,0.003612937
61,768,13,0.003997374,0.000391111,0.003606263
61,768,14,0.003976862,0.00040582,0.003571042
61,768,15,0.00408417,0.000402829,0.003681341
61,768,16,0.004115506,0.000422821,0.003692685
61,768,17,0.003974963,0.000459208,0.003515755
61,768,18,0.003873163,0.000447316,0.003425847
61,768,19,0.003777882,0.000442076,0.003335806
61,768,20,0.003695882,0.000396298,0.003299584
61,768,21,0.0042021,0.000928476,0.003273624
61,768,22,0.004451696,0.001115562,0.003336134
61,768,23,0.004833628,0.0014476,0.003386028
61,768,24,0.004322176,0.00100083,0.003321346
61,768,25,0.004888803,0.001492193,0.00339661
61,768,26,0.004694673,0.00103151,0.003663163
61,768,27,0.004759341,0.001124739,0.003634602
61,768,28,0.004631805,0.000870937,0.003760868
61,768,29,0.004630857,0.000882609,0.003748248
61,768,30,0.004470517,0.00060703,0.003863487
61,768,31,0.004656666,0.00080038,0.003856286
61,768,32,0.004582072,0.000723415,0.003858657
61,768,33,0.004478892,0.000638658,0.003840234
61,768,34,0.004546063,0.000736272,0.003809791
61,768,35,0.004731782,0.000822977,0.003908805
61,768,36,0.004535109,0.000564195,0.003970914
61,768,37,0.004574493,0.000658134,0.003916359
61,768,38,0.004652507,0.000777974,0.003874533
61,768,39,0.004752502,0.000779035,0.003973467
61,768,40,0.004479247,0.000554711,0.003924536
61,768,41,0.004395715,0.000551197,0.003844518
61,768,42,0.004670061,0.000751327,0.003918734
61,768,43,0.004456165,0.000651804,0.003804361
61,768,44,0.004670902,0.000776644,0.003894258
61,768,45,0.004398981,0.000613543,0.003785438
61,768,46,0.004880772,0.000978883,0.003901889
61,768,47,0.004519541,0.000654093,0.003865448
61,768,48,0.004650816,0.000750889,0.003899927
61,768,49,0.00461555,0.000770266,0.003845284
61,768,50,0.004581717,0.000603627,0.00397809
61,768,51,0.004474595,0.000587013,0.003887582
61,768,52,0.004786018,0.000816771,0.003969247
61,768,53,0.004641223,0.000672817,0.003968406
61,768,54,0.004551866,0.000570628,0.003981238
61,768,55,0.004799567,0.000790364,0.004009203
61,768,56,0.004751687,0.000648594,0.004103093
61,768,57,0.004565862,0.000548503,0.004017359
61,768,58,0.004571347,0.000552278,0.004019069
61,768,59,0.00474555,0.000823343,0.003922207
61,768,60,0.004718477,0.000763228,0.003955249
61,768,61,0.00457591,0.000762419,0.003813491
61,768,62,0.004841077,0.000927599,0.003913478
61,768,63,0.004614169,0.000765544,0.003848625
61,768,64,0.004631759,0.000780219,0.00385154
61,768,65,0.004625459,0.000785191,0.003840268
61,768,66,0.004698512,0.000758913,0.003939599
61,768,67,0.004545718,0.000673984,0.003871734
61,768,68,0.004991873,0.000932601,0.004059272
61,768,69,0.004620085,0.000656971,0.003963114
61,768,70,0.005216221,0.001283391,0.00393283
61,768,71,0.006445468,0.002527804,0.003917664
61,768,72,0.004594113,0.000774022,0.003820091
61,768,73,0.005184229,0.001377137,0.003807092
61,768,74,0.00478764,0.000900577,0.003887063
61,768,75,0.004544305,0.000533052,0.004011253
61,768,76,0.005306577,0.001433674,0.003872903
61,768,77,0.004831163,0.000888485,0.003942678
61,768,78,0.004613519,0.000736892,0.003876627
61,768,79,0.004458918,0.000487769,0.003971149
61,768,80,0.004380369,0.000541107,0.003839262
61,768,81,0.005066845,0.001256473,0.003810372
61,768,82,0.006052911,0.00220616,0.003846751
61,768,83,0.005018248,0.001083362,0.003934886
61,768,84,0.00440059,0.000470617,0.003929973
61,768,85,0.004524468,0.000469034,0.004055434
61,768,86,0.004538669,0.000479873,0.004058796
61,768,87,0.004538601,0.000495649,0.004042952
61,768,88,0.004496906,0.000507657,0.003989249
61,768,89,0.006380765,0.002410332,0.003970433
61,768,90,0.004756173,0.000744518,0.004011655
61,768,91,0.004541904,0.000560703,0.003981201
61,768,92,0.004561895,0.000546057,0.004015838
61,768,93,0.006045819,0.002211314,0.003834505
61,768,94,0.004339335,0.00057711,0.003762225
61,768,95,0.004710252,0.00096765,0.003742602
61,768,96,0.006786204,0.00305237,0.003733834
61,768,97,0.005046433,0.001252264,0.003794169
61,768,98,0.004398578,0.000606624,0.003791954
61,768,99,0.006030797,0.002221054,0.003809743
61,768,100,0.004452141,0.00066101,0.003791131
61,768,101,0.005050515,0.001264365,0.00378615
61,768,102,0.006595504,0.002867447,0.003728057
61,768,103,0.004789365,0.001140508,0.003648857
61,768,104,0.004049657,0.000396171,0.003653486
61,768,105,0.005463373,0.001777434,0.003685939
61,768,106,0.004330435,0.00067186,0.003658575
61,768,107,0.007261303,0.003517283,0.00374402
61,768,108,0.004507285,0.000765926,0.003741359
61,768,109,0.006474301,0.003025436,0.003448865
61,768,110,0.004589951,0.001252692,0.003337259
62,768,1,0.756147251,0.632555385,0.123591866
62,768,2,0.003549438,0.00042234,0.003127098
62,768,3,0.037282639,0.034226463,0.003056176
62,768,4,0.004130478,0.000690987,0.003439491
62,768,5,0.003608813,0.00038887,0.003219943
62,768,6,0.003488489,0.000372132,0.003116357
62,768,7,0.003497014,0.000371519,0.003125495
62,768,8,0.092232484,0.089164272,0.003068212
62,768,9,0.00413096,0.001061421,0.003069539
62,768,10,0.004106587,0.000842923,0.003263664
62,768,11,0.00388483,0.00054277,0.00334206
62,768,12,0.004239454,0.000637048,0.003602406
62,768,13,0.003986634,0.000430537,0.003556097
62,768,14,0.004043486,0.00047777,0.003565716
62,768,15,0.003976345,0.000462487,0.003513858
62,768,16,0.004108073,0.00059357,0.003514503
62,768,17,0.003902136,0.000475806,0.00342633
62,768,18,0.003862153,0.000527479,0.003334674
62,768,19,0.003816656,0.000581234,0.003235422
62,768,20,0.003966867,0.000706713,0.003260154
62,768,21,0.004071108,0.000839707,0.003231401
62,768,22,0.004552135,0.001201818,0.003350317
62,768,23,0.004349263,0.001090024,0.003259239
62,768,24,0.004658522,0.001294433,0.003364089
62,768,25,0.004612927,0.001204435,0.003408492
62,768,26,0.00486804,0.001318104,0.003549936
62,768,27,0.00495783,0.001230016,0.003727814
62,768,28,0.004390864,0.000711141,0.003679723
62,768,29,0.004690959,0.000911437,0.003779522
62,768,30,0.004471415,0.000738927,0.003732488
62,768,31,0.004723745,0.001016171,0.003707574
62,768,32,0.004466398,0.000664936,0.003801462
62,768,33,0.004605829,0.00088079,0.003725039
62,768,34,0.004568127,0.000758629,0.003809498
62,768,35,0.004493509,0.000748131,0.003745378
62,768,36,0.004677726,0.000878097,0.003799629
62,768,37,0.004711274,0.000895488,0.003815786
62,768,38,0.004549222,0.000749812,0.00379941
62,768,39,0.004701766,0.000910253,0.003791513
62,768,40,0.004669772,0.000850312,0.00381946
62,768,41,0.004361798,0.000654651,0.003707147
62,768,42,0.004619689,0.000849034,0.003770655
62,768,43,0.004819499,0.00107391,0.003745589
62,768,44,0.004644486,0.000873957,0.003770529
62,768,45,0.004589981,0.000826092,0.003763889
62,768,46,0.004549302,0.000759809,0.003789493
62,768,47,0.004655485,0.000899647,0.003755838
62,768,48,0.004383078,0.000585474,0.003797604
62,768,49,0.004634269,0.000845297,0.003788972
62,768,50,0.004626415,0.000675319,0.003951096
62,768,51,0.004443436,0.000588121,0.003855315
62,768,52,0.004526236,0.000580584,0.003945652
62,768,53,0.004558377,0.000665659,0.003892718
62,768,54,0.004671754,0.000633252,0.004038502
62,768,55,0.004537746,0.000604837,0.003932909
62,768,56,0.004789417,0.000803822,0.003985595
62,768,57,0.004712306,0.000765265,0.003947041
62,768,58,0.004544807,0.000585677,0.00395913
62,768,59,0.004515071,0.000608564,0.003906507
62,768,60,0.004784273,0.000859338,0.003924935
62,768,61,0.004649033,0.000780726,0.003868307
62,768,62,0.004609503,0.000720147,0.003889356
62,768,63,0.00479122,0.000969556,0.003821664
62,768,64,0.004636004,0.000754485,0.003881519
62,768,65,0.00470231,0.00079925,0.00390306
62,768,66,0.004607559,0.000675545,0.003932014
62,768,67,0.004623926,0.000771959,0.003851967
62,768,68,0.004646852,0.00068108,0.003965772
62,768,69,0.005066893,0.001158932,0.003907961
62,768,70,0.004710057,0.000775028,0.003935029
62,768,71,0.004953836,0.001152699,0.003801137
62,768,72,0.006287931,0.002576442,0.003711489
62,768,73,0.005471367,0.001732743,0.003738624
62,768,74,0.005085544,0.001215592,0.003869952
62,768,75,0.004430857,0.000549385,0.003881472
62,768,76,0.004455586,0.000555919,0.003899667
62,768,77,0.004999276,0.001240808,0.003758468
62,768,78,0.005010118,0.001209663,0.003800455
62,768,79,0.004777715,0.000894627,0.003883088
62,768,80,0.005484103,0.00178481,0.003699293
62,768,81,0.006067,0.002290095,0.003776905
62,768,82,0.004731526,0.000932835,0.003798691
62,768,83,0.004359139,0.000475349,0.00388379
62,768,84,0.004366785,0.00045267,0.003914115
62,768,85,0.004543024,0.000466835,0.004076189
62,768,86,0.004576497,0.000570724,0.004005773
62,768,87,0.004654099,0.000604701,0.004049398
62,768,88,0.006729292,0.002971652,0.00375764
62,768,89,0.004706709,0.000801124,0.003905585
62,768,90,0.00447779,0.000523872,0.003953918
62,768,91,0.004476641,0.000571272,0.003905369
62,768,92,0.004419952,0.000548849,0.003871103
62,768,93,0.004338447,0.000537723,0.003800724
62,768,94,0.005549297,0.001817849,0.003731448
62,768,95,0.007860128,0.004271488,0.00358864
62,768,96,0.004550269,0.0009066,0.003643669
62,768,97,0.004625948,0.000878004,0.003747944
62,768,98,0.004387423,0.000692384,0.003695039
62,768,99,0.004076606,0.000410401,0.003666205
62,768,100,0.005822983,0.002028828,0.003794155
62,768,101,0.005264915,0.001530259,0.003734656
62,768,102,0.004231012,0.000724917,0.003506095
62,768,103,0.006326205,0.00279691,0.003529295
62,768,104,0.004784994,0.001225689,0.003559305
62,768,105,0.004112578,0.000555335,0.003557243
62,768,106,0.007665541,0.004055677,0.003609864
62,768,107,0.004963328,0.00135069,0.003612638
62,768,108,0.004639586,0.00095539,0.003684196
62,768,109,0.00645722,0.003079713,0.003377507
62,768,110,0.00436624,0.00107475,0.00329149
63,768,1,0.617125814,0.491540981,0.125584833
63,768,2,0.173641477,0.170619453,0.003022024
63,768,3,0.003693029,0.000584614,0.003108415
63,768,4,0.037571103,0.034182031,0.003389072
63,768,5,0.003917894,0.000642889,0.003275005
63,768,6,0.003473396,0.00035371,0.003119686
63,768,7,0.003569105,0.000416222,0.003152883
63,768,8,0.003436965,0.000334281,0.003102684
63,768,9,0.092253344,0.089159742,0.003093602
63,768,10,0.004458859,0.001166575,0.003292284
63,768,11,0.004309223,0.000896596,0.003412627
63,768,12,0.004025519,0.0004284,0.003597119
63,768,13,0.003942058,0.000403432,0.003538626
63,768,14,0.004021376,0.000515932,0.003505444
63,768,15,0.004131994,0.000589901,0.003542093
63,768,16,0.003943941,0.000445163,0.003498778
63,768,17,0.003979385,0.000551437,0.003427948
63,768,18,0.003790883,0.000404549,0.003386334
63,768,19,0.003862494,0.000555558,0.003306936
63,768,20,0.003972916,0.000677042,0.003295874
63,768,21,0.004166726,0.00088184,0.003284886
63,768,22,0.004494818,0.001150391,0.003344427
63,768,23,0.004418974,0.001062828,0.003356146
63,768,24,0.004429797,0.001072865,0.003356932
63,768,25,0.004692333,0.001285871,0.003406462
63,768,26,0.00477954,0.001296794,0.003482746
63,768,27,0.004844204,0.001155573,0.003688631
63,768,28,0.004569288,0.00091479,0.003654498
63,768,29,0.004470273,0.000763885,0.003706388
63,768,30,0.004621254,0.00086106,0.003760194
63,768,31,0.004672009,0.000876699,0.00379531
63,768,32,0.004647478,0.000898004,0.003749474
63,768,33,0.004526189,0.000753254,0.003772935
63,768,34,0.004435336,0.000717926,0.00371741
63,768,35,0.004765636,0.000952996,0.00381264
63,768,36,0.004314723,0.000520356,0.003794367
63,768,37,0.004905006,0.001078887,0.003826119
63,768,38,0.004511196,0.000689008,0.003822188
63,768,39,0.004538625,0.000773082,0.003765543
63,768,40,0.004719385,0.000924914,0.003794471
63,768,41,0.004702343,0.000842294,0.003860049
63,768,42,0.004555354,0.000780026,0.003775328
63,768,43,0.004825737,0.001006034,0.003819703
63,768,44,0.004531328,0.000734896,0.003796432
63,768,45,0.004457444,0.000750752,0.003706692
63,768,46,0.004702659,0.000873823,0.003828836
63,768,47,0.004465414,0.000649296,0.003816118
63,768,48,0.004659265,0.000855727,0.003803538
63,768,49,0.004446074,0.00057482,0.003871254
63,768,50,0.004676134,0.000781397,0.003894737
63,768,51,0.004604218,0.000622653,0.003981565
63,768,52,0.00444795,0.000579122,0.003868828
63,768,53,0.004531159,0.000591289,0.00393987
63,768,54,0.004616573,0.000629243,0.00398733
63,768,55,0.004604575,0.000627732,0.003976843
63,768,56,0.004547098,0.000595083,0.003952015
63,768,57,0.004698279,0.000798196,0.003900083
63,768,58,0.004705108,0.0007953,0.003909808
63,768,59,0.004549586,0.000613729,0.003935857
63,768,60,0.00446213,0.000656082,0.003806048
63,768,61,0.004735928,0.000891222,0.003844706
63,768,62,0.004673322,0.000800623,0.003872699
63,768,63,0.004594179,0.000796,0.003798179
63,768,64,0.004912787,0.000972536,0.003940251
63,768,65,0.004662133,0.000683407,0.003978726
63,768,66,0.004690618,0.000689408,0.00400121
63,768,67,0.004530223,0.000616929,0.003913294
63,768,68,0.005909223,0.002050225,0.003858998
63,768,69,0.004855255,0.000897589,0.003957666
63,768,70,0.004450958,0.000509253,0.003941705
63,768,71,0.004356192,0.000499039,0.003857153
63,768,72,0.004392044,0.000561507,0.003830537
63,768,73,0.005963994,0.002436792,0.003527202
63,768,74,0.005607973,0.001947835,0.003660138
63,768,75,0.005224184,0.00140822,0.003815964
63,768,76,0.004358834,0.000608204,0.00375063
63,768,77,0.004412841,0.000659885,0.003752956
63,768,78,0.005045149,0.001296901,0.003748248
63,768,79,0.005082061,0.001202534,0.003879527
63,768,80,0.004693933,0.000896243,0.00379769
63,768,81,0.005516998,0.001711005,0.003805993
63,768,82,0.006039522,0.002285106,0.003754416
63,768,83,0.004845518,0.000984077,0.003861441
63,768,84,0.004416226,0.000450083,0.003966143
63,768,85,0.00443403,0.000457869,0.003976161
63,768,86,0.004805445,0.000749971,0.004055474
63,768,87,0.007479045,0.003606514,0.003872531
63,768,88,0.004634285,0.000870423,0.003763862
63,768,89,0.004388128,0.000506775,0.003881353
63,768,90,0.004434706,0.000468161,0.003966545
63,768,91,0.004416106,0.000506952,0.003909154
63,768,92,0.004377956,0.000491251,0.003886705
63,768,93,0.004285381,0.00049596,0.003789421
63,768,94,0.004218363,0.000505307,0.003713056
63,768,95,0.005019081,0.001374617,0.003644464
63,768,96,0.008063398,0.004427236,0.003636162
63,768,97,0.004758565,0.000982405,0.00377616
63,768,98,0.004493974,0.000774694,0.00371928
63,768,99,0.004094505,0.000446736,0.003647769
63,768,100,0.004126859,0.000406073,0.003720786
63,768,101,0.006393709,0.002741098,0.003652611
63,768,102,0.004768776,0.001274011,0.003494765
63,768,103,0.00401176,0.000462617,0.003549143
63,768,104,0.006227104,0.002757571,0.003469533
63,768,105,0.004899324,0.001355973,0.003543351
63,768,106,0.004018979,0.000539882,0.003479097
63,768,107,0.007883534,0.00419004,0.003693494
63,768,108,0.008652133,0.005088709,0.003563424
63,768,109,0.004307556,0.000930402,0.003377154
63,768,110,0.003860755,0.00057831,0.003282445
64,768,1,0.630066372,0.503779301,0.126287071
64,768,2,0.187650646,0.18457596,0.003074686
64,768,3,0.003819237,0.000508104,0.003311133
64,768,4,0.003795845,0.000507095,0.00328875
64,768,5,0.003532393,0.000392194,0.003140199
64,768,6,0.003639641,0.000476524,0.003163117
64,768,7,0.003465221,0.000357835,0.003107386
64,768,8,0.003482914,0.000323356,0.003159558
64,768,9,0.003421214,0.00033176,0.003089454
64,768,10,0.003529014,0.000395977,0.003133037
64,768,11,0.003497748,0.000406078,0.00309167
64,768,12,0.024212344,0.021174349,0.003037995
64,768,13,0.004519741,0.001401224,0.003118517
64,768,14,0.004272361,0.001245652,0.003026709
64,768,15,0.01456976,0.011455449,0.003114311
64,768,16,0.004492013,0.001452749,0.003039264
64,768,17,0.004037117,0.000936104,0.003101013
64,768,18,0.004050741,0.001036803,0.003013938
64,768,19,0.0136171,0.010586425,0.003030675
64,768,20,0.00471284,0.001649624,0.003063216
64,768,21,0.004898159,0.001779643,0.003118516
64,768,22,0.004890963,0.001601326,0.003289637
64,768,23,0.004740044,0.001230103,0.003509941
64,768,24,0.004328061,0.000860684,0.003467377
64,768,25,0.004000011,0.000535312,0.003464699
64,768,26,0.004031485,0.000568326,0.003463159
64,768,27,0.004413722,0.000967561,0.003446161
64,768,28,0.004140249,0.000774645,0.003365604
64,768,29,0.003876566,0.000588446,0.00328812
64,768,30,0.017419475,0.014233185,0.00318629
64,768,31,0.022478966,0.019037189,0.003441777
64,768,32,0.006577388,0.00311748,0.003459908
64,768,33,0.005787606,0.002213432,0.003574174
64,768,34,0.005601542,0.00202328,0.003578262
64,768,35,0.005247485,0.001710101,0.003537384
64,768,36,0.005291182,0.001825145,0.003466037
64,768,37,0.005357493,0.001874274,0.003483219
64,768,38,0.005321998,0.001750227,0.003571771
64,768,39,0.005499195,0.001862968,0.003636227
64,768,40,0.004944189,0.001299583,0.003644606
64,768,41,0.005012869,0.001386754,0.003626115
64,768,42,0.004842669,0.001250797,0.003591872
64,768,43,0.00473719,0.001180306,0.003556884
64,768,44,0.004700999,0.001018828,0.003682171
64,768,45,0.004750949,0.001125712,0.003625237
64,768,46,0.004726234,0.001105897,0.003620337
64,768,47,0.004638561,0.001041614,0.003596947
64,768,48,0.00483161,0.001095427,0.003736183
64,768,49,0.004750958,0.001085629,0.003665329
64,768,50,0.00453001,0.000867209,0.003662801
64,768,51,0.004847005,0.001084447,0.003762558
64,768,52,0.004884033,0.00117034,0.003713693
64,768,53,0.004702873,0.001027471,0.003675402
64,768,54,0.004555833,0.000861976,0.003693857
64,768,55,0.004700414,0.000962893,0.003737521
64,768,56,0.004545651,0.000808054,0.003737597
64,768,57,0.004852973,0.001214587,0.003638386
64,768,58,0.004591769,0.000886538,0.003705231
64,768,59,0.004697993,0.001021622,0.003676371
64,768,60,0.004705015,0.001064483,0.003640532
64,768,61,0.00471482,0.001028816,0.003686004
64,768,62,0.00467448,0.001026114,0.003648366
64,768,63,0.004812737,0.001166331,0.003646406
64,768,64,0.004416891,0.000744128,0.003672763
64,768,65,0.004698379,0.001023198,0.003675181
64,768,66,0.004677487,0.001053178,0.003624309
64,768,67,0.005020338,0.00141507,0.003605268
64,768,68,0.004526985,0.000851357,0.003675628
64,768,69,0.004578896,0.000967781,0.003611115
64,768,70,0.004981077,0.001382752,0.003598325
64,768,71,0.004740113,0.001003643,0.00373647
64,768,72,0.004382485,0.00073362,0.003648865
64,768,73,0.004625003,0.001005169,0.003619834
64,768,74,0.004491095,0.000860789,0.003630306
64,768,75,0.004676667,0.001051434,0.003625233
64,768,76,0.004713104,0.001044331,0.003668773
64,768,77,0.004553701,0.000843149,0.003710552
64,768,78,0.004479029,0.000917675,0.003561354
64,768,79,0.004802108,0.001148446,0.003653662
64,768,80,0.004443434,0.000817275,0.003626159
64,768,81,0.004420422,0.000802136,0.003618286
64,768,82,0.004252018,0.000729546,0.003522472
64,768,83,0.004558908,0.000902614,0.003656294
64,768,84,0.004363263,0.000714048,0.003649215
64,768,85,0.004474052,0.000752222,0.00372183
64,768,86,0.005707579,0.001895358,0.003812221
64,768,87,0.005777547,0.001946627,0.00383092
64,768,88,0.004989136,0.001056332,0.003932804
64,768,89,0.004927809,0.001029887,0.003897922
64,768,90,0.004624768,0.000761042,0.003863726
64,768,91,0.004648665,0.000930206,0.003718459
64,768,92,0.004343459,0.000626967,0.003716492
64,768,93,0.004467117,0.000598986,0.003868131
64,768,94,0.004287376,0.000492821,0.003794555
64,768,95,0.004443482,0.000538347,0.003905135
64,768,96,0.004747327,0.000992556,0.003754771
64,768,97,0.004918487,0.001204729,0.003713758
64,768,98,0.005145858,0.001518634,0.003627224
64,768,99,0.004519243,0.000851871,0.003667372
64,768,100,0.007039419,0.003359773,0.003679646
64,768,101,0.004460157,0.000781753,0.003678404
64,768,102,0.008422559,0.004763152,0.003659407
64,768,103,0.004233958,0.000592999,0.003640959
64,768,104,0.004302678,0.0006602,0.003642478
64,768,105,0.00425913,0.00067491,0.00358422
64,768,106,0.004079001,0.000605996,0.003473005
64,768,107,0.005652942,0.002066872,0.00358607
64,768,108,0.010749054,0.007118214,0.00363084
64,768,109,0.006341758,0.002745864,0.003595894
64,768,110,0.005518985,0.001921017,0.003597968
65,768,1,0.758842579,0.63530043,0.123542149
65,768,2,0.003578373,0.000453446,0.003124927
65,768,3,0.003731518,0.000394122,0.003337396
65,768,4,0.003799444,0.000482221,0.003317223
65,768,5,0.003555898,0.000398575,0.003157323
65,768,6,0.003497321,0.000362701,0.00313462
65,768,7,0.003538106,0.000364251,0.003173855
65,768,8,0.003471615,0.000347853,0.003123762
65,768,9,0.003511192,0.000342273,0.003168919
65,768,10,0.003537001,0.000428084,0.003108917
65,768,11,0.024079688,0.021059037,0.003020651
65,768,12,0.004298587,0.001270415,0.003028172
65,768,13,0.004336856,0.001192221,0.003144635
65,768,14,0.014835707,0.01178876,0.003046947
65,768,15,0.004545378,0.00146849,0.003076888
65,768,16,0.003929484,0.000830107,0.003099377
65,768,17,0.004161917,0.001060107,0.00310181
65,768,18,0.013473212,0.010449609,0.003023603
65,768,19,0.004293402,0.00124459,0.003048812
65,768,20,0.004336792,0.001164676,0.003172116
65,768,21,0.004952867,0.00175804,0.003194827
65,768,22,0.004538266,0.0011612,0.003377066
65,768,23,0.004632646,0.001038818,0.003593828
65,768,24,0.00417912,0.000641943,0.003537177
65,768,25,0.004207632,0.00061212,0.003595512
65,768,26,0.004228187,0.000646129,0.003582058
65,768,27,0.004188869,0.000631458,0.003557411
65,768,28,0.003906985,0.00048432,0.003422665
65,768,29,0.016410434,0.013292482,0.003117952
65,768,30,0.023725489,0.020366177,0.003359312
65,768,31,0.006576609,0.002981572,0.003595037
65,768,32,0.00568238,0.002033609,0.003648771
65,768,33,0.005618141,0.002054047,0.003564094
65,768,34,0.005151079,0.001621273,0.003529806
65,768,35,0.005137892,0.001594397,0.003543495
65,768,36,0.005398173,0.001776921,0.003621252
65,768,37,0.005372099,0.001734335,0.003637764
65,768,38,0.005206079,0.001521681,0.003684398
65,768,39,0.004999202,0.001345453,0.003653749
65,768,40,0.005201962,0.001423297,0.003778665
65,768,41,0.004755241,0.000962757,0.003792484
65,768,42,0.00488505,0.001050351,0.003834699
65,768,43,0.004368006,0.000623154,0.003744852
65,768,44,0.004895982,0.001084466,0.003811516
65,768,45,0.004695787,0.000908512,0.003787275
65,768,46,0.004475133,0.000722198,0.003752935
65,768,47,0.004804834,0.001097152,0.003707682
65,768,48,0.00475894,0.000910528,0.003848412
65,768,49,0.004692563,0.000844658,0.003847905
65,768,50,0.004913506,0.001073806,0.0038397
65,768,51,0.004976926,0.00117499,0.003801936
65,768,52,0.004659381,0.000821918,0.003837463
65,768,53,0.00462633,0.000801171,0.003825159
65,768,54,0.004588161,0.000715586,0.003872575
65,768,55,0.00458456,0.000828735,0.003755825
65,768,56,0.004925785,0.001032227,0.003893558
65,768,57,0.004624903,0.00074976,0.003875143
65,768,58,0.004681511,0.000792775,0.003888736
65,768,59,0.004668768,0.000787279,0.003881489
65,768,60,0.004758686,0.000807071,0.003951615
65,768,61,0.00470098,0.000825612,0.003875368
65,768,62,0.004716767,0.000849799,0.003866968
65,768,63,0.00454818,0.000671901,0.003876279
65,768,64,0.004617503,0.000730253,0.00388725
65,768,65,0.004646328,0.00084494,0.003801388
65,768,66,0.004966292,0.001177425,0.003788867
65,768,67,0.004549758,0.00069546,0.003854298
65,768,68,0.004639786,0.000838672,0.003801114
65,768,69,0.005077611,0.001194775,0.003882836
65,768,70,0.004532382,0.000682745,0.003849637
65,768,71,0.004548393,0.000673223,0.00387517
65,768,72,0.00457489,0.000796541,0.003778349
65,768,73,0.004564004,0.000772198,0.003791806
65,768,74,0.004421715,0.000653086,0.003768629
65,768,75,0.004543824,0.000673476,0.003870348
65,768,76,0.004584443,0.000677798,0.003906645
65,768,77,0.004555928,0.000694214,0.003861714
65,768,78,0.004440105,0.000646197,0.003793908
65,768,79,0.004470108,0.000657539,0.003812569
65,768,80,0.004433963,0.000702873,0.00373109
65,768,81,0.004512838,0.000706402,0.003806436
65,768,82,0.004367082,0.000716879,0.003650203
65,768,83,0.004490234,0.000689886,0.003800348
65,768,84,0.004401783,0.000641558,0.003760225
65,768,85,0.004558088,0.000766871,0.003791217
65,768,86,0.004489518,0.000610671,0.003878847
65,768,87,0.005136544,0.001305154,0.00383139
65,768,88,0.006280839,0.002224235,0.004056604
65,768,89,0.004976995,0.001032861,0.003944134
65,768,90,0.004708456,0.000792517,0.003915939
65,768,91,0.004880945,0.001028659,0.003852286
65,768,92,0.004341836,0.00056415,0.003777686
65,768,93,0.004640812,0.000674626,0.003966186
65,768,94,0.004482436,0.000602186,0.00388025
65,768,95,0.004894503,0.000993131,0.003901372
65,768,96,0.004710519,0.000912809,0.00379771
65,768,97,0.005227678,0.001555306,0.003672372
65,768,98,0.004511218,0.00088368,0.003627538
65,768,99,0.006933274,0.003333963,0.003599311
65,768,100,0.004704258,0.000951001,0.003753257
65,768,101,0.00845528,0.004776079,0.003679201
65,768,102,0.004216797,0.000504035,0.003712762
65,768,103,0.00421094,0.000516447,0.003694493
65,768,104,0.004120747,0.000460873,0.003659874
65,768,105,0.004163005,0.000550039,0.003612966
65,768,106,0.005843958,0.002368613,0.003475345
65,768,107,0.009293232,0.005706344,0.003586888
65,768,108,0.006838798,0.003229029,0.003609769
65,768,109,0.006178784,0.0026659,0.003512884
65,768,110,0.005084734,0.001446674,0.00363806
66,768,1,0.759453993,0.635553788,0.123900205
66,768,2,0.025564629,0.022482313,0.003082316
66,768,3,0.003841984,0.000522102,0.003319882
66,768,4,0.003924515,0.0005434,0.003381115
66,768,5,0.003586993,0.000423248,0.003163745
66,768,6,0.003519449,0.000386479,0.00313297
66,768,7,0.003483938,0.000381238,0.0031027
66,768,8,0.003739977,0.000641711,0.003098266
66,768,9,0.003666451,0.00053538,0.003131071
66,768,10,0.02410905,0.021074341,0.003034709
66,768,11,0.004254598,0.001232312,0.003022286
66,768,12,0.004049351,0.000942429,0.003106922
66,768,13,0.015231475,0.012170384,0.003061091
66,768,14,0.004480781,0.001442396,0.003038385
66,768,15,0.00396419,0.000834618,0.003129572
66,768,16,0.004051869,0.0009334,0.003118469
66,768,17,0.013555522,0.010522428,0.003033094
66,768,18,0.004164452,0.001006948,0.003157504
66,768,19,0.004137592,0.001078638,0.003058954
66,768,20,0.00416695,0.001045111,0.003121839
66,768,21,0.004360629,0.001074862,0.003285767
66,768,22,0.004613821,0.001202776,0.003411045
66,768,23,0.004566787,0.000986822,0.003579965
66,768,24,0.004266225,0.000713435,0.00355279
66,768,25,0.004052273,0.000496122,0.003556151
66,768,26,0.0041211,0.000502582,0.003618518
66,768,27,0.00418646,0.000615911,0.003570549
66,768,28,0.015922408,0.012750606,0.003171802
66,768,29,0.02466993,0.021334062,0.003335868
66,768,30,0.006354773,0.002664551,0.003690222
66,768,31,0.005713742,0.002155643,0.003558099
66,768,32,0.005636246,0.002025277,0.003610969
66,768,33,0.005155754,0.001625231,0.003530523
66,768,34,0.005100588,0.001538079,0.003562509
66,768,35,0.005318092,0.001654771,0.003663321
66,768,36,0.005164386,0.001477562,0.003686824
66,768,37,0.005286076,0.001589661,0.003696415
66,768,38,0.004921441,0.001051587,0.003869854
66,768,39,0.004923692,0.001079789,0.003843903
66,768,40,0.00499035,0.001100335,0.003890015
66,768,41,0.004549217,0.000755469,0.003793748
66,768,42,0.0047942,0.000954003,0.003840197
66,768,43,0.00468981,0.001021502,0.003668308
66,768,44,0.004650663,0.000856337,0.003794326
66,768,45,0.004658396,0.000972197,0.003686199
66,768,46,0.004906147,0.001210542,0.003695605
66,768,47,0.004518763,0.000820982,0.003697781
66,768,48,0.004808582,0.000970536,0.003838046
66,768,49,0.004895542,0.001130017,0.003765525
66,768,50,0.005089637,0.001179469,0.003910168
66,768,51,0.004572392,0.000751465,0.003820927
66,768,52,0.004656447,0.000743261,0.003913186
66,768,53,0.004570977,0.00071754,0.003853437
66,768,54,0.004693451,0.000753218,0.003940233
66,768,55,0.004575391,0.000677868,0.003897523
66,768,56,0.004830581,0.000823786,0.004006795
66,768,57,0.004677763,0.000765136,0.003912627
66,768,58,0.004709739,0.000751675,0.003958064
66,768,59,0.004648819,0.00070309,0.003945729
66,768,60,0.004811723,0.000849301,0.003962422
66,768,61,0.004606177,0.000694662,0.003911515
66,768,62,0.004630211,0.000728954,0.003901257
66,768,63,0.004601002,0.00075675,0.003844252
66,768,64,0.004712116,0.000827894,0.003884222
66,768,65,0.004851724,0.001014856,0.003836868
66,768,66,0.004598253,0.000698401,0.003899852
66,768,67,0.004662795,0.000854038,0.003808757
66,768,68,0.005061129,0.001147995,0.003913134
66,768,69,0.004558561,0.000644151,0.00391441
66,768,70,0.004531245,0.000639731,0.003891514
66,768,71,0.00463002,0.000712815,0.003917205
66,768,72,0.004575016,0.000720402,0.003854614
66,768,73,0.004405867,0.000702337,0.00370353
66,768,74,0.004496936,0.000681816,0.00381512
66,768,75,0.004415903,0.000586161,0.003829742
66,768,76,0.004761929,0.000733515,0.004028414
66,768,77,0.004460093,0.000620659,0.003839434
66,768,78,0.004524292,0.000589277,0.003935015
66,768,79,0.004405177,0.000622642,0.003782535
66,768,80,0.004454888,0.000583446,0.003871442
66,768,81,0.004378973,0.000652462,0.003726511
66,768,82,0.004447425,0.000728633,0.003718792
66,768,83,0.004410341,0.000713707,0.003696634
66,768,84,0.004546612,0.000697041,0.003849571
66,768,85,0.004399356,0.000616408,0.003782948
66,768,86,0.004708722,0.000799233,0.003909489
66,768,87,0.006068575,0.002194919,0.003873656
66,768,88,0.005623896,0.001557453,0.004066443
66,768,89,0.004593033,0.000621679,0.003971354
66,768,90,0.00478535,0.000863393,0.003921957
66,768,91,0.004644012,0.000822911,0.003821101
66,768,92,0.004508714,0.000666437,0.003842277
66,768,93,0.004541066,0.000638404,0.003902662
66,768,94,0.004928746,0.001047017,0.003881729
66,768,95,0.004805382,0.000983401,0.003821981
66,768,96,0.00541622,0.001645153,0.003771067
66,768,97,0.004360147,0.000730597,0.00362955
66,768,98,0.007055092,0.003384462,0.00367063
66,768,99,0.004469547,0.000892614,0.003576933
66,768,100,0.006222727,0.002605089,0.003617638
66,768,101,0.004654757,0.000990154,0.003664603
66,768,102,0.00552499,0.001845978,0.003679012
66,768,103,0.004212169,0.000554607,0.003657562
66,768,104,0.004246806,0.000578079,0.003668727
66,768,105,0.00648534,0.002908945,0.003576395
66,768,106,0.00925902,0.005672102,0.003586918
66,768,107,0.003944441,0.000346275,0.003598166
66,768,108,0.009149638,0.005486302,0.003663336
66,768,109,0.004706999,0.001185828,0.003521171
66,768,110,0.004370708,0.000789581,0.003581127
67,768,1,0.752805,0.629578618,0.123226382
67,768,2,0.048781382,0.045729655,0.003051727
67,768,3,0.021316015,0.018187801,0.003128214
67,768,4,0.004142842,0.00079067,0.003352172
67,768,5,0.003704916,0.000521139,0.003183777
67,768,6,0.003864909,0.000732958,0.003131951
67,768,7,0.003927729,0.000806081,0.003121648
67,768,8,0.003614799,0.000459478,0.003155321
67,768,9,0.024209694,0.021184651,0.003025043
67,768,10,0.004090219,0.001061811,0.003028408
67,768,11,0.004075883,0.000938518,0.003137365
67,768,12,0.015328022,0.012283834,0.003044188
67,768,13,0.004485035,0.001333065,0.00315197
67,768,14,0.00389826,0.000699498,0.003198762
67,768,15,0.004056134,0.0009196,0.003136534
67,768,16,0.003993908,0.000857952,0.003135956
67,768,17,0.003766346,0.000595038,0.003171308
67,768,18,0.012227437,0.009199044,0.003028393
67,768,19,0.00459424,0.001569052,0.003025188
67,768,20,0.004477966,0.001368572,0.003109394
67,768,21,0.004365618,0.001079349,0.003286269
67,768,22,0.004787243,0.001387448,0.003399795
67,768,23,0.004770448,0.001158298,0.00361215
67,768,24,0.004061985,0.000546811,0.003515174
67,768,25,0.004124284,0.000532858,0.003591426
67,768,26,0.003990716,0.00046059,0.003530126
67,768,27,0.016258803,0.013108928,0.003149875
67,768,28,0.025171933,0.021778733,0.0033932
67,768,29,0.006036472,0.002666766,0.003369706
67,768,30,0.005739299,0.002284631,0.003454668
67,768,31,0.005659283,0.002127306,0.003531977
67,768,32,0.005170303,0.001590953,0.00357935
67,768,33,0.00512691,0.001334209,0.003792701
67,768,34,0.005123291,0.001321375,0.003801916
67,768,35,0.00510438,0.001469358,0.003635022
67,768,36,0.005218983,0.001630393,0.00358859
67,768,37,0.00477316,0.001083863,0.003689297
67,768,38,0.004866334,0.001159846,0.003706488
67,768,39,0.004983858,0.001228427,0.003755431
67,768,40,0.004825017,0.00104818,0.003776837
67,768,41,0.004630719,0.000870278,0.003760441
67,768,42,0.0048792,0.001191777,0.003687423
67,768,43,0.004418787,0.000730524,0.003688263
67,768,44,0.004800852,0.001127745,0.003673107
67,768,45,0.004823421,0.001113166,0.003710255
67,768,46,0.004442082,0.000731844,0.003710238
67,768,47,0.004972515,0.001222787,0.003749728
67,768,48,0.004939768,0.00120815,0.003731618
67,768,49,0.004850621,0.001116894,0.003733727
67,768,50,0.004663163,0.00086804,0.003795123
67,768,51,0.004627273,0.000721627,0.003905646
67,768,52,0.004602037,0.000731948,0.003870089
67,768,53,0.004617602,0.000719543,0.003898059
67,768,54,0.004734241,0.000808198,0.003926043
67,768,55,0.004665302,0.000680927,0.003984375
67,768,56,0.004659748,0.000684156,0.003975592
67,768,57,0.00472342,0.00067907,0.00404435
67,768,58,0.004727892,0.000801458,0.003926434
67,768,59,0.004819776,0.00084141,0.003978366
67,768,60,0.004578768,0.000641724,0.003937044
67,768,61,0.004631851,0.000647375,0.003984476
67,768,62,0.004651092,0.000788811,0.003862281
67,768,63,0.004805398,0.000768771,0.004036627
67,768,64,0.004818606,0.000951446,0.00386716
67,768,65,0.004660798,0.000632917,0.004027881
67,768,66,0.004756302,0.000968515,0.003787787
67,768,67,0.004891257,0.000927094,0.003964163
67,768,68,0.004491676,0.00061015,0.003881526
67,768,69,0.004531331,0.000564545,0.003966786
67,768,70,0.004634782,0.000699361,0.003935421
67,768,71,0.004566137,0.000622625,0.003943512
67,768,72,0.004415302,0.000619648,0.003795654
67,768,73,0.004479279,0.000667224,0.003812055
67,768,74,0.004404927,0.000712553,0.003692374
67,768,75,0.004728921,0.000820568,0.003908353
67,768,76,0.004593353,0.000732354,0.003860999
67,768,77,0.004451065,0.000559344,0.003891721
67,768,78,0.004460051,0.000665655,0.003794396
67,768,79,0.004457898,0.000636981,0.003820917
67,768,80,0.004441347,0.000650186,0.003791161
67,768,81,0.004382605,0.000597269,0.003785336
67,768,82,0.004324374,0.000694856,0.003629518
67,768,83,0.004419201,0.00076732,0.003651881
67,768,84,0.004592103,0.000853663,0.00373844
67,768,85,0.004532158,0.00077806,0.003754098
67,768,86,0.00634072,0.002504773,0.003835947
67,768,87,0.005401179,0.001511859,0.00388932
67,768,88,0.004668382,0.000645876,0.004022506
67,768,89,0.004524021,0.00059684,0.003927181
67,768,90,0.004728117,0.000872235,0.003855882
67,768,91,0.004857387,0.001071996,0.003785391
67,768,92,0.004468368,0.00067664,0.003791728
67,768,93,0.005005943,0.001131011,0.003874932
67,768,94,0.004852512,0.001059836,0.003792676
67,768,95,0.005382156,0.00153121,0.003850946
67,768,96,0.00445049,0.000737251,0.003713239
67,768,97,0.007122292,0.003450461,0.003671831
67,768,98,0.004499048,0.000829123,0.003669925
67,768,99,0.006105022,0.002426894,0.003678128
67,768,100,0.004704727,0.001050068,0.003654659
67,768,101,0.004193163,0.000543076,0.003650087
67,768,102,0.004228449,0.000538949,0.0036895
67,768,103,0.004952678,0.001280871,0.003671807
67,768,104,0.00722423,0.003710482,0.003513748
67,768,105,0.006901123,0.003380797,0.003520326
67,768,106,0.005071561,0.00149071,0.003580851
67,768,107,0.010340412,0.006695657,0.003644755
67,768,108,0.004511687,0.000855301,0.003656386
67,768,109,0.004393341,0.000841631,0.00355171
67,768,110,0.004332762,0.000834506,0.003498256
68,768,1,0.760214289,0.637546601,0.122667688
68,768,2,0.003609277,0.000443364,0.003165913
68,768,3,0.003534003,0.000355279,0.003178724
68,768,4,0.020868858,0.017494683,0.003374175
68,768,5,0.004965167,0.001711518,0.003253649
68,768,6,0.003953813,0.000744058,0.003209755
68,768,7,0.003521168,0.000364578,0.00315659
68,768,8,0.024318122,0.021238077,0.003080045
68,768,9,0.004061286,0.000979349,0.003081937
68,768,10,0.003958627,0.000735049,0.003223578
68,768,11,0.015510331,0.012402545,0.003107786
68,768,12,0.004317743,0.001206855,0.003110888
68,768,13,0.0038754,0.00071014,0.00316526
68,768,14,0.004155342,0.000955458,0.003199884
68,768,15,0.003804865,0.000639327,0.003165538
68,768,16,0.003698548,0.000519888,0.00317866
68,768,17,0.003703087,0.00049519,0.003207897
68,768,18,0.003544598,0.000402233,0.003142365
68,768,19,0.011821012,0.008738978,0.003082034
68,768,20,0.004675208,0.001525302,0.003149906
68,768,21,0.005134116,0.001909603,0.003224513
68,768,22,0.00460481,0.001297093,0.003307717
68,768,23,0.004779644,0.001246784,0.00353286
68,768,24,0.004517276,0.0009341,0.003583176
68,768,25,0.003997933,0.000458078,0.003539855
68,768,26,0.016787216,0.013534349,0.003252867
68,768,27,0.025236218,0.021955389,0.003280829
68,768,28,0.00606757,0.002735961,0.003331609
68,768,29,0.005575863,0.002105787,0.003470076
68,768,30,0.00562121,0.002044088,0.003577122
68,768,31,0.00512004,0.001404674,0.003715366
68,768,32,0.004886779,0.001082968,0.003803811
68,768,33,0.005096569,0.001437418,0.003659151
68,768,34,0.005224722,0.001526656,0.003698066
68,768,35,0.005207385,0.001569609,0.003637776
68,768,36,0.004667563,0.000965912,0.003701651
68,768,37,0.004997059,0.001275867,0.003721192
68,768,38,0.004843238,0.001133824,0.003709414
68,768,39,0.004663546,0.000947499,0.003716047
68,768,40,0.004652321,0.000870534,0.003781787
68,768,41,0.004961341,0.001301044,0.003660297
68,768,42,0.004403422,0.000679462,0.00372396
68,768,43,0.004958676,0.001255778,0.003702898
68,768,44,0.004580949,0.000897935,0.003683014
68,768,45,0.004589529,0.000834779,0.00375475
68,768,46,0.004683275,0.000993911,0.003689364
68,768,47,0.005091058,0.001319902,0.003771156
68,768,48,0.004799305,0.000987892,0.003811413
68,768,49,0.004464081,0.000666084,0.003797997
68,768,50,0.004628061,0.000806081,0.00382198
68,768,51,0.004622084,0.000716132,0.003905952
68,768,52,0.004797757,0.000832252,0.003965505
68,768,53,0.004794388,0.000833439,0.003960949
68,768,54,0.00457528,0.000642534,0.003932746
68,768,55,0.004741767,0.000759693,0.003982074
68,768,56,0.004676529,0.000684619,0.00399191
68,768,57,0.004744282,0.000810146,0.003934136
68,768,58,0.004731015,0.000787881,0.003943134
68,768,59,0.004606662,0.00060274,0.004003922
68,768,60,0.004542204,0.000650231,0.003891973
68,768,61,0.004877654,0.000925176,0.003952478
68,768,62,0.004637824,0.000742367,0.003895457
68,768,63,0.004945945,0.001042352,0.003903593
68,768,64,0.004605454,0.000767836,0.003837618
68,768,65,0.004907386,0.001063684,0.003843702
68,768,66,0.004742081,0.00091216,0.003829921
68,768,67,0.004601013,0.000637027,0.003963986
68,768,68,0.004491783,0.000667897,0.003823886
68,768,69,0.004642774,0.000696075,0.003946699
68,768,70,0.00450339,0.000590442,0.003912948
68,768,71,0.004575164,0.000616875,0.003958289
68,768,72,0.004435863,0.000579645,0.003856218
68,768,73,0.004364294,0.000578011,0.003786283
68,768,74,0.004366737,0.000614445,0.003752292
68,768,75,0.004433147,0.000595558,0.003837589
68,768,76,0.004539679,0.000600789,0.00393889
68,768,77,0.004506204,0.000575386,0.003930818
68,768,78,0.004514633,0.000618425,0.003896208
68,768,79,0.004456274,0.000578503,0.003877771
68,768,80,0.004498858,0.00056666,0.003932198
68,768,81,0.004476901,0.00059958,0.003877321
68,768,82,0.004433584,0.000722122,0.003711462
68,768,83,0.004610309,0.000846023,0.003764286
68,768,84,0.004512474,0.000748589,0.003763885
68,768,85,0.006458348,0.002591331,0.003867017
68,768,86,0.005387774,0.00137805,0.004009724
68,768,87,0.004511953,0.000564583,0.00394737
68,768,88,0.004634212,0.00058366,0.004050552
68,768,89,0.00454583,0.000573392,0.003972438
68,768,90,0.004640352,0.000718798,0.003921554
68,768,91,0.004660801,0.000796603,0.003864198
68,768,92,0.005136761,0.001211433,0.003925328
68,768,93,0.005000496,0.001067596,0.0039329
68,768,94,0.005148592,0.001215055,0.003933537
68,768,95,0.004594681,0.000711655,0.003883026
68,768,96,0.007358865,0.003606976,0.003751889
68,768,97,0.004400507,0.000708808,0.003691699
68,768,98,0.005233171,0.001464784,0.003768387
68,768,99,0.005356583,0.001560637,0.003795946
68,768,100,0.004202896,0.000481399,0.003721497
68,768,101,0.004135259,0.000427681,0.003707578
68,768,102,0.005157988,0.001372542,0.003785446
68,768,103,0.007591485,0.003872798,0.003718687
68,768,104,0.004692488,0.001035989,0.003656499
68,768,105,0.007107808,0.003574331,0.003533477
68,768,106,0.007799511,0.004143764,0.003655747
68,768,107,0.005546006,0.001859199,0.003686807
68,768,108,0.004688179,0.000988527,0.003699652
68,768,109,0.005278875,0.001644617,0.003634258
68,768,110,0.005998212,0.002547564,0.003450648
69,768,1,0.758081363,0.634594199,0.123487164
69,768,2,0.010963706,0.00791153,0.003052176
69,768,3,0.003730811,0.000580193,0.003150618
69,768,4,0.022694866,0.019532037,0.003162829
69,768,5,0.004030601,0.000917823,0.003112778
69,768,6,0.00357098,0.000446258,0.003124722
69,768,7,0.024320481,0.021297202,0.003023279
69,768,8,0.004032181,0.000992321,0.00303986
69,768,9,0.003856172,0.000745084,0.003111088
69,768,10,0.015703911,0.012652991,0.00305092
69,768,11,0.004320832,0.001285807,0.003035025
69,768,12,0.003791292,0.000664156,0.003127136
69,768,13,0.004028,0.000927951,0.003100049
69,768,14,0.003823957,0.000661978,0.003161979
69,768,15,0.00367834,0.000529411,0.003148929
69,768,16,0.003545223,0.00045502,0.003090203
69,768,17,0.003680478,0.000562309,0.003118169
69,768,18,0.003683221,0.000540916,0.003142305
69,768,19,0.003509038,0.000405959,0.003103079
69,768,20,0.011462928,0.008409883,0.003053045
69,768,21,0.004906742,0.001841242,0.0030655
69,768,22,0.005644996,0.002414133,0.003230863
69,768,23,0.005055089,0.00149058,0.003564509
69,768,24,0.004223237,0.00073338,0.003489857
69,768,25,0.017718832,0.014384544,0.003334288
69,768,26,0.025341386,0.022152986,0.0031884
69,768,27,0.006060849,0.002705338,0.003355511
69,768,28,0.005429946,0.001971855,0.003458091
69,768,29,0.005531352,0.001903599,0.003627753
69,768,30,0.004939863,0.001329804,0.003610059
69,768,31,0.004855941,0.001311757,0.003544184
69,768,32,0.005128816,0.001553984,0.003574832
69,768,33,0.005180202,0.001633404,0.003546798
69,768,34,0.00501531,0.001443664,0.003571646
69,768,35,0.004756184,0.001203853,0.003552331
69,768,36,0.004982071,0.001354979,0.003627092
69,768,37,0.005000395,0.001202806,0.003797589
69,768,38,0.004568189,0.000860959,0.00370723
69,768,39,0.00453732,0.000892042,0.003645278
69,768,40,0.005175647,0.001419576,0.003756071
69,768,41,0.004362718,0.000643451,0.003719267
69,768,42,0.004820397,0.00110195,0.003718447
69,768,43,0.004721975,0.001026409,0.003695566
69,768,44,0.004420158,0.000694447,0.003725711
69,768,45,0.004769745,0.00109164,0.003678105
69,768,46,0.005061897,0.001308508,0.003753389
69,768,47,0.004530083,0.000818057,0.003712026
69,768,48,0.004625095,0.000813082,0.003812013
69,768,49,0.004622389,0.000928862,0.003693527
69,768,50,0.004649405,0.000855244,0.003794161
69,768,51,0.004815351,0.000916081,0.00389927
69,768,52,0.004695846,0.000911402,0.003784444
69,768,53,0.004537877,0.000688573,0.003849304
69,768,54,0.0048817,0.001008653,0.003873047
69,768,55,0.004621521,0.000742775,0.003878746
69,768,56,0.004783762,0.001002313,0.003781449
69,768,57,0.004709508,0.000782547,0.003926961
69,768,58,0.00452416,0.000717556,0.003806604
69,768,59,0.004745284,0.000944279,0.003801005
69,768,60,0.004739127,0.001000063,0.003739064
69,768,61,0.004790822,0.000976703,0.003814119
69,768,62,0.00483129,0.001119512,0.003711778
69,768,63,0.004756402,0.000971486,0.003784916
69,768,64,0.004778293,0.001058156,0.003720137
69,768,65,0.004774347,0.00104812,0.003726227
69,768,66,0.004532817,0.000697242,0.003835575
69,768,67,0.004670182,0.000876385,0.003793797
69,768,68,0.004561901,0.000668296,0.003893605
69,768,69,0.004334948,0.000523067,0.003811881
69,768,70,0.004506468,0.00066349,0.003842978
69,768,71,0.004437033,0.000595061,0.003841972
69,768,72,0.004419125,0.00069947,0.003719655
69,768,73,0.004312849,0.000716414,0.003596435
69,768,74,0.004484729,0.000866395,0.003618334
69,768,75,0.004449171,0.000734591,0.00371458
69,768,76,0.004468744,0.00068727,0.003781474
69,768,77,0.004574331,0.000723303,0.003851028
69,768,78,0.004379067,0.000623857,0.00375521
69,768,79,0.004556844,0.00075054,0.003806304
69,768,80,0.004448948,0.000663961,0.003784987
69,768,81,0.004509152,0.000693805,0.003815347
69,768,82,0.00456253,0.000841599,0.003720931
69,768,83,0.004641718,0.000924768,0.00371695
69,768,84,0.006664759,0.00290382,0.003760939
69,768,85,0.005279439,0.001432194,0.003847245
69,768,86,0.004394716,0.000498962,0.003895754
69,768,87,0.00452648,0.000575495,0.003950985
69,768,88,0.004448311,0.000519326,0.003928985
69,768,89,0.00452071,0.000601364,0.003919346
69,768,90,0.004993128,0.001150679,0.003842449
69,768,91,0.005299993,0.001419482,0.003880511
69,768,92,0.004974121,0.000961776,0.004012345
69,768,93,0.004978076,0.00108515,0.003892926
69,768,94,0.004722632,0.000809913,0.003912719
69,768,95,0.007572637,0.003873612,0.003699025
69,768,96,0.004418757,0.000786405,0.003632352
69,768,97,0.004412054,0.000794847,0.003617207
69,768,98,0.00435361,0.000624209,0.003729401
69,768,99,0.004406761,0.000811175,0.003595586
69,768,100,0.00530961,0.001674974,0.003634636
69,768,101,0.005574238,0.001925118,0.00364912
69,768,102,0.007661788,0.003951754,0.003710034
69,768,103,0.004607023,0.000998085,0.003608938
69,768,104,0.007316135,0.003769409,0.003546726
69,768,105,0.007450785,0.003875649,0.003575136
69,768,106,0.005193347,0.001612264,0.003581083
69,768,107,0.004501806,0.000876768,0.003625038
69,768,108,0.004829526,0.001154009,0.003675517
69,768,109,0.005593622,0.001984555,0.003609067
69,768,110,0.006278676,0.002896305,0.003382371
70,768,1,0.761370021,0.637554748,0.123815273
70,768,2,0.005457523,0.002406044,0.003051479
70,768,3,0.030917755,0.027547263,0.003370492
70,768,4,0.004115712,0.000946779,0.003168933
70,768,5,0.003586091,0.000414597,0.003171494
70,768,6,0.024297025,0.021274469,0.003022556
70,768,7,0.004085089,0.00106066,0.003024429
70,768,8,0.003733352,0.000607253,0.003126099
70,768,9,0.015885165,0.01282676,0.003058405
70,768,10,0.004288232,0.001246325,0.003041907
70,768,11,0.003695783,0.000554784,0.003140999
70,768,12,0.004090451,0.000955202,0.003135249
70,768,13,0.003655908,0.000494146,0.003161762
70,768,14,0.003654488,0.000507585,0.003146903
70,768,15,0.003582068,0.000454173,0.003127895
70,768,16,0.003772249,0.000617458,0.003154791
70,768,17,0.003557306,0.000443336,0.00311397
70,768,18,0.00364857,0.000533925,0.003114645
70,768,19,0.003485502,0.000398713,0.003086789
70,768,20,0.003631974,0.000532132,0.003099842
70,768,21,0.011494334,0.008432554,0.00306178
70,768,22,0.005573227,0.002377316,0.003195911
70,768,23,0.005303903,0.001903028,0.003400875
70,768,24,0.019251774,0.015911893,0.003339881
70,768,25,0.025504596,0.022295907,0.003208689
70,768,26,0.005936086,0.002650427,0.003285659
70,768,27,0.005307027,0.002033408,0.003273619
70,768,28,0.005335025,0.002112339,0.003222686
70,768,29,0.005006408,0.00157111,0.003435298
70,768,30,0.004886766,0.001424014,0.003462752
70,768,31,0.005086062,0.001618984,0.003467078
70,768,32,0.005226299,0.001631407,0.003594892
70,768,33,0.004705133,0.001129128,0.003576005
70,768,34,0.00486732,0.001325133,0.003542187
70,768,35,0.004842718,0.001248563,0.003594155
70,768,36,0.004872612,0.00118193,0.003690682
70,768,37,0.004732969,0.001042371,0.003690598
70,768,38,0.004635001,0.000942022,0.003692979
70,768,39,0.004923658,0.001151954,0.003771704
70,768,40,0.004541701,0.000752748,0.003788953
70,768,41,0.004643108,0.000965795,0.003677313
70,768,42,0.004745862,0.001040653,0.003705209
70,768,43,0.004531295,0.000788263,0.003743032
70,768,44,0.004722,0.001061144,0.003660856
70,768,45,0.004972019,0.001275663,0.003696356
70,768,46,0.004585842,0.000832306,0.003753536
70,768,47,0.004630017,0.000829489,0.003800528
70,768,48,0.004671766,0.00088326,0.003788506
70,768,49,0.004603983,0.000817787,0.003786196
70,768,50,0.004811715,0.001049056,0.003762659
70,768,51,0.004738409,0.000946515,0.003791894
70,768,52,0.004521486,0.000719657,0.003801829
70,768,53,0.004901688,0.001063053,0.003838635
70,768,54,0.004637738,0.000853865,0.003783873
70,768,55,0.004755893,0.000915102,0.003840791
70,768,56,0.004638248,0.00081127,0.003826978
70,768,57,0.004612266,0.000761224,0.003851042
70,768,58,0.004735932,0.00093094,0.003804992
70,768,59,0.004763371,0.0009529,0.003810471
70,768,60,0.00476559,0.00097905,0.00378654
70,768,61,0.004807033,0.001005961,0.003801072
70,768,62,0.004707967,0.00097845,0.003729517
70,768,63,0.004836296,0.001126177,0.003710119
70,768,64,0.0047609,0.001026942,0.003733958
70,768,65,0.004384427,0.000667719,0.003716708
70,768,66,0.004661921,0.000921081,0.00374084
70,768,67,0.004581635,0.000727997,0.003853638
70,768,68,0.004343166,0.000624112,0.003719054
70,768,69,0.004636097,0.00080528,0.003830817
70,768,70,0.004413888,0.000637301,0.003776587
70,768,71,0.004579534,0.000723593,0.003855941
70,768,72,0.004451166,0.000716099,0.003735067
70,768,73,0.004349705,0.000613771,0.003735934
70,768,74,0.004266721,0.000648518,0.003618203
70,768,75,0.004354355,0.000709409,0.003644946
70,768,76,0.004567378,0.000776968,0.00379041
70,768,77,0.004404608,0.000667669,0.003736939
70,768,78,0.004625946,0.000836666,0.00378928
70,768,79,0.004431217,0.000727839,0.003703378
70,768,80,0.004557511,0.000797192,0.003760319
70,768,81,0.004545262,0.000835753,0.003709509
70,768,82,0.004753067,0.000976178,0.003776889
70,768,83,0.006721897,0.003046389,0.003675508
70,768,84,0.005112201,0.001405334,0.003706867
70,768,85,0.004356792,0.000543459,0.003813333
70,768,86,0.004496666,0.00060165,0.003895016
70,768,87,0.004366398,0.000467907,0.003898491
70,768,88,0.004460529,0.000492353,0.003968176
70,768,89,0.004728961,0.000843261,0.0038857
70,768,90,0.005499224,0.00172524,0.003773984
70,768,91,0.005054795,0.001291877,0.003762918
70,768,92,0.005006853,0.001089718,0.003917135
70,768,93,0.004441556,0.00059253,0.003849026
70,768,94,0.008072567,0.00429944,0.003773127
70,768,95,0.00454407,0.000820629,0.003723441
70,768,96,0.004334092,0.000681794,0.003652298
70,768,97,0.004339601,0.000721242,0.003618359
70,768,98,0.004378897,0.000662434,0.003716463
70,768,99,0.004204369,0.000618059,0.00358631
70,768,100,0.006903837,0.003234498,0.003669339
70,768,101,0.00743942,0.003769099,0.003670321
70,768,102,0.004705124,0.001072023,0.003633101
70,768,103,0.007470085,0.003903153,0.003566932
70,768,104,0.004334879,0.000831894,0.003502985
70,768,105,0.004261619,0.000773116,0.003488503
70,768,106,0.006628306,0.003077675,0.003550631
70,768,107,0.00567101,0.002029622,0.003641388
70,768,108,0.004667966,0.001054377,0.003613589
70,768,109,0.005405641,0.001817908,0.003587733
70,768,110,0.004269063,0.000827214,0.003441849
71,768,1,0.757428471,0.633635819,0.123792652
71,768,2,0.067861228,0.064803962,0.003057266
71,768,3,0.004210258,0.000724274,0.003485984
71,768,4,0.003687042,0.000443356,0.003243686
71,768,5,0.024377014,0.021359067,0.003017947
71,768,6,0.00402368,0.001007617,0.003016063
71,768,7,0.003657412,0.000500199,0.003157213
71,768,8,0.016087931,0.013053047,0.003034884
71,768,9,0.004219067,0.001167388,0.003051679
71,768,10,0.003613362,0.000449939,0.003163423
71,768,11,0.004020206,0.000861718,0.003158488
71,768,12,0.003612189,0.000498463,0.003113726
71,768,13,0.00361698,0.000482361,0.003134619
71,768,14,0.003630765,0.000506329,0.003124436
71,768,15,0.003766926,0.000666783,0.003100143
71,768,16,0.003661178,0.000540231,0.003120947
71,768,17,0.003615252,0.000428916,0.003186336
71,768,18,0.003599651,0.000512384,0.003087267
71,768,19,0.00358451,0.000459751,0.003124759
71,768,20,0.003564448,0.000474481,0.003089967
71,768,21,0.003644545,0.000521628,0.003122917
71,768,22,0.012260487,0.00905916,0.003201327
71,768,23,0.021720608,0.018295475,0.003425133
71,768,24,0.025882059,0.022595799,0.00328626
71,768,25,0.005805882,0.00262547,0.003180412
71,768,26,0.005311291,0.002132618,0.003178673
71,768,27,0.005395617,0.002090362,0.003305255
71,768,28,0.004791405,0.001363563,0.003427842
71,768,29,0.004811491,0.001212818,0.003598673
71,768,30,0.005168644,0.0015243,0.003644344
71,768,31,0.005077153,0.001341354,0.003735799
71,768,32,0.004646456,0.001020817,0.003625639
71,768,33,0.004861963,0.001163274,0.003698689
71,768,34,0.004848526,0.001132776,0.00371575
71,768,35,0.004617302,0.000856047,0.003761255
71,768,36,0.004797861,0.000997215,0.003800646
71,768,37,0.00464721,0.000819735,0.003827475
71,768,38,0.004798106,0.000956582,0.003841524
71,768,39,0.004598823,0.000747441,0.003851382
71,768,40,0.004749145,0.000917895,0.00383125
71,768,41,0.004630279,0.000818803,0.003811476
71,768,42,0.004547391,0.000725208,0.003822183
71,768,43,0.004704066,0.00095536,0.003748706
71,768,44,0.004917656,0.00116645,0.003751206
71,768,45,0.004512844,0.00068207,0.003830774
71,768,46,0.004559041,0.000867246,0.003691795
71,768,47,0.004877816,0.001059015,0.003818801
71,768,48,0.00456179,0.000734184,0.003827606
71,768,49,0.004916487,0.00108261,0.003833877
71,768,50,0.004618315,0.000784779,0.003833536
71,768,51,0.004686225,0.000794749,0.003891476
71,768,52,0.004722136,0.000827917,0.003894219
71,768,53,0.004766248,0.000867773,0.003898475
71,768,54,0.004664615,0.000819157,0.003845458
71,768,55,0.004739119,0.000833283,0.003905836
71,768,56,0.004535786,0.00068656,0.003849226
71,768,57,0.004817947,0.000875183,0.003942764
71,768,58,0.004717697,0.00084188,0.003875817
71,768,59,0.004782871,0.000826373,0.003956498
71,768,60,0.004804055,0.000885847,0.003918208
71,768,61,0.004676886,0.000771669,0.003905217
71,768,62,0.004764941,0.000904683,0.003860258
71,768,63,0.00481098,0.00086388,0.0039471
71,768,64,0.004384454,0.000571639,0.003812815
71,768,65,0.004708863,0.000797302,0.003911561
71,768,66,0.004398905,0.000577477,0.003821428
71,768,67,0.00457917,0.000713112,0.003866058
71,768,68,0.004430014,0.000650521,0.003779493
71,768,69,0.004523294,0.000663151,0.003860143
71,768,70,0.004498779,0.000650686,0.003848093
71,768,71,0.004568361,0.000660939,0.003907422
71,768,72,0.004391296,0.000639936,0.00375136
71,768,73,0.004375917,0.000619607,0.00375631
71,768,74,0.004199394,0.000653296,0.003546098
71,768,75,0.004433421,0.000678102,0.003755319
71,768,76,0.004523331,0.000619491,0.00390384
71,768,77,0.00452267,0.000652881,0.003869789
71,768,78,0.004470012,0.000655432,0.00381458
71,768,79,0.004470582,0.000683647,0.003786935
71,768,80,0.004587273,0.000805919,0.003781354
71,768,81,0.004715371,0.000862067,0.003853304
71,768,82,0.006978468,0.003343783,0.003634685
71,768,83,0.005010804,0.001315817,0.003694987
71,768,84,0.004233865,0.000540121,0.003693744
71,768,85,0.004472362,0.000614904,0.003857458
71,768,86,0.004346439,0.000466432,0.003880007
71,768,87,0.004468925,0.000489399,0.003979526
71,768,88,0.004487387,0.000500887,0.0039865
71,768,89,0.00538817,0.001470914,0.003917256
71,768,90,0.004999798,0.001214901,0.003784897
71,768,91,0.005365524,0.001585566,0.003779958
71,768,92,0.00451734,0.000628354,0.003888986
71,768,93,0.008139193,0.00424317,0.003896023
71,768,94,0.004526491,0.000721774,0.003804717
71,768,95,0.004368431,0.000611257,0.003757174
71,768,96,0.0042298,0.000564343,0.003665457
71,768,97,0.004313489,0.000707936,0.003605553
71,768,98,0.004366718,0.000614525,0.003752193
71,768,99,0.007008349,0.003306158,0.003702191
71,768,100,0.00736042,0.003711894,0.003648526
71,768,101,0.004776481,0.001094464,0.003682017
71,768,102,0.004714181,0.00110597,0.003608211
71,768,103,0.004354414,0.000781431,0.003572983
71,768,104,0.005973342,0.002430193,0.003543149
71,768,105,0.004584847,0.001113788,0.003471059
71,768,106,0.006379295,0.002808031,0.003571264
71,768,107,0.006359095,0.002691477,0.003667618
71,768,108,0.004645006,0.000993871,0.003651135
71,768,109,0.005488732,0.00186958,0.003619152
71,768,110,0.004168853,0.000715352,0.003453501
72,768,1,0.777304725,0.651969365,0.12533536
72,768,2,0.003711202,0.000496339,0.003214863
72,768,3,0.003604005,0.000439137,0.003164868
72,768,4,0.024958917,0.021935859,0.003023058
72,768,5,0.00389601,0.000861218,0.003034792
72,768,6,0.003612251,0.000512681,0.00309957
72,768,7,0.016301929,0.013234706,0.003067223
72,768,8,0.004149238,0.00096864,0.003180598
72,768,9,0.003568506,0.000418237,0.003150269
72,768,10,0.003737144,0.000569905,0.003167239
72,768,11,0.003752346,0.000602423,0.003149923
72,768,12,0.003738303,0.000557422,0.003180881
72,768,13,0.003528934,0.000421871,0.003107063
72,768,14,0.003806319,0.000627957,0.003178362
72,768,15,0.003630261,0.000470556,0.003159705
72,768,16,0.003571238,0.00047227,0.003098968
72,768,17,0.003695897,0.00056467,0.003131227
72,768,18,0.003489234,0.000397805,0.003091429
72,768,19,0.003733612,0.000628757,0.003104855
72,768,20,0.003594958,0.000443644,0.003151314
72,768,21,0.003493466,0.000394737,0.003098729
72,768,22,0.029706316,0.026545136,0.00316118
72,768,23,0.026461504,0.022694404,0.0037671
72,768,24,0.005909242,0.002106014,0.003803228
72,768,25,0.005232044,0.001465138,0.003766906
72,768,26,0.005271831,0.001440646,0.003831185
72,768,27,0.004677412,0.000862186,0.003815226
72,768,28,0.004661615,0.000815266,0.003846349
72,768,29,0.005024205,0.001140205,0.003884
72,768,30,0.005044676,0.00115083,0.003893846
72,768,31,0.0046519,0.000829976,0.003821924
72,768,32,0.004845488,0.001005014,0.003840474
72,768,33,0.004853844,0.00086248,0.003991364
72,768,34,0.004601859,0.000664298,0.003937561
72,768,35,0.004652263,0.000693629,0.003958634
72,768,36,0.004632795,0.000736521,0.003896274
72,768,37,0.004413699,0.000533975,0.003879724
72,768,38,0.004852259,0.000904412,0.003947847
72,768,39,0.004673216,0.000720982,0.003952234
72,768,40,0.004504493,0.000577121,0.003927372
72,768,41,0.004744256,0.000843668,0.003900588
72,768,42,0.004847563,0.00093759,0.003909973
72,768,43,0.004685376,0.00063082,0.004054556
72,768,44,0.004752293,0.000804334,0.003947959
72,768,45,0.004585273,0.000606784,0.003978489
72,768,46,0.004648078,0.000635322,0.004012756
72,768,47,0.004650672,0.000657573,0.003993099
72,768,48,0.004912645,0.000933689,0.003978956
72,768,49,0.004674204,0.000670855,0.004003349
72,768,50,0.004673671,0.000692825,0.003980846
72,768,51,0.004607649,0.000714615,0.003893034
72,768,52,0.004854283,0.00101672,0.003837563
72,768,53,0.004623124,0.000733925,0.003889199
72,768,54,0.004727593,0.000822502,0.003905091
72,768,55,0.004573374,0.00073141,0.003841964
72,768,56,0.004783477,0.00091521,0.003868267
72,768,57,0.004763152,0.000909471,0.003853681
72,768,58,0.004641569,0.000804937,0.003836632
72,768,59,0.004773169,0.001006484,0.003766685
72,768,60,0.004747882,0.000957304,0.003790578
72,768,61,0.004717146,0.00094493,0.003772216
72,768,62,0.004602265,0.000770734,0.003831531
72,768,63,0.004554713,0.000758717,0.003795996
72,768,64,0.00458208,0.000730428,0.003851652
72,768,65,0.00448299,0.000756498,0.003726492
72,768,66,0.004636336,0.00079492,0.003841416
72,768,67,0.004273711,0.000683116,0.003590595
72,768,68,0.004330314,0.000585117,0.003745197
72,768,69,0.004337705,0.000597375,0.00374033
72,768,70,0.004174953,0.00062729,0.003547663
72,768,71,0.004306034,0.000800489,0.003505545
72,768,72,0.004511011,0.001061604,0.003449407
72,768,73,0.004471601,0.001033584,0.003438017
72,768,74,0.004664962,0.001112261,0.003552701
72,768,75,0.004628797,0.000960113,0.003668684
72,768,76,0.004539252,0.000927686,0.003611566
72,768,77,0.004572896,0.00083043,0.003742466
72,768,78,0.004646902,0.000929862,0.00371704
72,768,79,0.004662815,0.000920521,0.003742294
72,768,80,0.00469385,0.000955638,0.003738212
72,768,81,0.006960752,0.003489635,0.003471117
72,768,82,0.005147511,0.001601188,0.003546323
72,768,83,0.004174961,0.000576167,0.003598794
72,768,84,0.004089483,0.000498972,0.003590511
72,768,85,0.004415205,0.000568691,0.003846514
72,768,86,0.004161777,0.000491636,0.003670141
72,768,87,0.004036582,0.000476463,0.003560119
72,768,88,0.005461371,0.002114385,0.003346986
72,768,89,0.005546211,0.002301765,0.003244446
72,768,90,0.005640241,0.002253655,0.003386586
72,768,91,0.004604122,0.001029718,0.003574404
72,768,92,0.007587395,0.004030208,0.003557187
72,768,93,0.00482867,0.001135355,0.003693315
72,768,94,0.004466444,0.000876846,0.003589598
72,768,95,0.004181023,0.000736652,0.003444371
72,768,96,0.004320322,0.000942476,0.003377846
72,768,97,0.004366968,0.000939644,0.003427324
72,768,98,0.007065556,0.003677136,0.00338842
72,768,99,0.004734922,0.001216738,0.003518184
72,768,100,0.006710558,0.003433468,0.00327709
72,768,101,0.004919693,0.001743147,0.003176546
72,768,102,0.004726341,0.001531333,0.003195008
72,768,103,0.004381129,0.00102763,0.003353499
72,768,104,0.004305915,0.000897538,0.003408377
72,768,105,0.00539235,0.001963746,0.003428604
72,768,106,0.004625039,0.001228397,0.003396642
72,768,107,0.006062979,0.002884986,0.003177993
72,768,108,0.006648925,0.003510877,0.003138048
72,768,109,0.005109955,0.001946706,0.003163249
72,768,110,0.0049812,0.001693018,0.003288182
73,768,1,0.764524758,0.639906632,0.124618126
73,768,2,0.047025421,0.043883285,0.003142136
73,768,3,0.003741034,0.00052832,0.003212714
73,768,4,0.003521723,0.000381316,0.003140407
73,768,5,0.024877047,0.021864233,0.003012814
73,768,6,0.017449408,0.014388866,0.003060542
73,768,7,0.004059158,0.000934806,0.003124352
73,768,8,0.003601452,0.00045326,0.003148192
73,768,9,0.003589068,0.000391927,0.003197141
73,768,10,0.003673848,0.000555728,0.00311812
73,768,11,0.003817787,0.000713337,0.00310445
73,768,12,0.00367111,0.000525169,0.003145941
73,768,13,0.003737351,0.00056602,0.003171331
73,768,14,0.003674887,0.00056773,0.003107157
73,768,15,0.003611752,0.000491753,0.003119999
73,768,16,0.003650808,0.00048653,0.003164278
73,768,17,0.003451076,0.000337661,0.003113415
73,768,18,0.003849534,0.000734508,0.003115026
73,768,19,0.003476078,0.000382621,0.003093457
73,768,20,0.003561378,0.000446466,0.003114912
73,768,21,0.028998963,0.025912019,0.003086944
73,768,22,0.02653136,0.022872945,0.003658415
73,768,23,0.005854898,0.002133614,0.003721284
73,768,24,0.00532326,0.001628944,0.003694316
73,768,25,0.005126846,0.001182195,0.003944651
73,768,26,0.004739802,0.00082161,0.003918192
73,768,27,0.004444473,0.000633688,0.003810785
73,768,28,0.004454908,0.000662111,0.003792797
73,768,29,0.004972659,0.001090559,0.0038821
73,768,30,0.004632784,0.000794408,0.003838376
73,768,31,0.004730007,0.000881982,0.003848025
73,768,32,0.004806561,0.000970984,0.003835577
73,768,33,0.004542841,0.000640273,0.003902568
73,768,34,0.004653932,0.000811821,0.003842111
73,768,35,0.004809395,0.00089288,0.003916515
73,768,36,0.00449017,0.000609612,0.003880558
73,768,37,0.004613109,0.000799436,0.003813673
73,768,38,0.004589738,0.000658085,0.003931653
73,768,39,0.00457192,0.000777993,0.003793927
73,768,40,0.004671394,0.000849129,0.003822265
73,768,41,0.004646059,0.000798702,0.003847357
73,768,42,0.004602074,0.00079895,0.003803124
73,768,43,0.004972827,0.001098684,0.003874143
73,768,44,0.004737897,0.00080372,0.003934177
73,768,45,0.004674923,0.000709736,0.003965187
73,768,46,0.004699243,0.000739668,0.003959575
73,768,47,0.0046431,0.000735286,0.003907814
73,768,48,0.004612546,0.000646428,0.003966118
73,768,49,0.004902788,0.000902503,0.004000285
73,768,50,0.004704767,0.00075633,0.003948437
73,768,51,0.004613355,0.000701178,0.003912177
73,768,52,0.004633686,0.0006974,0.003936286
73,768,53,0.004780431,0.000898817,0.003881614
73,768,54,0.00464232,0.000710447,0.003931873
73,768,55,0.00482976,0.000899401,0.003930359
73,768,56,0.004578774,0.00062338,0.003955394
73,768,57,0.00461811,0.00078932,0.00382879
73,768,58,0.004900812,0.001026151,0.003874661
73,768,59,0.004549096,0.00079502,0.003754076
73,768,60,0.004946849,0.001068281,0.003878568
73,768,61,0.004583979,0.000869814,0.003714165
73,768,62,0.00481268,0.001012407,0.003800273
73,768,63,0.00450769,0.000774426,0.003733264
73,768,64,0.00460225,0.000804474,0.003797776
73,768,65,0.004435709,0.000762495,0.003673214
73,768,66,0.004708348,0.000888948,0.0038194
73,768,67,0.004315322,0.000721552,0.00359377
73,768,68,0.004387621,0.000706723,0.003680898
73,768,69,0.004286069,0.00067,0.003616069
73,768,70,0.00430689,0.00072882,0.00357807
73,768,71,0.004300919,0.000857538,0.003443381
73,768,72,0.005092882,0.001658621,0.003434261
73,768,73,0.004680895,0.001302568,0.003378327
73,768,74,0.004589191,0.001019474,0.003569717
73,768,75,0.004573318,0.000986406,0.003586912
73,768,76,0.004459459,0.000858346,0.003601113
73,768,77,0.00459338,0.000962759,0.003630621
73,768,78,0.004687362,0.001030691,0.003656671
73,768,79,0.004525063,0.000820201,0.003704862
73,768,80,0.00519133,0.001508967,0.003682363
73,768,81,0.00496035,0.001293937,0.003666413
73,768,82,0.005371112,0.001864173,0.003506939
73,768,83,0.004957434,0.001422235,0.003535199
73,768,84,0.004282337,0.000662175,0.003620162
73,768,85,0.004221772,0.000503203,0.003718569
73,768,86,0.00433395,0.000608197,0.003725753
73,768,87,0.005845964,0.002309102,0.003536862
73,768,88,0.005021304,0.00170733,0.003313974
73,768,89,0.005652672,0.002212783,0.003439889
73,768,90,0.004548428,0.001171495,0.003376933
73,768,91,0.007535561,0.004021472,0.003514089
73,768,92,0.004551075,0.001065464,0.003485611
73,768,93,0.005042577,0.001454866,0.003587711
73,768,94,0.004371174,0.000811072,0.003560102
73,768,95,0.004314431,0.000806738,0.003507693
73,768,96,0.004211779,0.000848803,0.003362976
73,768,97,0.0066176,0.003337748,0.003279852
73,768,98,0.004765807,0.001313734,0.003452073
73,768,99,0.004602664,0.001104645,0.003498019
73,768,100,0.004078799,0.000660928,0.003417871
73,768,101,0.006414605,0.003218796,0.003195809
73,768,102,0.005223476,0.001982535,0.003240941
73,768,103,0.004697928,0.001272074,0.003425854
73,768,104,0.004314007,0.000865395,0.003448612
73,768,105,0.004094749,0.000683095,0.003411654
73,768,106,0.005284451,0.001801018,0.003483433
73,768,107,0.004638429,0.001405254,0.003233175
73,768,108,0.006302176,0.003169681,0.003132495
73,768,109,0.007054956,0.003839324,0.003215632
73,768,110,0.004993559,0.001625775,0.003367784
74,768,1,0.751681702,0.629468658,0.122213044
74,768,2,0.003572432,0.000441205,0.003131227
74,768,3,0.008743934,0.005658829,0.003085105
74,768,4,0.003833165,0.000658304,0.003174861
74,768,5,0.039375804,0.036289861,0.003085943
74,768,6,0.003982451,0.000846671,0.00313578
74,768,7,0.003555865,0.000361508,0.003194357
74,768,8,0.003522907,0.000367877,0.00315503
74,768,9,0.003684343,0.000497671,0.003186672
74,768,10,0.003748858,0.000564276,0.003184582
74,768,11,0.003780698,0.000578412,0.003202286
74,768,12,0.003695603,0.000552937,0.003142666
74,768,13,0.003783554,0.000598275,0.003185279
74,768,14,0.003577403,0.000395727,0.003181676
74,768,15,0.003609587,0.000486641,0.003122946
74,768,16,0.003527114,0.000366747,0.003160367
74,768,17,0.003832758,0.000652528,0.00318023
74,768,18,0.003493693,0.000378671,0.003115022
74,768,19,0.003545134,0.000368204,0.00317693
74,768,20,0.028124314,0.025034504,0.00308981
74,768,21,0.026788188,0.023248609,0.003539579
74,768,22,0.005786432,0.002050044,0.003736388
74,768,23,0.005387051,0.001669573,0.003717478
74,768,24,0.004897156,0.001008074,0.003889082
74,768,25,0.004758195,0.000845975,0.00391222
74,768,26,0.004465305,0.000588643,0.003876662
74,768,27,0.004539237,0.00067916,0.003860077
74,768,28,0.004846678,0.000974246,0.003872432
74,768,29,0.004532602,0.00072152,0.003811082
74,768,30,0.004834424,0.000882862,0.003951562
74,768,31,0.004761024,0.000854941,0.003906083
74,768,32,0.004406693,0.000558778,0.003847915
74,768,33,0.004866592,0.000887701,0.003978891
74,768,34,0.004768055,0.000780985,0.00398707
74,768,35,0.004381626,0.000472899,0.003908727
74,768,36,0.004809163,0.00085908,0.003950083
74,768,37,0.00448183,0.000508515,0.003973315
74,768,38,0.004579102,0.000663416,0.003915686
74,768,39,0.004786555,0.000816896,0.003969659
74,768,40,0.004562892,0.000558805,0.004004087
74,768,41,0.004607778,0.000667267,0.003940511
74,768,42,0.004576168,0.000598599,0.003977569
74,768,43,0.004549558,0.000608936,0.003940622
74,768,44,0.004711106,0.000761864,0.003949242
74,768,45,0.004642338,0.000622905,0.004019433
74,768,46,0.004547026,0.000628935,0.003918091
74,768,47,0.004704648,0.000715912,0.003988736
74,768,48,0.00454293,0.000597048,0.003945882
74,768,49,0.004671786,0.000606814,0.004064972
74,768,50,0.004541954,0.00056801,0.003973944
74,768,51,0.004747238,0.000784188,0.00396305
74,768,52,0.004527926,0.00058974,0.003938186
74,768,53,0.004672027,0.000712798,0.003959229
74,768,54,0.004845631,0.000846029,0.003999602
74,768,55,0.004535276,0.000578846,0.00395643
74,768,56,0.004861305,0.000939006,0.003922299
74,768,57,0.004512271,0.000585405,0.003926866
74,768,58,0.00460149,0.000755693,0.003845797
74,768,59,0.004874089,0.00101057,0.003863519
74,768,60,0.004669267,0.000746546,0.003922721
74,768,61,0.004851988,0.001048167,0.003803821
74,768,62,0.004595231,0.00076099,0.003834241
74,768,63,0.004721601,0.001011672,0.003709929
74,768,64,0.004638421,0.000773054,0.003865367
74,768,65,0.0044469,0.00073447,0.00371243
74,768,66,0.004630604,0.000704295,0.003926309
74,768,67,0.004489738,0.000845568,0.00364417
74,768,68,0.004393474,0.000669636,0.003723838
74,768,69,0.004196315,0.000612009,0.003584306
74,768,70,0.004992647,0.001425479,0.003567168
74,768,71,0.005251444,0.001914375,0.003337069
74,768,72,0.004645813,0.001200582,0.003445231
74,768,73,0.004436004,0.000977363,0.003458641
74,768,74,0.00467339,0.001186588,0.003486802
74,768,75,0.004622476,0.001082956,0.00353952
74,768,76,0.00440736,0.000914574,0.003492786
74,768,77,0.004659144,0.001028254,0.00363089
74,768,78,0.004494533,0.000856621,0.003637912
74,768,79,0.005371616,0.001823609,0.003548007
74,768,80,0.004943202,0.00139757,0.003545632
74,768,81,0.004461227,0.000890946,0.003570281
74,768,82,0.004397992,0.000762614,0.003635378
74,768,83,0.00442107,0.000755992,0.003665078
74,768,84,0.004875505,0.001206658,0.003668847
74,768,85,0.004491778,0.000748874,0.003742904
74,768,86,0.006499645,0.003121728,0.003377917
74,768,87,0.004803503,0.001255769,0.003547734
74,768,88,0.004959259,0.001632096,0.003327163
74,768,89,0.005016384,0.00160644,0.003409944
74,768,90,0.004839076,0.001456229,0.003382847
74,768,91,0.004430092,0.000915091,0.003515001
74,768,92,0.007204546,0.003647753,0.003556793
74,768,93,0.004952109,0.001347237,0.003604872
74,768,94,0.00445907,0.00077178,0.00368729
74,768,95,0.004133167,0.000701067,0.0034321
74,768,96,0.004282168,0.000935685,0.003346483
74,768,97,0.004503928,0.001018967,0.003484961
74,768,98,0.006423534,0.003018204,0.00340533
74,768,99,0.004905217,0.001378529,0.003526688
74,768,100,0.004012011,0.000613541,0.00339847
74,768,101,0.007489221,0.004290775,0.003198446
74,768,102,0.004303709,0.001060357,0.003243352
74,768,103,0.004399949,0.001029118,0.003370831
74,768,104,0.004513676,0.000993466,0.00352021
74,768,105,0.004086015,0.000607395,0.00347862
74,768,106,0.005656056,0.002150091,0.003505965
74,768,107,0.004506728,0.001218874,0.003287854
74,768,108,0.004203183,0.000903263,0.00329992
74,768,109,0.006075034,0.002917185,0.003157849
74,768,110,0.007457319,0.00401208,0.003445239
75,768,1,0.753298592,0.629905371,0.123393221
75,768,2,0.02521363,0.022181603,0.003032027
75,768,3,0.003685587,0.000528154,0.003157433
75,768,4,0.044824342,0.041766678,0.003057664
75,768,5,0.003908566,0.000856057,0.003052509
75,768,6,0.003491098,0.000373052,0.003118046
75,768,7,0.003591461,0.000446227,0.003145234
75,768,8,0.003665109,0.000475016,0.003190093
75,768,9,0.003555297,0.000424193,0.003131104
75,768,10,0.003818036,0.0006717,0.003146336
75,768,11,0.003805921,0.00065597,0.003149951
75,768,12,0.003756884,0.00059001,0.003166874
75,768,13,0.003649447,0.000512254,0.003137193
75,768,14,0.003626853,0.00050425,0.003122603
75,768,15,0.003569028,0.000400698,0.00316833
75,768,16,0.003748076,0.000649386,0.00309869
75,768,17,0.003590927,0.000468947,0.00312198
75,768,18,0.003481655,0.000390599,0.003091056
75,768,19,0.027739393,0.024680379,0.003059014
75,768,20,0.026759585,0.023361446,0.003398139
75,768,21,0.005625224,0.002046961,0.003578263
75,768,22,0.005431243,0.001574982,0.003856261
75,768,23,0.004705859,0.000808273,0.003897586
75,768,24,0.004724933,0.000812111,0.003912822
75,768,25,0.004543562,0.000564722,0.00397884
75,768,26,0.004520438,0.000613485,0.003906953
75,768,27,0.00486135,0.000885963,0.003975387
75,768,28,0.004465663,0.000604786,0.003860877
75,768,29,0.004755718,0.000828531,0.003927187
75,768,30,0.004665418,0.000783065,0.003882353
75,768,31,0.004528855,0.000646473,0.003882382
75,768,32,0.004802527,0.000930395,0.003872132
75,768,33,0.004659358,0.000798271,0.003861087
75,768,34,0.004518634,0.000720464,0.00379817
75,768,35,0.004657508,0.000854228,0.00380328
75,768,36,0.004479722,0.000699409,0.003780313
75,768,37,0.004719388,0.000938214,0.003781174
75,768,38,0.004617221,0.000783882,0.003833339
75,768,39,0.004558717,0.00070747,0.003851247
75,768,40,0.004693923,0.000878149,0.003815774
75,768,41,0.004584753,0.000717144,0.003867609
75,768,42,0.004624746,0.000793428,0.003831318
75,768,43,0.004712025,0.000852487,0.003859538
75,768,44,0.004554942,0.000691881,0.003863061
75,768,45,0.004581008,0.00066732,0.003913688
75,768,46,0.004699784,0.000859495,0.003840289
75,768,47,0.004417627,0.000548536,0.003869091
75,768,48,0.004649001,0.000798282,0.003850719
75,768,49,0.004588497,0.000723949,0.003864548
75,768,50,0.004556792,0.000719873,0.003836919
75,768,51,0.004619324,0.000745815,0.003873509
75,768,52,0.004617283,0.000715651,0.003901632
75,768,53,0.004646012,0.000711151,0.003934861
75,768,54,0.004604153,0.00069434,0.003909813
75,768,55,0.004469889,0.000587091,0.003882798
75,768,56,0.004591683,0.000725007,0.003866676
75,768,57,0.004597465,0.000716958,0.003880507
75,768,58,0.004463643,0.000588569,0.003875074
75,768,59,0.004552915,0.00075698,0.003795935
75,768,60,0.004835381,0.000986207,0.003849174
75,768,61,0.004642204,0.000807465,0.003834739
75,768,62,0.004804174,0.001006701,0.003797473
75,768,63,0.004519753,0.000793012,0.003726741
75,768,64,0.004865244,0.001081484,0.00378376
75,768,65,0.004563305,0.000747854,0.003815451
75,768,66,0.004915715,0.001043256,0.003872459
75,768,67,0.004400309,0.000677732,0.003722577
75,768,68,0.004361406,0.000734457,0.003626949
75,768,69,0.005497455,0.002001905,0.00349555
75,768,70,0.005564669,0.001990316,0.003574353
75,768,71,0.004419949,0.000955651,0.003464298
75,768,72,0.004574538,0.001054111,0.003520427
75,768,73,0.004585978,0.001063862,0.003522116
75,768,74,0.004607432,0.001043989,0.003563443
75,768,75,0.004476584,0.00097305,0.003503534
75,768,76,0.004408546,0.000979353,0.003429193
75,768,77,0.004606027,0.001043567,0.00356246
75,768,78,0.005504642,0.001933487,0.003571155
75,768,79,0.004964154,0.001417968,0.003546186
75,768,80,0.004428365,0.000891503,0.003536862
75,768,81,0.004325289,0.00073306,0.003592229
75,768,82,0.004325056,0.00072688,0.003598176
75,768,83,0.004427804,0.000828451,0.003599353
75,768,84,0.004734186,0.001081986,0.0036522
75,768,85,0.004518748,0.00075043,0.003768318
75,768,86,0.004215509,0.000611934,0.003603575
75,768,87,0.006870272,0.00340498,0.003465292
75,768,88,0.005068017,0.001746478,0.003321539
75,768,89,0.004940461,0.001584267,0.003356194
75,768,90,0.004846943,0.001480801,0.003366142
75,768,91,0.004531565,0.001052496,0.003479069
75,768,92,0.004491857,0.001077806,0.003414051
75,768,93,0.006864734,0.003289222,0.003575512
75,768,94,0.004989106,0.001372598,0.003616508
75,768,95,0.004134483,0.000736588,0.003397895
75,768,96,0.004357039,0.001023606,0.003333433
75,768,97,0.004437864,0.000996261,0.003441603
75,768,98,0.004245451,0.000807802,0.003437649
75,768,99,0.006268279,0.002835352,0.003432927
75,768,100,0.004598918,0.001187336,0.003411582
75,768,101,0.004059682,0.000754783,0.003304899
75,768,102,0.007603212,0.004356712,0.0032465
75,768,103,0.004435815,0.001012611,0.003423204
75,768,104,0.004342903,0.000964566,0.003378337
75,768,105,0.006423316,0.003012527,0.003410789
75,768,106,0.004708215,0.001294891,0.003413324
75,768,107,0.003906455,0.000590029,0.003316426
75,768,108,0.003962747,0.000685937,0.00327681
75,768,109,0.007870029,0.004665173,0.003204856
75,768,110,0.004770412,0.001493886,0.003276526
76,768,1,0.752020983,0.629817329,0.122203654
76,768,2,0.003573836,0.00043474,0.003139096
76,768,3,0.044953446,0.041892165,0.003061281
76,768,4,0.003852006,0.000679546,0.00317246
76,768,5,0.003500086,0.000384276,0.00311581
76,768,6,0.003590524,0.000446381,0.003144143
76,768,7,0.003579399,0.000457016,0.003122383
76,768,8,0.003600773,0.000458993,0.00314178
76,768,9,0.00368609,0.000509214,0.003176876
76,768,10,0.00367869,0.000566299,0.003112391
76,768,11,0.003809116,0.000699118,0.003109998
76,768,12,0.003768848,0.000647537,0.003121311
76,768,13,0.003720181,0.000515213,0.003204968
76,768,14,0.003511128,0.000411311,0.003099817
76,768,15,0.003757453,0.000651844,0.003105609
76,768,16,0.003669485,0.000528346,0.003141139
76,768,17,0.003488076,0.000397198,0.003090878
76,768,18,0.027500869,0.024463954,0.003036915
76,768,19,0.026675318,0.023373478,0.00330184
76,768,20,0.005415268,0.001875198,0.00354007
76,768,21,0.00523469,0.001511595,0.003723095
76,768,22,0.004651176,0.000806526,0.00384465
76,768,23,0.004679396,0.000842296,0.0038371
76,768,24,0.004466285,0.000668111,0.003798174
76,768,25,0.004600853,0.000689959,0.003910894
76,768,26,0.00477434,0.00095455,0.00381979
76,768,27,0.004587648,0.000716071,0.003871577
76,768,28,0.004686061,0.000870022,0.003816039
76,768,29,0.004594517,0.000817691,0.003776826
76,768,30,0.004573551,0.000813974,0.003759577
76,768,31,0.004741102,0.000941853,0.003799249
76,768,32,0.00468142,0.000909882,0.003771538
76,768,33,0.004589276,0.00077722,0.003812056
76,768,34,0.004755194,0.001063012,0.003692182
76,768,35,0.004496479,0.000739852,0.003756627
76,768,36,0.004681697,0.001020031,0.003661666
76,768,37,0.004613938,0.000814797,0.003799141
76,768,38,0.004539902,0.000767215,0.003772687
76,768,39,0.004695603,0.000909625,0.003785978
76,768,40,0.00458077,0.000785256,0.003795514
76,768,41,0.004535394,0.000807201,0.003728193
76,768,42,0.004805269,0.000939502,0.003865767
76,768,43,0.004549011,0.000703682,0.003845329
76,768,44,0.004563512,0.000770397,0.003793115
76,768,45,0.004720566,0.000860091,0.003860475
76,768,46,0.004450221,0.000694175,0.003756046
76,768,47,0.004579775,0.000786846,0.003792929
76,768,48,0.004648253,0.000860669,0.003787584
76,768,49,0.004593645,0.00072069,0.003872955
76,768,50,0.004504988,0.000660218,0.00384477
76,768,51,0.004522365,0.000716855,0.00380551
76,768,52,0.00472679,0.000887094,0.003839696
76,768,53,0.004606945,0.000771292,0.003835653
76,768,54,0.004501311,0.000658803,0.003842508
76,768,55,0.004613305,0.000759029,0.003854276
76,768,56,0.004436532,0.000663824,0.003772708
76,768,57,0.00460605,0.000743022,0.003863028
76,768,58,0.004578264,0.000762902,0.003815362
76,768,59,0.004499109,0.000673587,0.003825522
76,768,60,0.004569942,0.00079275,0.003777192
76,768,61,0.004465432,0.000675884,0.003789548
76,768,62,0.004507417,0.000799426,0.003707991
76,768,63,0.004562823,0.000813088,0.003749735
76,768,64,0.005152623,0.001429097,0.003723526
76,768,65,0.0048924,0.001281022,0.003611378
76,768,66,0.004736575,0.000965317,0.003771258
76,768,67,0.0042357,0.000638689,0.003597011
76,768,68,0.005750394,0.002335524,0.00341487
76,768,69,0.00545977,0.001979465,0.003480305
76,768,70,0.004635014,0.001078419,0.003556595
76,768,71,0.00442082,0.000941825,0.003478995
76,768,72,0.004505798,0.001022932,0.003482866
76,768,73,0.004503566,0.000928728,0.003574838
76,768,74,0.004625793,0.001059295,0.003566498
76,768,75,0.004428476,0.000895376,0.0035331
76,768,76,0.004300648,0.000933371,0.003367277
76,768,77,0.00587429,0.002380627,0.003493663
76,768,78,0.005176956,0.001611212,0.003565744
76,768,79,0.004649071,0.000894788,0.003754283
76,768,80,0.004242974,0.000679705,0.003563269
76,768,81,0.004267616,0.000702782,0.003564834
76,768,82,0.004293656,0.000691757,0.003601899
76,768,83,0.004526021,0.000981588,0.003544433
76,768,84,0.004801701,0.001184256,0.003617445
76,768,85,0.004392924,0.000773707,0.003619217
76,768,86,0.00432655,0.000741209,0.003585341
76,768,87,0.004273252,0.000549875,0.003723377
76,768,88,0.006750242,0.003452102,0.00329814
76,768,89,0.005110241,0.001707687,0.003402554
76,768,90,0.004838644,0.001415618,0.003423026
76,768,91,0.004482064,0.001029216,0.003452848
76,768,92,0.004516905,0.001110021,0.003406884
76,768,93,0.004825126,0.001362277,0.003462849
76,768,94,0.006232909,0.002778658,0.003454251
76,768,95,0.004745038,0.00146053,0.003284508
76,768,96,0.004443612,0.001092291,0.003351321
76,768,97,0.004417671,0.0009804,0.003437271
76,768,98,0.004162065,0.000749158,0.003412907
76,768,99,0.004360839,0.001015332,0.003345507
76,768,100,0.005895445,0.002562151,0.003333294
76,768,101,0.004671371,0.001331763,0.003339608
76,768,102,0.004421785,0.001180496,0.003241289
76,768,103,0.007391805,0.004099896,0.003291909
76,768,104,0.005255079,0.00193966,0.003315419
76,768,105,0.004190151,0.000763714,0.003426437
76,768,106,0.005562599,0.002165092,0.003397507
76,768,107,0.004596714,0.001391598,0.003205116
76,768,108,0.008407647,0.005256013,0.003151634
76,768,109,0.004285714,0.00104717,0.003238544
76,768,110,0.004665793,0.001249596,0.003416197
77,768,1,0.782488722,0.655246533,0.127242189
77,768,2,0.066756915,0.063685337,0.003071578
77,768,3,0.003676376,0.000534529,0.003141847
77,768,4,0.003597814,0.000419126,0.003178688
77,768,5,0.003616126,0.000395979,0.003220147
77,768,6,0.003551989,0.000367861,0.003184128
77,768,7,0.003581254,0.000367807,0.003213447
77,768,8,0.003592399,0.000424023,0.003168376
77,768,9,0.003619474,0.00041746,0.003202014
77,768,10,0.003923097,0.000720856,0.003202241
77,768,11,0.003780788,0.000571537,0.003209251
77,768,12,0.003630922,0.000473526,0.003157396
77,768,13,0.003662409,0.000434851,0.003227558
77,768,14,0.003757548,0.000550379,0.003207169
77,768,15,0.003561748,0.000404027,0.003157721
77,768,16,0.00353671,0.000368785,0.003167925
77,768,17,0.027256643,0.0241739,0.003082743
77,768,18,0.026716695,0.023451776,0.003264919
77,768,19,0.005191924,0.001724252,0.003467672
77,768,20,0.005083806,0.001276073,0.003807733
77,768,21,0.004519404,0.000731217,0.003788187
77,768,22,0.004640096,0.000776008,0.003864088
77,768,23,0.004525574,0.000628877,0.003896697
77,768,24,0.0045206,0.000650759,0.003869841
77,768,25,0.004766627,0.00082554,0.003941087
77,768,26,0.004625955,0.000670502,0.003955453
77,768,27,0.004663348,0.000679523,0.003983825
77,768,28,0.004666417,0.000770641,0.003895776
77,768,29,0.00460944,0.000705716,0.003903724
77,768,30,0.004638353,0.000741413,0.00389694
77,768,31,0.00457592,0.000814861,0.003761059
77,768,32,0.004662616,0.000832179,0.003830437
77,768,33,0.004834374,0.000943343,0.003891031
77,768,34,0.004406747,0.000580578,0.003826169
77,768,35,0.004842262,0.00105077,0.003791492
77,768,36,0.004528062,0.000675392,0.00385267
77,768,37,0.004539292,0.000784672,0.00375462
77,768,38,0.004657904,0.000778615,0.003879289
77,768,39,0.00461545,0.000695482,0.003919968
77,768,40,0.004577282,0.000695327,0.003881955
77,768,41,0.004664131,0.000696392,0.003967739
77,768,42,0.004610598,0.000652694,0.003957904
77,768,43,0.004590884,0.000618858,0.003972026
77,768,44,0.004611349,0.000656601,0.003954748
77,768,45,0.004555366,0.000635153,0.003920213
77,768,46,0.004562623,0.000626976,0.003935647
77,768,47,0.004619018,0.000707208,0.00391181
77,768,48,0.004517911,0.000641429,0.003876482
77,768,49,0.004579616,0.000658839,0.003920777
77,768,50,0.004518221,0.000640954,0.003877267
77,768,51,0.004701683,0.000705092,0.003996591
77,768,52,0.00458803,0.000657485,0.003930545
77,768,53,0.004563777,0.000611864,0.003951913
77,768,54,0.004529644,0.000596092,0.003933552
77,768,55,0.004573538,0.000619088,0.00395445
77,768,56,0.004515061,0.000589075,0.003925986
77,768,57,0.00457078,0.000633678,0.003937102
77,768,58,0.004558494,0.000635433,0.003923061
77,768,59,0.004556443,0.000671379,0.003885064
77,768,60,0.004500714,0.000598065,0.003902649
77,768,61,0.004543439,0.000619839,0.0039236
77,768,62,0.00450859,0.000563156,0.003945434
77,768,63,0.004527786,0.000602725,0.003925061
77,768,64,0.004596498,0.000684128,0.00391237
77,768,65,0.004499846,0.000624648,0.003875198
77,768,66,0.00500279,0.00109318,0.00390961
77,768,67,0.006411304,0.002894905,0.003516399
77,768,68,0.004929333,0.001323362,0.003605971
77,768,69,0.004812655,0.001083661,0.003728994
77,768,70,0.004531261,0.000881438,0.003649823
77,768,71,0.004436631,0.000797504,0.003639127
77,768,72,0.004535508,0.000860934,0.003674574
77,768,73,0.004652726,0.0009152,0.003737526
77,768,74,0.004534239,0.000768864,0.003765375
77,768,75,0.004425987,0.000779532,0.003646455
77,768,76,0.005851053,0.002103836,0.003747217
77,768,77,0.00515931,0.001292266,0.003867044
77,768,78,0.004475095,0.000632048,0.003843047
77,768,79,0.004474996,0.00052711,0.003947886
77,768,80,0.004205364,0.000492228,0.003713136
77,768,81,0.004318171,0.000572313,0.003745858
77,768,82,0.004528974,0.000931634,0.00359734
77,768,83,0.004705435,0.001045669,0.003659766
77,768,84,0.004382893,0.000672432,0.003710461
77,768,85,0.004378683,0.000658211,0.003720472
77,768,86,0.004230494,0.000653937,0.003576557
77,768,87,0.005382954,0.00183402,0.003548934
77,768,88,0.005094016,0.001650487,0.003443529
77,768,89,0.005465806,0.001986264,0.003479542
77,768,90,0.004984345,0.001531879,0.003452466
77,768,91,0.004966098,0.001304245,0.003661853
77,768,92,0.004261661,0.000821383,0.003440278
77,768,93,0.006042276,0.002365754,0.003676522
77,768,94,0.005269125,0.001727467,0.003541658
77,768,95,0.004350046,0.000907196,0.00344285
77,768,96,0.004323188,0.000918668,0.00340452
77,768,97,0.004512755,0.000980712,0.003532043
77,768,98,0.00422074,0.000732593,0.003488147
77,768,99,0.004265902,0.000792368,0.003473534
77,768,100,0.00433849,0.000715694,0.003622796
77,768,101,0.005233953,0.001756364,0.003477589
77,768,102,0.00482169,0.001525642,0.003296048
77,768,103,0.004754114,0.001417887,0.003336227
77,768,104,0.006879516,0.003555637,0.003323879
77,768,105,0.005226317,0.001863628,0.003362689
77,768,106,0.004368793,0.000882769,0.003486024
77,768,107,0.007282502,0.004060537,0.003221965
77,768,108,0.004078379,0.000794324,0.003284055
77,768,109,0.006864078,0.003615948,0.00324813
77,768,110,0.004630359,0.001339711,0.003290648
78,768,1,0.761412048,0.637742155,0.123669893
78,768,2,0.003590887,0.000455876,0.003135011
78,768,3,0.003571851,0.000396259,0.003175592
78,768,4,0.003505164,0.000382508,0.003122656
78,768,5,0.003547321,0.000365738,0.003181583
78,768,6,0.003512633,0.000396528,0.003116105
78,768,7,0.003535846,0.000370624,0.003165222
78,768,8,0.003615368,0.000492357,0.003123011
78,768,9,0.003880012,0.000745396,0.003134616
78,768,10,0.003920149,0.000792817,0.003127332
78,768,11,0.003702694,0.000562952,0.003139742
78,768,12,0.003701951,0.000530507,0.003171444
78,768,13,0.003678185,0.000523772,0.003154413
78,768,14,0.003589298,0.00046214,0.003127158
78,768,15,0.003667136,0.000502459,0.003164677
78,768,16,0.026854816,0.023817637,0.003037179
78,768,17,0.027012838,0.023810712,0.003202126
78,768,18,0.005039941,0.001744667,0.003295274
78,768,19,0.004681963,0.001226205,0.003455758
78,768,20,0.004539836,0.000974592,0.003565244
78,768,21,0.004531736,0.0007872,0.003744536
78,768,22,0.004469529,0.000679481,0.003790048
78,768,23,0.004540965,0.000719264,0.003821701
78,768,24,0.004380713,0.000655532,0.003725181
78,768,25,0.004680278,0.000901854,0.003778424
78,768,26,0.0043246,0.000645551,0.003679049
78,768,27,0.004855303,0.001040976,0.003814327
78,768,28,0.004730408,0.000982258,0.00374815
78,768,29,0.004915681,0.001123887,0.003791794
78,768,30,0.004431133,0.000769935,0.003661198
78,768,31,0.004683288,0.000978561,0.003704727
78,768,32,0.004809476,0.001039317,0.003770159
78,768,33,0.004592863,0.000849384,0.003743479
78,768,34,0.004792652,0.001045939,0.003746713
78,768,35,0.004555413,0.000803616,0.003751797
78,768,36,0.004539236,0.000826403,0.003712833
78,768,37,0.004655349,0.000913371,0.003741978
78,768,38,0.004454932,0.000730293,0.003724639
78,768,39,0.004708692,0.000907587,0.003801105
78,768,40,0.004366721,0.000614947,0.003751774
78,768,41,0.004618826,0.000840631,0.003778195
78,768,42,0.004416997,0.000657569,0.003759428
78,768,43,0.004603476,0.000746322,0.003857154
78,768,44,0.004493687,0.000684808,0.003808879
78,768,45,0.00461099,0.0007788,0.00383219
78,768,46,0.004499382,0.000668454,0.003830928
78,768,47,0.004581595,0.000688845,0.00389275
78,768,48,0.004603212,0.000748187,0.003855025
78,768,49,0.004651259,0.000688398,0.003962861
78,768,50,0.004492963,0.000661314,0.003831649
78,768,51,0.004827034,0.000963843,0.003863191
78,768,52,0.00456104,0.00072482,0.00383622
78,768,53,0.004651329,0.000846612,0.003804717
78,768,54,0.004556954,0.000691107,0.003865847
78,768,55,0.004709082,0.000839456,0.003869626
78,768,56,0.004463294,0.000668998,0.003794296
78,768,57,0.004632588,0.00078027,0.003852318
78,768,58,0.004409903,0.000634621,0.003775282
78,768,59,0.004705688,0.000875436,0.003830252
78,768,60,0.004394617,0.000644386,0.003750231
78,768,61,0.004644581,0.000779983,0.003864598
78,768,62,0.004365439,0.000632431,0.003733008
78,768,63,0.004769012,0.000968987,0.003800025
78,768,64,0.004525827,0.000736358,0.003789469
78,768,65,0.004508816,0.000717195,0.003791621
78,768,66,0.004569658,0.000802943,0.003766715
78,768,67,0.004351414,0.000748157,0.003603257
78,768,68,0.006082607,0.002604551,0.003478056
78,768,69,0.0050034,0.001575778,0.003427622
78,768,70,0.004778694,0.001288955,0.003489739
78,768,71,0.004550823,0.001079184,0.003471639
78,768,72,0.004520844,0.001055833,0.003465011
78,768,73,0.00468715,0.001126914,0.003560236
78,768,74,0.004736568,0.001066807,0.003669761
78,768,75,0.006390027,0.002767319,0.003622708
78,768,76,0.004899985,0.001239507,0.003660478
78,768,77,0.004449283,0.000786393,0.00366289
78,768,78,0.004613436,0.000877328,0.003736108
78,768,79,0.00429553,0.000600017,0.003695513
78,768,80,0.004167611,0.000585483,0.003582128
78,768,81,0.004908457,0.001335158,0.003573299
78,768,82,0.00463952,0.001088656,0.003550864
78,768,83,0.004241148,0.000732332,0.003508816
78,768,84,0.004373195,0.000787951,0.003585244
78,768,85,0.004282427,0.00073273,0.003549697
78,768,86,0.005732458,0.00239471,0.003337748
78,768,87,0.004903854,0.001530596,0.003373258
78,768,88,0.00481349,0.001419124,0.003394366
78,768,89,0.005161137,0.001824349,0.003336788
78,768,90,0.005076779,0.001716065,0.003360714
78,768,91,0.004523736,0.000964679,0.003559057
78,768,92,0.004546814,0.00103258,0.003514234
78,768,93,0.004922805,0.001262514,0.003660291
78,768,94,0.004776302,0.001178545,0.003597757
78,768,95,0.004915839,0.001579605,0.003336234
78,768,96,0.004533482,0.001197107,0.003336375
78,768,97,0.004493409,0.001020816,0.003472593
78,768,98,0.004251555,0.000836172,0.003415383
78,768,99,0.00433382,0.000947736,0.003386084
78,768,100,0.004369901,0.000916046,0.003453855
78,768,101,0.004350563,0.00102443,0.003326133
78,768,102,0.005071929,0.001818234,0.003253695
78,768,103,0.007967698,0.004564984,0.003402714
78,768,104,0.00439978,0.001024217,0.003375563
78,768,105,0.004098737,0.000752539,0.003346198
78,768,106,0.00507637,0.001635665,0.003440705
78,768,107,0.004236537,0.000909576,0.003326961
78,768,108,0.007237874,0.004104856,0.003133018
78,768,109,0.004170757,0.00092892,0.003241837
78,768,110,0.007285772,0.004077879,0.003207893
79,768,1,0.752015776,0.629237482,0.122778294
79,768,2,0.068692971,0.065647184,0.003045787
79,768,3,0.003614991,0.000507849,0.003107142
79,768,4,0.003585683,0.000453575,0.003132108
79,768,5,0.003490433,0.000372022,0.003118411
79,768,6,0.003489155,0.000359084,0.003130071
79,768,7,0.003645128,0.00045539,0.003189738
79,768,8,0.003512438,0.000378355,0.003134083
79,768,9,0.00376513,0.000611651,0.003153479
79,768,10,0.003932607,0.000783672,0.003148935
79,768,11,0.003789706,0.000621056,0.00316865
79,768,12,0.003654512,0.000548768,0.003105744
79,768,13,0.003638945,0.000464226,0.003174719
79,768,14,0.003750422,0.00060607,0.003144352
79,768,15,0.027409852,0.024379716,0.003030136
79,768,16,0.026966268,0.023814218,0.00315205
79,768,17,0.005047848,0.001827006,0.003220842
79,768,18,0.004485991,0.001139758,0.003346233
79,768,19,0.004387931,0.000932188,0.003455743
79,768,20,0.004296759,0.000720485,0.003576274
79,768,21,0.004351426,0.000743149,0.003608277
79,768,22,0.004600057,0.000848002,0.003752055
79,768,23,0.004515926,0.000798703,0.003717223
79,768,24,0.004623114,0.000847441,0.003775673
79,768,25,0.004413433,0.000755257,0.003658176
79,768,26,0.004562884,0.000882933,0.003679951
79,768,27,0.004544697,0.000813123,0.003731574
79,768,28,0.00463326,0.000921226,0.003712034
79,768,29,0.004610204,0.000854655,0.003755549
79,768,30,0.004826203,0.001071992,0.003754211
79,768,31,0.004327418,0.00061448,0.003712938
79,768,32,0.004927145,0.001115107,0.003812038
79,768,33,0.00457709,0.000835019,0.003742071
79,768,34,0.004514761,0.00082068,0.003694081
79,768,35,0.004582665,0.000841366,0.003741299
79,768,36,0.00452463,0.00080735,0.00371728
79,768,37,0.00476085,0.000956786,0.003804064
79,768,38,0.004429089,0.000670775,0.003758314
79,768,39,0.004569585,0.000748069,0.003821516
79,768,40,0.004440693,0.000659099,0.003781594
79,768,41,0.004697188,0.000912889,0.003784299
79,768,42,0.004643387,0.000815191,0.003828196
79,768,43,0.004407664,0.000601017,0.003806647
79,768,44,0.004564742,0.000728825,0.003835917
79,768,45,0.004511445,0.000737519,0.003773926
79,768,46,0.004874038,0.001082559,0.003791479
79,768,47,0.004479744,0.000645725,0.003834019
79,768,48,0.004731877,0.000942234,0.003789643
79,768,49,0.004570732,0.000815,0.003755732
79,768,50,0.004872839,0.001061353,0.003811486
79,768,51,0.00458197,0.000850661,0.003731309
79,768,52,0.004683343,0.000953809,0.003729534
79,768,53,0.004498666,0.000769081,0.003729585
79,768,54,0.00475916,0.000993074,0.003766086
79,768,55,0.004456738,0.000732344,0.003724394
79,768,56,0.004749324,0.00100954,0.003739784
79,768,57,0.004414375,0.000698687,0.003715688
79,768,58,0.004662505,0.000866728,0.003795777
79,768,59,0.004345006,0.000679345,0.003665661
79,768,60,0.004670116,0.000887003,0.003783113
79,768,61,0.004449201,0.000792708,0.003656493
79,768,62,0.004665479,0.000960886,0.003704593
79,768,63,0.004314819,0.000699262,0.003615557
79,768,64,0.004571118,0.000913049,0.003658069
79,768,65,0.004476215,0.000812485,0.00366373
79,768,66,0.004581375,0.00081799,0.003763385
79,768,67,0.004487091,0.000909633,0.003577458
79,768,68,0.004534006,0.000982075,0.003551931
79,768,69,0.006513095,0.002993385,0.00351971
79,768,70,0.004575333,0.001018345,0.003556988
79,768,71,0.004488927,0.000959495,0.003529432
79,768,72,0.004417813,0.000949536,0.003468277
79,768,73,0.004527978,0.000958864,0.003569114
79,768,74,0.004732006,0.001145843,0.003586163
79,768,75,0.004868201,0.00133882,0.003529381
79,768,76,0.005688292,0.00214625,0.003542042
79,768,77,0.00512651,0.001378478,0.003748032
79,768,78,0.0044117,0.000696507,0.003715193
79,768,79,0.00452606,0.000706723,0.003819337
79,768,80,0.005463969,0.001900207,0.003563762
79,768,81,0.004583932,0.000973861,0.003610071
79,768,82,0.00435338,0.000721765,0.003631615
79,768,83,0.004275345,0.00067155,0.003603795
79,768,84,0.004358884,0.000709222,0.003649662
79,768,85,0.006055403,0.00257205,0.003483353
79,768,86,0.004867394,0.001302905,0.003564489
79,768,87,0.004522227,0.00111026,0.003411967
79,768,88,0.004523263,0.001168706,0.003354557
79,768,89,0.005186745,0.001815256,0.003371489
79,768,90,0.004872255,0.001388078,0.003484177
79,768,91,0.004591231,0.000996145,0.003595086
79,768,92,0.00432482,0.000847739,0.003477081
79,768,93,0.004627639,0.001041732,0.003585907
79,768,94,0.004276978,0.000863779,0.003413199
79,768,95,0.00448283,0.001069235,0.003413595
79,768,96,0.004997485,0.001599989,0.003397496
79,768,97,0.004471656,0.00104819,0.003423466
79,768,98,0.004259113,0.000833851,0.003425262
79,768,99,0.004665479,0.001299609,0.00336587
79,768,100,0.004939062,0.001532936,0.003406126
79,768,101,0.004756493,0.001421354,0.003335139
79,768,102,0.007871717,0.004665853,0.003205864
79,768,103,0.004687194,0.001259397,0.003427797
79,768,104,0.004159833,0.000778489,0.003381344
79,768,105,0.004066856,0.000726591,0.003340265
79,768,106,0.004499274,0.001082402,0.003416872
79,768,107,0.004347062,0.001007059,0.003340003
79,768,108,0.005219697,0.002017842,0.003201855
79,768,109,0.006076517,0.002958065,0.003118452
79,768,110,0.007802041,0.004558361,0.00324368
80,768,1,0.752558823,0.629010194,0.123548629
80,768,2,0.058503208,0.055485401,0.003017807
80,768,3,0.056964892,0.053916911,0.003047981
80,768,4,0.003742242,0.000582067,0.003160175
80,768,5,0.003499801,0.000384115,0.003115686
80,768,6,0.003518308,0.000361384,0.003156924
80,768,7,0.003494317,0.000372475,0.003121842
80,768,8,0.003654503,0.000504323,0.00315018
80,768,9,0.003690333,0.000495693,0.00319464
80,768,10,0.003840108,0.000730174,0.003109934
80,768,11,0.003808436,0.000699552,0.003108884
80,768,12,0.003682915,0.000547034,0.003135881
80,768,13,0.003783056,0.000592479,0.003190577
80,768,14,0.028143268,0.025116156,0.003027112
80,768,15,0.026875585,0.023742555,0.00313303
80,768,16,0.004947006,0.001795007,0.003151999
80,768,17,0.004406654,0.001212053,0.003194601
80,768,18,0.004234163,0.000850229,0.003383934
80,768,19,0.00420296,0.000649197,0.003553763
80,768,20,0.004265828,0.000659536,0.003606292
80,768,21,0.00453411,0.000796049,0.003738061
80,768,22,0.004543251,0.000731658,0.003811593
80,768,23,0.004542447,0.00068419,0.003858257
80,768,24,0.004516537,0.000714513,0.003802024
80,768,25,0.004523267,0.000691555,0.003831712
80,768,26,0.004478515,0.000767551,0.003710964
80,768,27,0.004606634,0.000921449,0.003685185
80,768,28,0.004612444,0.00090346,0.003708984
80,768,29,0.004672965,0.001006597,0.003666368
80,768,30,0.004506892,0.000831503,0.003675389
80,768,31,0.004838568,0.001211242,0.003627326
80,768,32,0.004599979,0.00084097,0.003759009
80,768,33,0.004602247,0.000887685,0.003714562
80,768,34,0.004582154,0.000856595,0.003725559
80,768,35,0.004479334,0.000811621,0.003667713
80,768,36,0.004703276,0.00097542,0.003727856
80,768,37,0.004561963,0.000799655,0.003762308
80,768,38,0.004509545,0.00079342,0.003716125
80,768,39,0.004465408,0.000729565,0.003735843
80,768,40,0.004580301,0.000841899,0.003738402
80,768,41,0.004649612,0.000918684,0.003730928
80,768,42,0.004421066,0.00073785,0.003683216
80,768,43,0.0045912,0.000808806,0.003782394
80,768,44,0.004603883,0.000879072,0.003724811
80,768,45,0.004702632,0.000913038,0.003789594
80,768,46,0.004576133,0.000784313,0.00379182
80,768,47,0.004681847,0.000973144,0.003708703
80,768,48,0.004645704,0.000843674,0.00380203
80,768,49,0.004764401,0.000976599,0.003787802
80,768,50,0.00461658,0.000883879,0.003732701
80,768,51,0.00463582,0.000968702,0.003667118
80,768,52,0.004547003,0.000797179,0.003749824
80,768,53,0.004825202,0.001120554,0.003704648
80,768,54,0.004466173,0.000723177,0.003742996
80,768,55,0.004731851,0.00102521,0.003706641
80,768,56,0.004457861,0.000737336,0.003720525
80,768,57,0.004529145,0.000828495,0.00370065
80,768,58,0.004452092,0.000714077,0.003738015
80,768,59,0.004629337,0.000923177,0.00370616
80,768,60,0.004482255,0.000705123,0.003777132
80,768,61,0.004588589,0.000841095,0.003747494
80,768,62,0.004474829,0.000690369,0.00378446
80,768,63,0.004472272,0.000707874,0.003764398
80,768,64,0.004419399,0.000673698,0.003745701
80,768,65,0.004566114,0.000827998,0.003738116
80,768,66,0.004704181,0.000889872,0.003814309
80,768,67,0.00428459,0.000663778,0.003620812
80,768,68,0.004594687,0.000926164,0.003668523
80,768,69,0.004393602,0.000838183,0.003555419
80,768,70,0.005571685,0.002062092,0.003509593
80,768,71,0.004510266,0.001086273,0.003423993
80,768,72,0.004578449,0.001079574,0.003498875
80,768,73,0.0054222,0.001954231,0.003467969
80,768,74,0.004944652,0.001472007,0.003472645
80,768,75,0.005011269,0.001387744,0.003623525
80,768,76,0.004350768,0.00079594,0.003554828
80,768,77,0.004533117,0.001017053,0.003516064
80,768,78,0.005033218,0.001414238,0.00361898
80,768,79,0.00661182,0.00300611,0.00360571
80,768,80,0.004478497,0.00083468,0.003643817
80,768,81,0.004270557,0.000666592,0.003603965
80,768,82,0.004358973,0.000774521,0.003584452
80,768,83,0.004314785,0.000753222,0.003561563
80,768,84,0.006389104,0.002608897,0.003780207
80,768,85,0.004750253,0.00111237,0.003637883
80,768,86,0.004668749,0.001008016,0.003660733
80,768,87,0.004064352,0.00068958,0.003374772
80,768,88,0.004894508,0.001569658,0.00332485
80,768,89,0.004928277,0.001512027,0.00341625
80,768,90,0.004864978,0.001296421,0.003568557
80,768,91,0.004220385,0.000675573,0.003544812
80,768,92,0.004433044,0.00079299,0.003640054
80,768,93,0.004481484,0.000804768,0.003676716
80,768,94,0.004574885,0.00093501,0.003639875
80,768,95,0.004256957,0.000813639,0.003443318
80,768,96,0.004312492,0.000960206,0.003352286
80,768,97,0.004487832,0.001072958,0.003414874
80,768,98,0.005470615,0.002131137,0.003339478
80,768,99,0.004904932,0.001560985,0.003343947
80,768,100,0.004519091,0.001084524,0.003434567
80,768,101,0.007670985,0.004502726,0.003168259
80,768,102,0.004942407,0.00157269,0.003369717
80,768,103,0.004446853,0.001015522,0.003431331
80,768,104,0.004137398,0.000762147,0.003375251
80,768,105,0.004489081,0.001081824,0.003407257
80,768,106,0.00444312,0.000991517,0.003451603
80,768,107,0.005175542,0.002013265,0.003162277
80,768,108,0.004521563,0.001395506,0.003126057
80,768,109,0.008980845,0.005779465,0.00320138
80,768,110,0.004847224,0.001495934,0.00335129
81,768,1,0.756398187,0.632521095,0.123877092
81,768,2,0.005159516,0.002117435,0.003042081
81,768,3,0.065923494,0.062802159,0.003121335
81,768,4,0.043730036,0.0406832,0.003046836
81,768,5,0.003812475,0.000675343,0.003137132
81,768,6,0.003509845,0.00038903,0.003120815
81,768,7,0.003523169,0.000370749,0.00315242
81,768,8,0.003623396,0.000421963,0.003201433
81,768,9,0.003711662,0.000576356,0.003135306
81,768,10,0.003838254,0.000721195,0.003117059
81,768,11,0.003722535,0.000577528,0.003145007
81,768,12,0.003751218,0.000578317,0.003172901
81,768,13,0.003619795,0.000470382,0.003149413
81,768,14,0.051817405,0.048713069,0.003104336
81,768,15,0.00502104,0.001919564,0.003101476
81,768,16,0.004458086,0.001221058,0.003237028
81,768,17,0.004134179,0.000792678,0.003341501
81,768,18,0.004122156,0.000675844,0.003446312
81,768,19,0.004217996,0.000682022,0.003535974
81,768,20,0.004367431,0.000681197,0.003686234
81,768,21,0.004362299,0.000646195,0.003716104
81,768,22,0.004459258,0.000647067,0.003812191
81,768,23,0.004482713,0.000706017,0.003776696
81,768,24,0.00462675,0.000766882,0.003859868
81,768,25,0.004442612,0.000707287,0.003735325
81,768,26,0.004630856,0.000933716,0.00369714
81,768,27,0.004700354,0.000909952,0.003790402
81,768,28,0.004551788,0.000833026,0.003718762
81,768,29,0.004682757,0.000929314,0.003753443
81,768,30,0.004856373,0.001083647,0.003772726
81,768,31,0.004425422,0.000728714,0.003696708
81,768,32,0.004662696,0.00081307,0.003849626
81,768,33,0.004597829,0.000780374,0.003817455
81,768,34,0.004545654,0.000785057,0.003760597
81,768,35,0.004670485,0.000906721,0.003763764
81,768,36,0.004552388,0.000793374,0.003759014
81,768,37,0.00459457,0.0007777,0.00381687
81,768,38,0.00438272,0.000684245,0.003698475
81,768,39,0.004522397,0.000743532,0.003778865
81,768,40,0.004794894,0.001029413,0.003765481
81,768,41,0.004474309,0.000756561,0.003717748
81,768,42,0.004516343,0.000770542,0.003745801
81,768,43,0.004504924,0.000781028,0.003723896
81,768,44,0.004698826,0.00098137,0.003717456
81,768,45,0.004584062,0.000845321,0.003738741
81,768,46,0.004547133,0.000864792,0.003682341
81,768,47,0.004737206,0.000994715,0.003742491
81,768,48,0.004869106,0.001065556,0.00380355
81,768,49,0.004526267,0.000771348,0.003754919
81,768,50,0.004615582,0.000848219,0.003767363
81,768,51,0.004629357,0.000844402,0.003784955
81,768,52,0.004880734,0.001061965,0.003818769
81,768,53,0.004495639,0.000690339,0.0038053
81,768,54,0.004724411,0.000857796,0.003866615
81,768,55,0.004444544,0.000689311,0.003755233
81,768,56,0.004610353,0.000771328,0.003839025
81,768,57,0.004412407,0.000657023,0.003755384
81,768,58,0.004603707,0.000806559,0.003797148
81,768,59,0.004439109,0.000687129,0.00375198
81,768,60,0.004588472,0.000806294,0.003782178
81,768,61,0.004388199,0.000692783,0.003695416
81,768,62,0.004507818,0.000702742,0.003805076
81,768,63,0.004310498,0.000697635,0.003612863
81,768,64,0.004699484,0.000933224,0.00376626
81,768,65,0.004619793,0.000906012,0.003713781
81,768,66,0.004456198,0.000773813,0.003682385
81,768,67,0.004404939,0.000864406,0.003540533
81,768,68,0.004501284,0.000927307,0.003573977
81,768,69,0.004531813,0.000945281,0.003586532
81,768,70,0.004609805,0.001063888,0.003545917
81,768,71,0.00515694,0.00165163,0.00350531
81,768,72,0.00572604,0.002300609,0.003425431
81,768,73,0.005033188,0.001390621,0.003642567
81,768,74,0.004943819,0.00124507,0.003698749
81,768,75,0.004331069,0.000666973,0.003664096
81,768,76,0.004550864,0.000881187,0.003669677
81,768,77,0.004358133,0.000737774,0.003620359
81,768,78,0.004746202,0.001068027,0.003678175
81,768,79,0.004436065,0.000666324,0.003769741
81,768,80,0.005832843,0.002346716,0.003486127
81,768,81,0.004616617,0.00101969,0.003596927
81,768,82,0.004345077,0.000748435,0.003596642
81,768,83,0.006925543,0.003335014,0.003590529
81,768,84,0.004688354,0.000964668,0.003723686
81,768,85,0.004563113,0.00090456,0.003658553
81,768,86,0.004562094,0.000984749,0.003577345
81,768,87,0.004255804,0.000880966,0.003374838
81,768,88,0.004694575,0.001326873,0.003367702
81,768,89,0.004898881,0.001499539,0.003399342
81,768,90,0.004898309,0.001477821,0.003420488
81,768,91,0.004472854,0.000857128,0.003615726
81,768,92,0.004356969,0.000800223,0.003556746
81,768,93,0.004456904,0.000843882,0.003613022
81,768,94,0.004291199,0.000707817,0.003583382
81,768,95,0.004243499,0.000843851,0.003399648
81,768,96,0.004374795,0.000962606,0.003412189
81,768,97,0.005991203,0.002668826,0.003322377
81,768,98,0.004905119,0.001548949,0.00335617
81,768,99,0.004656933,0.001158579,0.003498354
81,768,100,0.007728206,0.004369645,0.003358561
81,768,101,0.004223106,0.001041457,0.003181649
81,768,102,0.004801211,0.001567129,0.003234082
81,768,103,0.004270345,0.000919331,0.003351014
81,768,104,0.004576459,0.001190207,0.003386252
81,768,105,0.004640412,0.001227169,0.003413243
81,768,106,0.005253992,0.001786188,0.003467804
81,768,107,0.004112664,0.000841643,0.003271021
81,768,108,0.009204164,0.00607353,0.003130634
81,768,109,0.004547139,0.001271962,0.003275177
81,768,110,0.005169727,0.00187202,0.003297707
82,768,1,0.758394161,0.633994063,0.124400098
82,768,2,0.06582006,0.062784732,0.003035328
82,768,3,0.003785564,0.00054995,0.003235614
82,768,4,0.003545819,0.000408746,0.003137073
82,768,5,0.042879896,0.039818499,0.003061397
82,768,6,0.003883478,0.000774653,0.003108825
82,768,7,0.003540588,0.000374196,0.003166392
82,768,8,0.00353791,0.000403365,0.003134545
82,768,9,0.003703435,0.000545803,0.003157632
82,768,10,0.003800108,0.00063882,0.003161288
82,768,11,0.003833935,0.000670637,0.003163298
82,768,12,0.003618088,0.000505188,0.0031129
82,768,13,0.052071129,0.049015195,0.003055934
82,768,14,0.005017157,0.001924648,0.003092509
82,768,15,0.004500558,0.001244234,0.003256324
82,768,16,0.004091373,0.000824667,0.003266706
82,768,17,0.004167361,0.000844818,0.003322543
82,768,18,0.004235627,0.000826712,0.003408915
82,768,19,0.004185481,0.000642264,0.003543217
82,768,20,0.0042423,0.000588329,0.003653971
82,768,21,0.004432975,0.000622577,0.003810398
82,768,22,0.004509387,0.000689012,0.003820375
82,768,23,0.004553434,0.000668147,0.003885287
82,768,24,0.004496305,0.000637083,0.003859222
82,768,25,0.004587248,0.000719929,0.003867319
82,768,26,0.004628728,0.000818084,0.003810644
82,768,27,0.004720683,0.000956524,0.003764159
82,768,28,0.004610798,0.000738778,0.00387202
82,768,29,0.004719909,0.000830882,0.003889027
82,768,30,0.004415484,0.000653909,0.003761575
82,768,31,0.004744984,0.000965465,0.003779519
82,768,32,0.004544059,0.000745198,0.003798861
82,768,33,0.004584758,0.000807422,0.003777336
82,768,34,0.004706794,0.000888514,0.00381828
82,768,35,0.004531085,0.000824125,0.00370696
82,768,36,0.004507232,0.000726959,0.003780273
82,768,37,0.004453254,0.000720968,0.003732286
82,768,38,0.004563212,0.000811775,0.003751437
82,768,39,0.004862119,0.000990608,0.003871511
82,768,40,0.00458634,0.000759636,0.003826704
82,768,41,0.004497057,0.000684905,0.003812152
82,768,42,0.004500533,0.000728656,0.003771877
82,768,43,0.004630886,0.000862644,0.003768242
82,768,44,0.004620443,0.000758888,0.003861555
82,768,45,0.0045481,0.000802479,0.003745621
82,768,46,0.00462641,0.000869867,0.003756543
82,768,47,0.004919483,0.001111552,0.003807931
82,768,48,0.004561032,0.000771174,0.003789858
82,768,49,0.004604219,0.000766983,0.003837236
82,768,50,0.004634808,0.000806832,0.003827976
82,768,51,0.004814138,0.000976228,0.00383791
82,768,52,0.004478604,0.000691616,0.003786988
82,768,53,0.004720644,0.000794474,0.00392617
82,768,54,0.004444614,0.000658783,0.003785831
82,768,55,0.004623751,0.000780323,0.003843428
82,768,56,0.004430041,0.000660082,0.003769959
82,768,57,0.004656195,0.000815478,0.003840717
82,768,58,0.004459066,0.00068797,0.003771096
82,768,59,0.004615809,0.00078641,0.003829399
82,768,60,0.00440429,0.00065149,0.0037528
82,768,61,0.004439087,0.000681208,0.003757879
82,768,62,0.004473775,0.000746692,0.003727083
82,768,63,0.004492968,0.000840903,0.003652065
82,768,64,0.004714307,0.000925531,0.003788776
82,768,65,0.004435999,0.000789809,0.00364619
82,768,66,0.004600503,0.000873636,0.003726867
82,768,67,0.004298399,0.000781567,0.003516832
82,768,68,0.00457956,0.001017493,0.003562067
82,768,69,0.00466242,0.001003815,0.003658605
82,768,70,0.004840716,0.001319957,0.003520759
82,768,71,0.005702434,0.002351912,0.003350522
82,768,72,0.004738691,0.00126203,0.003476661
82,768,73,0.005086115,0.001508348,0.003577767
82,768,74,0.004550616,0.00086685,0.003683766
82,768,75,0.004589847,0.000928089,0.003661758
82,768,76,0.004493566,0.00082835,0.003665216
82,768,77,0.004483054,0.000763465,0.003719589
82,768,78,0.004508853,0.000811438,0.003697415
82,768,79,0.004434648,0.000664582,0.003770066
82,768,80,0.004107262,0.000556453,0.003550809
82,768,81,0.005309985,0.001746981,0.003563004
82,768,82,0.004653051,0.00102866,0.003624391
82,768,83,0.004240119,0.00067309,0.003567029
82,768,84,0.007155288,0.00343195,0.003723338
82,768,85,0.004966566,0.001385418,0.003581148
82,768,86,0.004639944,0.000996335,0.003643609
82,768,87,0.004263828,0.000802874,0.003460954
82,768,88,0.004631616,0.001277629,0.003353987
82,768,89,0.004943935,0.001530871,0.003413064
82,768,90,0.004939419,0.001466825,0.003472594
82,768,91,0.004371797,0.000762159,0.003609638
82,768,92,0.004536178,0.000905343,0.003630835
82,768,93,0.004455609,0.000800441,0.003655168
82,768,94,0.004413896,0.000801912,0.003611984
82,768,95,0.004308768,0.000910092,0.003398676
82,768,96,0.00610683,0.002915451,0.003191379
82,768,97,0.005059437,0.001794755,0.003264682
82,768,98,0.00458453,0.001151024,0.003433506
82,768,99,0.00685052,0.00344115,0.00340937
82,768,100,0.004936864,0.001561857,0.003375007
82,768,101,0.004543863,0.001245146,0.003298717
82,768,102,0.004779728,0.001502807,0.003276921
82,768,103,0.004621191,0.00128589,0.003335301
82,768,104,0.004777264,0.001315168,0.003462096
82,768,105,0.00511101,0.001770431,0.003340579
82,768,106,0.004384601,0.000870254,0.003514347
82,768,107,0.009018787,0.00588015,0.003138637
82,768,108,0.004507247,0.001310689,0.003196558
82,768,109,0.004869278,0.001627418,0.00324186
82,768,110,0.004619056,0.001289958,0.003329098
83,768,1,0.758616814,0.634486687,0.124130127
83,768,2,0.00459851,0.001570857,0.003027653
83,768,3,0.064439359,0.061291293,0.003148066
83,768,4,0.003835867,0.000699827,0.00313604
83,768,5,0.003567193,0.000421845,0.003145348
83,768,6,0.042649256,0.039591993,0.003057263
83,768,7,0.004077973,0.000873105,0.003204868
83,768,8,0.003519788,0.000371324,0.003148464
83,768,9,0.003678681,0.000505287,0.003173394
83,768,10,0.003896202,0.000711057,0.003185145
83,768,11,0.003814706,0.000639547,0.003175159
83,768,12,0.052145597,0.049101156,0.003044441
83,768,13,0.005105088,0.002048669,0.003056419
83,768,14,0.004336913,0.00124101,0.003095903
83,768,15,0.00435466,0.001107208,0.003247452
83,768,16,0.004200858,0.000841859,0.003358999
83,768,17,0.004132383,0.000723866,0.003408517
83,768,18,0.004106115,0.000529734,0.003576381
83,768,19,0.004068691,0.000465551,0.00360314
83,768,20,0.004321404,0.000516883,0.003804521
83,768,21,0.004370139,0.000539505,0.003830634
83,768,22,0.004511908,0.000611254,0.003900654
83,768,23,0.004373086,0.000572838,0.003800248
83,768,24,0.004585828,0.000621581,0.003964247
83,768,25,0.004492595,0.000634418,0.003858177
83,768,26,0.004705224,0.000835126,0.003870098
83,768,27,0.004796092,0.000963114,0.003832978
83,768,28,0.004685194,0.000815403,0.003869791
83,768,29,0.004606378,0.00071623,0.003890148
83,768,30,0.004547944,0.000685079,0.003862865
83,768,31,0.004536179,0.000699911,0.003836268
83,768,32,0.004776172,0.000834208,0.003941964
83,768,33,0.004463441,0.000611163,0.003852278
83,768,34,0.004589068,0.00070638,0.003882688
83,768,35,0.004603405,0.000756756,0.003846649
83,768,36,0.004470004,0.000666128,0.003803876
83,768,37,0.004738415,0.000829665,0.00390875
83,768,38,0.004816929,0.00084858,0.003968349
83,768,39,0.004505195,0.000627845,0.00387735
83,768,40,0.004523378,0.000630691,0.003892687
83,768,41,0.004476111,0.000688506,0.003787605
83,768,42,0.004765327,0.000852106,0.003913221
83,768,43,0.004489724,0.000694461,0.003795263
83,768,44,0.004722688,0.000892739,0.003829949
83,768,45,0.004551599,0.000708476,0.003843123
83,768,46,0.004946037,0.001027096,0.003918941
83,768,47,0.004489726,0.000677488,0.003812238
83,768,48,0.004606228,0.000688822,0.003917406
83,768,49,0.004664673,0.000792228,0.003872445
83,768,50,0.00478024,0.000869652,0.003910588
83,768,51,0.004522494,0.000652768,0.003869726
83,768,52,0.004632037,0.000747915,0.003884122
83,768,53,0.004550033,0.000645083,0.00390495
83,768,54,0.004550623,0.000640236,0.003910387
83,768,55,0.00454324,0.000676025,0.003867215
83,768,56,0.004649398,0.000725991,0.003923407
83,768,57,0.004413499,0.000620332,0.003793167
83,768,58,0.004522807,0.000681647,0.00384116
83,768,59,0.004406975,0.000635392,0.003771583
83,768,60,0.004535754,0.000699468,0.003836286
83,768,61,0.004419489,0.0006543,0.003765189
83,768,62,0.004458203,0.000652329,0.003805874
83,768,63,0.004361317,0.000707953,0.003653364
83,768,64,0.004781088,0.000997715,0.003783373
83,768,65,0.004382477,0.000728966,0.003653511
83,768,66,0.00469051,0.000961336,0.003729174
83,768,67,0.004194939,0.000709618,0.003485321
83,768,68,0.004585973,0.001031316,0.003554657
83,768,69,0.00449177,0.000953033,0.003538737
83,768,70,0.006520484,0.003156039,0.003364445
83,768,71,0.004559644,0.001064259,0.003495385
83,768,72,0.004542626,0.001127837,0.003414789
83,768,73,0.004806289,0.001261649,0.00354464
83,768,74,0.004800003,0.001191436,0.003608567
83,768,75,0.004364759,0.000787811,0.003576948
83,768,76,0.004633099,0.000899748,0.003733351
83,768,77,0.004471644,0.000743171,0.003728473
83,768,78,0.004616728,0.00082426,0.003792468
83,768,79,0.004337981,0.00060819,0.003729791
83,768,80,0.004312056,0.000607732,0.003704324
83,768,81,0.004385982,0.000768266,0.003617716
83,768,82,0.004510159,0.000857815,0.003652344
83,768,83,0.004466239,0.000906309,0.00355993
83,768,84,0.005031991,0.001404162,0.003627829
83,768,85,0.006635577,0.003017504,0.003618073
83,768,86,0.005202487,0.001541825,0.003660662
83,768,87,0.004191295,0.000799887,0.003391408
83,768,88,0.004742154,0.001365679,0.003376475
83,768,89,0.004876233,0.001462261,0.003413972
83,768,90,0.004839756,0.001322976,0.00351678
83,768,91,0.004670459,0.001073126,0.003597333
83,768,92,0.004634486,0.001056929,0.003577557
83,768,93,0.004663139,0.000969733,0.003693406
83,768,94,0.004385406,0.000828168,0.003557238
83,768,95,0.006322301,0.003067511,0.00325479
83,768,96,0.004974806,0.001771174,0.003203632
83,768,97,0.004484185,0.001185547,0.003298638
83,768,98,0.006952301,0.00363558,0.003316721
83,768,99,0.00506688,0.001700063,0.003366817
83,768,100,0.004557868,0.001176447,0.003381421
83,768,101,0.004305107,0.001041284,0.003263823
83,768,102,0.004933071,0.001718073,0.003214998
83,768,103,0.004798747,0.001526136,0.003272611
83,768,104,0.005207379,0.002002227,0.003205152
83,768,105,0.004408337,0.001038078,0.003370259
83,768,106,0.009285501,0.006063905,0.003221596
83,768,107,0.004247158,0.001126934,0.003120224
83,768,108,0.004398166,0.001191201,0.003206965
83,768,109,0.004667437,0.001548893,0.003118544
83,768,110,0.006115354,0.003055052,0.003060302
84,768,1,0.754326519,0.630718113,0.123608406
84,768,2,0.069911855,0.066877842,0.003034013
84,768,3,0.003834215,0.000628412,0.003205803
84,768,4,0.003618833,0.000437733,0.0031811
84,768,5,0.003594829,0.000488725,0.003106104
84,768,6,0.021837785,0.018820885,0.0030169
84,768,7,0.02366412,0.020606615,0.003057505
84,768,8,0.004120451,0.001065293,0.003055158
84,768,9,0.003602566,0.000458384,0.003144182
84,768,10,0.003876655,0.000762259,0.003114396
84,768,11,0.052914234,0.049885799,0.003028435
84,768,12,0.004973385,0.001917267,0.003056118
84,768,13,0.004522727,0.001330384,0.003192343
84,768,14,0.004129998,0.000911508,0.00321849
84,768,15,0.004183041,0.000918727,0.003264314
84,768,16,0.004091848,0.000765619,0.003326229
84,768,17,0.004011485,0.000640061,0.003371424
84,768,18,0.004006448,0.0004798,0.003526648
84,768,19,0.004029136,0.000430094,0.003599042
84,768,20,0.004314127,0.000511383,0.003802744
84,768,21,0.004429128,0.000578596,0.003850532
84,768,22,0.004404312,0.000529332,0.00387498
84,768,23,0.004382673,0.000601197,0.003781476
84,768,24,0.004842333,0.000907151,0.003935182
84,768,25,0.004620674,0.000725322,0.003895352
84,768,26,0.005061969,0.001143422,0.003918547
84,768,27,0.004565659,0.000716001,0.003849658
84,768,28,0.004618617,0.000721225,0.003897392
84,768,29,0.004568354,0.000621006,0.003947348
84,768,30,0.004671178,0.000740551,0.003930627
84,768,31,0.004470199,0.000593133,0.003877066
84,768,32,0.004638544,0.000713023,0.003925521
84,768,33,0.004573337,0.000675511,0.003897826
84,768,34,0.004631107,0.000744659,0.003886448
84,768,35,0.004579973,0.000719959,0.003860014
84,768,36,0.004639104,0.000708404,0.0039307
84,768,37,0.004720031,0.000800153,0.003919878
84,768,38,0.004430215,0.00055613,0.003874085
84,768,39,0.00469617,0.000768654,0.003927516
84,768,40,0.004487495,0.000609215,0.00387828
84,768,41,0.004743222,0.00080962,0.003933602
84,768,42,0.004482005,0.000610813,0.003871192
84,768,43,0.004842029,0.000966559,0.00387547
84,768,44,0.004522904,0.000639069,0.003883835
84,768,45,0.00484171,0.000920467,0.003921243
84,768,46,0.004486407,0.000599568,0.003886839
84,768,47,0.004684582,0.000731443,0.003953139
84,768,48,0.00463639,0.000723753,0.003912637
84,768,49,0.004630698,0.000745804,0.003884894
84,768,50,0.004581028,0.000661631,0.003919397
84,768,51,0.004641544,0.000736042,0.003905502
84,768,52,0.00459372,0.000638598,0.003955122
84,768,53,0.004616746,0.000659619,0.003957127
84,768,54,0.004586007,0.000614535,0.003971472
84,768,55,0.004559461,0.000561782,0.003997679
84,768,56,0.00452806,0.000594686,0.003933374
84,768,57,0.004504701,0.000593312,0.003911389
84,768,58,0.004462151,0.000596441,0.00386571
84,768,59,0.004544281,0.000653667,0.003890614
84,768,60,0.004477902,0.000655721,0.003822181
84,768,61,0.004418951,0.000640878,0.003778073
84,768,62,0.004518896,0.000791252,0.003727644
84,768,63,0.004488912,0.00078648,0.003702432
84,768,64,0.004579214,0.000905454,0.00367376
84,768,65,0.004588417,0.000900711,0.003687706
84,768,66,0.004477599,0.000783266,0.003694333
84,768,67,0.004383179,0.000844236,0.003538943
84,768,68,0.004484675,0.000909956,0.003574719
84,768,69,0.004665842,0.001085139,0.003580703
84,768,70,0.004573131,0.000996065,0.003577066
84,768,71,0.005391535,0.001947198,0.003444337
84,768,72,0.004710937,0.001282791,0.003428146
84,768,73,0.004948831,0.001371233,0.003577598
84,768,74,0.004646668,0.000999693,0.003646975
84,768,75,0.004554069,0.000960234,0.003593835
84,768,76,0.004666641,0.000899084,0.003767557
84,768,77,0.004522863,0.000827904,0.003694959
84,768,78,0.004682102,0.000924913,0.003757189
84,768,79,0.004502701,0.000701298,0.003801403
84,768,80,0.004286924,0.000599104,0.00368782
84,768,81,0.004451928,0.000840547,0.003611381
84,768,82,0.00459102,0.001020353,0.003570667
84,768,83,0.005347613,0.0017436,0.003604013
84,768,84,0.004947998,0.001178028,0.00376997
84,768,85,0.004700076,0.001107197,0.003592879
84,768,86,0.005117442,0.001627524,0.003489918
84,768,87,0.004726357,0.001340539,0.003385818
84,768,88,0.004850368,0.001433855,0.003416513
84,768,89,0.00518852,0.001751724,0.003436796
84,768,90,0.005415191,0.001948219,0.003466972
84,768,91,0.004637947,0.00106394,0.003574007
84,768,92,0.004553616,0.001017078,0.003536538
84,768,93,0.004551859,0.000934731,0.003617128
84,768,94,0.006413001,0.002991297,0.003421704
84,768,95,0.005004529,0.001708682,0.003295847
84,768,96,0.004515444,0.001202685,0.003312759
84,768,97,0.006896852,0.00352315,0.003373702
84,768,98,0.005232387,0.001747545,0.003484842
84,768,99,0.004522634,0.001109912,0.003412722
84,768,100,0.004264632,0.000910653,0.003353979
84,768,101,0.004526558,0.001340968,0.00318559
84,768,102,0.005082613,0.001864272,0.003218341
84,768,103,0.005390605,0.002116438,0.003274167
84,768,104,0.004325357,0.000992698,0.003332659
84,768,105,0.009448025,0.006192178,0.003255847
84,768,106,0.004304026,0.001082965,0.003221061
84,768,107,0.004218157,0.000969285,0.003248872
84,768,108,0.004226255,0.000990432,0.003235823
84,768,109,0.006661287,0.003366738,0.003294549
84,768,110,0.004186826,0.001029601,0.003157225
85,768,1,0.752842218,0.629500095,0.123342123
85,768,2,0.016450675,0.013428783,0.003021892
85,768,3,0.058364346,0.055247239,0.003117107
85,768,4,0.003821744,0.000695153,0.003126591
85,768,5,0.022551402,0.019532462,0.00301894
85,768,6,0.003913185,0.000896702,0.003016483
85,768,7,0.011872689,0.008839607,0.003033082
85,768,8,0.014221568,0.011156066,0.003065502
85,768,9,0.004181686,0.001109448,0.003072238
85,768,10,0.053561278,0.050534904,0.003026374
85,768,11,0.004826948,0.001791105,0.003035843
85,768,12,0.004315048,0.001145366,0.003169682
85,768,13,0.004094242,0.000918594,0.003175648
85,768,14,0.004076587,0.000848803,0.003227784
85,768,15,0.004095671,0.000832599,0.003263072
85,768,16,0.004005929,0.00071621,0.003289719
85,768,17,0.003971622,0.000595961,0.003375661
85,768,18,0.003984786,0.000501882,0.003482904
85,768,19,0.004072145,0.000463961,0.003608184
85,768,20,0.004184089,0.000503656,0.003680433
85,768,21,0.004677319,0.00090346,0.003773859
85,768,22,0.004375668,0.000548214,0.003827454
85,768,23,0.004634178,0.000836828,0.00379735
85,768,24,0.004456569,0.000596862,0.003859707
85,768,25,0.004726872,0.00088871,0.003838162
85,768,26,0.004680383,0.000922574,0.003757809
85,768,27,0.004699084,0.000861782,0.003837302
85,768,28,0.004608331,0.000810355,0.003797976
85,768,29,0.00462874,0.000778887,0.003849853
85,768,30,0.004681302,0.000862097,0.003819205
85,768,31,0.004452497,0.000658196,0.003794301
85,768,32,0.004699315,0.00081956,0.003879755
85,768,33,0.004562092,0.000732192,0.0038299
85,768,34,0.004566847,0.000738145,0.003828702
85,768,35,0.004626034,0.000871597,0.003754437
85,768,36,0.00462554,0.000760048,0.003865492
85,768,37,0.004621447,0.000809814,0.003811633
85,768,38,0.004999966,0.001127563,0.003872403
85,768,39,0.004482895,0.000565488,0.003917407
85,768,40,0.004766019,0.000894642,0.003871377
85,768,41,0.004599066,0.000730296,0.00386877
85,768,42,0.004754022,0.000816432,0.00393759
85,768,43,0.004436081,0.000580381,0.0038557
85,768,44,0.004718026,0.000824986,0.00389304
85,768,45,0.004430148,0.000572346,0.003857802
85,768,46,0.004678919,0.00073229,0.003946629
85,768,47,0.004479523,0.000579891,0.003899632
85,768,48,0.004674257,0.00073709,0.003937167
85,768,49,0.004448064,0.000583914,0.00386415
85,768,50,0.004554635,0.000749705,0.00380493
85,768,51,0.004556002,0.000743183,0.003812819
85,768,52,0.004568651,0.00070984,0.003858811
85,768,53,0.004422865,0.000590761,0.003832104
85,768,54,0.004540174,0.000747335,0.003792839
85,768,55,0.004546463,0.000736126,0.003810337
85,768,56,0.004534132,0.00073893,0.003795202
85,768,57,0.004585317,0.000761463,0.003823854
85,768,58,0.004492642,0.000712667,0.003779975
85,768,59,0.004397825,0.000649379,0.003748446
85,768,60,0.004529784,0.000777016,0.003752768
85,768,61,0.00453537,0.000851645,0.003683725
85,768,62,0.00448273,0.000770625,0.003712105
85,768,63,0.004644514,0.000982393,0.003662121
85,768,64,0.004470783,0.000777004,0.003693779
85,768,65,0.004782293,0.001131801,0.003650492
85,768,66,0.004490636,0.000851364,0.003639272
85,768,67,0.004691594,0.001211395,0.003480199
85,768,68,0.004492334,0.001025165,0.003467169
85,768,69,0.004647444,0.001205722,0.003441722
85,768,70,0.004605676,0.001193045,0.003412631
85,768,71,0.004847931,0.001449318,0.003398613
85,768,72,0.004600689,0.001111599,0.00348909
85,768,73,0.004971641,0.00138784,0.003583801
85,768,74,0.004605832,0.00097919,0.003626642
85,768,75,0.004725622,0.001045004,0.003680618
85,768,76,0.004634207,0.001015313,0.003618894
85,768,77,0.004922638,0.001240499,0.003682139
85,768,78,0.004854556,0.001134321,0.003720235
85,768,79,0.004310308,0.000638745,0.003671563
85,768,80,0.004397426,0.000756327,0.003641099
85,768,81,0.004944075,0.001410902,0.003533173
85,768,82,0.005237339,0.001780063,0.003457276
85,768,83,0.004788167,0.001186862,0.003601305
85,768,84,0.004719927,0.000969875,0.003750052
85,768,85,0.004787385,0.001169121,0.003618264
85,768,86,0.00436097,0.000821183,0.003539787
85,768,87,0.004479089,0.001082294,0.003396795
85,768,88,0.005518549,0.002213488,0.003305061
85,768,89,0.005618306,0.002247936,0.00337037
85,768,90,0.005119743,0.001727486,0.003392257
85,768,91,0.004421862,0.000920847,0.003501015
85,768,92,0.004296527,0.000789821,0.003506706
85,768,93,0.006836233,0.003495602,0.003340631
85,768,94,0.005176301,0.001914075,0.003262226
85,768,95,0.004468547,0.001104648,0.003363899
85,768,96,0.006857544,0.003577623,0.003279921
85,768,97,0.00518849,0.001748939,0.003439551
85,768,98,0.004823428,0.0012842,0.003539228
85,768,99,0.004045855,0.000586144,0.003459711
85,768,100,0.004303863,0.001026696,0.003277167
85,768,101,0.004880561,0.001711741,0.00316882
85,768,102,0.005976707,0.002651725,0.003324982
85,768,103,0.004284226,0.000912159,0.003372067
85,768,104,0.00966299,0.006298449,0.003364541
85,768,105,0.004410069,0.001205526,0.003204543
85,768,106,0.003978747,0.000699305,0.003279442
85,768,107,0.004053381,0.000817,0.003236381
85,768,108,0.006229343,0.003002534,0.003226809
85,768,109,0.004910162,0.001600538,0.003309624
85,768,110,0.00434882,0.001245879,0.003102941
86,768,1,0.753449989,0.629812535,0.123637454
86,768,2,0.069382247,0.066344439,0.003037808
86,768,3,0.003767595,0.000531646,0.003235949
86,768,4,0.022722795,0.019698514,0.003024281
86,768,5,0.003966152,0.000816014,0.003150138
86,768,6,0.011827147,0.008797783,0.003029364
86,768,7,0.004200062,0.001031851,0.003168211
86,768,8,0.00368109,0.000563198,0.003117892
86,768,9,0.063909606,0.060876577,0.003033029
86,768,10,0.004474699,0.001439232,0.003035467
86,768,11,0.004270598,0.00112025,0.003150348
86,768,12,0.004104754,0.000956835,0.003147919
86,768,13,0.004097655,0.000941557,0.003156098
86,768,14,0.004069471,0.000880727,0.003188744
86,768,15,0.004163415,0.000915161,0.003248254
86,768,16,0.003986851,0.00068332,0.003303531
86,768,17,0.003899507,0.000533225,0.003366282
86,768,18,0.003977739,0.000473358,0.003504381
86,768,19,0.004105077,0.000489755,0.003615322
86,768,20,0.004203026,0.000472016,0.00373101
86,768,21,0.004368068,0.000524761,0.003843307
86,768,22,0.004430077,0.000573587,0.00385649
86,768,23,0.00448275,0.000601329,0.003881421
86,768,24,0.004621232,0.000629884,0.003991348
86,768,25,0.004640153,0.000700315,0.003939838
86,768,26,0.004711623,0.000814852,0.003896771
86,768,27,0.004653163,0.000789106,0.003864057
86,768,28,0.004756949,0.000825437,0.003931512
86,768,29,0.004607923,0.000719894,0.003888029
86,768,30,0.004574972,0.000709499,0.003865473
86,768,31,0.004877521,0.000958972,0.003918549
86,768,32,0.004659914,0.000722154,0.00393776
86,768,33,0.004619313,0.000696235,0.003923078
86,768,34,0.00463527,0.00068756,0.00394771
86,768,35,0.004690753,0.000768947,0.003921806
86,768,36,0.004609695,0.0007613,0.003848395
86,768,37,0.004835158,0.000860677,0.003974481
86,768,38,0.004451238,0.000592935,0.003858303
86,768,39,0.004917345,0.001005845,0.0039115
86,768,40,0.004579971,0.000695407,0.003884564
86,768,41,0.004729337,0.000713655,0.004015682
86,768,42,0.004538244,0.00062011,0.003918134
86,768,43,0.004619382,0.000581676,0.004037706
86,768,44,0.004478964,0.000595677,0.003883287
86,768,45,0.00469017,0.000675139,0.004015031
86,768,46,0.004437197,0.000555119,0.003882078
86,768,47,0.004475326,0.000556315,0.003919011
86,768,48,0.004522742,0.000610174,0.003912568
86,768,49,0.00455559,0.000658356,0.003897234
86,768,50,0.004470464,0.000642903,0.003827561
86,768,51,0.004488649,0.000656617,0.003832032
86,768,52,0.004501485,0.000630238,0.003871247
86,768,53,0.004476273,0.000661783,0.00381449
86,768,54,0.004491858,0.000658913,0.003832945
86,768,55,0.004379542,0.000641372,0.00373817
86,768,56,0.004668088,0.000796255,0.003871833
86,768,57,0.00448317,0.000740658,0.003742512
86,768,58,0.004590102,0.000792117,0.003797985
86,768,59,0.004515381,0.000748567,0.003766814
86,768,60,0.004652517,0.000865737,0.00378678
86,768,61,0.004562405,0.000757945,0.00380446
86,768,62,0.004548577,0.000814569,0.003734008
86,768,63,0.004499898,0.000703306,0.003796592
86,768,64,0.004603761,0.000881634,0.003722127
86,768,65,0.00469103,0.0008774,0.00381363
86,768,66,0.00441704,0.000691509,0.003725531
86,768,67,0.00451363,0.000973016,0.003540614
86,768,68,0.004639241,0.001132981,0.00350626
86,768,69,0.004594014,0.001092777,0.003501237
86,768,70,0.004682803,0.001257852,0.003424951
86,768,71,0.004557435,0.001120866,0.003436569
86,768,72,0.004623803,0.001159949,0.003463854
86,768,73,0.004671716,0.001090082,0.003581634
86,768,74,0.004832204,0.001129997,0.003702207
86,768,75,0.004451033,0.000828924,0.003622109
86,768,76,0.005986715,0.002380567,0.003606148
86,768,77,0.00476527,0.00117735,0.00358792
86,768,78,0.004539907,0.00086696,0.003672947
86,768,79,0.004251863,0.000587238,0.003664625
86,768,80,0.005300582,0.001776593,0.003523989
86,768,81,0.005157665,0.001602191,0.003555474
86,768,82,0.004619235,0.001026911,0.003592324
86,768,83,0.004564193,0.000921837,0.003642356
86,768,84,0.004749023,0.000964953,0.00378407
86,768,85,0.004769603,0.001077729,0.003691874
86,768,86,0.004592647,0.000929219,0.003663428
86,768,87,0.004878792,0.001436985,0.003441807
86,768,88,0.00555617,0.002239082,0.003317088
86,768,89,0.005310446,0.001886805,0.003423641
86,768,90,0.004811866,0.001375858,0.003436008
86,768,91,0.00415813,0.00064937,0.00350876
86,768,92,0.006680593,0.003284426,0.003396167
86,768,93,0.005371799,0.001879127,0.003492672
86,768,94,0.004356281,0.000980134,0.003376147
86,768,95,0.00675817,0.003539138,0.003219032
86,768,96,0.005257369,0.001923791,0.003333578
86,768,97,0.004460253,0.000987288,0.003472965
86,768,98,0.004527112,0.00099868,0.003528432
86,768,99,0.004461152,0.001055128,0.003406024
86,768,100,0.004285479,0.00097745,0.003308029
86,768,101,0.006151949,0.002896812,0.003255137
86,768,102,0.004613429,0.001164641,0.003448788
86,768,103,0.009695064,0.006346016,0.003349048
86,768,104,0.004751376,0.001200808,0.003550568
86,768,105,0.003801952,0.000534245,0.003267707
86,768,106,0.003899374,0.000641631,0.003257743
86,768,107,0.005888282,0.00273395,0.003154332
86,768,108,0.004859244,0.001548536,0.003310708
86,768,109,0.004978293,0.001546179,0.003432114
86,768,110,0.004246909,0.001143265,0.003103644
87,768,1,0.751731258,0.628468113,0.123263145
87,768,2,0.014974031,0.01194319,0.003030841
87,768,3,0.079452504,0.076429593,0.003022911
87,768,4,0.003805639,0.000703703,0.003101936
87,768,5,0.011978144,0.008954128,0.003024016
87,768,6,0.004026916,0.000922662,0.003104254
87,768,7,0.003684172,0.000549361,0.003134811
87,768,8,0.063973186,0.060942339,0.003030847
87,768,9,0.004323942,0.001291027,0.003032915
87,768,10,0.004019599,0.000913339,0.00310626
87,768,11,0.004034065,0.000904808,0.003129257
87,768,12,0.004034729,0.000907487,0.003127242
87,768,13,0.004185333,0.000951842,0.003233491
87,768,14,0.004065844,0.000807567,0.003258277
87,768,15,0.004100006,0.000787823,0.003312183
87,768,16,0.003981845,0.000627354,0.003354491
87,768,17,0.003866334,0.00049378,0.003372554
87,768,18,0.004005365,0.00044708,0.003558285
87,768,19,0.004056288,0.000425648,0.00363064
87,768,20,0.004275809,0.00047535,0.003800459
87,768,21,0.004328258,0.000438897,0.003889361
87,768,22,0.004424367,0.000520671,0.003903696
87,768,23,0.004523708,0.000563292,0.003960416
87,768,24,0.004769701,0.000746337,0.004023364
87,768,25,0.004635157,0.000590127,0.00404503
87,768,26,0.004685425,0.000692657,0.003992768
87,768,27,0.004690882,0.000799171,0.003891711
87,768,28,0.004724165,0.000855096,0.003869069
87,768,29,0.004680154,0.000792552,0.003887602
87,768,30,0.004775405,0.000951439,0.003823966
87,768,31,0.004599043,0.0007362,0.003862843
87,768,32,0.004735367,0.000819743,0.003915624
87,768,33,0.004647704,0.000715042,0.003932662
87,768,34,0.004584791,0.000723645,0.003861146
87,768,35,0.004714305,0.000869206,0.003845099
87,768,36,0.00466633,0.000837762,0.003828568
87,768,37,0.00466161,0.000744413,0.003917197
87,768,38,0.0047749,0.000916642,0.003858258
87,768,39,0.004729006,0.000701375,0.004027631
87,768,40,0.00451077,0.000665798,0.003844972
87,768,41,0.004607925,0.000674205,0.00393372
87,768,42,0.004514991,0.000627808,0.003887183
87,768,43,0.004628614,0.000709231,0.003919383
87,768,44,0.004544786,0.000627615,0.003917171
87,768,45,0.00450347,0.000635146,0.003868324
87,768,46,0.004437294,0.000609908,0.003827386
87,768,47,0.004554584,0.000725744,0.00382884
87,768,48,0.004537209,0.000707802,0.003829407
87,768,49,0.004407327,0.000605732,0.003801595
87,768,50,0.004544435,0.000761485,0.00378295
87,768,51,0.004464664,0.000666764,0.0037979
87,768,52,0.004568925,0.000785135,0.00378379
87,768,53,0.004532203,0.000688185,0.003844018
87,768,54,0.00451855,0.000715416,0.003803134
87,768,55,0.004537196,0.000672957,0.003864239
87,768,56,0.004540401,0.000718675,0.003821726
87,768,57,0.00459634,0.000806756,0.003789584
87,768,58,0.004404142,0.000625419,0.003778723
87,768,59,0.004598833,0.000764224,0.003834609
87,768,60,0.004455912,0.000679226,0.003776686
87,768,61,0.004594975,0.000798673,0.003796302
87,768,62,0.004414199,0.000685823,0.003728376
87,768,63,0.004668152,0.000876922,0.00379123
87,768,64,0.004467959,0.000694607,0.003773352
87,768,65,0.004872358,0.001072146,0.003800212
87,768,66,0.004528401,0.000844032,0.003684369
87,768,67,0.004625414,0.001058439,0.003566975
87,768,68,0.004269044,0.000815462,0.003453582
87,768,69,0.004948006,0.001453283,0.003494723
87,768,70,0.004585262,0.0011046,0.003480662
87,768,71,0.004721243,0.001307249,0.003413994
87,768,72,0.004426542,0.000985391,0.003441151
87,768,73,0.004616907,0.001019822,0.003597085
87,768,74,0.004783021,0.001105267,0.003677754
87,768,75,0.004357433,0.000704718,0.003652715
87,768,76,0.005221987,0.001483973,0.003738014
87,768,77,0.00477229,0.001152005,0.003620285
87,768,78,0.004746393,0.001091814,0.003654579
87,768,79,0.006094089,0.002551724,0.003542365
87,768,80,0.004941035,0.001385065,0.00355597
87,768,81,0.004677226,0.001082171,0.003595055
87,768,82,0.004608781,0.000924469,0.003684312
87,768,83,0.004526497,0.000825471,0.003701026
87,768,84,0.004493374,0.00070433,0.003789044
87,768,85,0.004801288,0.00115812,0.003643168
87,768,86,0.004792718,0.001218703,0.003574015
87,768,87,0.005628257,0.002334499,0.003293758
87,768,88,0.005070321,0.001715541,0.00335478
87,768,89,0.004729136,0.001279724,0.003449412
87,768,90,0.004899144,0.001420745,0.003478399
87,768,91,0.006225847,0.002862928,0.003362919
87,768,92,0.005494429,0.001963619,0.00353081
87,768,93,0.004521708,0.000859443,0.003662265
87,768,94,0.006798011,0.003524146,0.003273865
87,768,95,0.005193233,0.001879328,0.003313905
87,768,96,0.004369898,0.001005063,0.003364835
87,768,97,0.004393274,0.000954735,0.003438539
87,768,98,0.004948827,0.001504125,0.003444702
87,768,99,0.004119949,0.000766486,0.003353463
87,768,100,0.005389507,0.002222868,0.003166639
87,768,101,0.005218897,0.00187448,0.003344417
87,768,102,0.00984701,0.006485589,0.003361421
87,768,103,0.00461794,0.001253622,0.003364318
87,768,104,0.004193393,0.000693921,0.003499472
87,768,105,0.003910612,0.000661931,0.003248681
87,768,106,0.005259727,0.0021041,0.003155627
87,768,107,0.004785593,0.001634364,0.003151229
87,768,108,0.004978759,0.001848816,0.003129943
87,768,109,0.005367577,0.002140038,0.003227539
87,768,110,0.005773014,0.002753501,0.003019513
88,768,1,0.755846552,0.631859685,0.123986867
88,768,2,0.087108933,0.084050838,0.003058095
88,768,3,0.00368853,0.00055726,0.00313127
88,768,4,0.012119411,0.009076462,0.003042949
88,768,5,0.00386232,0.000822241,0.003040079
88,768,6,0.003729559,0.000552267,0.003177292
88,768,7,0.064047918,0.060987419,0.003060499
88,768,8,0.004151096,0.001096181,0.003054915
88,768,9,0.003874616,0.000702142,0.003172474
88,768,10,0.003849085,0.000664893,0.003184192
88,768,11,0.003925486,0.00072266,0.003202826
88,768,12,0.003897655,0.000740665,0.00315699
88,768,13,0.004038025,0.000834918,0.003203107
88,768,14,0.00397882,0.000755282,0.003223538
88,768,15,0.004013864,0.000736412,0.003277452
88,768,16,0.003980124,0.000625604,0.00335452
88,768,17,0.003925011,0.000513888,0.003411123
88,768,18,0.003946905,0.000448428,0.003498477
88,768,19,0.004112953,0.000446577,0.003666376
88,768,20,0.004303109,0.000522272,0.003780837
88,768,21,0.00449117,0.00058123,0.00390994
88,768,22,0.004723051,0.000904403,0.003818648
88,768,23,0.004498691,0.000665466,0.003833225
88,768,24,0.004846819,0.000964307,0.003882512
88,768,25,0.004614007,0.000772423,0.003841584
88,768,26,0.004851602,0.000979206,0.003872396
88,768,27,0.004666208,0.000844612,0.003821596
88,768,28,0.004762958,0.000892672,0.003870286
88,768,29,0.004493573,0.000720222,0.003773351
88,768,30,0.004804325,0.00101362,0.003790705
88,768,31,0.004810825,0.000999002,0.003811823
88,768,32,0.004597072,0.000711959,0.003885113
88,768,33,0.004521002,0.00073581,0.003785192
88,768,34,0.004704285,0.000842687,0.003861598
88,768,35,0.004683637,0.000922499,0.003761138
88,768,36,0.004714303,0.000917622,0.003796681
88,768,37,0.004656348,0.000864588,0.00379176
88,768,38,0.004717664,0.00085832,0.003859344
88,768,39,0.00448934,0.000715473,0.003773867
88,768,40,0.004662666,0.000811595,0.003851071
88,768,41,0.004469177,0.000616698,0.003852479
88,768,42,0.004630411,0.000771169,0.003859242
88,768,43,0.00453618,0.000647268,0.003888912
88,768,44,0.004586334,0.000673002,0.003913332
88,768,45,0.004537818,0.00067228,0.003865538
88,768,46,0.004534574,0.000680151,0.003854423
88,768,47,0.004596174,0.000629502,0.003966672
88,768,48,0.004508878,0.00060293,0.003905948
88,768,49,0.004610136,0.00067177,0.003938366
88,768,50,0.00452417,0.000667147,0.003857023
88,768,51,0.004547921,0.00067599,0.003871931
88,768,52,0.004486914,0.000660825,0.003826089
88,768,53,0.004527779,0.000663926,0.003863853
88,768,54,0.004521295,0.000690625,0.00383067
88,768,55,0.004541098,0.000678341,0.003862757
88,768,56,0.004589202,0.00076116,0.003828042
88,768,57,0.004411317,0.000602597,0.00380872
88,768,58,0.004455638,0.000671181,0.003784457
88,768,59,0.004428613,0.000662258,0.003766355
88,768,60,0.004475232,0.000669019,0.003806213
88,768,61,0.004568085,0.000806215,0.00376187
88,768,62,0.004815618,0.000964813,0.003850805
88,768,63,0.00454232,0.000790307,0.003752013
88,768,64,0.004743396,0.00095529,0.003788106
88,768,65,0.004533566,0.000818746,0.00371482
88,768,66,0.00474296,0.001050835,0.003692125
88,768,67,0.004412697,0.00086409,0.003548607
88,768,68,0.004710577,0.001147317,0.00356326
88,768,69,0.004549328,0.001046571,0.003502757
88,768,70,0.004706512,0.001228885,0.003477627
88,768,71,0.00449269,0.001023153,0.003469537
88,768,72,0.004436456,0.000982761,0.003453695
88,768,73,0.004613867,0.000979544,0.003634323
88,768,74,0.004372415,0.000655319,0.003717096
88,768,75,0.005161535,0.001547895,0.00361364
88,768,76,0.005056846,0.001472475,0.003584371
88,768,77,0.004879342,0.001256926,0.003622416
88,768,78,0.006237181,0.002615384,0.003621797
88,768,79,0.004972186,0.001400849,0.003571337
88,768,80,0.004587594,0.00100519,0.003582404
88,768,81,0.004487932,0.000854474,0.003633458
88,768,82,0.004574499,0.000996028,0.003578471
88,768,83,0.00442694,0.000788816,0.003638124
88,768,84,0.004312884,0.000594647,0.003718237
88,768,85,0.005395446,0.001975314,0.003420132
88,768,86,0.005471597,0.002098596,0.003373001
88,768,87,0.005034884,0.001700444,0.00333444
88,768,88,0.004776353,0.001296951,0.003479402
88,768,89,0.004055647,0.000616233,0.003439414
88,768,90,0.006866486,0.003353318,0.003513168
88,768,91,0.005731562,0.002172825,0.003558737
88,768,92,0.004358724,0.000684348,0.003674376
88,768,93,0.006761613,0.003370835,0.003390778
88,768,94,0.005277678,0.00195059,0.003327088
88,768,95,0.004518723,0.001115066,0.003403657
88,768,96,0.004426207,0.001051238,0.003374969
88,768,97,0.00457342,0.001164887,0.003408533
88,768,98,0.004572113,0.001047338,0.003524775
88,768,99,0.0052068,0.001883589,0.003323211
88,768,100,0.004687672,0.001471068,0.003216604
88,768,101,0.010597184,0.007367346,0.003229838
88,768,102,0.00457149,0.00125147,0.00332002
88,768,103,0.004360634,0.000866689,0.003493945
88,768,104,0.004168055,0.000590353,0.003577702
88,768,105,0.005090985,0.001832899,0.003258086
88,768,106,0.004381754,0.001123123,0.003258631
88,768,107,0.004995371,0.001851871,0.0031435
88,768,108,0.006054839,0.002863507,0.003191332
88,768,109,0.005671136,0.002612094,0.003059042
88,768,110,0.005013609,0.001965418,0.003048191
89,768,1,0.759465742,0.63489553,0.124570212
89,768,2,0.003663136,0.000460217,0.003202919
89,768,3,0.084568363,0.081493296,0.003075067
89,768,4,0.003819033,0.000661182,0.003157851
89,768,5,0.011975922,0.008885029,0.003090893
89,768,6,0.065223237,0.062128509,0.003094728
89,768,7,0.004055363,0.000820562,0.003234801
89,768,8,0.003602962,0.000438855,0.003164107
89,768,9,0.003645781,0.00044839,0.003197391
89,768,10,0.003914642,0.000699429,0.003215213
89,768,11,0.003955805,0.000720635,0.00323517
89,768,12,0.003945892,0.000710765,0.003235127
89,768,13,0.004025542,0.000759937,0.003265605
89,768,14,0.004092333,0.000783263,0.00330907
89,768,15,0.004047452,0.000684194,0.003363258
89,768,16,0.003993374,0.000603709,0.003389665
89,768,17,0.003840056,0.00039541,0.003444646
89,768,18,0.003918094,0.000418911,0.003499183
89,768,19,0.004055899,0.000421587,0.003634312
89,768,20,0.004216195,0.000483138,0.003733057
89,768,21,0.004436372,0.000467442,0.00396893
89,768,22,0.004486695,0.00050471,0.003981985
89,768,23,0.004559825,0.000548923,0.004010902
89,768,24,0.004601394,0.000550529,0.004050865
89,768,25,0.004804847,0.000750033,0.004054814
89,768,26,0.004735335,0.000699274,0.004036061
89,768,27,0.00469327,0.000729101,0.003964169
89,768,28,0.004564202,0.000654919,0.003909283
89,768,29,0.00465194,0.000700935,0.003951005
89,768,30,0.004750214,0.000794964,0.00395525
89,768,31,0.004544834,0.000648607,0.003896227
89,768,32,0.004941198,0.000875216,0.004065982
89,768,33,0.004674584,0.000636601,0.004037983
89,768,34,0.004671982,0.000650565,0.004021417
89,768,35,0.004646069,0.000682534,0.003963535
89,768,36,0.00468283,0.000689242,0.003993588
89,768,37,0.004674179,0.000669533,0.004004646
89,768,38,0.004684638,0.000672218,0.00401242
89,768,39,0.004650307,0.000657805,0.003992502
89,768,40,0.004617503,0.000638162,0.003979341
89,768,41,0.00467133,0.000680063,0.003991267
89,768,42,0.00469524,0.000616986,0.004078254
89,768,43,0.004662663,0.000634568,0.004028095
89,768,44,0.00464332,0.000590458,0.004052862
89,768,45,0.004605403,0.000595916,0.004009487
89,768,46,0.004594167,0.000631879,0.003962288
89,768,47,0.004614782,0.000627354,0.003987428
89,768,48,0.004623751,0.000644047,0.003979704
89,768,49,0.004603331,0.000658261,0.00394507
89,768,50,0.004550308,0.000638106,0.003912202
89,768,51,0.004485847,0.000593495,0.003892352
89,768,52,0.004515123,0.000592503,0.00392262
89,768,53,0.004525577,0.00058893,0.003936647
89,768,54,0.004563179,0.000612703,0.003950476
89,768,55,0.004556032,0.000563221,0.003992811
89,768,56,0.004471864,0.000610051,0.003861813
89,768,57,0.004473863,0.00056354,0.003910323
89,768,58,0.004434825,0.000610183,0.003824642
89,768,59,0.004464454,0.000580029,0.003884425
89,768,60,0.004562922,0.000715337,0.003847585
89,768,61,0.00473571,0.000882703,0.003853007
89,768,62,0.004616685,0.000761776,0.003854909
89,768,63,0.004730738,0.000970756,0.003759982
89,768,64,0.004601379,0.00082819,0.003773189
89,768,65,0.004654599,0.00082745,0.003827149
89,768,66,0.004392111,0.000728793,0.003663318
89,768,67,0.004887372,0.001191453,0.003695919
89,768,68,0.004551903,0.000807956,0.003743947
89,768,69,0.004553626,0.000971922,0.003581704
89,768,70,0.004487586,0.00094282,0.003544766
89,768,71,0.004615368,0.001094138,0.00352123
89,768,72,0.00438501,0.000884577,0.003500433
89,768,73,0.004469833,0.000886719,0.003583114
89,768,74,0.005059346,0.001410426,0.00364892
89,768,75,0.005123391,0.00165638,0.003467011
89,768,76,0.005106439,0.001359758,0.003746681
89,768,77,0.00607143,0.002482538,0.003588892
89,768,78,0.005106215,0.001365864,0.003740351
89,768,79,0.00450855,0.000894701,0.003613849
89,768,80,0.004220705,0.0005851,0.003635605
89,768,81,0.004350355,0.000670515,0.00367984
89,768,82,0.004456127,0.000819238,0.003636889
89,768,83,0.004317119,0.000591988,0.003725131
89,768,84,0.005362576,0.001677691,0.003684885
89,768,85,0.005560968,0.002158585,0.003402383
89,768,86,0.00507873,0.001562881,0.003515849
89,768,87,0.004702499,0.001189188,0.003513311
89,768,88,0.004349499,0.000799892,0.003549607
89,768,89,0.006227449,0.002801211,0.003426238
89,768,90,0.005525617,0.001886427,0.00363919
89,768,91,0.005058532,0.001342554,0.003715978
89,768,92,0.004458182,0.000686305,0.003771877
89,768,93,0.004136713,0.000410523,0.00372619
89,768,94,0.007298303,0.003971982,0.003326321
89,768,95,0.004213014,0.000832292,0.003380722
89,768,96,0.004409436,0.001046942,0.003362494
89,768,97,0.005434728,0.001978708,0.00345602
89,768,98,0.005362749,0.001925712,0.003437037
89,768,99,0.004436228,0.000963879,0.003472349
89,768,100,0.007023099,0.00376348,0.003259619
89,768,101,0.004806284,0.001387342,0.003418942
89,768,102,0.007082819,0.003617701,0.003465118
89,768,103,0.004632389,0.001106281,0.003526108
89,768,104,0.00553997,0.002091666,0.003448304
89,768,105,0.004327191,0.000957717,0.003369474
89,768,106,0.004338998,0.00099603,0.003342968
89,768,107,0.007540957,0.004290856,0.003250101
89,768,108,0.005420663,0.002003338,0.003417325
89,768,109,0.005058963,0.001962528,0.003096435
89,768,110,0.004362778,0.001285866,0.003076912
90,768,1,0.756102917,0.63224908,0.123853837
90,768,2,0.069112543,0.065966813,0.00314573
90,768,3,0.003736184,0.000422247,0.003313937
90,768,4,0.021949511,0.018824628,0.003124883
90,768,5,0.074597276,0.071480152,0.003117124
90,768,6,0.003880631,0.00067316,0.003207471
90,768,7,0.003623348,0.000383975,0.003239373
90,768,8,0.003616787,0.000414886,0.003201901
90,768,9,0.003629242,0.000403214,0.003226028
90,768,10,0.003817077,0.000593413,0.003223664
90,768,11,0.003926646,0.000686092,0.003240554
90,768,12,0.003918573,0.000656305,0.003262268
90,768,13,0.00394969,0.000646954,0.003302736
90,768,14,0.004047476,0.000709004,0.003338472
90,768,15,0.003994606,0.000630454,0.003364152
90,768,16,0.003992035,0.000568701,0.003423334
90,768,17,0.003854531,0.000423422,0.003431109
90,768,18,0.003996845,0.000428088,0.003568757
90,768,19,0.004059685,0.00042102,0.003638665
90,768,20,0.004248738,0.000457091,0.003791647
90,768,21,0.00439686,0.000451862,0.003944998
90,768,22,0.004382754,0.000460749,0.003922005
90,768,23,0.00445392,0.000508318,0.003945602
90,768,24,0.004562942,0.00052639,0.004036552
90,768,25,0.004543818,0.000566028,0.00397779
90,768,26,0.004817222,0.000783137,0.004034085
90,768,27,0.004476266,0.000554815,0.003921451
90,768,28,0.004776931,0.000746794,0.004030137
90,768,29,0.004510013,0.00056342,0.003946593
90,768,30,0.004688848,0.000770248,0.0039186
90,768,31,0.004689925,0.000803274,0.003886651
90,768,32,0.004672364,0.000641734,0.00403063
90,768,33,0.004682136,0.000851219,0.003830917
90,768,34,0.004827078,0.000865511,0.003961567
90,768,35,0.004591233,0.000731682,0.003859551
90,768,36,0.004698799,0.000763387,0.003935412
90,768,37,0.00459499,0.000728069,0.003866921
90,768,38,0.004858434,0.000847826,0.004010608
90,768,39,0.004516081,0.000675559,0.003840522
90,768,40,0.004849763,0.000889907,0.003959856
90,768,41,0.004518549,0.000640906,0.003877643
90,768,42,0.004730258,0.000779646,0.003950612
90,768,43,0.004587024,0.000723036,0.003863988
90,768,44,0.00475827,0.00075744,0.00400083
90,768,45,0.00446082,0.000599823,0.003860997
90,768,46,0.00479139,0.000760415,0.004030975
90,768,47,0.004516163,0.00056491,0.003951253
90,768,48,0.004756931,0.000738564,0.004018367
90,768,49,0.004511967,0.000577803,0.003934164
90,768,50,0.004547705,0.000631424,0.003916281
90,768,51,0.004505049,0.000650325,0.003854724
90,768,52,0.004602142,0.000648404,0.003953738
90,768,53,0.004447359,0.000567397,0.003879962
90,768,54,0.004605828,0.000661606,0.003944222
90,768,55,0.004441306,0.000609244,0.003832062
90,768,56,0.004858738,0.000940426,0.003918312
90,768,57,0.004645484,0.000729489,0.003915995
90,768,58,0.004613066,0.000787208,0.003825858
90,768,59,0.004735503,0.000941422,0.003794081
90,768,60,0.004744093,0.000966434,0.003777659
90,768,61,0.004695619,0.000842309,0.00385331
90,768,62,0.004589493,0.000890391,0.003699102
90,768,63,0.004737265,0.000979692,0.003757573
90,768,64,0.004654778,0.000899258,0.00375552
90,768,65,0.004575805,0.000852293,0.003723512
90,768,66,0.004715713,0.001043716,0.003671997
90,768,67,0.004578682,0.000839717,0.003738965
90,768,68,0.00459423,0.000875132,0.003719098
90,768,69,0.00458301,0.000918239,0.003664771
90,768,70,0.004418472,0.000906151,0.003512321
90,768,71,0.004484097,0.000945001,0.003539096
90,768,72,0.004461549,0.0009883,0.003473249
90,768,73,0.005096273,0.001571078,0.003525195
90,768,74,0.005406657,0.001756021,0.003650636
90,768,75,0.004767707,0.001206815,0.003560892
90,768,76,0.006234226,0.002525204,0.003709022
90,768,77,0.004976848,0.001151734,0.003825114
90,768,78,0.004610755,0.000876864,0.003733891
90,768,79,0.0042426,0.000467028,0.003775572
90,768,80,0.004253315,0.000511454,0.003741861
90,768,81,0.004246275,0.000587684,0.003658591
90,768,82,0.004461968,0.00068203,0.003779938
90,768,83,0.005223627,0.001526315,0.003697312
90,768,84,0.005160816,0.001606822,0.003553994
90,768,85,0.005171051,0.00161131,0.003559741
90,768,86,0.004644136,0.001157214,0.003486922
90,768,87,0.004779202,0.001224938,0.003554264
90,768,88,0.00644818,0.002983276,0.003464904
90,768,89,0.004744146,0.001228579,0.003515567
90,768,90,0.004941102,0.001354995,0.003586107
90,768,91,0.004776159,0.001094118,0.003682041
90,768,92,0.004461959,0.000733302,0.003728657
90,768,93,0.004128168,0.000457882,0.003670286
90,768,94,0.003977537,0.000462248,0.003515289
90,768,95,0.006960648,0.003664217,0.003296431
90,768,96,0.006296815,0.002872747,0.003424068
90,768,97,0.005641916,0.002200753,0.003441163
90,768,98,0.00447161,0.000938319,0.003533291
90,768,99,0.006024603,0.002732666,0.003291937
90,768,100,0.005307391,0.002007395,0.003299996
90,768,101,0.007104688,0.003810754,0.003293934
90,768,102,0.004836521,0.001429912,0.003406609
90,768,103,0.005716872,0.002274882,0.00344199
90,768,104,0.004240185,0.000746689,0.003493496
90,768,105,0.004040503,0.000672121,0.003368382
90,768,106,0.004442125,0.001065044,0.003377081
90,768,107,0.006680229,0.003370679,0.00330955
90,768,108,0.007549019,0.004273514,0.003275505
90,768,109,0.004616322,0.001377048,0.003239274
90,768,110,0.006135151,0.003009977,0.003125174
91,768,1,0.752552389,0.628815695,0.123736694
91,768,2,0.010547393,0.007522633,0.00302476
91,768,3,0.065385269,0.06226404,0.003121229
91,768,4,0.093662688,0.090638683,0.003024005
91,768,5,0.003784215,0.000645382,0.003138833
91,768,6,0.003506887,0.00040227,0.003104617
91,768,7,0.003531833,0.00040978,0.003122053
91,768,8,0.0036925,0.000527355,0.003165145
91,768,9,0.003696841,0.00058792,0.003108921
91,768,10,0.003749342,0.000635327,0.003114015
91,768,11,0.003913795,0.000786861,0.003126934
91,768,12,0.003914195,0.000767042,0.003147153
91,768,13,0.003985684,0.000793118,0.003192566
91,768,14,0.004030631,0.000817586,0.003213045
91,768,15,0.004056931,0.000812578,0.003244353
91,768,16,0.003975978,0.000668831,0.003307147
91,768,17,0.003914426,0.000512372,0.003402054
91,768,18,0.003848791,0.00041486,0.003433931
91,768,19,0.003968314,0.000424043,0.003544271
91,768,20,0.004242066,0.000536112,0.003705954
91,768,21,0.004342628,0.000497096,0.003845532
91,768,22,0.004399807,0.000608869,0.003790938
91,768,23,0.004481528,0.000665759,0.003815769
91,768,24,0.004768375,0.000915456,0.003852919
91,768,25,0.004533085,0.000691764,0.003841321
91,768,26,0.004892756,0.001097761,0.003794995
91,768,27,0.004390703,0.000622786,0.003767917
91,768,28,0.004614182,0.000781108,0.003833074
91,768,29,0.004484671,0.00070184,0.003782831
91,768,30,0.004574705,0.000719338,0.003855367
91,768,31,0.00442202,0.000652611,0.003769409
91,768,32,0.004673143,0.000738885,0.003934258
91,768,33,0.004520435,0.000632905,0.00388753
91,768,34,0.004713099,0.000849959,0.00386314
91,768,35,0.004796389,0.000943669,0.00385272
91,768,36,0.004556775,0.000656863,0.003899912
91,768,37,0.004764916,0.000882014,0.003882902
91,768,38,0.004644621,0.000794081,0.00385054
91,768,39,0.00484441,0.000989288,0.003855122
91,768,40,0.004498066,0.000622011,0.003876055
91,768,41,0.004750455,0.000920771,0.003829684
91,768,42,0.004619203,0.000707862,0.003911341
91,768,43,0.004759482,0.00083754,0.003921942
91,768,44,0.004512897,0.000698439,0.003814458
91,768,45,0.004672845,0.000850844,0.003822001
91,768,46,0.004498378,0.000722274,0.003776104
91,768,47,0.004765397,0.000940638,0.003824759
91,768,48,0.004605241,0.000744651,0.00386059
91,768,49,0.00469657,0.000882086,0.003814484
91,768,50,0.004491047,0.000688494,0.003802553
91,768,51,0.004587107,0.000769077,0.00381803
91,768,52,0.004501864,0.000686789,0.003815075
91,768,53,0.00462479,0.000767375,0.003857415
91,768,54,0.004350635,0.000549576,0.003801059
91,768,55,0.004791049,0.000889267,0.003901782
91,768,56,0.004342329,0.000584323,0.003758006
91,768,57,0.00486446,0.001049476,0.003814984
91,768,58,0.00461116,0.000847475,0.003763685
91,768,59,0.004596813,0.000866437,0.003730376
91,768,60,0.004766525,0.001037511,0.003729014
91,768,61,0.004891804,0.001108991,0.003782813
91,768,62,0.004593424,0.000822818,0.003770606
91,768,63,0.004693826,0.000890363,0.003803463
91,768,64,0.00456455,0.000797482,0.003767068
91,768,65,0.004696651,0.000880805,0.003815846
91,768,66,0.004377051,0.00074417,0.003632881
91,768,67,0.004842818,0.001210099,0.003632719
91,768,68,0.004641192,0.000978738,0.003662454
91,768,69,0.004494993,0.000947777,0.003547216
91,768,70,0.004500054,0.001028374,0.00347168
91,768,71,0.004492264,0.001046544,0.00344572
91,768,72,0.006372509,0.002877177,0.003495332
91,768,73,0.005423392,0.001842082,0.00358131
91,768,74,0.004806672,0.001158113,0.003648559
91,768,75,0.006161844,0.002487707,0.003674137
91,768,76,0.004711557,0.001092192,0.003619365
91,768,77,0.004744137,0.001055766,0.003688371
91,768,78,0.004201768,0.000472161,0.003729607
91,768,79,0.004148334,0.000556633,0.003591701
91,768,80,0.004086454,0.000548367,0.003538087
91,768,81,0.004196117,0.000651513,0.003544604
91,768,82,0.00580842,0.002288201,0.003520219
91,768,83,0.005297895,0.001666148,0.003631747
91,768,84,0.004733635,0.001150282,0.003583353
91,768,85,0.004730299,0.001265844,0.003464455
91,768,86,0.004316388,0.000966017,0.003350371
91,768,87,0.004669999,0.001398591,0.003271408
91,768,88,0.004372942,0.000991739,0.003381203
91,768,89,0.00608701,0.002718715,0.003368295
91,768,90,0.005317127,0.001856593,0.003460534
91,768,91,0.004803606,0.001263422,0.003540184
91,768,92,0.004539778,0.000913115,0.003626663
91,768,93,0.004118338,0.000610689,0.003507649
91,768,94,0.005740995,0.002501916,0.003239079
91,768,95,0.007615263,0.004294951,0.003320312
91,768,96,0.005513193,0.00213144,0.003381753
91,768,97,0.004726785,0.001342296,0.003384489
91,768,98,0.006115902,0.002803984,0.003311918
91,768,99,0.004529359,0.001214008,0.003315351
91,768,100,0.005067957,0.001720716,0.003347241
91,768,101,0.004450568,0.00105666,0.003393908
91,768,102,0.00895009,0.005685775,0.003264315
91,768,103,0.004104356,0.000735055,0.003369301
91,768,104,0.004019549,0.000655752,0.003363797
91,768,105,0.004266329,0.000976355,0.003289974
91,768,106,0.006606798,0.003475768,0.00313103
91,768,107,0.008045794,0.00489687,0.003148924
91,768,108,0.004574096,0.001516459,0.003057637
91,768,109,0.004054403,0.001014032,0.003040371
91,768,110,0.003886888,0.000775545,0.003111343
92,768,1,0.755475417,0.631545192,0.123930225
92,768,2,0.069753203,0.066722762,0.003030441
92,768,3,0.003770956,0.000526655,0.003244301
92,768,4,0.003529999,0.000413955,0.003116044
92,768,5,0.092930142,0.089905552,0.00302459
92,768,6,0.003920903,0.000797658,0.003123245
92,768,7,0.003557542,0.000418648,0.003138894
92,768,8,0.00359065,0.000492899,0.003097751
92,768,9,0.003651354,0.000537894,0.00311346
92,768,10,0.003858881,0.000734418,0.003124463
92,768,11,0.003978655,0.000837693,0.003140962
92,768,12,0.003917649,0.000758976,0.003158673
92,768,13,0.003969356,0.000776955,0.003192401
92,768,14,0.004013933,0.000776416,0.003237517
92,768,15,0.00404756,0.000790779,0.003256781
92,768,16,0.003948627,0.000628961,0.003319666
92,768,17,0.003811752,0.000479787,0.003331965
92,768,18,0.003920364,0.000469991,0.003450373
92,768,19,0.003999998,0.000427739,0.003572259
92,768,20,0.004216533,0.00048119,0.003735343
92,768,21,0.004378029,0.000537515,0.003840514
92,768,22,0.004568188,0.000684907,0.003883281
92,768,23,0.004537345,0.00068606,0.003851285
92,768,24,0.004558695,0.00063907,0.003919625
92,768,25,0.004741302,0.000880752,0.00386055
92,768,26,0.004792348,0.000910595,0.003881753
92,768,27,0.004439171,0.00060003,0.003839141
92,768,28,0.004503025,0.00058808,0.003914945
92,768,29,0.004575053,0.000696429,0.003878624
92,768,30,0.004574348,0.000703115,0.003871233
92,768,31,0.004713303,0.000817124,0.003896179
92,768,32,0.004449564,0.000529582,0.003919982
92,768,33,0.00453573,0.000646054,0.003889676
92,768,34,0.004614899,0.000736495,0.003878404
92,768,35,0.004627228,0.000815881,0.003811347
92,768,36,0.004540118,0.00067972,0.003860398
92,768,37,0.004668731,0.000801977,0.003866754
92,768,38,0.004635586,0.000687124,0.003948462
92,768,39,0.004551244,0.000683742,0.003867502
92,768,40,0.004785527,0.000889453,0.003896074
92,768,41,0.004634997,0.000661293,0.003973704
92,768,42,0.00471791,0.000770302,0.003947608
92,768,43,0.004556249,0.000670498,0.003885751
92,768,44,0.004699938,0.000769632,0.003930306
92,768,45,0.004547286,0.000710983,0.003836303
92,768,46,0.004684759,0.000780848,0.003903911
92,768,47,0.004592788,0.000639849,0.003952939
92,768,48,0.004621855,0.000719078,0.003902777
92,768,49,0.004497281,0.000608163,0.003889118
92,768,50,0.004698662,0.000757681,0.003940981
92,768,51,0.004528498,0.000608146,0.003920352
92,768,52,0.004630398,0.000635855,0.003994543
92,768,53,0.004506994,0.000529211,0.003977783
92,768,54,0.004544525,0.000637892,0.003906633
92,768,55,0.004412089,0.000547349,0.00386474
92,768,56,0.004764599,0.000816119,0.00394848
92,768,57,0.004459312,0.000553888,0.003905424
92,768,58,0.004650687,0.000820503,0.003830184
92,768,59,0.004656677,0.000840009,0.003816668
92,768,60,0.004533754,0.000753279,0.003780475
92,768,61,0.004780407,0.001087335,0.003693072
92,768,62,0.004813754,0.00107251,0.003741244
92,768,63,0.004653345,0.00088986,0.003763485
92,768,64,0.004606076,0.00090801,0.003698066
92,768,65,0.00462039,0.000880989,0.003739401
92,768,66,0.004530229,0.000908956,0.003621273
92,768,67,0.004548198,0.000971535,0.003576663
92,768,68,0.004755183,0.001182689,0.003572494
92,768,69,0.004666457,0.001140338,0.003526119
92,768,70,0.005383605,0.00198009,0.003403515
92,768,71,0.006469784,0.002959736,0.003510048
92,768,72,0.005435366,0.00186648,0.003568886
92,768,73,0.004920776,0.001280524,0.003640252
92,768,74,0.005993925,0.002611384,0.003382541
92,768,75,0.004894234,0.001390184,0.00350405
92,768,76,0.004323408,0.000791117,0.003532291
92,768,77,0.00448238,0.000782018,0.003700362
92,768,78,0.004462506,0.000789625,0.003672881
92,768,79,0.004059694,0.000435546,0.003624148
92,768,80,0.004146342,0.000559633,0.003586709
92,768,81,0.005104293,0.001573185,0.003531108
92,768,82,0.00602051,0.002532746,0.003487764
92,768,83,0.004821051,0.00115049,0.003670561
92,768,84,0.004045602,0.000482078,0.003563524
92,768,85,0.00477837,0.00122115,0.00355722
92,768,86,0.004453527,0.001040289,0.003413238
92,768,87,0.004629188,0.001220446,0.003408742
92,768,88,0.00457735,0.001155666,0.003421684
92,768,89,0.006133051,0.002675268,0.003457783
92,768,90,0.004969001,0.001397435,0.003571566
92,768,91,0.004897562,0.001474431,0.003423131
92,768,92,0.004458441,0.000900857,0.003557584
92,768,93,0.006005197,0.002604233,0.003400964
92,768,94,0.004882672,0.001562564,0.003320108
92,768,95,0.004383324,0.001065479,0.003317845
92,768,96,0.006764384,0.003423705,0.003340679
92,768,97,0.007682185,0.004309779,0.003372406
92,768,98,0.004259795,0.00088129,0.003378505
92,768,99,0.004320186,0.001140016,0.00318017
92,768,100,0.004856649,0.001617943,0.003238706
92,768,101,0.004757685,0.001255472,0.003502213
92,768,102,0.005166484,0.001840583,0.003325901
92,768,103,0.007231209,0.003929002,0.003302207
92,768,104,0.004197521,0.000770897,0.003426624
92,768,105,0.007372314,0.004239078,0.003133236
92,768,106,0.004208219,0.001073787,0.003134432
92,768,107,0.004311491,0.001139944,0.003171547
92,768,108,0.006850387,0.003634568,0.003215819
92,768,109,0.004542771,0.001507306,0.003035465
92,768,110,0.004054696,0.000918636,0.00313606
93,768,1,0.75717723,0.633465915,0.123711315
93,768,2,0.008616098,0.005593116,0.003022982
93,768,3,0.062723041,0.059610919,0.003112122
93,768,4,0.003754406,0.000626665,0.003127741
93,768,5,0.003551248,0.000388479,0.003162769
93,768,6,0.092881612,0.089847585,0.003034027
93,768,7,0.004089436,0.00092358,0.003165856
93,768,8,0.00388613,0.000711841,0.003174289
93,768,9,0.003678558,0.000575678,0.00310288
93,768,10,0.003814941,0.000692674,0.003122267
93,768,11,0.003961527,0.00081202,0.003149507
93,768,12,0.003920616,0.000771219,0.003149397
93,768,13,0.003971913,0.000789926,0.003181987
93,768,14,0.004068892,0.000853487,0.003215405
93,768,15,0.004031275,0.000764727,0.003266548
93,768,16,0.003929906,0.000618479,0.003311427
93,768,17,0.003908254,0.000516112,0.003392142
93,768,18,0.003999525,0.000496699,0.003502826
93,768,19,0.003986216,0.000423438,0.003562778
93,768,20,0.004241651,0.000523201,0.00371845
93,768,21,0.004362706,0.000515467,0.003847239
93,768,22,0.004736817,0.00086151,0.003875307
93,768,23,0.0043848,0.000536743,0.003848057
93,768,24,0.004816254,0.000887157,0.003929097
93,768,25,0.004434448,0.000579597,0.003854851
93,768,26,0.004835954,0.000955852,0.003880102
93,768,27,0.004443417,0.00057218,0.003871237
93,768,28,0.004614707,0.000819533,0.003795174
93,768,29,0.004435187,0.000609576,0.003825611
93,768,30,0.004620606,0.000844123,0.003776483
93,768,31,0.004601553,0.000817463,0.00378409
93,768,32,0.004482492,0.000691536,0.003790956
93,768,33,0.004522563,0.000661574,0.003860989
93,768,34,0.00472206,0.000902215,0.003819845
93,768,35,0.004470969,0.000637024,0.003833945
93,768,36,0.004626336,0.000836416,0.00378992
93,768,37,0.004610212,0.000785799,0.003824413
93,768,38,0.004667281,0.000861979,0.003805302
93,768,39,0.004494379,0.000588948,0.003905431
93,768,40,0.004466194,0.000689602,0.003776592
93,768,41,0.004583586,0.00068527,0.003898316
93,768,42,0.004565751,0.00070892,0.003856831
93,768,43,0.0045969,0.000704189,0.003892711
93,768,44,0.004533601,0.000748321,0.00378528
93,768,45,0.004689015,0.000801306,0.003887709
93,768,46,0.004592799,0.000729458,0.003863341
93,768,47,0.004563234,0.000749766,0.003813468
93,768,48,0.004712881,0.000798596,0.003914285
93,768,49,0.004448088,0.000652539,0.003795549
93,768,50,0.004486585,0.000667726,0.003818859
93,768,51,0.004561227,0.000757666,0.003803561
93,768,52,0.004616304,0.000755117,0.003861187
93,768,53,0.004613782,0.000750745,0.003863037
93,768,54,0.004518866,0.000644704,0.003874162
93,768,55,0.00440938,0.000602629,0.003806751
93,768,56,0.004506012,0.000726772,0.00377924
93,768,57,0.004660629,0.0008875,0.003773129
93,768,58,0.004557947,0.000750277,0.00380767
93,768,59,0.00453937,0.000815029,0.003724341
93,768,60,0.004717167,0.00096871,0.003748457
93,768,61,0.004667122,0.000915997,0.003751125
93,768,62,0.004502687,0.000868231,0.003634456
93,768,63,0.004871201,0.001202653,0.003668548
93,768,64,0.00472304,0.000970944,0.003752096
93,768,65,0.004478102,0.000867764,0.003610338
93,768,66,0.004648194,0.001020747,0.003627447
93,768,67,0.00464606,0.00109804,0.00354802
93,768,68,0.004448246,0.000937647,0.003510599
93,768,69,0.006888866,0.003562316,0.00332655
93,768,70,0.006536406,0.003211749,0.003324657
93,768,71,0.00469654,0.001291726,0.003404814
93,768,72,0.005208403,0.001675855,0.003532548
93,768,73,0.004710234,0.0010817,0.003628534
93,768,74,0.004204612,0.000608923,0.003595689
93,768,75,0.00568851,0.002134012,0.003554498
93,768,76,0.004758686,0.001146817,0.003611869
93,768,77,0.00469145,0.001027128,0.003664322
93,768,78,0.004320782,0.000661155,0.003659627
93,768,79,0.00411067,0.000481187,0.003629483
93,768,80,0.005528768,0.002082573,0.003446195
93,768,81,0.0059482,0.002437068,0.003511132
93,768,82,0.004963175,0.001337738,0.003625437
93,768,83,0.004198077,0.000464828,0.003733249
93,768,84,0.004065041,0.000474719,0.003590322
93,768,85,0.004951215,0.001402708,0.003548507
93,768,86,0.004170058,0.000832425,0.003337633
93,768,87,0.004906755,0.0015663,0.003340455
93,768,88,0.006066855,0.002791576,0.003275279
93,768,89,0.004989366,0.001520181,0.003469185
93,768,90,0.004357271,0.000889527,0.003467744
93,768,91,0.004897221,0.001458807,0.003438414
93,768,92,0.00635835,0.003064307,0.003294043
93,768,93,0.004445019,0.001159137,0.003285882
93,768,94,0.004720237,0.001442956,0.003277281
93,768,95,0.006752041,0.003466947,0.003285094
93,768,96,0.005071944,0.001570131,0.003501813
93,768,97,0.004310843,0.000829144,0.003481699
93,768,98,0.005918866,0.002653198,0.003265668
93,768,99,0.004629635,0.001336899,0.003292736
93,768,100,0.005047026,0.001800785,0.003246241
93,768,101,0.006299991,0.001045891,0.0052541
93,768,102,0.005161293,0.001086779,0.004074514
93,768,103,0.003890925,0.000451404,0.003439521
93,768,104,0.00559101,0.00217338,0.00341763
93,768,105,0.004379438,0.001129884,0.003249554
93,768,106,0.00711051,0.0039843,0.00312621
93,768,107,0.004637828,0.00131071,0.003327118
93,768,108,0.006721077,0.003486594,0.003234483
93,768,109,0.004773092,0.001748943,0.003024149
93,768,110,0.003928045,0.000763479,0.003164566
94,768,1,0.757175635,0.633035622,0.124140013
94,768,2,0.0678388,0.064809033,0.003029767
94,768,3,0.003807815,0.000556334,0.003251481
94,768,4,0.003503521,0.000382097,0.003121424
94,768,5,0.003555489,0.00040172,0.003153769
94,768,6,0.003463111,0.000362031,0.00310108
94,768,7,0.092603629,0.089549521,0.003054108
94,768,8,0.004063446,0.001030018,0.003033428
94,768,9,0.004005904,0.000878594,0.00312731
94,768,10,0.003859844,0.000714134,0.00314571
94,768,11,0.003973974,0.000794103,0.003179871
94,768,12,0.003936445,0.000760972,0.003175473
94,768,13,0.004054299,0.000845544,0.003208755
94,768,14,0.004057673,0.000833374,0.003224299
94,768,15,0.004104776,0.000843046,0.00326173
94,768,16,0.003963854,0.000661429,0.003302425
94,768,17,0.003885111,0.000505239,0.003379872
94,768,18,0.003896108,0.000450413,0.003445695
94,768,19,0.004012346,0.000422666,0.00358968
94,768,20,0.004210968,0.000506129,0.003704839
94,768,21,0.004407352,0.000489708,0.003917644
94,768,22,0.004358397,0.000516759,0.003841638
94,768,23,0.004630831,0.000790919,0.003839912
94,768,24,0.004501563,0.000636787,0.003864776
94,768,25,0.00472445,0.000868067,0.003856383
94,768,26,0.004787198,0.000945339,0.003841859
94,768,27,0.004397913,0.000612468,0.003785445
94,768,28,0.004626111,0.000768597,0.003857514
94,768,29,0.004498341,0.000634689,0.003863652
94,768,30,0.004744607,0.000899814,0.003844793
94,768,31,0.004429791,0.000610906,0.003818885
94,768,32,0.004619519,0.000642554,0.003976965
94,768,33,0.004521148,0.000600607,0.003920541
94,768,34,0.004563499,0.000671989,0.00389151
94,768,35,0.004597841,0.000716228,0.003881613
94,768,36,0.004672718,0.00073016,0.003942558
94,768,37,0.004599134,0.000691453,0.003907681
94,768,38,0.0046794,0.000634484,0.004044916
94,768,39,0.004584052,0.000667207,0.003916845
94,768,40,0.004561046,0.00060671,0.003954336
94,768,41,0.004515139,0.000613247,0.003901892
94,768,42,0.004867057,0.000823077,0.00404398
94,768,43,0.004556346,0.000593601,0.003962745
94,768,44,0.004628246,0.000619896,0.00400835
94,768,45,0.004488743,0.000625286,0.003863457
94,768,46,0.004716755,0.000655993,0.004060762
94,768,47,0.004384754,0.000583644,0.00380111
94,768,48,0.004588302,0.000609403,0.003978899
94,768,49,0.004451148,0.000619092,0.003832056
94,768,50,0.004561651,0.000662509,0.003899142
94,768,51,0.004426266,0.000663699,0.003762567
94,768,52,0.004534832,0.000699947,0.003834885
94,768,53,0.004496712,0.000677866,0.003818846
94,768,54,0.004540757,0.00074891,0.003791847
94,768,55,0.004474246,0.000671968,0.003802278
94,768,56,0.004437096,0.000703137,0.003733959
94,768,57,0.004518349,0.000727963,0.003790386
94,768,58,0.004587147,0.000850152,0.003736995
94,768,59,0.004568445,0.000797969,0.003770476
94,768,60,0.004526172,0.000767764,0.003758408
94,768,61,0.0045868,0.000887057,0.003699743
94,768,62,0.004731481,0.000976552,0.003754929
94,768,63,0.004410213,0.000817053,0.00359316
94,768,64,0.00498345,0.001249053,0.003734397
94,768,65,0.004625512,0.000923361,0.003702151
94,768,66,0.004812458,0.00108326,0.003729198
94,768,67,0.00422633,0.0007172,0.00350913
94,768,68,0.006458064,0.002797095,0.003660969
94,768,69,0.004601632,0.001011718,0.003589914
94,768,70,0.005047347,0.001596984,0.003450363
94,768,71,0.006304054,0.002894441,0.003409613
94,768,72,0.005604695,0.002066421,0.003538274
94,768,73,0.004991116,0.001302676,0.00368844
94,768,74,0.004282771,0.000594518,0.003688253
94,768,75,0.004068425,0.000560337,0.003508088
94,768,76,0.005587559,0.001897217,0.003690342
94,768,77,0.004986465,0.001199487,0.003786978
94,768,78,0.004798307,0.001019972,0.003778335
94,768,79,0.005591517,0.001998517,0.003593
94,768,80,0.006032598,0.002510902,0.003521696
94,768,81,0.004747073,0.00116901,0.003578063
94,768,82,0.004200366,0.000640484,0.003559882
94,768,83,0.004333621,0.000559055,0.003774566
94,768,84,0.004236714,0.000554966,0.003681748
94,768,85,0.004803761,0.001165835,0.003637926
94,768,86,0.004583249,0.001141363,0.003441886
94,768,87,0.006957844,0.003637603,0.003320241
94,768,88,0.004335355,0.000895423,0.003439932
94,768,89,0.004485255,0.001013805,0.00347145
94,768,90,0.00433144,0.000867728,0.003463712
94,768,91,0.004858479,0.001362872,0.003495607
94,768,92,0.004444547,0.000895381,0.003549166
94,768,93,0.00541586,0.00201675,0.00339911
94,768,94,0.008234947,0.005029795,0.003205152
94,768,95,0.004568759,0.001236417,0.003332342
94,768,96,0.004523709,0.001027439,0.00349627
94,768,97,0.004386089,0.000904235,0.003481854
94,768,98,0.003912083,0.000495511,0.003416572
94,768,99,0.005874263,0.002673869,0.003200394
94,768,100,0.005346491,0.002110339,0.003236152
94,768,101,0.004458711,0.001013056,0.003445655
94,768,102,0.005966057,0.002555391,0.003410666
94,768,103,0.00488595,0.001441032,0.003444918
94,768,104,0.004028273,0.000510984,0.003517289
94,768,105,0.007963615,0.004802401,0.003161214
94,768,106,0.00495712,0.001829847,0.003127273
94,768,107,0.004527263,0.001285671,0.003241592
94,768,108,0.006768088,0.003471556,0.003296532
94,768,109,0.004498942,0.001354494,0.003144448
94,768,110,0.004370235,0.001273884,0.003096351
95,768,1,0.623214675,0.49677378,0.126440895
95,768,2,0.13725908,0.134236189,0.003022891
95,768,3,0.067830958,0.064721976,0.003108982
95,768,4,0.003790658,0.000643351,0.003147307
95,768,5,0.00349881,0.000369535,0.003129275
95,768,6,0.003635202,0.000513755,0.003121447
95,768,7,0.003490056,0.000314203,0.003175853
95,768,8,0.092505603,0.089469254,0.003036349
95,768,9,0.004321469,0.001285533,0.003035936
95,768,10,0.004183232,0.001011467,0.003171765
95,768,11,0.003841383,0.000707456,0.003133927
95,768,12,0.003905772,0.000771981,0.003133791
95,768,13,0.004126403,0.000968073,0.00315833
95,768,14,0.004096578,0.000848336,0.003248242
95,768,15,0.004056826,0.000767749,0.003289077
95,768,16,0.003904531,0.000632255,0.003272276
95,768,17,0.003914374,0.000557701,0.003356673
95,768,18,0.003956652,0.000503435,0.003453217
95,768,19,0.003998409,0.000412615,0.003585794
95,768,20,0.004166143,0.000455812,0.003710331
95,768,21,0.004374385,0.000563239,0.003811146
95,768,22,0.004400301,0.000524506,0.003875795
95,768,23,0.00439495,0.000573759,0.003821191
95,768,24,0.004708211,0.000838114,0.003870097
95,768,25,0.004642222,0.000756372,0.00388585
95,768,26,0.004573011,0.00077617,0.003796841
95,768,27,0.004686049,0.000816164,0.003869885
95,768,28,0.004455586,0.000620863,0.003834723
95,768,29,0.004528893,0.000677669,0.003851224
95,768,30,0.004584554,0.000777003,0.003807551
95,768,31,0.004680076,0.000855424,0.003824652
95,768,32,0.004480537,0.000622572,0.003857965
95,768,33,0.004554836,0.000753821,0.003801015
95,768,34,0.004570159,0.000756312,0.003813847
95,768,35,0.004370249,0.000639018,0.003731231
95,768,36,0.004832331,0.001005287,0.003827044
95,768,37,0.00457055,0.000725656,0.003844894
95,768,38,0.004597562,0.000791486,0.003806076
95,768,39,0.004686167,0.000842641,0.003843526
95,768,40,0.004542494,0.000711974,0.00383052
95,768,41,0.004691231,0.000836977,0.003854254
95,768,42,0.004715855,0.000726742,0.003989113
95,768,43,0.004573165,0.000694883,0.003878282
95,768,44,0.004574091,0.000673301,0.00390079
95,768,45,0.004513238,0.000639529,0.003873709
95,768,46,0.004557946,0.000703868,0.003854078
95,768,47,0.004656999,0.000844189,0.00381281
95,768,48,0.004371946,0.000638949,0.003732997
95,768,49,0.004590965,0.00081587,0.003775095
95,768,50,0.004394127,0.000656609,0.003737518
95,768,51,0.00460077,0.000828993,0.003771777
95,768,52,0.004479177,0.000676565,0.003802612
95,768,53,0.004426187,0.000659587,0.0037666
95,768,54,0.004602727,0.000773682,0.003829045
95,768,55,0.004534906,0.000815103,0.003719803
95,768,56,0.004481335,0.000693848,0.003787487
95,768,57,0.004458215,0.000738641,0.003719574
95,768,58,0.004619628,0.000860571,0.003759057
95,768,59,0.004541022,0.000817551,0.003723471
95,768,60,0.004568383,0.000802762,0.003765621
95,768,61,0.004438014,0.000762663,0.003675351
95,768,62,0.004653539,0.000978195,0.003675344
95,768,63,0.004570719,0.000954239,0.00361648
95,768,64,0.004615678,0.000921221,0.003694457
95,768,65,0.004711242,0.001132735,0.003578507
95,768,66,0.004779136,0.001116047,0.003663089
95,768,67,0.007073197,0.003504525,0.003568672
95,768,68,0.00485504,0.001391776,0.003463264
95,768,69,0.004245029,0.00074486,0.003500169
95,768,70,0.004261659,0.000779821,0.003481838
95,768,71,0.004492181,0.001041924,0.003450257
95,768,72,0.006456363,0.002996745,0.003459618
95,768,73,0.005390598,0.001868459,0.003522139
95,768,74,0.00493675,0.001374882,0.003561868
95,768,75,0.004262324,0.000804534,0.00345779
95,768,76,0.004243228,0.00072079,0.003522438
95,768,77,0.005393473,0.00184035,0.003553123
95,768,78,0.005194293,0.00144941,0.003744883
95,768,79,0.004713023,0.00101644,0.003696583
95,768,80,0.005566939,0.002077025,0.003489914
95,768,81,0.006125512,0.002573869,0.003551643
95,768,82,0.004691362,0.001163469,0.003527893
95,768,83,0.004305333,0.000610645,0.003694688
95,768,84,0.004236355,0.000597562,0.003638793
95,768,85,0.005076607,0.001465609,0.003610998
95,768,86,0.007614664,0.004296089,0.003318575
95,768,87,0.004775141,0.001314365,0.003460776
95,768,88,0.003783752,0.000390185,0.003393567
95,768,89,0.004548172,0.001066969,0.003481203
95,768,90,0.004054726,0.000577162,0.003477564
95,768,91,0.004836497,0.001389603,0.003446894
95,768,92,0.004405541,0.000867985,0.003537556
95,768,93,0.004143425,0.000578984,0.003564441
95,768,94,0.004874156,0.001658613,0.003215543
95,768,95,0.008702466,0.00539056,0.003311906
95,768,96,0.004646809,0.001224617,0.003422192
95,768,97,0.004505925,0.001004266,0.003501659
95,768,98,0.004047065,0.000614765,0.0034323
95,768,99,0.003952802,0.000579269,0.003373533
95,768,100,0.00673462,0.003533401,0.003201219
95,768,101,0.004833676,0.001437248,0.003396428
95,768,102,0.00391731,0.000635635,0.003281675
95,768,103,0.00579647,0.002534176,0.003262294
95,768,104,0.005011877,0.001636899,0.003374978
95,768,105,0.003985376,0.00071055,0.003274826
95,768,106,0.008012272,0.004872519,0.003139753
95,768,107,0.008991462,0.005874226,0.003117236
95,768,108,0.004532636,0.001350181,0.003182455
95,768,109,0.003980705,0.000867437,0.003113268
95,768,110,0.003791142,0.0006683,0.003122842
96,768,1,0.640730645,0.512732858,0.127997787
96,768,2,0.118711415,0.115642734,0.003068681
96,768,3,0.069961161,0.066889366,0.003071795
96,768,4,0.003941545,0.000750604,0.003190941
96,768,5,0.003773405,0.000569619,0.003203786
96,768,6,0.003595748,0.000451011,0.003144737
96,768,7,0.003549474,0.000380332,0.003169142
96,768,8,0.003513503,0.00037992,0.003133583
96,768,9,0.003529454,0.000345084,0.00318437
96,768,10,0.003466726,0.000343166,0.00312356
96,768,11,0.024615411,0.021446663,0.003168748
96,768,12,0.004421202,0.001146183,0.003275019
96,768,13,0.004372874,0.000926928,0.003445946
96,768,14,0.003865001,0.000435474,0.003429527
96,768,15,0.003723711,0.000438475,0.003285236
96,768,16,0.015183611,0.011998204,0.003185407
96,768,17,0.00437145,0.001244216,0.003127234
96,768,18,0.013639709,0.010534216,0.003105493
96,768,19,0.004678557,0.001608973,0.003069584
96,768,20,0.004854936,0.001781586,0.00307335
96,768,21,0.004711719,0.001595846,0.003115873
96,768,22,0.004522174,0.001417636,0.003104538
96,768,23,0.004373126,0.001134021,0.003239105
96,768,24,0.004005846,0.000793675,0.003212171
96,768,25,0.004031244,0.000792888,0.003238356
96,768,26,0.004423074,0.001076659,0.003346415
96,768,27,0.004216921,0.000804063,0.003412858
96,768,28,0.003953975,0.000750949,0.003203026
96,768,29,0.017462911,0.01429677,0.003166141
96,768,30,0.022024246,0.018532096,0.00349215
96,768,31,0.005677196,0.00221548,0.003461716
96,768,32,0.005700812,0.002117619,0.003583193
96,768,33,0.005923511,0.002320112,0.003603399
96,768,34,0.005973759,0.002286026,0.003687733
96,768,35,0.005354248,0.001525894,0.003828354
96,768,36,0.005314806,0.00151946,0.003795346
96,768,37,0.005243823,0.001464195,0.003779628
96,768,38,0.005438098,0.001543887,0.003894211
96,768,39,0.004942613,0.001084333,0.00385828
96,768,40,0.005036384,0.001182739,0.003853645
96,768,41,0.004876173,0.000967052,0.003909121
96,768,42,0.004787296,0.00087442,0.003912876
96,768,43,0.004558207,0.00054211,0.004016097
96,768,44,0.004842119,0.000862931,0.003979188
96,768,45,0.004733131,0.00071458,0.004018551
96,768,46,0.004656044,0.000703318,0.003952726
96,768,47,0.004670566,0.000690536,0.00398003
96,768,48,0.004815336,0.000791767,0.004023569
96,768,49,0.004563112,0.000551102,0.00401201
96,768,50,0.004610558,0.000648994,0.003961564
96,768,51,0.004881223,0.000852988,0.004028235
96,768,52,0.004815773,0.000803481,0.004012292
96,768,53,0.004507678,0.000599661,0.003908017
96,768,54,0.004660167,0.00073536,0.003924807
96,768,55,0.004682706,0.000703591,0.003979115
96,768,56,0.004829946,0.000937482,0.003892464
96,768,57,0.004493609,0.000607147,0.003886462
96,768,58,0.004753081,0.000799028,0.003954053
96,768,59,0.004706168,0.000787828,0.00391834
96,768,60,0.004729114,0.000839197,0.003889917
96,768,61,0.004627313,0.000755305,0.003872008
96,768,62,0.004912533,0.001083939,0.003828594
96,768,63,0.004426832,0.000573473,0.003853359
96,768,64,0.00468708,0.000825239,0.003861841
96,768,65,0.004786815,0.000943046,0.003843769
96,768,66,0.005030669,0.001140489,0.00389018
96,768,67,0.004433836,0.000620328,0.003813508
96,768,68,0.004527942,0.00061046,0.003917482
96,768,69,0.004912532,0.000908241,0.004004291
96,768,70,0.004676371,0.000670409,0.004005962
96,768,71,0.00446448,0.000588503,0.003875977
96,768,72,0.004667516,0.000629675,0.004037841
96,768,73,0.004565656,0.000629543,0.003936113
96,768,74,0.004701012,0.000657903,0.004043109
96,768,75,0.0046524,0.000651051,0.004001349
96,768,76,0.004520931,0.000703492,0.003817439
96,768,77,0.004603746,0.000697237,0.003906509
96,768,78,0.00472313,0.000693521,0.004029609
96,768,79,0.004484945,0.000679705,0.00380524
96,768,80,0.004453062,0.000656383,0.003796679
96,768,81,0.004372478,0.000568495,0.003803983
96,768,82,0.004382733,0.000569396,0.003813337
96,768,83,0.00439732,0.000583504,0.003813816
96,768,84,0.004395312,0.000580408,0.003814904
96,768,85,0.005669178,0.001943507,0.003725671
96,768,86,0.00574733,0.002104185,0.003643145
96,768,87,0.004909624,0.001311234,0.00359839
96,768,88,0.004965479,0.001305709,0.00365977
96,768,89,0.004595227,0.001015976,0.003579251
96,768,90,0.004822359,0.000985107,0.003837252
96,768,91,0.004332201,0.000587876,0.003744325
96,768,92,0.004328936,0.000616383,0.003712553
96,768,93,0.004196313,0.0005668,0.003629513
96,768,94,0.00443573,0.000639179,0.003796551
96,768,95,0.004839828,0.000822625,0.004017203
96,768,96,0.005029777,0.00099786,0.004031917
96,768,97,0.005280809,0.001333578,0.003947231
96,768,98,0.004508188,0.000628543,0.003879645
96,768,99,0.00700314,0.003093281,0.003909859
96,768,100,0.004475936,0.000637602,0.003838334
96,768,101,0.008470131,0.004709146,0.003760985
96,768,102,0.00422165,0.000420959,0.003800691
96,768,103,0.004333564,0.000478461,0.003855103
96,768,104,0.004306972,0.000447321,0.003859651
96,768,105,0.00418122,0.000485001,0.003696219
96,768,106,0.005571021,0.001882729,0.003688292
96,768,107,0.010699313,0.007031816,0.003667497
96,768,108,0.006318859,0.002652203,0.003666656
96,768,109,0.005520376,0.00163343,0.003886946
96,768,110,0.004862624,0.001002064,0.00386056
97,768,1,0.756204166,0.632255501,0.123948665
97,768,2,0.069992854,0.066941561,0.003051293
97,768,3,0.003659736,0.000521668,0.003138068
97,768,4,0.003742313,0.00060723,0.003135083
97,768,5,0.003788097,0.000638635,0.003149462
97,768,6,0.003516868,0.00040689,0.003109978
97,768,7,0.00352552,0.000393906,0.003131614
97,768,8,0.003568611,0.000398907,0.003169704
97,768,9,0.003496868,0.000368059,0.003128809
97,768,10,0.024641006,0.02156197,0.003079036
97,768,11,0.004300475,0.001136868,0.003163607
97,768,12,0.004198684,0.00085499,0.003343694
97,768,13,0.003811845,0.000406947,0.003404898
97,768,14,0.003814,0.000397073,0.003416927
97,768,15,0.0154347,0.012316153,0.003118547
97,768,16,0.004368177,0.001151416,0.003216761
97,768,17,0.013661758,0.010609705,0.003052053
97,768,18,0.004259543,0.001070774,0.003188769
97,768,19,0.004224747,0.001059398,0.003165349
97,768,20,0.004932996,0.00177337,0.003159626
97,768,21,0.004351656,0.001283886,0.00306777
97,768,22,0.004421245,0.001351419,0.003069826
97,768,23,0.004226887,0.001137035,0.003089852
97,768,24,0.004141937,0.001070539,0.003071398
97,768,25,0.004252623,0.001155079,0.003097544
97,768,26,0.004209857,0.001057947,0.00315191
97,768,27,0.003961597,0.000811066,0.003150531
97,768,28,0.016761961,0.013637835,0.003124126
97,768,29,0.022718946,0.019442965,0.003275981
97,768,30,0.005917456,0.002551879,0.003365577
97,768,31,0.005694125,0.002202174,0.003491951
97,768,32,0.005815248,0.002267011,0.003548237
97,768,33,0.005967444,0.002442909,0.003524535
97,768,34,0.005192312,0.001651403,0.003540909
97,768,35,0.005361214,0.001770035,0.003591179
97,768,36,0.005405247,0.00158127,0.003823977
97,768,37,0.005150408,0.001445631,0.003704777
97,768,38,0.005036392,0.001172915,0.003863477
97,768,39,0.005077328,0.001243323,0.003834005
97,768,40,0.004757579,0.000906258,0.003851321
97,768,41,0.004813785,0.000980237,0.003833548
97,768,42,0.004488067,0.000653394,0.003834673
97,768,43,0.004834157,0.001083441,0.003750716
97,768,44,0.004706256,0.000891491,0.003814765
97,768,45,0.00451467,0.000818801,0.003695869
97,768,46,0.004833319,0.001011505,0.003821814
97,768,47,0.004605367,0.000809416,0.003795951
97,768,48,0.004606598,0.000769238,0.00383736
97,768,49,0.004864819,0.001129639,0.00373518
97,768,50,0.004845061,0.001072402,0.003772659
97,768,51,0.00476425,0.000960834,0.003803416
97,768,52,0.004495827,0.000752622,0.003743205
97,768,53,0.004658296,0.000954692,0.003703604
97,768,54,0.004734553,0.00100889,0.003725663
97,768,55,0.004910125,0.001122375,0.00378775
97,768,56,0.004356695,0.000639504,0.003717191
97,768,57,0.004857107,0.001144792,0.003712315
97,768,58,0.004676077,0.000900982,0.003775095
97,768,59,0.004612415,0.000899956,0.003712459
97,768,60,0.004728194,0.001013737,0.003714457
97,768,61,0.004895487,0.001125841,0.003769646
97,768,62,0.004517423,0.000750913,0.00376651
97,768,63,0.004643708,0.000900803,0.003742905
97,768,64,0.004702371,0.000917469,0.003784902
97,768,65,0.005076886,0.001314354,0.003762532
97,768,66,0.004487385,0.000769575,0.00371781
97,768,67,0.004558577,0.000799652,0.003758925
97,768,68,0.004742713,0.00096888,0.003773833
97,768,69,0.004836385,0.000919428,0.003916957
97,768,70,0.004378681,0.000512902,0.003865779
97,768,71,0.004336451,0.000549707,0.003786744
97,768,72,0.004613277,0.000805787,0.00380749
97,768,73,0.004498269,0.000678237,0.003820032
97,768,74,0.004601833,0.000793275,0.003808558
97,768,75,0.004774454,0.000910307,0.003864147
97,768,76,0.004364753,0.000668252,0.003696501
97,768,77,0.004549374,0.000758291,0.003791083
97,768,78,0.004442595,0.000721697,0.003720898
97,768,79,0.004539001,0.000797851,0.00374115
97,768,80,0.004262201,0.000660978,0.003601223
97,768,81,0.004485527,0.000765689,0.003719838
97,768,82,0.004360909,0.000670851,0.003690058
97,768,83,0.004613752,0.000979689,0.003634063
97,768,84,0.004569009,0.000972473,0.003596536
97,768,85,0.004601241,0.000904648,0.003696593
97,768,86,0.005296026,0.001619267,0.003676759
97,768,87,0.006040431,0.002646848,0.003393583
97,768,88,0.00503129,0.001575565,0.003455725
97,768,89,0.004765885,0.001352363,0.003413522
97,768,90,0.004992267,0.001335768,0.003656499
97,768,91,0.004239749,0.000549513,0.003690236
97,768,92,0.004454915,0.000858349,0.003596566
97,768,93,0.004268218,0.000667761,0.003600457
97,768,94,0.005020695,0.001305161,0.003715534
97,768,95,0.005051136,0.00117548,0.003875656
97,768,96,0.005369682,0.001546221,0.003823461
97,768,97,0.004621772,0.000808946,0.003812826
97,768,98,0.006938631,0.003169632,0.003768999
97,768,99,0.004566624,0.000774254,0.00379237
97,768,100,0.008551481,0.004911866,0.003639615
97,768,101,0.004211521,0.000477605,0.003733916
97,768,102,0.004218105,0.00042618,0.003791925
97,768,103,0.004148081,0.000441783,0.003706298
97,768,104,0.004179786,0.00045987,0.003719916
97,768,105,0.005998495,0.00230343,0.003695065
97,768,106,0.009204838,0.005596342,0.003608496
97,768,107,0.006781069,0.003159147,0.003621922
97,768,108,0.006213073,0.00261049,0.003602583
97,768,109,0.00502385,0.001214721,0.003809129
97,768,110,0.004193882,0.000479377,0.003714505
98,768,1,0.761478535,0.637579685,0.12389885
98,768,2,0.042282221,0.03925003,0.003032191
98,768,3,0.025549124,0.022518085,0.003031039
98,768,4,0.003982967,0.000849895,0.003133072
98,768,5,0.003880342,0.000741366,0.003138976
98,768,6,0.003528709,0.0004363,0.003092409
98,768,7,0.003546677,0.000427322,0.003119355
98,768,8,0.003514362,0.000422458,0.003091904
98,768,9,0.025076903,0.022026598,0.003050305
98,768,10,0.004262185,0.001058339,0.003203846
98,768,11,0.003971579,0.000695824,0.003275755
98,768,12,0.003767425,0.000483751,0.003283674
98,768,13,0.003758951,0.000413245,0.003345706
98,768,14,0.015764683,0.01262914,0.003135543
98,768,15,0.004309891,0.001196868,0.003113023
98,768,16,0.013769279,0.010718306,0.003050973
98,768,17,0.004020216,0.000977496,0.00304272
98,768,18,0.00426362,0.001155472,0.003108148
98,768,19,0.004098821,0.001059515,0.003039306
98,768,20,0.004198913,0.001163471,0.003035442
98,768,21,0.004487175,0.001451618,0.003035557
98,768,22,0.004401807,0.001347581,0.003054226
98,768,23,0.004277905,0.001196005,0.0030819
98,768,24,0.004051633,0.00098693,0.003064703
98,768,25,0.004072899,0.000982426,0.003090473
98,768,26,0.004224981,0.001139522,0.003085459
98,768,27,0.01628247,0.013189983,0.003092487
98,768,28,0.023335868,0.020151916,0.003183952
98,768,29,0.006046589,0.002746937,0.003299652
98,768,30,0.0055781,0.002119891,0.003458209
98,768,31,0.005970699,0.002542524,0.003428175
98,768,32,0.005747186,0.002332003,0.003415183
98,768,33,0.005339423,0.001904891,0.003434532
98,768,34,0.005400009,0.00179463,0.003605379
98,768,35,0.005129289,0.001372092,0.003757197
98,768,36,0.00529853,0.001573388,0.003725142
98,768,37,0.004740293,0.000970174,0.003770119
98,768,38,0.004948507,0.001192733,0.003755774
98,768,39,0.004896776,0.001186668,0.003710108
98,768,40,0.004658695,0.000962522,0.003696173
98,768,41,0.004751886,0.001008389,0.003743497
98,768,42,0.004864812,0.001128857,0.003735955
98,768,43,0.004535617,0.000754064,0.003781553
98,768,44,0.004748248,0.001006005,0.003742243
98,768,45,0.004862363,0.0010253,0.003837063
98,768,46,0.004532039,0.000718266,0.003813773
98,768,47,0.004649472,0.000940701,0.003708771
98,768,48,0.004914462,0.001174682,0.00373978
98,768,49,0.004891832,0.001155074,0.003736758
98,768,50,0.004621446,0.000823376,0.00379807
98,768,51,0.004544628,0.000755448,0.00378918
98,768,52,0.004673476,0.000889663,0.003783813
98,768,53,0.004734875,0.000948445,0.00378643
98,768,54,0.004442931,0.000737391,0.00370554
98,768,55,0.004813256,0.001076251,0.003737005
98,768,56,0.004835004,0.001079984,0.00375502
98,768,57,0.00464756,0.000892372,0.003755188
98,768,58,0.004510413,0.000832793,0.00367762
98,768,59,0.004876336,0.001097986,0.00377835
98,768,60,0.004607352,0.000862806,0.003744546
98,768,61,0.00452895,0.000868294,0.003660656
98,768,62,0.004910339,0.001111708,0.003798631
98,768,63,0.004600902,0.000876883,0.003724019
98,768,64,0.004983089,0.001225461,0.003757628
98,768,65,0.004483001,0.00079236,0.003690641
98,768,66,0.004810679,0.001071069,0.00373961
98,768,67,0.004686799,0.000963535,0.003723264
98,768,68,0.004469619,0.000771913,0.003697706
98,768,69,0.004677556,0.000855871,0.003821685
98,768,70,0.004361044,0.00054444,0.003816604
98,768,71,0.004686618,0.000845601,0.003841017
98,768,72,0.004517659,0.000678139,0.00383952
98,768,73,0.004619471,0.000785022,0.003834449
98,768,74,0.004691058,0.000823468,0.00386759
98,768,75,0.004404251,0.000600457,0.003803794
98,768,76,0.004595272,0.000798121,0.003797151
98,768,77,0.00442613,0.000676752,0.003749378
98,768,78,0.004585511,0.000820856,0.003764655
98,768,79,0.004347965,0.000673062,0.003674903
98,768,80,0.004402516,0.000779851,0.003622665
98,768,81,0.004308482,0.000661867,0.003646615
98,768,82,0.004615738,0.000872377,0.003743361
98,768,83,0.004668287,0.001012606,0.003655681
98,768,84,0.004437461,0.000786199,0.003651262
98,768,85,0.004614875,0.000956988,0.003657887
98,768,86,0.005002995,0.001392476,0.003610519
98,768,87,0.005855236,0.002453441,0.003401795
98,768,88,0.005187452,0.001678794,0.003508658
98,768,89,0.005020587,0.001430506,0.003590081
98,768,90,0.00473711,0.001094329,0.003642781
98,768,91,0.004370693,0.00066198,0.003708713
98,768,92,0.004407264,0.000835911,0.003571353
98,768,93,0.004870694,0.001288596,0.003582098
98,768,94,0.004988975,0.001209489,0.003779486
98,768,95,0.005481382,0.001690805,0.003790577
98,768,96,0.004640774,0.000832959,0.003807815
98,768,97,0.007029594,0.003301738,0.003727856
98,768,98,0.004544509,0.000798619,0.00374589
98,768,99,0.006186703,0.002437976,0.003748727
98,768,100,0.00455591,0.00089714,0.00365877
98,768,101,0.005534975,0.001867645,0.00366733
98,768,102,0.004285088,0.000535248,0.00374984
98,768,103,0.004155567,0.000473513,0.003682054
98,768,104,0.006644582,0.003024579,0.003620003
98,768,105,0.009280041,0.00569051,0.003589531
98,768,106,0.003937468,0.000341736,0.003595732
98,768,107,0.009027363,0.005427568,0.003599795
98,768,108,0.004868145,0.00117789,0.003690255
98,768,109,0.004314798,0.000541952,0.003772846
98,768,110,0.004261454,0.000585078,0.003676376
99,768,1,0.752910523,0.629788271,0.123122252
99,768,2,0.011767033,0.008711691,0.003055342
99,768,3,0.04652978,0.043496102,0.003033678
99,768,4,0.021349115,0.018317275,0.00303184
99,768,5,0.004090927,0.001063797,0.00302713
99,768,6,0.003788577,0.000672741,0.003115836
99,768,7,0.003906972,0.000786663,0.003120309
99,768,8,0.025244411,0.022192597,0.003051814
99,768,9,0.004125316,0.001069984,0.003055332
99,768,10,0.003914821,0.000738363,0.003176458
99,768,11,0.003733812,0.000478842,0.00325497
99,768,12,0.003739609,0.00039064,0.003348969
99,768,13,0.015985463,0.012846873,0.00313859
99,768,14,0.004310268,0.001154099,0.003156169
99,768,15,0.003844012,0.000658988,0.003185024
99,768,16,0.003572752,0.000376155,0.003196597
99,768,17,0.012781736,0.009738942,0.003042794
99,768,18,0.004586134,0.001461648,0.003124486
99,768,19,0.004395549,0.001280472,0.003115077
99,768,20,0.004198531,0.00116989,0.003028641
99,768,21,0.004664881,0.001578503,0.003086378
99,768,22,0.004557769,0.001482706,0.003075063
99,768,23,0.004164245,0.001075417,0.003088828
99,768,24,0.004043013,0.000892787,0.003150226
99,768,25,0.004073743,0.000892455,0.003181288
99,768,26,0.016605854,0.013526885,0.003078969
99,768,27,0.023573693,0.020339187,0.003234506
99,768,28,0.005789145,0.002482797,0.003306348
99,768,29,0.005665628,0.002212956,0.003452672
99,768,30,0.006105929,0.00269198,0.003413949
99,768,31,0.005786993,0.002151991,0.003635002
99,768,32,0.00519571,0.001595026,0.003600684
99,768,33,0.005183247,0.001587312,0.003595935
99,768,34,0.005191803,0.001429346,0.003762457
99,768,35,0.005332208,0.001561304,0.003770904
99,768,36,0.00467385,0.000849117,0.003824733
99,768,37,0.004767965,0.001032411,0.003735554
99,768,38,0.005010925,0.001300189,0.003710736
99,768,39,0.004808734,0.000969663,0.003839071
99,768,40,0.004637834,0.0008566,0.003781234
99,768,41,0.004946071,0.001067449,0.003878622
99,768,42,0.004450955,0.000693299,0.003757656
99,768,43,0.004776695,0.000985927,0.003790768
99,768,44,0.004776095,0.000957931,0.003818164
99,768,45,0.004459434,0.000648439,0.003810995
99,768,46,0.004932189,0.001115065,0.003817124
99,768,47,0.004934641,0.001074532,0.003860109
99,768,48,0.004852675,0.000893341,0.003959334
99,768,49,0.004607666,0.000626423,0.003981243
99,768,50,0.004528134,0.000612612,0.003915522
99,768,51,0.004604031,0.000625411,0.00397862
99,768,52,0.00448419,0.000642355,0.003841835
99,768,53,0.004651507,0.00076922,0.003882287
99,768,54,0.004587158,0.000636533,0.003950625
99,768,55,0.00466967,0.000728813,0.003940857
99,768,56,0.004706881,0.000831793,0.003875088
99,768,57,0.004807821,0.000917487,0.003890334
99,768,58,0.00486926,0.001003502,0.003865758
99,768,59,0.004498922,0.000652815,0.003846107
99,768,60,0.004614348,0.000803292,0.003811056
99,768,61,0.004824933,0.000912195,0.003912738
99,768,62,0.004697137,0.000866087,0.00383105
99,768,63,0.00495003,0.001116918,0.003833112
99,768,64,0.004619126,0.000730427,0.003888699
99,768,65,0.004952161,0.001048545,0.003903616
99,768,66,0.004689264,0.00079881,0.003890454
99,768,67,0.004460432,0.000627141,0.003833291
99,768,68,0.004431271,0.000704972,0.003726299
99,768,69,0.004528121,0.000605103,0.003923018
99,768,70,0.004657301,0.000706547,0.003950754
99,768,71,0.00453399,0.000585767,0.003948223
99,768,72,0.004588638,0.000572532,0.004016106
99,768,73,0.00463324,0.000632748,0.004000492
99,768,74,0.004530274,0.000628913,0.003901361
99,768,75,0.004640833,0.000591252,0.004049581
99,768,76,0.004414525,0.000572999,0.003841526
99,768,77,0.004541962,0.00060446,0.003937502
99,768,78,0.004435474,0.000603374,0.0038321
99,768,79,0.004463708,0.000621965,0.003841743
99,768,80,0.004345691,0.000630611,0.00371508
99,768,81,0.004424791,0.000583809,0.003840982
99,768,82,0.004495104,0.000549055,0.003946049
99,768,83,0.00441947,0.000532351,0.003887119
99,768,84,0.004543846,0.000796595,0.003747251
99,768,85,0.00542763,0.001960353,0.003467277
99,768,86,0.005187661,0.001786497,0.003401164
99,768,87,0.004951132,0.001391872,0.00355926
99,768,88,0.005006448,0.001464111,0.003542337
99,768,89,0.005092358,0.00133675,0.003755608
99,768,90,0.004909943,0.001068113,0.00384183
99,768,91,0.004468524,0.000556599,0.003911925
99,768,92,0.004822242,0.00111796,0.003704282
99,768,93,0.004830387,0.00102962,0.003800767
99,768,94,0.005518884,0.001529255,0.003989629
99,768,95,0.004598379,0.000582804,0.004015575
99,768,96,0.007140192,0.003302191,0.003838001
99,768,97,0.004546471,0.000751462,0.003795009
99,768,98,0.006068943,0.002192552,0.003876391
99,768,99,0.004764997,0.000907727,0.00385727
99,768,100,0.004193069,0.000450348,0.003742721
99,768,101,0.004143451,0.000453886,0.003689565
99,768,102,0.004897615,0.001190815,0.0037068
99,768,103,0.00743464,0.003701144,0.003733496
99,768,104,0.00698293,0.003298306,0.003684624
99,768,105,0.005015136,0.001396737,0.003618399
99,768,106,0.010296834,0.006697622,0.003599212
99,768,107,0.004500059,0.000919396,0.003580663
99,768,108,0.004463522,0.000694713,0.003768809
99,768,109,0.004370097,0.000510512,0.003859585
99,768,110,0.005641664,0.002136188,0.003505476
100,768,1,0.759386647,0.634650837,0.12473581
100,768,2,0.048727379,0.045701495,0.003025884
100,768,3,0.003674546,0.000562578,0.003111968
100,768,4,0.0035103,0.000401248,0.003109052
100,768,5,0.020803628,0.017782874,0.003020754
100,768,6,0.005062784,0.001924213,0.003138571
100,768,7,0.025334075,0.022298501,0.003035574
100,768,8,0.00404845,0.000981915,0.003066535
100,768,9,0.003835848,0.000667585,0.003168263
100,768,10,0.003697263,0.000443732,0.003253531
100,768,11,0.003606849,0.000380481,0.003226368
100,768,12,0.016189411,0.013047537,0.003141874
100,768,13,0.00431633,0.001145688,0.003170642
100,768,14,0.003827612,0.000564115,0.003263497
100,768,15,0.003532361,0.000394188,0.003138173
100,768,16,0.003702108,0.000552102,0.003150006
100,768,17,0.003502289,0.000374985,0.003127304
100,768,18,0.012176813,0.009132861,0.003043952
100,768,19,0.004613804,0.001591392,0.003022412
100,768,20,0.005063065,0.001957923,0.003105142
100,768,21,0.004516736,0.001471477,0.003045259
100,768,22,0.004543537,0.001503862,0.003039675
100,768,23,0.004470215,0.001404041,0.003066174
100,768,24,0.004038896,0.000878687,0.003160209
100,768,25,0.017045302,0.013971203,0.003074099
100,768,26,0.023620947,0.020462715,0.003158232
100,768,27,0.005623166,0.002371411,0.003251755
100,768,28,0.005571948,0.002303384,0.003268564
100,768,29,0.006072941,0.002737171,0.00333577
100,768,30,0.005889746,0.002384405,0.003505341
100,768,31,0.005107564,0.001586177,0.003521387
100,768,32,0.005244861,0.001724242,0.003520619
100,768,33,0.005121576,0.001450761,0.003670815
100,768,34,0.005338703,0.001726126,0.003612577
100,768,35,0.004590578,0.000893102,0.003697476
100,768,36,0.004903759,0.001189899,0.00371386
100,768,37,0.004858142,0.001132151,0.003725991
100,768,38,0.004644371,0.000988871,0.0036555
100,768,39,0.004696229,0.000926276,0.003769953
100,768,40,0.004974194,0.001235463,0.003738731
100,768,41,0.00440743,0.00068626,0.00372117
100,768,42,0.004963326,0.001243579,0.003719747
100,768,43,0.004605477,0.000895783,0.003709694
100,768,44,0.004552968,0.000830574,0.003722394
100,768,45,0.004727645,0.001052795,0.00367485
100,768,46,0.004992564,0.001315494,0.00367707
100,768,47,0.004790052,0.000994431,0.003795621
100,768,48,0.004489878,0.000713176,0.003776702
100,768,49,0.004598766,0.000813562,0.003785204
100,768,50,0.004480563,0.00066647,0.003814093
100,768,51,0.004709192,0.000907376,0.003801816
100,768,52,0.00485881,0.000984472,0.003874338
100,768,53,0.004446213,0.000638625,0.003807588
100,768,54,0.004689664,0.000929833,0.003759831
100,768,55,0.004718143,0.000917422,0.003800721
100,768,56,0.00485698,0.001013415,0.003843565
100,768,57,0.004699063,0.000869959,0.003829104
100,768,58,0.004522786,0.000760329,0.003762457
100,768,59,0.0046845,0.000902105,0.003782395
100,768,60,0.004897169,0.001122977,0.003774192
100,768,61,0.004664987,0.000850848,0.003814139
100,768,62,0.0049939,0.001256956,0.003736944
100,768,63,0.004571591,0.000835787,0.003735804
100,768,64,0.004952535,0.001159014,0.003793521
100,768,65,0.004729571,0.000930909,0.003798662
100,768,66,0.004423997,0.000666652,0.003757345
100,768,67,0.004642267,0.000923772,0.003718495
100,768,68,0.00437656,0.000760016,0.003616544
100,768,69,0.004488796,0.000758074,0.003730722
100,768,70,0.00444724,0.00064182,0.00380542
100,768,71,0.004509597,0.000673376,0.003836221
100,768,72,0.004623718,0.000719645,0.003904073
100,768,73,0.004500504,0.000573317,0.003927187
100,768,74,0.004399771,0.000603056,0.003796715
100,768,75,0.004498776,0.000582779,0.003915997
100,768,76,0.00437159,0.000587073,0.003784517
100,768,77,0.004524003,0.000637245,0.003886758
100,768,78,0.004458422,0.000655701,0.003802721
100,768,79,0.00443639,0.000635763,0.003800627
100,768,80,0.004376115,0.000699774,0.003676341
100,768,81,0.004754164,0.001035702,0.003718462
100,768,82,0.004311323,0.000557348,0.003753975
100,768,83,0.004896233,0.001255072,0.003641161
100,768,84,0.005935377,0.002475372,0.003460005
100,768,85,0.005215224,0.001803297,0.003411927
100,768,86,0.004232538,0.000800266,0.003432272
100,768,87,0.004698188,0.001319994,0.003378194
100,768,88,0.00509087,0.001566164,0.003524706
100,768,89,0.004977927,0.001455494,0.003522433
100,768,90,0.004689785,0.000953989,0.003735796
100,768,91,0.004900381,0.001213026,0.003687355
100,768,92,0.00507338,0.00138929,0.00368409
100,768,93,0.005287682,0.001566686,0.003720996
100,768,94,0.004635311,0.000733111,0.0039022
100,768,95,0.007400215,0.003612013,0.003788202
100,768,96,0.004540272,0.000688422,0.00385185
100,768,97,0.005144936,0.001436711,0.003708225
100,768,98,0.005350515,0.001534958,0.003815557
100,768,99,0.004280603,0.000533771,0.003746832
100,768,100,0.004129759,0.000447628,0.003682131
100,768,101,0.004948258,0.001246396,0.003701862
100,768,102,0.007701705,0.003987981,0.003713724
100,768,103,0.004845239,0.001111938,0.003733301
100,768,104,0.007228783,0.003582032,0.003646751
100,768,105,0.007701722,0.004137147,0.003564575
100,768,106,0.005547051,0.001982722,0.003564329
100,768,107,0.004648178,0.001061373,0.003586805
100,768,108,0.005312076,0.001572394,0.003739682
100,768,109,0.006192801,0.002417361,0.00377544
100,768,110,0.004986328,0.001602086,0.003384242
101,768,1,0.758588749,0.634107482,0.124481267
101,768,2,0.041689197,0.038662973,0.003026224
101,768,3,0.010940305,0.007901021,0.003039284
101,768,4,0.003816686,0.000669345,0.003147341
101,768,5,0.022610418,0.019583013,0.003027405
101,768,6,0.025600807,0.022566266,0.003034541
101,768,7,0.003988823,0.000960376,0.003028447
101,768,8,0.003824451,0.000645709,0.003178742
101,768,9,0.003597101,0.000454514,0.003142587
101,768,10,0.003659813,0.000446107,0.003213706
101,768,11,0.016227102,0.01303318,0.003193922
101,768,12,0.00428558,0.001161988,0.003123592
101,768,13,0.003780597,0.000591389,0.003189208
101,768,14,0.003636005,0.000431751,0.003204254
101,768,15,0.003670841,0.000479538,0.003191303
101,768,16,0.003584602,0.000464788,0.003119814
101,768,17,0.0036149,0.000446214,0.003168686
101,768,18,0.003475766,0.000360104,0.003115662
101,768,19,0.011733861,0.008699641,0.00303422
101,768,20,0.004881972,0.001869322,0.00301265
101,768,21,0.00549436,0.00246768,0.00302668
101,768,22,0.004718229,0.001652719,0.00306551
101,768,23,0.004298768,0.001153798,0.00314497
101,768,24,0.01772434,0.014647232,0.003077108
101,768,25,0.023792587,0.020698665,0.003093922
101,768,26,0.005578833,0.00242576,0.003153073
101,768,27,0.005332756,0.002138603,0.003194153
101,768,28,0.00627746,0.002952834,0.003324626
101,768,29,0.005693371,0.002244394,0.003448977
101,768,30,0.005095683,0.00164028,0.003455403
101,768,31,0.005107561,0.001588861,0.0035187
101,768,32,0.005002396,0.001503865,0.003498531
101,768,33,0.00540538,0.001701008,0.003704372
101,768,34,0.004775819,0.00105746,0.003718359
101,768,35,0.004898139,0.001020996,0.003877143
101,768,36,0.004831095,0.000989631,0.003841464
101,768,37,0.004641412,0.000905368,0.003736044
101,768,38,0.004583345,0.000911899,0.003671446
101,768,39,0.005061457,0.001186969,0.003874488
101,768,40,0.004328114,0.000650591,0.003677523
101,768,41,0.004879666,0.001098137,0.003781529
101,768,42,0.004724126,0.000950428,0.003773698
101,768,43,0.004415426,0.000697574,0.003717852
101,768,44,0.004814418,0.001114718,0.0036997
101,768,45,0.00498828,0.001248426,0.003739854
101,768,46,0.0045447,0.000714662,0.003830038
101,768,47,0.004534946,0.000761909,0.003773037
101,768,48,0.004723251,0.00090984,0.003813411
101,768,49,0.004450469,0.000699053,0.003751416
101,768,50,0.00478733,0.001023484,0.003763846
101,768,51,0.004723295,0.000878801,0.003844494
101,768,52,0.004413865,0.000656457,0.003757408
101,768,53,0.004873875,0.00111373,0.003760145
101,768,54,0.004730602,0.000895338,0.003835264
101,768,55,0.00479209,0.000910347,0.003881743
101,768,56,0.004540882,0.000769503,0.003771379
101,768,57,0.004733179,0.000881099,0.00385208
101,768,58,0.004635003,0.000857577,0.003777426
101,768,59,0.004890773,0.001054577,0.003836196
101,768,60,0.004626154,0.000974784,0.00365137
101,768,61,0.0050919,0.001315312,0.003776588
101,768,62,0.004588443,0.000839581,0.003748862
101,768,63,0.004944391,0.001075439,0.003868952
101,768,64,0.004666489,0.00087746,0.003789029
101,768,65,0.004505726,0.000669301,0.003836425
101,768,66,0.00469478,0.000816909,0.003877871
101,768,67,0.004478897,0.000674362,0.003804535
101,768,68,0.004310579,0.000649858,0.003660721
101,768,69,0.004405294,0.000737046,0.003668248
101,768,70,0.004474003,0.000655343,0.00381866
101,768,71,0.004539726,0.000705423,0.003834303
101,768,72,0.004479446,0.000608317,0.003871129
101,768,73,0.004468375,0.000608827,0.003859548
101,768,74,0.004442808,0.000569632,0.003873176
101,768,75,0.004411449,0.000571018,0.003840431
101,768,76,0.00447265,0.000550157,0.003922493
101,768,77,0.004468408,0.000594013,0.003874395
101,768,78,0.004482492,0.000607239,0.003875253
101,768,79,0.004494771,0.000718961,0.00377581
101,768,80,0.004331594,0.000742408,0.003589186
101,768,81,0.00469142,0.001042198,0.003649222
101,768,82,0.004728422,0.001053185,0.003675237
101,768,83,0.006445743,0.002954416,0.003491327
101,768,84,0.005293135,0.001572648,0.003720487
101,768,85,0.004202237,0.000560304,0.003641933
101,768,86,0.004011733,0.000639178,0.003372555
101,768,87,0.004719116,0.001386665,0.003332451
101,768,88,0.004936758,0.001556365,0.003380393
101,768,89,0.005140695,0.001518957,0.003621738
101,768,90,0.00523342,0.001466175,0.003767245
101,768,91,0.004854594,0.001069558,0.003785036
101,768,92,0.005088616,0.001409899,0.003678717
101,768,93,0.004740011,0.00097738,0.003762631
101,768,94,0.007667974,0.00378332,0.003884654
101,768,95,0.004478502,0.000673464,0.003805038
101,768,96,0.00453951,0.000745283,0.003794227
101,768,97,0.004233832,0.000532928,0.003700904
101,768,98,0.004502706,0.00077151,0.003731196
101,768,99,0.005313722,0.00156733,0.003746392
101,768,100,0.005468542,0.001837999,0.003630543
101,768,101,0.007662245,0.003884602,0.003777643
101,768,102,0.004721988,0.001049414,0.003672574
101,768,103,0.007374675,0.003757595,0.00361708
101,768,104,0.007465045,0.003866121,0.003598924
101,768,105,0.005204992,0.001581661,0.003623331
101,768,106,0.004468741,0.000906144,0.003562597
101,768,107,0.004763806,0.001160527,0.003603279
101,768,108,0.005579611,0.001813043,0.003766568
101,768,109,0.006578252,0.002802338,0.003775914
101,768,110,0.004629184,0.001223789,0.003405395
102,768,1,0.76255462,0.638297808,0.124256812
102,768,2,0.035478721,0.032436791,0.00304193
102,768,3,0.008229395,0.005181439,0.003047956
102,768,4,0.028168956,0.025119667,0.003049289
102,768,5,0.025632085,0.022590373,0.003041712
102,768,6,0.004048505,0.000982751,0.003065754
102,768,7,0.003668714,0.000537283,0.003131431
102,768,8,0.003613141,0.000438887,0.003174254
102,768,9,0.003596771,0.000375582,0.003221189
102,768,10,0.016273071,0.012879558,0.003393513
102,768,11,0.004361213,0.001180104,0.003181109
102,768,12,0.003707821,0.00049633,0.003211491
102,768,13,0.003659042,0.000377895,0.003281147
102,768,14,0.003601109,0.000398755,0.003202354
102,768,15,0.00373232,0.000543924,0.003188396
102,768,16,0.003550457,0.000360192,0.003190265
102,768,17,0.003521702,0.000350492,0.00317121
102,768,18,0.003535587,0.000338256,0.003197331
102,768,19,0.003468367,0.000340936,0.003127431
102,768,20,0.011856468,0.008798933,0.003057535
102,768,21,0.005427177,0.0023644,0.003062777
102,768,22,0.005080692,0.002010275,0.003070417
102,768,23,0.019123867,0.016039742,0.003084125
102,768,24,0.02407215,0.020940384,0.003131766
102,768,25,0.005298663,0.002163817,0.003134846
102,768,26,0.005475366,0.002238565,0.003236801
102,768,27,0.005792089,0.002482944,0.003309145
102,768,28,0.005946554,0.002570861,0.003375693
102,768,29,0.00502508,0.001630078,0.003395002
102,768,30,0.005203698,0.001697938,0.00350576
102,768,31,0.004773912,0.001321007,0.003452905
102,768,32,0.005161487,0.001615309,0.003546178
102,768,33,0.004934311,0.001192137,0.003742174
102,768,34,0.004842303,0.001101518,0.003740785
102,768,35,0.00481451,0.001034944,0.003779566
102,768,36,0.004719446,0.000950845,0.003768601
102,768,37,0.00461032,0.000845183,0.003765137
102,768,38,0.004864507,0.001073425,0.003791082
102,768,39,0.004491383,0.00070467,0.003786713
102,768,40,0.004788554,0.001023521,0.003765033
102,768,41,0.004701738,0.000892898,0.00380884
102,768,42,0.004472123,0.00073318,0.003738943
102,768,43,0.004813691,0.00100777,0.003805921
102,768,44,0.004929694,0.001144371,0.003785323
102,768,45,0.004528391,0.000710325,0.003818066
102,768,46,0.004587899,0.00076757,0.003820329
102,768,47,0.004666883,0.000837725,0.003829158
102,768,48,0.004619566,0.000774706,0.00384486
102,768,49,0.004720371,0.000920846,0.003799525
102,768,50,0.004733126,0.000807823,0.003925303
102,768,51,0.004455708,0.000634846,0.003820862
102,768,52,0.004936737,0.001021298,0.003915439
102,768,53,0.00460906,0.000847051,0.003762009
102,768,54,0.004751548,0.000930105,0.003821443
102,768,55,0.00455173,0.000848747,0.003702983
102,768,56,0.004697361,0.000931951,0.00376541
102,768,57,0.004765985,0.000928759,0.003837226
102,768,58,0.004786485,0.000993149,0.003793336
102,768,59,0.004619828,0.000872922,0.003746906
102,768,60,0.004980122,0.001270685,0.003709437
102,768,61,0.004710432,0.000916609,0.003793823
102,768,62,0.004970396,0.001092159,0.003878237
102,768,63,0.00469262,0.000802334,0.003890286
102,768,64,0.004428108,0.000610603,0.003817505
102,768,65,0.004659556,0.000819058,0.003840498
102,768,66,0.004476092,0.000577888,0.003898204
102,768,67,0.004435974,0.000594335,0.003841639
102,768,68,0.004398971,0.0006397,0.003759271
102,768,69,0.004434684,0.000673546,0.003761138
102,768,70,0.004507265,0.000653772,0.003853493
102,768,71,0.004442957,0.00058351,0.003859447
102,768,72,0.004515621,0.000621997,0.003893624
102,768,73,0.004420879,0.00056516,0.003855719
102,768,74,0.004429871,0.000575049,0.003854822
102,768,75,0.004425557,0.000552297,0.00387326
102,768,76,0.004435033,0.000514586,0.003920447
102,768,77,0.004469971,0.00067694,0.003793031
102,768,78,0.004608372,0.000680103,0.003928269
102,768,79,0.004337881,0.000582761,0.00375512
102,768,80,0.004669417,0.001003927,0.00366549
102,768,81,0.00456834,0.000844794,0.003723546
102,768,82,0.006929206,0.003319991,0.003609215
102,768,83,0.005110595,0.001420063,0.003690532
102,768,84,0.004277456,0.000588391,0.003689065
102,768,85,0.004303136,0.000597799,0.003705337
102,768,86,0.004019354,0.000556072,0.003463282
102,768,87,0.004749547,0.001372619,0.003376928
102,768,88,0.004975295,0.001477077,0.003498218
102,768,89,0.005551352,0.001920265,0.003631087
102,768,90,0.00506482,0.001189181,0.003875639
102,768,91,0.004862057,0.001234499,0.003627558
102,768,92,0.004397,0.00072198,0.00367502
102,768,93,0.008229936,0.004394851,0.003835085
102,768,94,0.004543987,0.000696203,0.003847784
102,768,95,0.004503675,0.000641256,0.003862419
102,768,96,0.004362673,0.000548468,0.003814205
102,768,97,0.004284143,0.000544385,0.003739758
102,768,98,0.004303339,0.000523573,0.003779766
102,768,99,0.006781782,0.003105104,0.003676678
102,768,100,0.007508418,0.003769112,0.003739306
102,768,101,0.004668521,0.000942294,0.003726227
102,768,102,0.007606632,0.003873817,0.003732815
102,768,103,0.004430114,0.000777562,0.003652552
102,768,104,0.004256177,0.000637798,0.003618379
102,768,105,0.006580563,0.002990427,0.003590136
102,768,106,0.005607394,0.002023718,0.003583676
102,768,107,0.004683249,0.001072105,0.003611144
102,768,108,0.005386387,0.001564736,0.003821651
102,768,109,0.004384238,0.000558646,0.003825592
102,768,110,0.006072149,0.002601306,0.003470843
103,768,1,0.757227349,0.63414302,0.123084329
103,768,2,0.00849712,0.005444927,0.003052193
103,768,3,0.06528403,0.062238011,0.003046019
103,768,4,0.025844663,0.022816376,0.003028287
103,768,5,0.004042336,0.000862958,0.003179378
103,768,6,0.003522232,0.000392468,0.003129764
103,768,7,0.003645306,0.000493163,0.003152143
103,768,8,0.00356478,0.000445197,0.003119583
103,768,9,0.01607565,0.012786985,0.003288665
103,768,10,0.004605191,0.001202536,0.003402655
103,768,11,0.003654671,0.000384269,0.003270402
103,768,12,0.003552945,0.000393585,0.00315936
103,768,13,0.00368376,0.000468719,0.003215041
103,768,14,0.003790784,0.000549081,0.003241703
103,768,15,0.003510673,0.000370465,0.003140208
103,768,16,0.003601695,0.000448885,0.00315281
103,768,17,0.003507972,0.00036337,0.003144602
103,768,18,0.003564492,0.000428714,0.003135778
103,768,19,0.00382804,0.000686316,0.003141724
103,768,20,0.003454245,0.000352453,0.003101792
103,768,21,0.012342602,0.009300983,0.003041619
103,768,22,0.021463503,0.018391134,0.003072369
103,768,23,0.024154547,0.021048924,0.003105623
103,768,24,0.005331616,0.002227858,0.003103758
103,768,25,0.005317922,0.002150732,0.00316719
103,768,26,0.005745819,0.002538334,0.003207485
103,768,27,0.00571446,0.002482793,0.003231667
103,768,28,0.005307247,0.001981591,0.003325656
103,768,29,0.005101369,0.001666306,0.003435063
103,768,30,0.004953204,0.001371602,0.003581602
103,768,31,0.004936266,0.001375882,0.003560384
103,768,32,0.004768129,0.001181126,0.003587003
103,768,33,0.004829236,0.001111371,0.003717865
103,768,34,0.004681917,0.000985282,0.003696635
103,768,35,0.004780321,0.000967972,0.003812349
103,768,36,0.004575186,0.000807021,0.003768165
103,768,37,0.004806102,0.000990849,0.003815253
103,768,38,0.004569397,0.000817731,0.003751666
103,768,39,0.004790411,0.001018482,0.003771929
103,768,40,0.004619141,0.000845008,0.003774133
103,768,41,0.004520197,0.000785113,0.003735084
103,768,42,0.004803941,0.000958619,0.003845322
103,768,43,0.004911085,0.001018985,0.0038921
103,768,44,0.004443865,0.000647845,0.00379602
103,768,45,0.00467858,0.00083083,0.00384775
103,768,46,0.004771583,0.000845139,0.003926444
103,768,47,0.004572593,0.000634457,0.003938136
103,768,48,0.004873652,0.000931433,0.003942219
103,768,49,0.004591253,0.000623128,0.003968125
103,768,50,0.004577006,0.00057977,0.003997236
103,768,51,0.004784752,0.000860428,0.003924324
103,768,52,0.004735052,0.000862392,0.00387266
103,768,53,0.004753978,0.000908312,0.003845666
103,768,54,0.004685112,0.000883933,0.003801179
103,768,55,0.004536167,0.000781263,0.003754904
103,768,56,0.004711978,0.000957048,0.00375493
103,768,57,0.004889879,0.001068049,0.00382183
103,768,58,0.004579633,0.000880933,0.0036987
103,768,59,0.004985265,0.001265483,0.003719782
103,768,60,0.004653536,0.000928602,0.003724934
103,768,61,0.004822269,0.00106241,0.003759859
103,768,62,0.004743075,0.000966316,0.003776759
103,768,63,0.004524303,0.000729104,0.003795199
103,768,64,0.004603817,0.00075296,0.003850857
103,768,65,0.004458147,0.000656646,0.003801501
103,768,66,0.004525958,0.000652408,0.00387355
103,768,67,0.004390898,0.00053619,0.003854708
103,768,68,0.004248012,0.000578209,0.003669803
103,768,69,0.004346269,0.000672518,0.003673751
103,768,70,0.004342796,0.000606294,0.003736502
103,768,71,0.00443535,0.000639373,0.003795977
103,768,72,0.004466414,0.000656174,0.00381024
103,768,73,0.004534788,0.000622012,0.003912776
103,768,74,0.004493242,0.00063075,0.003862492
103,768,75,0.004486263,0.000607603,0.00387866
103,768,76,0.004773485,0.000859516,0.003913969
103,768,77,0.004502169,0.000590643,0.003911526
103,768,78,0.004530057,0.000611304,0.003918753
103,768,79,0.00457362,0.000780672,0.003792948
103,768,80,0.004550517,0.000909604,0.003640913
103,768,81,0.007272207,0.00351211,0.003760097
103,768,82,0.005000709,0.001283893,0.003716816
103,768,83,0.004234558,0.00054793,0.003686628
103,768,84,0.004362886,0.000616492,0.003746394
103,768,85,0.004217001,0.000404696,0.003812305
103,768,86,0.003897994,0.000496221,0.003401773
103,768,87,0.00479288,0.001524638,0.003268242
103,768,88,0.005662668,0.002244096,0.003418572
103,768,89,0.005144086,0.001529834,0.003614252
103,768,90,0.00533988,0.001670556,0.003669324
103,768,91,0.004482582,0.000918476,0.003564106
103,768,92,0.008123613,0.00439042,0.003733193
103,768,93,0.004600971,0.000673349,0.003927622
103,768,94,0.004431049,0.000490605,0.003940444
103,768,95,0.004303268,0.000473897,0.003829371
103,768,96,0.004352936,0.000526677,0.003826259
103,768,97,0.004235245,0.00052725,0.003707995
103,768,98,0.007011192,0.003208471,0.003802721
103,768,99,0.007503425,0.003844669,0.003658756
103,768,100,0.004724085,0.000986681,0.003737404
103,768,101,0.004772543,0.000964792,0.003807751
103,768,102,0.004441561,0.00074597,0.003695591
103,768,103,0.005957167,0.002343784,0.003613383
103,768,104,0.004699808,0.001130108,0.0035697
103,768,105,0.006273852,0.002655888,0.003617964
103,768,106,0.006290886,0.002753779,0.003537107
103,768,107,0.004668244,0.001056872,0.003611372
103,768,108,0.005458022,0.001670054,0.003787968
103,768,109,0.004342694,0.000508892,0.003833802
103,768,110,0.006275094,0.002881589,0.003393505
104,768,1,0.753922116,0.630490454,0.123431662
104,768,2,0.07388986,0.070845165,0.003044695
104,768,3,0.02588527,0.022859946,0.003025324
104,768,4,0.003865978,0.000760341,0.003105637
104,768,5,0.003590117,0.000450141,0.003139976
104,768,6,0.003557015,0.000444141,0.003112874
104,768,7,0.003633736,0.000512898,0.003120838
104,768,8,0.015937735,0.012736053,0.003201682
104,768,9,0.004532321,0.001169895,0.003362426
104,768,10,0.003782683,0.000398682,0.003384001
104,768,11,0.003705275,0.000481048,0.003224227
104,768,12,0.003605559,0.000380499,0.00322506
104,768,13,0.003747047,0.000566764,0.003180283
104,768,14,0.00364916,0.000450797,0.003198363
104,768,15,0.003558048,0.000359512,0.003198536
104,768,16,0.003562644,0.000454562,0.003108082
104,768,17,0.00352327,0.000348173,0.003175097
104,768,18,0.003896416,0.000706487,0.003189929
104,768,19,0.003449561,0.000332274,0.003117287
104,768,20,0.003492961,0.000329493,0.003163468
104,768,21,0.02978071,0.026705028,0.003075682
104,768,22,0.024534095,0.021457779,0.003076316
104,768,23,0.005206023,0.002081977,0.003124046
104,768,24,0.005352688,0.002242407,0.003110281
104,768,25,0.00564424,0.002481217,0.003163023
104,768,26,0.005689318,0.002362985,0.003326333
104,768,27,0.005113717,0.001780695,0.003333022
104,768,28,0.004989901,0.001592551,0.00339735
104,768,29,0.005074368,0.00154173,0.003532638
104,768,30,0.00473449,0.001180492,0.003553998
104,768,31,0.004804001,0.001184487,0.003619514
104,768,32,0.004726076,0.001033503,0.003692573
104,768,33,0.004656047,0.000947562,0.003708485
104,768,34,0.004626697,0.000861259,0.003765438
104,768,35,0.004681094,0.000808063,0.003873031
104,768,36,0.004447149,0.000731784,0.003715365
104,768,37,0.004781325,0.000983295,0.00379803
104,768,38,0.004679721,0.000885603,0.003794118
104,768,39,0.004509917,0.000709874,0.003800043
104,768,40,0.00479753,0.001028096,0.003769434
104,768,41,0.004840692,0.000994926,0.003845766
104,768,42,0.004558631,0.000826619,0.003732012
104,768,43,0.004871761,0.001048033,0.003823728
104,768,44,0.004554266,0.00078194,0.003772326
104,768,45,0.004587031,0.000795977,0.003791054
104,768,46,0.004626559,0.000868175,0.003758384
104,768,47,0.004990782,0.001076118,0.003914664
104,768,48,0.004559788,0.000744597,0.003815191
104,768,49,0.00472738,0.000902849,0.003824531
104,768,50,0.004740504,0.000834035,0.003906469
104,768,51,0.004929577,0.000972482,0.003957095
104,768,52,0.004568731,0.000774283,0.003794448
104,768,53,0.00475687,0.000989174,0.003767696
104,768,54,0.004594502,0.000831245,0.003763257
104,768,55,0.004764721,0.000940847,0.003823874
104,768,56,0.004788649,0.001054222,0.003734427
104,768,57,0.004672564,0.000903727,0.003768837
104,768,58,0.004840535,0.001070231,0.003770304
104,768,59,0.004751278,0.001027739,0.003723539
104,768,60,0.004742316,0.001020672,0.003721644
104,768,61,0.004536468,0.000837659,0.003698809
104,768,62,0.00450996,0.000824627,0.003685333
104,768,63,0.004554392,0.000842142,0.00371225
104,768,64,0.004580581,0.000946061,0.00363452
104,768,65,0.00454227,0.000866659,0.003675611
104,768,66,0.004308765,0.000589099,0.003719666
104,768,67,0.004256801,0.00053292,0.003723881
104,768,68,0.004268213,0.000578499,0.003689714
104,768,69,0.004441475,0.000706799,0.003734676
104,768,70,0.004378941,0.000604112,0.003774829
104,768,71,0.004429816,0.000593802,0.003836014
104,768,72,0.004566203,0.000739317,0.003826886
104,768,73,0.004810314,0.000953721,0.003856593
104,768,74,0.004342001,0.000612453,0.003729548
104,768,75,0.004647713,0.000746046,0.003901667
104,768,76,0.004344595,0.00053004,0.003814555
104,768,77,0.004940812,0.001122947,0.003817865
104,768,78,0.004642431,0.000814021,0.00382841
104,768,79,0.004660909,0.000922216,0.003738693
104,768,80,0.007227245,0.003675112,0.003552133
104,768,81,0.005087198,0.001274703,0.003812495
104,768,82,0.004163208,0.000570777,0.003592431
104,768,83,0.004103191,0.000507437,0.003595754
104,768,84,0.004190386,0.000523131,0.003667255
104,768,85,0.004171411,0.000508721,0.00366269
104,768,86,0.003898276,0.000493991,0.003404285
104,768,87,0.00606545,0.002739785,0.003325665
104,768,88,0.005615608,0.002177877,0.003437731
104,768,89,0.005476153,0.001912938,0.003563215
104,768,90,0.004417739,0.00075242,0.003665319
104,768,91,0.007690233,0.004091994,0.003598239
104,768,92,0.004662569,0.000936392,0.003726177
104,768,93,0.004561208,0.000583641,0.003977567
104,768,94,0.004337452,0.000489117,0.003848335
104,768,95,0.004371449,0.000490243,0.003881206
104,768,96,0.004327663,0.000506446,0.003821217
104,768,97,0.00708119,0.003340739,0.003740451
104,768,98,0.004634019,0.000886317,0.003747702
104,768,99,0.006971873,0.003312715,0.003659158
104,768,100,0.005020248,0.001329015,0.003691233
104,768,101,0.004692124,0.000808547,0.003883577
104,768,102,0.004231674,0.000549004,0.00368267
104,768,103,0.004259273,0.000549291,0.003709982
104,768,104,0.005286685,0.001661476,0.003625209
104,768,105,0.004772411,0.001175428,0.003596983
104,768,106,0.006225489,0.00274324,0.003482249
104,768,107,0.006711594,0.003116099,0.003595495
104,768,108,0.005043241,0.001345587,0.003697654
104,768,109,0.004865723,0.001083965,0.003781758
104,768,110,0.004116742,0.000527277,0.003589465
105,768,1,0.753246578,0.630433979,0.122812599
105,768,2,0.030866397,0.027810087,0.00305631
105,768,3,0.04697558,0.043940747,0.003034833
105,768,4,0.02583354,0.022802548,0.003030992
105,768,5,0.004018485,0.000845284,0.003173201
105,768,6,0.003502087,0.000369631,0.003132456
105,768,7,0.016524948,0.013355483,0.003169465
105,768,8,0.004369774,0.000986388,0.003383386
105,768,9,0.00379492,0.000397056,0.003397864
105,768,10,0.003865007,0.000515944,0.003349063
105,768,11,0.003604771,0.000395606,0.003209165
105,768,12,0.003750589,0.000555162,0.003195427
105,768,13,0.003691364,0.000465847,0.003225517
105,768,14,0.00354415,0.000375506,0.003168644
105,768,15,0.003610741,0.000451953,0.003158788
105,768,16,0.003487557,0.000357015,0.003130542
105,768,17,0.003850088,0.000719868,0.00313022
105,768,18,0.003587642,0.000436287,0.003151355
105,768,19,0.00345143,0.000341,0.00311043
105,768,20,0.02911111,0.026054349,0.003056761
105,768,21,0.024479689,0.021409915,0.003069774
105,768,22,0.004954107,0.001874549,0.003079558
105,768,23,0.005586432,0.002397875,0.003188557
105,768,24,0.00542293,0.002320586,0.003102344
105,768,25,0.005586522,0.002319584,0.003266938
105,768,26,0.004961936,0.00163613,0.003325806
105,768,27,0.004622572,0.001188954,0.003433618
105,768,28,0.004904348,0.001361463,0.003542885
105,768,29,0.004810687,0.00128221,0.003528477
105,768,30,0.004597339,0.000911146,0.003686193
105,768,31,0.00493624,0.00130717,0.00362907
105,768,32,0.004459352,0.000864455,0.003594897
105,768,33,0.004645454,0.000898972,0.003746482
105,768,34,0.004688389,0.000936389,0.003752
105,768,35,0.004500247,0.000705448,0.003794799
105,768,36,0.004730638,0.000928238,0.0038024
105,768,37,0.004495962,0.00073318,0.003762782
105,768,38,0.004639555,0.000864384,0.003775171
105,768,39,0.004748297,0.000943365,0.003804932
105,768,40,0.004553259,0.000814581,0.003738678
105,768,41,0.004670035,0.000873108,0.003796927
105,768,42,0.00492643,0.001080414,0.003846016
105,768,43,0.004719092,0.000843215,0.003875877
105,768,44,0.004626639,0.000808015,0.003818624
105,768,45,0.004725098,0.000834905,0.003890193
105,768,46,0.00471322,0.000769278,0.003943942
105,768,47,0.004568178,0.000636683,0.003931495
105,768,48,0.004829277,0.000855058,0.003974219
105,768,49,0.004782138,0.000790952,0.003991186
105,768,50,0.004593565,0.000663277,0.003930288
105,768,51,0.004655606,0.000758827,0.003896779
105,768,52,0.004837483,0.000942988,0.003894495
105,768,53,0.004513715,0.000674608,0.003839107
105,768,54,0.004853491,0.000940259,0.003913232
105,768,55,0.004519918,0.00069396,0.003825958
105,768,56,0.004754345,0.000923215,0.00383113
105,768,57,0.004839141,0.001002883,0.003836258
105,768,58,0.004638535,0.000887798,0.003750737
105,768,59,0.004931181,0.00117848,0.003752701
105,768,60,0.004735403,0.000964444,0.003770959
105,768,61,0.004727364,0.000878589,0.003848775
105,768,62,0.004483307,0.000715359,0.003767948
105,768,63,0.004621167,0.000746015,0.003875152
105,768,64,0.004496282,0.000687617,0.003808665
105,768,65,0.004601712,0.000732383,0.003869329
105,768,66,0.004501302,0.000614864,0.003886438
105,768,67,0.004392488,0.00053276,0.003859728
105,768,68,0.00434255,0.000594237,0.003748313
105,768,69,0.004346337,0.00061424,0.003732097
105,768,70,0.004435452,0.000624402,0.00381105
105,768,71,0.005041233,0.001382973,0.00365826
105,768,72,0.004742146,0.000904256,0.00383789
105,768,73,0.004446924,0.000712032,0.003734892
105,768,74,0.004532961,0.000747847,0.003785114
105,768,75,0.00443329,0.000782274,0.003651016
105,768,76,0.004606845,0.000753712,0.003853133
105,768,77,0.004640489,0.000760147,0.003880342
105,768,78,0.004480239,0.000593316,0.003886923
105,768,79,0.005178553,0.001485814,0.003692739
105,768,80,0.004985962,0.001324156,0.003661806
105,768,81,0.00555205,0.00176523,0.00378682
105,768,82,0.004947219,0.001267299,0.00367992
105,768,83,0.004155545,0.000485091,0.003670454
105,768,84,0.004191931,0.000535726,0.003656205
105,768,85,0.004187656,0.000483443,0.003704213
105,768,86,0.00615181,0.002755352,0.003396458
105,768,87,0.005199216,0.001841183,0.003358033
105,768,88,0.005537726,0.001973106,0.00356462
105,768,89,0.004593806,0.001001052,0.003592754
105,768,90,0.007450625,0.003800031,0.003650594
105,768,91,0.004619433,0.001010369,0.003609064
105,768,92,0.004871017,0.001044668,0.003826349
105,768,93,0.004419577,0.000511228,0.003908349
105,768,94,0.0043715,0.000486662,0.003884838
105,768,95,0.004361434,0.000460143,0.003901291
105,768,96,0.006668022,0.002867078,0.003800944
105,768,97,0.004618088,0.000864248,0.00375384
105,768,98,0.004539397,0.000759586,0.003779811
105,768,99,0.004167833,0.000488337,0.003679496
105,768,100,0.00664189,0.00291351,0.00372838
105,768,101,0.005152232,0.001341449,0.003810783
105,768,102,0.004527803,0.000830718,0.003697085
105,768,103,0.00432157,0.000593046,0.003728524
105,768,104,0.0041125,0.000448807,0.003663693
105,768,105,0.005219031,0.001627999,0.003591032
105,768,106,0.004898241,0.001302427,0.003595814
105,768,107,0.006380844,0.002790826,0.003590018
105,768,108,0.006955775,0.003328987,0.003626788
105,768,109,0.004831475,0.000990444,0.003841031
105,768,110,0.004641608,0.000955102,0.003686506
106,768,1,0.752907548,0.62944089,0.123466658
106,768,2,0.069074683,0.066021906,0.003052777
106,768,3,0.003615043,0.000502384,0.003112659
106,768,4,0.008629688,0.005604814,0.003024874
106,768,5,0.025824067,0.022797328,0.003026739
106,768,6,0.017547114,0.01443598,0.003111134
106,768,7,0.004172839,0.000942121,0.003230718
106,768,8,0.003822664,0.000516427,0.003306237
106,768,9,0.003868557,0.000490848,0.003377709
106,768,10,0.003753509,0.000413162,0.003340347
106,768,11,0.003764546,0.000494606,0.00326994
106,768,12,0.003668553,0.000489672,0.003178881
106,768,13,0.003601743,0.000390906,0.003210837
106,768,14,0.003601845,0.000365816,0.003236029
106,768,15,0.003516169,0.000375744,0.003140425
106,768,16,0.003854783,0.000721588,0.003133195
106,768,17,0.003550721,0.000361518,0.003189203
106,768,18,0.003478292,0.00034391,0.003134382
106,768,19,0.02822982,0.025181354,0.003048466
106,768,20,0.025360186,0.022279735,0.003080451
106,768,21,0.004911495,0.001860251,0.003051244
106,768,22,0.004937125,0.001817538,0.003119587
106,768,23,0.005502335,0.002379007,0.003123328
106,768,24,0.005447139,0.002213959,0.00323318
106,768,25,0.004744886,0.001501728,0.003243158
106,768,26,0.00472691,0.001350415,0.003376495
106,768,27,0.004765528,0.001342468,0.00342306
106,768,28,0.004896369,0.001399618,0.003496751
106,768,29,0.004658421,0.001106698,0.003551723
106,768,30,0.004864973,0.001224533,0.00364044
106,768,31,0.004453829,0.000837667,0.003616162
106,768,32,0.004684514,0.001031187,0.003653327
106,768,33,0.004804871,0.001072846,0.003732025
106,768,34,0.004452741,0.000684559,0.003768182
106,768,35,0.004769791,0.00100544,0.003764351
106,768,36,0.004420125,0.000707663,0.003712462
106,768,37,0.004672711,0.000896439,0.003776272
106,768,38,0.004717551,0.000894553,0.003822998
106,768,39,0.004524635,0.000711952,0.003812683
106,768,40,0.004672734,0.000906992,0.003765742
106,768,41,0.004526604,0.000756279,0.003770325
106,768,42,0.004538921,0.000782813,0.003756108
106,768,43,0.004685863,0.000889687,0.003796176
106,768,44,0.00464058,0.0008432,0.00379738
106,768,45,0.004637162,0.000831425,0.003805737
106,768,46,0.004531649,0.000740697,0.003790952
106,768,47,0.004569201,0.000775391,0.00379381
106,768,48,0.004341496,0.000609396,0.0037321
106,768,49,0.004779269,0.001029484,0.003749785
106,768,50,0.004873303,0.000993116,0.003880187
106,768,51,0.004600898,0.000740829,0.003860069
106,768,52,0.004544978,0.000698988,0.00384599
106,768,53,0.004794116,0.001027081,0.003767035
106,768,54,0.004634627,0.000814033,0.003820594
106,768,55,0.00475984,0.000972349,0.003787491
106,768,56,0.004568645,0.000766163,0.003802482
106,768,57,0.00472546,0.000940833,0.003784627
106,768,58,0.004791794,0.00098073,0.003811064
106,768,59,0.004636494,0.000903153,0.003733341
106,768,60,0.004967694,0.001262984,0.00370471
106,768,61,0.004641477,0.000940717,0.00370076
106,768,62,0.004788493,0.001036883,0.00375161
106,768,63,0.004393341,0.000678184,0.003715157
106,768,64,0.004734532,0.000942044,0.003792488
106,768,65,0.004419754,0.000655117,0.003764637
106,768,66,0.004704032,0.000877955,0.003826077
106,768,67,0.004378019,0.000675823,0.003702196
106,768,68,0.004328742,0.00066203,0.003666712
106,768,69,0.005039758,0.001284804,0.003754954
106,768,70,0.005429137,0.001733451,0.003695686
106,768,71,0.004542013,0.000838974,0.003703039
106,768,72,0.004439307,0.000762387,0.00367692
106,768,73,0.004630459,0.00090347,0.003726989
106,768,74,0.004559803,0.000826438,0.003733365
106,768,75,0.004459232,0.000835168,0.003624064
106,768,76,0.00452446,0.000805811,0.003718649
106,768,77,0.004491693,0.000775713,0.00371598
106,768,78,0.005429697,0.0017634,0.003666297
106,768,79,0.004973279,0.001382831,0.003590448
106,768,80,0.004315347,0.000664743,0.003650604
106,768,81,0.004335381,0.000697413,0.003637968
106,768,82,0.004515147,0.000886952,0.003628195
106,768,83,0.004899945,0.001286609,0.003613336
106,768,84,0.004455012,0.000862798,0.003592214
106,768,85,0.006817585,0.003386637,0.003430948
106,768,86,0.004661192,0.001202608,0.003458584
106,768,87,0.005195255,0.001747538,0.003447717
106,768,88,0.004924954,0.001397129,0.003527825
106,768,89,0.004828014,0.001147426,0.003680588
106,768,90,0.004291423,0.000564581,0.003726842
106,768,91,0.007240904,0.003686722,0.003554182
106,768,92,0.004853499,0.001132387,0.003721112
106,768,93,0.004377936,0.000516223,0.003861713
106,768,94,0.004392819,0.000478161,0.003914658
106,768,95,0.004363495,0.000464458,0.003899037
106,768,96,0.004362517,0.000492041,0.003870476
106,768,97,0.006449238,0.002721805,0.003727433
106,768,98,0.0048164,0.000999332,0.003817068
106,768,99,0.004160054,0.000481085,0.003678969
106,768,100,0.007693946,0.003988895,0.003705051
106,768,101,0.004226874,0.000489695,0.003737179
106,768,102,0.004289567,0.000617183,0.003672384
106,768,103,0.004383098,0.000655617,0.003727481
106,768,104,0.004122812,0.000460755,0.003662057
106,768,105,0.005623175,0.002028806,0.003594369
106,768,106,0.004748904,0.00115429,0.003594614
106,768,107,0.004154562,0.000637495,0.003517067
106,768,108,0.006244832,0.002725349,0.003519483
106,768,109,0.007141821,0.003291124,0.003850697
106,768,110,0.004510651,0.000804941,0.00370571
107,768,1,0.763264199,0.638841304,0.124422895
107,768,2,0.037274438,0.034246881,0.003027557
107,768,3,0.025219357,0.022182251,0.003037106
107,768,4,0.003814605,0.000707108,0.003107497
107,768,5,0.044773434,0.0416902,0.003083234
107,768,6,0.004114726,0.0009023,0.003212426
107,768,7,0.003724231,0.000400548,0.003323683
107,768,8,0.00377345,0.000430649,0.003342801
107,768,9,0.003859294,0.000422154,0.00343714
107,768,10,0.003807462,0.000493745,0.003313717
107,768,11,0.003737288,0.000481108,0.00325618
107,768,12,0.003620944,0.000377258,0.003243686
107,768,13,0.003588635,0.000397342,0.003191293
107,768,14,0.003592395,0.000393496,0.003198899
107,768,15,0.003790145,0.00057548,0.003214665
107,768,16,0.00351558,0.000395183,0.003120397
107,768,17,0.003615199,0.000452501,0.003162698
107,768,18,0.027752718,0.024702026,0.003050692
107,768,19,0.025864581,0.022772829,0.003091752
107,768,20,0.004905114,0.001809096,0.003096018
107,768,21,0.00452287,0.001451479,0.003071391
107,768,22,0.005247416,0.00202854,0.003218876
107,768,23,0.005148344,0.001943147,0.003205197
107,768,24,0.004761853,0.00155777,0.003204083
107,768,25,0.004603956,0.001301415,0.003302541
107,768,26,0.004732746,0.001340069,0.003392677
107,768,27,0.00479069,0.001386701,0.003403989
107,768,28,0.004877943,0.001311009,0.003566934
107,768,29,0.004781355,0.001187683,0.003593672
107,768,30,0.004540938,0.000841033,0.003699905
107,768,31,0.004788568,0.001109573,0.003678995
107,768,32,0.004657513,0.001039487,0.003618026
107,768,33,0.004576866,0.000905777,0.003671089
107,768,34,0.00464602,0.000927394,0.003718626
107,768,35,0.004511669,0.00073381,0.003777859
107,768,36,0.004601593,0.000830435,0.003771158
107,768,37,0.004537557,0.000763232,0.003774325
107,768,38,0.004617792,0.000784662,0.00383313
107,768,39,0.0047854,0.000933553,0.003851847
107,768,40,0.004469031,0.000716277,0.003752754
107,768,41,0.00474208,0.000904262,0.003837818
107,768,42,0.004459438,0.000624654,0.003834784
107,768,43,0.00464538,0.000782342,0.003863038
107,768,44,0.004481575,0.000644011,0.003837564
107,768,45,0.004609314,0.000655642,0.003953672
107,768,46,0.004540851,0.000573468,0.003967383
107,768,47,0.004692538,0.000671171,0.004021367
107,768,48,0.004590497,0.000622715,0.003967782
107,768,49,0.004662541,0.000605169,0.004057372
107,768,50,0.004601817,0.000570175,0.004031642
107,768,51,0.004600014,0.000559735,0.004040279
107,768,52,0.004558232,0.000599261,0.003958971
107,768,53,0.004553966,0.000567321,0.003986645
107,768,54,0.00455994,0.000600136,0.003959804
107,768,55,0.004557842,0.000566907,0.003990935
107,768,56,0.004590904,0.000592183,0.003998721
107,768,57,0.004515793,0.000577445,0.003938348
107,768,58,0.00456669,0.000653712,0.003912978
107,768,59,0.004747491,0.000884626,0.003862865
107,768,60,0.004573997,0.000799241,0.003774756
107,768,61,0.00487157,0.001136912,0.003734658
107,768,62,0.004686461,0.000921247,0.003765214
107,768,63,0.004884028,0.001012144,0.003871884
107,768,64,0.004428785,0.000667289,0.003761496
107,768,65,0.004975578,0.001086439,0.003889139
107,768,66,0.004545956,0.000634293,0.003911663
107,768,67,0.004440208,0.000655555,0.003784653
107,768,68,0.00562653,0.001826231,0.003800299
107,768,69,0.005476316,0.001575179,0.003901137
107,768,70,0.00452302,0.000640999,0.003882021
107,768,71,0.004505111,0.000671325,0.003833786
107,768,72,0.004558348,0.00065967,0.003898678
107,768,73,0.004543061,0.000693792,0.003849269
107,768,74,0.004532901,0.000699343,0.003833558
107,768,75,0.004486419,0.000756076,0.003730343
107,768,76,0.004458401,0.000720423,0.003737978
107,768,77,0.005532702,0.001652065,0.003880637
107,768,78,0.00500296,0.001209699,0.003793261
107,768,79,0.004303541,0.000620086,0.003683455
107,768,80,0.004345161,0.000684094,0.003661067
107,768,81,0.0043445,0.00053499,0.00380951
107,768,82,0.004484951,0.000809813,0.003675138
107,768,83,0.004716328,0.001017872,0.003698456
107,768,84,0.004352025,0.000683157,0.003668868
107,768,85,0.004368975,0.000625164,0.003743811
107,768,86,0.007035732,0.003640403,0.003395329
107,768,87,0.005254013,0.001781005,0.003473008
107,768,88,0.004885177,0.001341256,0.003543921
107,768,89,0.004782402,0.00106068,0.003721722
107,768,90,0.004419845,0.000663638,0.003756207
107,768,91,0.00455386,0.000845485,0.003708375
107,768,92,0.006763641,0.002925099,0.003838542
107,768,93,0.004935729,0.001011588,0.003924141
107,768,94,0.004361218,0.000474498,0.00388672
107,768,95,0.0044095,0.00047575,0.00393375
107,768,96,0.004334396,0.000487329,0.003847067
107,768,97,0.004257589,0.000491217,0.003766372
107,768,98,0.006225503,0.002388424,0.003837079
107,768,99,0.004629868,0.000905265,0.003724603
107,768,100,0.004193365,0.000507741,0.003685624
107,768,101,0.007675759,0.003893071,0.003782688
107,768,102,0.004245782,0.000536547,0.003709235
107,768,103,0.004398921,0.000606999,0.003791922
107,768,104,0.006373684,0.002706307,0.003667377
107,768,105,0.004733241,0.001156836,0.003576405
107,768,106,0.00402677,0.000395181,0.003631589
107,768,107,0.003972839,0.000451867,0.003520972
107,768,108,0.007863613,0.004304041,0.003559572
107,768,109,0.004718544,0.000823263,0.003895281
107,768,110,0.004631162,0.000829953,0.003801209
108,768,1,0.757368327,0.633272542,0.124095785
108,768,2,0.065338437,0.062303352,0.003035085
108,768,3,0.003665664,0.000521328,0.003144336
108,768,4,0.044920489,0.041866604,0.003053885
108,768,5,0.003922211,0.00071321,0.003209001
108,768,6,0.00358188,0.000395909,0.003185971
108,768,7,0.003843949,0.000529122,0.003314827
108,768,8,0.003776071,0.000422027,0.003354044
108,768,9,0.003854514,0.000417713,0.003436801
108,768,10,0.003811226,0.000508044,0.003303182
108,768,11,0.003713523,0.000499775,0.003213748
108,768,12,0.003581603,0.000379777,0.003201826
108,768,13,0.003649545,0.00038547,0.003264075
108,768,14,0.003742591,0.00058041,0.003162181
108,768,15,0.00364823,0.000498663,0.003149567
108,768,16,0.00355655,0.000374883,0.003181667
108,768,17,0.02759232,0.024550823,0.003041497
108,768,18,0.025985838,0.022926714,0.003059124
108,768,19,0.004983963,0.001903621,0.003080342
108,768,20,0.004518202,0.001311418,0.003206784
108,768,21,0.004616275,0.001441944,0.003174331
108,768,22,0.004983071,0.001764074,0.003218997
108,768,23,0.004580461,0.00135542,0.003225041
108,768,24,0.004663764,0.001438458,0.003225306
108,768,25,0.004678645,0.001379975,0.00329867
108,768,26,0.004779336,0.001415412,0.003363924
108,768,27,0.004968014,0.001494004,0.00347401
108,768,28,0.004715608,0.001269339,0.003446269
108,768,29,0.004568185,0.001023004,0.003545181
108,768,30,0.00471941,0.001156061,0.003563349
108,768,31,0.004761422,0.001207457,0.003553965
108,768,32,0.004537516,0.000907068,0.003630448
108,768,33,0.004773413,0.001084104,0.003689309
108,768,34,0.004449729,0.000689545,0.003760184
108,768,35,0.004761535,0.000996058,0.003765477
108,768,36,0.004355427,0.000676485,0.003678942
108,768,37,0.004650123,0.000891618,0.003758505
108,768,38,0.004749763,0.000983763,0.003766
108,768,39,0.004527257,0.000744707,0.00378255
108,768,40,0.004674827,0.00092266,0.003752167
108,768,41,0.004465062,0.000685476,0.003779586
108,768,42,0.004512286,0.000741525,0.003770761
108,768,43,0.004580695,0.000728532,0.003852163
108,768,44,0.004517282,0.000662253,0.003855029
108,768,45,0.004599531,0.000769196,0.003830335
108,768,46,0.004575034,0.000751526,0.003823508
108,768,47,0.004685985,0.000753642,0.003932343
108,768,48,0.004485434,0.000600355,0.003885079
108,768,49,0.004565227,0.000644869,0.003920358
108,768,50,0.004527913,0.00056803,0.003959883
108,768,51,0.004544657,0.000616509,0.003928148
108,768,52,0.004446824,0.000576157,0.003870667
108,768,53,0.004744873,0.000873382,0.003871491
108,768,54,0.004715503,0.000860414,0.003855089
108,768,55,0.004422832,0.000588941,0.003833891
108,768,56,0.004556217,0.000736877,0.00381934
108,768,57,0.004635081,0.000772334,0.003862747
108,768,58,0.004547328,0.000716964,0.003830364
108,768,59,0.004447178,0.000606736,0.003840442
108,768,60,0.004477501,0.000716772,0.003760729
108,768,61,0.004535358,0.000690035,0.003845323
108,768,62,0.004608245,0.000888368,0.003719877
108,768,63,0.005585963,0.001797652,0.003788311
108,768,64,0.00504326,0.001361974,0.003681286
108,768,65,0.004548692,0.000738872,0.00380982
108,768,66,0.004417921,0.000601117,0.003816804
108,768,67,0.005928181,0.00224334,0.003684841
108,768,68,0.005400241,0.001476867,0.003923374
108,768,69,0.004575441,0.000638904,0.003936537
108,768,70,0.004488397,0.000606551,0.003881846
108,768,71,0.004476281,0.000579859,0.003896422
108,768,72,0.004407577,0.000604853,0.003802724
108,768,73,0.004584471,0.000694161,0.00389031
108,768,74,0.004477348,0.000702257,0.003775091
108,768,75,0.004411365,0.000678551,0.003732814
108,768,76,0.00576514,0.002055975,0.003709165
108,768,77,0.005096342,0.001262707,0.003833635
108,768,78,0.004382639,0.000725878,0.003656761
108,768,79,0.00436389,0.000673419,0.003690471
108,768,80,0.004274827,0.000594962,0.003679865
108,768,81,0.004367082,0.000640156,0.003726926
108,768,82,0.004750903,0.001066698,0.003684205
108,768,83,0.004582214,0.00093749,0.003644724
108,768,84,0.004305863,0.000648009,0.003657854
108,768,85,0.004445994,0.0007205,0.003725494
108,768,86,0.004148196,0.000667716,0.00348048
108,768,87,0.007287274,0.00380661,0.003480664
108,768,88,0.005004775,0.001484141,0.003520634
108,768,89,0.004780212,0.001153451,0.003626761
108,768,90,0.004461997,0.000670303,0.003791694
108,768,91,0.004539796,0.000867781,0.003672015
108,768,92,0.004775787,0.001125695,0.003650092
108,768,93,0.006272762,0.002339112,0.00393365
108,768,94,0.004922462,0.000905488,0.004016974
108,768,95,0.004364486,0.000479338,0.003885148
108,768,96,0.004339181,0.000501793,0.003837388
108,768,97,0.00418757,0.000479412,0.003708158
108,768,98,0.004402526,0.000608069,0.003794457
108,768,99,0.005954976,0.002285661,0.003669315
108,768,100,0.00466693,0.00100614,0.00366079
108,768,101,0.004513112,0.000768013,0.003745099
108,768,102,0.007342977,0.003645303,0.003697674
108,768,103,0.00521644,0.001499741,0.003716699
108,768,104,0.004097934,0.000418602,0.003679332
108,768,105,0.005585307,0.001994153,0.003591154
108,768,106,0.004811399,0.001204711,0.003606688
108,768,107,0.008424927,0.004796575,0.003628352
108,768,108,0.004209879,0.00060084,0.003609039
108,768,109,0.004482647,0.000644325,0.003838322
108,768,110,0.004188664,0.000484696,0.003703968
109,768,1,0.757506954,0.633214361,0.124292593
109,768,2,0.043825265,0.040786087,0.003039178
109,768,3,0.066800359,0.063770277,0.003030082
109,768,4,0.003688861,0.000557368,0.003131493
109,768,5,0.003705253,0.000534643,0.00317061
109,768,6,0.003667306,0.000426909,0.003240397
109,768,7,0.003712943,0.000428142,0.003284801
109,768,8,0.003798113,0.000416886,0.003381227
109,768,9,0.003952721,0.000522468,0.003430253
109,768,10,0.003790008,0.000526117,0.003263891
109,768,11,0.003634294,0.000387688,0.003246606
109,768,12,0.00356952,0.000392303,0.003177217
109,768,13,0.003845342,0.000577928,0.003267414
109,768,14,0.0036,0.000394971,0.003205029
109,768,15,0.003545137,0.00040913,0.003136007
109,768,16,0.027318241,0.024289249,0.003028992
109,768,17,0.026315269,0.023245666,0.003069603
109,768,18,0.005076187,0.001894726,0.003181461
109,768,19,0.004326777,0.001190874,0.003135903
109,768,20,0.004073129,0.000918916,0.003154213
109,768,21,0.004848316,0.001667829,0.003180487
109,768,22,0.004665713,0.00142784,0.003237873
109,768,23,0.004515587,0.001338338,0.003177249
109,768,24,0.004672415,0.001434944,0.003237471
109,768,25,0.00473491,0.001415295,0.003319615
109,768,26,0.004769107,0.001511266,0.003257841
109,768,27,0.005086904,0.001538865,0.003548039
109,768,28,0.004451996,0.000973399,0.003478597
109,768,29,0.004744677,0.001177927,0.00356675
109,768,30,0.004687547,0.001089976,0.003597571
109,768,31,0.004669731,0.001091868,0.003577863
109,768,32,0.004731502,0.000994183,0.003737319
109,768,33,0.004406026,0.000705828,0.003700198
109,768,34,0.004929316,0.001095088,0.003834228
109,768,35,0.004346746,0.000679243,0.003667503
109,768,36,0.004591284,0.000874368,0.003716916
109,768,37,0.00473461,0.000874203,0.003860407
109,768,38,0.004521936,0.000718685,0.003803251
109,768,39,0.004670582,0.000854868,0.003815714
109,768,40,0.004440478,0.000589915,0.003850563
109,768,41,0.004505169,0.000704645,0.003800524
109,768,42,0.004516516,0.000710966,0.00380555
109,768,43,0.004541182,0.000653072,0.00388811
109,768,44,0.0045674,0.00070106,0.00386634
109,768,45,0.004704248,0.000746342,0.003957906
109,768,46,0.004511583,0.000618416,0.003893167
109,768,47,0.004503124,0.000560535,0.003942589
109,768,48,0.004576131,0.000591293,0.003984838
109,768,49,0.004474447,0.000567541,0.003906906
109,768,50,0.004633232,0.000692327,0.003940905
109,768,51,0.004508574,0.000684398,0.003824176
109,768,52,0.004742369,0.000917349,0.00382502
109,768,53,0.004716921,0.000853958,0.003862963
109,768,54,0.004436663,0.000643694,0.003792969
109,768,55,0.004639079,0.000852796,0.003786283
109,768,56,0.004563201,0.000716866,0.003846335
109,768,57,0.004524014,0.000742125,0.003781889
109,768,58,0.004503175,0.000634662,0.003868513
109,768,59,0.004476163,0.00075205,0.003724113
109,768,60,0.004425519,0.000707433,0.003718086
109,768,61,0.00469139,0.000908166,0.003783224
109,768,62,0.004548782,0.000741677,0.003807105
109,768,63,0.004847304,0.001008791,0.003838513
109,768,64,0.004445727,0.000690125,0.003755602
109,768,65,0.005066578,0.001256632,0.003809946
109,768,66,0.00679124,0.003094884,0.003696356
109,768,67,0.004877987,0.001030173,0.003847814
109,768,68,0.004710117,0.000808025,0.003902092
109,768,69,0.004578319,0.000510006,0.004068313
109,768,70,0.004459666,0.000561016,0.00389865
109,768,71,0.004506681,0.000600136,0.003906545
109,768,72,0.004573583,0.000580514,0.003993069
109,768,73,0.004498689,0.000651367,0.003847322
109,768,74,0.004484405,0.00062549,0.003858915
109,768,75,0.005837944,0.002043449,0.003794495
109,768,76,0.005016768,0.001029101,0.003987667
109,768,77,0.004522525,0.000575511,0.003947014
109,768,78,0.004350508,0.000547582,0.003802926
109,768,79,0.004247436,0.000581508,0.003665928
109,768,80,0.004287298,0.000590816,0.003696482
109,768,81,0.004860229,0.001144408,0.003715821
109,768,82,0.004605612,0.000864306,0.003741306
109,768,83,0.004218254,0.00062051,0.003597744
109,768,84,0.004294215,0.000749204,0.003545011
109,768,85,0.004601843,0.000837783,0.00376406
109,768,86,0.005098868,0.001722914,0.003375954
109,768,87,0.005520593,0.002014705,0.003505888
109,768,88,0.005443045,0.0019136,0.003529445
109,768,89,0.00498507,0.001307651,0.003677419
109,768,90,0.004766939,0.000968519,0.00379842
109,768,91,0.004451447,0.000773603,0.003677844
109,768,92,0.0058676,0.002026469,0.003841131
109,768,93,0.005395161,0.001281503,0.004113658
109,768,94,0.004451748,0.000497367,0.003954381
109,768,95,0.00435998,0.0004939,0.00386608
109,768,96,0.00437862,0.000470199,0.003908421
109,768,97,0.004250327,0.000507654,0.003742673
109,768,98,0.004283731,0.00049697,0.003786761
109,768,99,0.004193871,0.000470619,0.003723252
109,768,100,0.005402541,0.001736843,0.003665698
109,768,101,0.005006011,0.00127621,0.003729801
109,768,102,0.004669138,0.000812272,0.003856866
109,768,103,0.006913528,0.003183878,0.00372965
109,768,104,0.00519282,0.001485947,0.003706873
109,768,105,0.004247794,0.000660948,0.003586846
109,768,106,0.007573329,0.003987686,0.003585643
109,768,107,0.004028204,0.00046405,0.003564154
109,768,108,0.00686454,0.00322595,0.00363859
109,768,109,0.004530603,0.000614946,0.003915657
109,768,110,0.004360092,0.000562147,0.003797945
110,768,1,0.752967832,0.629474993,0.123492839
110,768,2,0.11185044,0.108767607,0.003082833
110,768,3,0.003654209,0.000461138,0.003193071
110,768,4,0.003658032,0.000418944,0.003239088
110,768,5,0.003597648,0.00039484,0.003202808
110,768,6,0.003651422,0.000382651,0.003268771
110,768,7,0.003765429,0.000391343,0.003374086
110,768,8,0.00385982,0.000458269,0.003401551
110,768,9,0.003937349,0.000464526,0.003472823
110,768,10,0.003699429,0.000427132,0.003272297
110,768,11,0.003679049,0.000391419,0.00328763
110,768,12,0.003682658,0.000378266,0.003304392
110,768,13,0.003622736,0.000393225,0.003229511
110,768,14,0.003622031,0.000392487,0.003229544
110,768,15,0.026981887,0.023905581,0.003076306
110,768,16,0.026772102,0.023658544,0.003113558
110,768,17,0.00491899,0.001806926,0.003112064
110,768,18,0.004386504,0.001262487,0.003124017
110,768,19,0.004135288,0.000917635,0.003217653
110,768,20,0.004159579,0.000976922,0.003182657
110,768,21,0.004570232,0.001423224,0.003147008
110,768,22,0.00450159,0.001270932,0.003230658
110,768,23,0.004673691,0.001493779,0.003179912
110,768,24,0.004703148,0.001405481,0.003297667
110,768,25,0.004570139,0.001327111,0.003243028
110,768,26,0.004890318,0.001589393,0.003300925
110,768,27,0.004794872,0.001278633,0.003516239
110,768,28,0.004864162,0.001309235,0.003554927
110,768,29,0.004558725,0.000968848,0.003589877
110,768,30,0.004617541,0.000998149,0.003619392
110,768,31,0.004761088,0.001198685,0.003562403
110,768,32,0.004602192,0.000920958,0.003681234
110,768,33,0.004801903,0.001043338,0.003758565
110,768,34,0.004532097,0.000758873,0.003773224
110,768,35,0.004592601,0.000782997,0.003809604
110,768,36,0.00461826,0.000811509,0.003806751
110,768,37,0.004445759,0.000616445,0.003829314
110,768,38,0.004674038,0.00083535,0.003838688
110,768,39,0.004415412,0.000590423,0.003824989
110,768,40,0.004593587,0.000688043,0.003905544
110,768,41,0.004438556,0.000598021,0.003840535
110,768,42,0.004511285,0.00066413,0.003847155
110,768,43,0.004534913,0.000599995,0.003934918
110,768,44,0.004567767,0.000686762,0.003881005
110,768,45,0.004528776,0.00059604,0.003932736
110,768,46,0.004522896,0.000629988,0.003892908
110,768,47,0.004622358,0.000615124,0.004007234
110,768,48,0.004544628,0.000642026,0.003902602
110,768,49,0.004620639,0.000602416,0.004018223
110,768,50,0.00466346,0.000738565,0.003924895
110,768,51,0.004695587,0.000759247,0.00393634
110,768,52,0.004691253,0.00080555,0.003885703
110,768,53,0.004511735,0.000614923,0.003896812
110,768,54,0.004642555,0.00076421,0.003878345
110,768,55,0.004470988,0.000597774,0.003873214
110,768,56,0.004519323,0.000688107,0.003831216
110,768,57,0.004532351,0.000620539,0.003911812
110,768,58,0.00457415,0.000731786,0.003842364
110,768,59,0.004498542,0.000641014,0.003857528
110,768,60,0.004574694,0.000728873,0.003845821
110,768,61,0.004583847,0.000717752,0.003866095
110,768,62,0.004751096,0.000836866,0.00391423
110,768,63,0.004543105,0.000606125,0.00393698
110,768,64,0.004492378,0.000587329,0.003905049
110,768,65,0.004527446,0.000570296,0.00395715
110,768,66,0.004525453,0.000599532,0.003925921
110,768,67,0.006235125,0.002412815,0.00382231
110,768,68,0.005079967,0.001107518,0.003972449
110,768,69,0.004717679,0.000731202,0.003986477
110,768,70,0.00456046,0.000561365,0.003999095
110,768,71,0.004540889,0.000579721,0.003961168
110,768,72,0.004551799,0.000567953,0.003983846
110,768,73,0.004647017,0.000614389,0.004032628
110,768,74,0.006478868,0.002593789,0.003885079
110,768,75,0.004856783,0.000862176,0.003994607
110,768,76,0.004429188,0.000485851,0.003943337
110,768,77,0.00453483,0.00054212,0.00399271
110,768,78,0.004351344,0.00055112,0.003800224
110,768,79,0.00426122,0.000535061,0.003726159
110,768,80,0.004864876,0.001174117,0.003690759
110,768,81,0.00467159,0.000929449,0.003742141
110,768,82,0.004297088,0.000632601,0.003664487
110,768,83,0.004296286,0.000626413,0.003669873
110,768,84,0.004249932,0.000651098,0.003598834
110,768,85,0.005691892,0.002298264,0.003393628
110,768,86,0.004893984,0.001400102,0.003493882
110,768,87,0.00518283,0.001701392,0.003481438
110,768,88,0.005178664,0.001642003,0.003536661
110,768,89,0.004998674,0.001192005,0.003806669
110,768,90,0.004383895,0.000656607,0.003727288
110,768,91,0.004575147,0.000757691,0.003817456
110,768,92,0.00476866,0.000974299,0.003794361
110,768,93,0.00483302,0.000890877,0.003942143
110,768,94,0.005200588,0.001249305,0.003951283
110,768,95,0.004546695,0.000576746,0.003969949
110,768,96,0.004355397,0.000485941,0.003869456
110,768,97,0.004312346,0.000477505,0.003834841
110,768,98,0.004332103,0.00048654,0.003845563
110,768,99,0.004306215,0.000482827,0.003823388
110,768,100,0.004507175,0.000769048,0.003738127
110,768,101,0.005137349,0.001369964,0.003767385
110,768,102,0.00780809,0.004027547,0.003780543
110,768,103,0.004443156,0.000658432,0.003784724
110,768,104,0.004108414,0.000448358,0.003660056
110,768,105,0.004984005,0.001355779,0.003628226
110,768,106,0.004342956,0.000694235,0.003648721
110,768,107,0.007464748,0.003875265,0.003589483
110,768,108,0.004050168,0.00041672,0.003633448
110,768,109,0.007240996,0.003313971,0.003927025
110,768,110,0.004386667,0.000583408,0.003803259
111,768,1,0.752998339,0.629566727,0.123431612
111,768,2,0.046390648,0.043362517,0.003028131
111,768,3,0.068720552,0.065681599,0.003038953
111,768,4,0.003775481,0.000642109,0.003133372
111,768,5,0.003671222,0.000501721,0.003169501
111,768,6,0.003622029,0.000372331,0.003249698
111,768,7,0.003671226,0.000408865,0.003262361
111,768,8,0.003841529,0.000500834,0.003340695
111,768,9,0.003938534,0.000514657,0.003423877
111,768,10,0.003771113,0.000513247,0.003257866
111,768,11,0.003712071,0.000470299,0.003241772
111,768,12,0.003563669,0.000387917,0.003175752
111,768,13,0.003787292,0.000569389,0.003217903
111,768,14,0.02751467,0.024478591,0.003036079
111,768,15,0.026835076,0.023757169,0.003077907
111,768,16,0.004917364,0.001828469,0.003088895
111,768,17,0.004389054,0.001203164,0.00318589
111,768,18,0.004008625,0.0008185,0.003190125
111,768,19,0.003913356,0.00069941,0.003213946
111,768,20,0.004098046,0.000904333,0.003193713
111,768,21,0.004468319,0.00129304,0.003175279
111,768,22,0.004568572,0.001365565,0.003203007
111,768,23,0.004470205,0.001290566,0.003179639
111,768,24,0.004768456,0.001617032,0.003151424
111,768,25,0.004706356,0.001402976,0.00330338
111,768,26,0.004679276,0.001388518,0.003290758
111,768,27,0.004810511,0.001383397,0.003427114
111,768,28,0.004658959,0.00112555,0.003533409
111,768,29,0.004836517,0.0012651,0.003571417
111,768,30,0.004249432,0.000724155,0.003525277
111,768,31,0.004961483,0.001375787,0.003585696
111,768,32,0.004532756,0.000907719,0.003625037
111,768,33,0.004618138,0.000870558,0.00374758
111,768,34,0.004458046,0.000777838,0.003680208
111,768,35,0.00455284,0.000892474,0.003660366
111,768,36,0.004670317,0.000967357,0.00370296
111,768,37,0.00441144,0.000712821,0.003698619
111,768,38,0.004449499,0.000724686,0.003724813
111,768,39,0.004617345,0.000877077,0.003740268
111,768,40,0.004650782,0.00088495,0.003765832
111,768,41,0.004467255,0.000696551,0.003770704
111,768,42,0.004480216,0.000752984,0.003727232
111,768,43,0.004612836,0.000852345,0.003760491
111,768,44,0.004538421,0.000845024,0.003693397
111,768,45,0.005015852,0.001174519,0.003841333
111,768,46,0.004272969,0.000626133,0.003646836
111,768,47,0.004910899,0.00108037,0.003830529
111,768,48,0.004477441,0.000736894,0.003740547
111,768,49,0.004784222,0.000975654,0.003808568
111,768,50,0.004746946,0.000968019,0.003778927
111,768,51,0.004760908,0.000931071,0.003829837
111,768,52,0.004412368,0.000656707,0.003755661
111,768,53,0.004752892,0.000906981,0.003845911
111,768,54,0.004384674,0.000647031,0.003737643
111,768,55,0.004633283,0.000847278,0.003786005
111,768,56,0.004442205,0.000719883,0.003722322
111,768,57,0.004673582,0.00089086,0.003782722
111,768,58,0.004433549,0.000688884,0.003744665
111,768,59,0.004582955,0.00085412,0.003728835
111,768,60,0.004576812,0.000794159,0.003782653
111,768,61,0.004716282,0.00084085,0.003875432
111,768,62,0.004464355,0.000643982,0.003820373
111,768,63,0.004513768,0.000608096,0.003905672
111,768,64,0.004459245,0.000596094,0.003863151
111,768,65,0.004514144,0.000578682,0.003935462
111,768,66,0.00449473,0.000561849,0.003932881
111,768,67,0.004741903,0.000766188,0.003975715
111,768,68,0.006551239,0.002756407,0.003794832
111,768,69,0.004541124,0.000612849,0.003928275
111,768,70,0.004508661,0.000557876,0.003950785
111,768,71,0.004456079,0.000582408,0.003873671
111,768,72,0.004410164,0.000594068,0.003816096
111,768,73,0.004720665,0.00085461,0.003866055
111,768,74,0.004881125,0.001052554,0.003828571
111,768,75,0.00575262,0.001847543,0.003905077
111,768,76,0.004904363,0.000999102,0.003905261
111,768,77,0.004454011,0.000560336,0.003893675
111,768,78,0.004370195,0.00056309,0.003807105
111,768,79,0.005648408,0.002040685,0.003607723
111,768,80,0.004606463,0.00090268,0.003703783
111,768,81,0.004338588,0.000608987,0.003729601
111,768,82,0.004283114,0.000613422,0.003669692
111,768,83,0.004302927,0.000628177,0.00367475
111,768,84,0.006024545,0.002501633,0.003522912
111,768,85,0.004793904,0.001373279,0.003420625
111,768,86,0.004629499,0.001227883,0.003401616
111,768,87,0.004881614,0.001391559,0.003490055
111,768,88,0.005105382,0.001560253,0.003545129
111,768,89,0.004769486,0.00105665,0.003712836
111,768,90,0.004504296,0.00072624,0.003778056
111,768,91,0.004475146,0.000829753,0.003645393
111,768,92,0.004493378,0.000766921,0.003726457
111,768,93,0.004424561,0.0005147,0.003909861
111,768,94,0.004475647,0.000580492,0.003895155
111,768,95,0.00504688,0.001157001,0.003889879
111,768,96,0.004436204,0.00061413,0.003822074
111,768,97,0.004296793,0.000543014,0.003753779
111,768,98,0.00469296,0.000944762,0.003748198
111,768,99,0.004922043,0.001253123,0.00366892
111,768,100,0.004834694,0.001203584,0.00363111
111,768,101,0.007965283,0.004176523,0.00378876
111,768,102,0.004476127,0.000771607,0.00370452
111,768,103,0.004227074,0.000502337,0.003724737
111,768,104,0.004088705,0.000464388,0.003624317
111,768,105,0.004409668,0.000854036,0.003555632
111,768,106,0.004431618,0.000846049,0.003585569
111,768,107,0.00535791,0.001883916,0.003473994
111,768,108,0.006167714,0.002557958,0.003609756
111,768,109,0.007633757,0.003773786,0.003859971
111,768,110,0.006203281,0.002553254,0.003650027
112,768,1,0.758187813,0.634287071,0.123900742
112,768,2,0.047329898,0.04430497,0.003024928
112,768,3,0.021809338,0.018745987,0.003063351
112,768,4,0.04388074,0.040834081,0.003046659
112,768,5,0.003988928,0.000780884,0.003208044
112,768,6,0.003592817,0.000393225,0.003199592
112,768,7,0.003695914,0.000396008,0.003299906
112,768,8,0.003764303,0.000410938,0.003353365
112,768,9,0.003936793,0.000500266,0.003436527
112,768,10,0.0038137,0.000501023,0.003312677
112,768,11,0.003619054,0.000404073,0.003214981
112,768,12,0.003771155,0.000551784,0.003219371
112,768,13,0.028304643,0.025277763,0.00302688
112,768,14,0.026773167,0.023721673,0.003051494
112,768,15,0.004906553,0.001856804,0.003049749
112,768,16,0.004376134,0.001234248,0.003141886
112,768,17,0.003948408,0.000805683,0.003142725
112,768,18,0.003895666,0.000729791,0.003165875
112,768,19,0.003869311,0.00071217,0.003157141
112,768,20,0.004193159,0.001034579,0.00315858
112,768,21,0.004706652,0.00156176,0.003144892
112,768,22,0.00451644,0.001270381,0.003246059
112,768,23,0.004677955,0.001482185,0.00319577
112,768,24,0.004573971,0.001394941,0.00317903
112,768,25,0.004672567,0.001398323,0.003274244
112,768,26,0.004889722,0.001502936,0.003386786
112,768,27,0.004633097,0.001154169,0.003478928
112,768,28,0.004673098,0.00118011,0.003492988
112,768,29,0.004478476,0.000903992,0.003574484
112,768,30,0.004865434,0.001244228,0.003621206
112,768,31,0.004489363,0.000940217,0.003549146
112,768,32,0.004636519,0.000870789,0.00376573
112,768,33,0.004558478,0.000898045,0.003660433
112,768,34,0.004565476,0.000752102,0.003813374
112,768,35,0.004642931,0.000923847,0.003719084
112,768,36,0.004430208,0.000744124,0.003686084
112,768,37,0.00434081,0.000710192,0.003630618
112,768,38,0.004636694,0.000904141,0.003732553
112,768,39,0.004601451,0.000819113,0.003782338
112,768,40,0.004480126,0.000716318,0.003763808
112,768,41,0.004526109,0.000792615,0.003733494
112,768,42,0.00451917,0.000780927,0.003738243
112,768,43,0.00471067,0.000911652,0.003799018
112,768,44,0.004714384,0.000923648,0.003790736
112,768,45,0.004430091,0.000697006,0.003733085
112,768,46,0.004897288,0.000974417,0.003922871
112,768,47,0.00455997,0.000764987,0.003794983
112,768,48,0.004686753,0.000858521,0.003828232
112,768,49,0.004793136,0.000985595,0.003807541
112,768,50,0.004695108,0.000696315,0.003998793
112,768,51,0.004472203,0.000647599,0.003824604
112,768,52,0.004661767,0.000767813,0.003893954
112,768,53,0.004426515,0.000681398,0.003745117
112,768,54,0.004665953,0.000772438,0.003893515
112,768,55,0.00456262,0.000777071,0.003785549
112,768,56,0.004554738,0.000794477,0.003760261
112,768,57,0.004483364,0.000680737,0.003802627
112,768,58,0.004640479,0.000874962,0.003765517
112,768,59,0.004547585,0.000804513,0.003743072
112,768,60,0.004637012,0.000826924,0.003810088
112,768,61,0.004430374,0.00058812,0.003842254
112,768,62,0.00442109,0.000623807,0.003797283
112,768,63,0.004445094,0.000627738,0.003817356
112,768,64,0.004476288,0.00065089,0.003825398
112,768,65,0.004426381,0.000631968,0.003794413
112,768,66,0.004887924,0.000972202,0.003915722
112,768,67,0.004372154,0.000546226,0.003825928
112,768,68,0.004598551,0.000768349,0.003830202
112,768,69,0.005675053,0.001855553,0.0038195
112,768,70,0.004610096,0.000736332,0.003873764
112,768,71,0.004483305,0.000644799,0.003838506
112,768,72,0.005486665,0.001660454,0.003826211
112,768,73,0.004944088,0.001092031,0.003852057
112,768,74,0.004895028,0.000918558,0.00397647
112,768,75,0.004386317,0.000556178,0.003830139
112,768,76,0.004570185,0.000691541,0.003878644
112,768,77,0.0049434,0.001035614,0.003907786
112,768,78,0.006582137,0.002970338,0.003611799
112,768,79,0.00449854,0.000787139,0.003711401
112,768,80,0.004313013,0.00055935,0.003753663
112,768,81,0.004351257,0.00061354,0.003737717
112,768,82,0.004319532,0.000576172,0.00374336
112,768,83,0.006238738,0.002578986,0.003659752
112,768,84,0.004901264,0.001142657,0.003758607
112,768,85,0.004625248,0.00118672,0.003438528
112,768,86,0.004340288,0.000936944,0.003403344
112,768,87,0.004957142,0.001504762,0.00345238
112,768,88,0.004836116,0.001071594,0.003764522
112,768,89,0.004671139,0.000898283,0.003772856
112,768,90,0.004282553,0.000595231,0.003687322
112,768,91,0.004349559,0.00076314,0.003586419
112,768,92,0.004417278,0.000674225,0.003743053
112,768,93,0.004589962,0.000683494,0.003906468
112,768,94,0.004457419,0.000509351,0.003948068
112,768,95,0.00436931,0.00055723,0.00381208
112,768,96,0.004451349,0.000662651,0.003788698
112,768,97,0.005577566,0.001815277,0.003762289
112,768,98,0.00488022,0.001100306,0.003779914
112,768,99,0.004479966,0.00083634,0.003643626
112,768,100,0.007915913,0.004205198,0.003710715
112,768,101,0.004727728,0.000974835,0.003752893
112,768,102,0.004403365,0.000707304,0.003696061
112,768,103,0.004176597,0.000472339,0.003704258
112,768,104,0.004479478,0.000812871,0.003666607
112,768,105,0.004399638,0.000868643,0.003530995
112,768,106,0.00543904,0.001866222,0.003572818
112,768,107,0.004553645,0.001046287,0.003507358
112,768,108,0.008923875,0.005322047,0.003601828
112,768,109,0.004679667,0.000857478,0.003822189
112,768,110,0.005062709,0.00133614,0.003726569
113,768,1,0.754986966,0.631839205,0.123147761
113,768,2,0.069237055,0.066165236,0.003071819
113,768,3,0.003653943,0.000525745,0.003128198
113,768,4,0.003531318,0.000394765,0.003136553
113,768,5,0.043034951,0.039964978,0.003069973
113,768,6,0.004169814,0.00097757,0.003192244
113,768,7,0.003697748,0.000403167,0.003294581
113,768,8,0.00381225,0.000432155,0.003380095
113,768,9,0.00385031,0.000423525,0.003426785
113,768,10,0.003711533,0.000418225,0.003293308
113,768,11,0.00372147,0.000477603,0.003243867
113,768,12,0.003619715,0.000387931,0.003231784
113,768,13,0.051866485,0.04880289,0.003063595
113,768,14,0.005017235,0.001955845,0.00306139
113,768,15,0.004310854,0.001142387,0.003168467
113,768,16,0.004040342,0.000864335,0.003176007
113,768,17,0.003922595,0.000736735,0.00318586
113,768,18,0.003881387,0.000675568,0.003205819
113,768,19,0.003841575,0.000609779,0.003231796
113,768,20,0.004417829,0.0012549,0.003162929
113,768,21,0.004666037,0.001414418,0.003251619
113,768,22,0.004518132,0.001379256,0.003138876
113,768,23,0.00452834,0.001274111,0.003254229
113,768,24,0.004666912,0.001397511,0.003269401
113,768,25,0.00492689,0.001671122,0.003255768
113,768,26,0.004613762,0.00116942,0.003444342
113,768,27,0.004623355,0.001206746,0.003416609
113,768,28,0.004660386,0.001094876,0.00356551
113,768,29,0.004839648,0.001180437,0.003659211
113,768,30,0.004479183,0.000923294,0.003555889
113,768,31,0.004474696,0.000808208,0.003666488
113,768,32,0.004677414,0.00098299,0.003694424
113,768,33,0.004559629,0.000771855,0.003787774
113,768,34,0.004691118,0.000880461,0.003810657
113,768,35,0.004580643,0.00075467,0.003825973
113,768,36,0.004318968,0.000635454,0.003683514
113,768,37,0.004504729,0.000789009,0.00371572
113,768,38,0.00460501,0.000883972,0.003721038
113,768,39,0.004468499,0.000768008,0.003700491
113,768,40,0.004646245,0.000902649,0.003743596
113,768,41,0.004420625,0.000725378,0.003695247
113,768,42,0.004697487,0.000996362,0.003701125
113,768,43,0.004698504,0.00091413,0.003784374
113,768,44,0.004472871,0.000756431,0.00371644
113,768,45,0.004797109,0.000984985,0.003812124
113,768,46,0.004614309,0.000856519,0.00375779
113,768,47,0.004703137,0.000939335,0.003763802
113,768,48,0.004805835,0.000958465,0.00384737
113,768,49,0.004523847,0.000678124,0.003845723
113,768,50,0.004525746,0.000691628,0.003834118
113,768,51,0.00475037,0.000976085,0.003774285
113,768,52,0.004568874,0.000789561,0.003779313
113,768,53,0.004585188,0.000822287,0.003762901
113,768,54,0.004660793,0.000806984,0.003853809
113,768,55,0.004506372,0.000752764,0.003753608
113,768,56,0.004523991,0.000721939,0.003802052
113,768,57,0.004638863,0.0008483,0.003790563
113,768,58,0.004570693,0.00072995,0.003840743
113,768,59,0.004551939,0.000701145,0.003850794
113,768,60,0.004353282,0.00059298,0.003760302
113,768,61,0.004437196,0.000625636,0.00381156
113,768,62,0.004411682,0.000597299,0.003814383
113,768,63,0.004511612,0.000703736,0.003807876
113,768,64,0.004563195,0.000791166,0.003772029
113,768,65,0.004729419,0.000879159,0.00385026
113,768,66,0.004382681,0.000645356,0.003737325
113,768,67,0.004720714,0.000880276,0.003840438
113,768,68,0.004411123,0.000639277,0.003771846
113,768,69,0.004766225,0.000836773,0.003929452
113,768,70,0.00522284,0.001253359,0.003969481
113,768,71,0.005809102,0.001999135,0.003809967
113,768,72,0.004833623,0.000909958,0.003923665
113,768,73,0.004907262,0.001050662,0.0038566
113,768,74,0.004362134,0.000508385,0.003853749
113,768,75,0.004552305,0.00063072,0.003921585
113,768,76,0.004391511,0.000558013,0.003833498
113,768,77,0.004649609,0.000669797,0.003979812
113,768,78,0.004395064,0.000657207,0.003737857
113,768,79,0.006031633,0.002394214,0.003637419
113,768,80,0.004567698,0.000835646,0.003732052
113,768,81,0.004361827,0.000620356,0.003741471
113,768,82,0.006989448,0.003441777,0.003547671
113,768,83,0.004578682,0.000986252,0.00359243
113,768,84,0.004626624,0.000953783,0.003672841
113,768,85,0.004620433,0.001133608,0.003486825
113,768,86,0.004457099,0.001045035,0.003412064
113,768,87,0.004692857,0.001304294,0.003388563
113,768,88,0.004836447,0.001232307,0.00360414
113,768,89,0.004868075,0.001053315,0.00381476
113,768,90,0.004305977,0.000689175,0.003616802
113,768,91,0.00441114,0.000757648,0.003653492
113,768,92,0.004423506,0.000718413,0.003705093
113,768,93,0.004277782,0.000401203,0.003876579
113,768,94,0.004396081,0.000500613,0.003895468
113,768,95,0.004365719,0.000538378,0.003827341
113,768,96,0.006080584,0.002260789,0.003819795
113,768,97,0.004874806,0.001099673,0.003775133
113,768,98,0.004524217,0.000707646,0.003816571
113,768,99,0.007890803,0.00421432,0.003676483
113,768,100,0.004399996,0.000687469,0.003712527
113,768,101,0.004723223,0.000871465,0.003851758
113,768,102,0.004181887,0.000468538,0.003713349
113,768,103,0.004530822,0.000791429,0.003739393
113,768,104,0.004619222,0.000943062,0.00367616
113,768,105,0.005192401,0.001580349,0.003612052
113,768,106,0.004316781,0.000718559,0.003598222
113,768,107,0.009314692,0.005665358,0.003649334
113,768,108,0.004389561,0.000781431,0.00360813
113,768,109,0.005134363,0.001228077,0.003906286
113,768,110,0.004279501,0.000598544,0.003680957
114,768,1,0.75444617,0.631551084,0.122895086
114,768,2,0.003600181,0.000474961,0.00312522
114,768,3,0.003551276,0.000387861,0.003163415
114,768,4,0.003494822,0.000376728,0.003118094
114,768,5,0.003515273,0.00036406,0.003151213
114,768,6,0.042572049,0.039459679,0.00311237
114,768,7,0.004279885,0.00098567,0.003294215
114,768,8,0.003762459,0.000449812,0.003312647
114,768,9,0.00380627,0.000418861,0.003387409
114,768,10,0.003824561,0.000510019,0.003314542
114,768,11,0.003675762,0.000409698,0.003266064
114,768,12,0.052110051,0.049050096,0.003059955
114,768,13,0.004981042,0.001936742,0.0030443
114,768,14,0.004355721,0.001215704,0.003140017
114,768,15,0.004083518,0.000944606,0.003138912
114,768,16,0.004045565,0.000911248,0.003134317
114,768,17,0.00394592,0.000787024,0.003158896
114,768,18,0.003790764,0.000622552,0.003168212
114,768,19,0.003982122,0.000789493,0.003192629
114,768,20,0.004736743,0.001523167,0.003213576
114,768,21,0.004352809,0.001212753,0.003140056
114,768,22,0.004632909,0.00139475,0.003238159
114,768,23,0.004399388,0.001250155,0.003149233
114,768,24,0.004899643,0.001658877,0.003240766
114,768,25,0.004706354,0.001412226,0.003294128
114,768,26,0.004752223,0.001390486,0.003361737
114,768,27,0.004482165,0.001042963,0.003439202
114,768,28,0.004764783,0.001199516,0.003565267
114,768,29,0.004480193,0.000880768,0.003599425
114,768,30,0.004749835,0.001093189,0.003656646
114,768,31,0.004508285,0.000886993,0.003621292
114,768,32,0.004622087,0.000813455,0.003808632
114,768,33,0.004651042,0.000915359,0.003735683
114,768,34,0.004657597,0.000751669,0.003905928
114,768,35,0.004423168,0.000647664,0.003775504
114,768,36,0.004426986,0.000640531,0.003786455
114,768,37,0.004463881,0.000743174,0.003720707
114,768,38,0.004667558,0.000878422,0.003789136
114,768,39,0.004552349,0.000800561,0.003751788
114,768,40,0.004477112,0.000751987,0.003725125
114,768,41,0.004701895,0.000988615,0.00371328
114,768,42,0.004653723,0.000877444,0.003776279
114,768,43,0.004510191,0.000713703,0.003796488
114,768,44,0.004749008,0.000968447,0.003780561
114,768,45,0.004596046,0.000877254,0.003718792
114,768,46,0.004822196,0.001077276,0.00374492
114,768,47,0.004606896,0.000822913,0.003783983
114,768,48,0.00450092,0.000721495,0.003779425
114,768,49,0.004641141,0.000910776,0.003730365
114,768,50,0.004859436,0.001044168,0.003815268
114,768,51,0.004554016,0.000771894,0.003782122
114,768,52,0.004537896,0.000780046,0.00375785
114,768,53,0.004581577,0.000793838,0.003787739
114,768,54,0.004571845,0.000831052,0.003740793
114,768,55,0.004523155,0.00075718,0.003765975
114,768,56,0.004661038,0.000849394,0.003811644
114,768,57,0.004491888,0.000667636,0.003824252
114,768,58,0.004561999,0.000749382,0.003812617
114,768,59,0.004455308,0.000648005,0.003807303
114,768,60,0.004345138,0.000613172,0.003731966
114,768,61,0.004416455,0.000633952,0.003782503
114,768,62,0.004387955,0.000660093,0.003727862
114,768,63,0.004686485,0.000891452,0.003795033
114,768,64,0.004666584,0.000896065,0.003770519
114,768,65,0.004433673,0.000644482,0.003789191
114,768,66,0.004700788,0.000923599,0.003777189
114,768,67,0.004377721,0.000588511,0.00378921
114,768,68,0.00476358,0.000860974,0.003902606
114,768,69,0.005154204,0.001262428,0.003891776
114,768,70,0.005844364,0.002095051,0.003749313
114,768,71,0.004608529,0.000736539,0.00387199
114,768,72,0.004979134,0.001092924,0.00388621
114,768,73,0.004464318,0.000594787,0.003869531
114,768,74,0.004638513,0.000692867,0.003945646
114,768,75,0.004471436,0.000527311,0.003944125
114,768,76,0.004397036,0.000544266,0.00385277
114,768,77,0.004523084,0.000592606,0.003930478
114,768,78,0.00439474,0.000595839,0.003798901
114,768,79,0.004214231,0.000594812,0.003619419
114,768,80,0.005366547,0.001708891,0.003657656
114,768,81,0.004602888,0.000953252,0.003649636
114,768,82,0.004192517,0.000656253,0.003536264
114,768,83,0.007154021,0.003551964,0.003602057
114,768,84,0.005113338,0.001360009,0.003753329
114,768,85,0.004577764,0.00108543,0.003492334
114,768,86,0.004451404,0.001005915,0.003445489
114,768,87,0.004731833,0.001274504,0.003457329
114,768,88,0.004866549,0.001218211,0.003648338
114,768,89,0.004870947,0.001094503,0.003776444
114,768,90,0.004238006,0.000611212,0.003626794
114,768,91,0.004557844,0.000886628,0.003671216
114,768,92,0.004420562,0.000687234,0.003733328
114,768,93,0.004432917,0.000451242,0.003981675
114,768,94,0.004495683,0.000535309,0.003960374
114,768,95,0.006312614,0.00250382,0.003808794
114,768,96,0.004994413,0.001255234,0.003739179
114,768,97,0.004423134,0.000676571,0.003746563
114,768,98,0.006880034,0.003143547,0.003736487
114,768,99,0.005008796,0.001323915,0.003684881
114,768,100,0.004633975,0.00090837,0.003725605
114,768,101,0.004719366,0.000866529,0.003852837
114,768,102,0.00461847,0.000900489,0.003717981
114,768,103,0.004648911,0.000963748,0.003685163
114,768,104,0.005247715,0.001615389,0.003632326
114,768,105,0.004216767,0.000606517,0.00361025
114,768,106,0.009404116,0.005840585,0.003563531
114,768,107,0.004433538,0.00083165,0.003601888
114,768,108,0.004757155,0.001025384,0.003731771
114,768,109,0.004540269,0.000699502,0.003840767
114,768,110,0.005781135,0.002297777,0.003483358
115,768,1,0.759902796,0.635777009,0.124125787
115,768,2,0.064321383,0.061251042,0.003070341
115,768,3,0.003748263,0.000559683,0.00318858
115,768,4,0.003637434,0.000509088,0.003128346
115,768,5,0.003705266,0.000567611,0.003137655
115,768,6,0.021773925,0.018710269,0.003063656
115,768,7,0.023981876,0.020790777,0.003191099
115,768,8,0.004479173,0.001087199,0.003391974
115,768,9,0.003880275,0.000420041,0.003460234
115,768,10,0.003814763,0.000432387,0.003382376
115,768,11,0.052279977,0.049229575,0.003050402
115,768,12,0.005101445,0.002038765,0.00306268
115,768,13,0.004307551,0.001095713,0.003211838
115,768,14,0.004203903,0.001003977,0.003199926
115,768,15,0.004076949,0.00087844,0.003198509
115,768,16,0.004083229,0.000755354,0.003327875
115,768,17,0.003769508,0.000560909,0.003208599
115,768,18,0.00386954,0.00065631,0.00321323
115,768,19,0.004090808,0.000873975,0.003216833
115,768,20,0.004368858,0.001166682,0.003202176
115,768,21,0.004548814,0.001280977,0.003267837
115,768,22,0.004439115,0.001222773,0.003216342
115,768,23,0.00459629,0.001268052,0.003328238
115,768,24,0.004605381,0.001238081,0.0033673
115,768,25,0.004826639,0.001368667,0.003457972
115,768,26,0.004559329,0.001103386,0.003455943
115,768,27,0.004802622,0.001264568,0.003538054
115,768,28,0.004536868,0.000892403,0.003644465
115,768,29,0.004737668,0.001017288,0.00372038
115,768,30,0.004506629,0.000848424,0.003658205
115,768,31,0.004695817,0.001020926,0.003674891
115,768,32,0.004418856,0.000674188,0.003744668
115,768,33,0.00468731,0.000885824,0.003801486
115,768,34,0.004597797,0.000829325,0.003768472
115,768,35,0.004528845,0.000752172,0.003776673
115,768,36,0.004639193,0.000816363,0.00382283
115,768,37,0.004672987,0.000802658,0.003870329
115,768,38,0.004512858,0.000683892,0.003828966
115,768,39,0.004530819,0.000794236,0.003736583
115,768,40,0.004698549,0.000888949,0.0038096
115,768,41,0.004559584,0.000807748,0.003751836
115,768,42,0.004548727,0.000766393,0.003782334
115,768,43,0.004758419,0.000955208,0.003803211
115,768,44,0.004618058,0.000845675,0.003772383
115,768,45,0.004812412,0.000972422,0.00383999
115,768,46,0.004587558,0.000681906,0.003905652
115,768,47,0.004542101,0.00068464,0.003857461
115,768,48,0.004656156,0.000685785,0.003970371
115,768,49,0.004816223,0.000762902,0.004053321
115,768,50,0.004543504,0.000660518,0.003882986
115,768,51,0.004625495,0.000663028,0.003962467
115,768,52,0.004533954,0.000626422,0.003907532
115,768,53,0.004549121,0.000624769,0.003924352
115,768,54,0.004606852,0.000638711,0.003968141
115,768,55,0.00457899,0.000621697,0.003957293
115,768,56,0.004505044,0.000616102,0.003888942
115,768,57,0.004523243,0.000624081,0.003899162
115,768,58,0.00436676,0.00060548,0.00376128
115,768,59,0.004411381,0.000654996,0.003756385
115,768,60,0.004496203,0.000815385,0.003680818
115,768,61,0.004480899,0.000740562,0.003740337
115,768,62,0.004572859,0.000846141,0.003726718
115,768,63,0.004670979,0.00081027,0.003860709
115,768,64,0.004455126,0.000728135,0.003726991
115,768,65,0.004679384,0.000850592,0.003828792
115,768,66,0.004405075,0.000655964,0.003749111
115,768,67,0.004592814,0.000746516,0.003846298
115,768,68,0.004507722,0.000678143,0.003829579
115,768,69,0.006629552,0.002774407,0.003855145
115,768,70,0.004441557,0.000562197,0.00387936
115,768,71,0.004641344,0.000649643,0.003991701
115,768,72,0.004666948,0.000712263,0.003954685
115,768,73,0.004740915,0.000917364,0.003823551
115,768,74,0.004451194,0.000583196,0.003867998
115,768,75,0.004480994,0.000527544,0.00395345
115,768,76,0.004443539,0.000506328,0.003937211
115,768,77,0.00455935,0.000582326,0.003977024
115,768,78,0.004365697,0.00055277,0.003812927
115,768,79,0.004331768,0.000593088,0.00373868
115,768,80,0.004438566,0.000620231,0.003818335
115,768,81,0.00451366,0.000653755,0.003859905
115,768,82,0.004498048,0.000718726,0.003779322
115,768,83,0.004975963,0.001351612,0.003624351
115,768,84,0.006697609,0.003056923,0.003640686
115,768,85,0.005188617,0.001664504,0.003524113
115,768,86,0.004443051,0.001060715,0.003382336
115,768,87,0.004745255,0.00134013,0.003405125
115,768,88,0.004817697,0.001192345,0.003625352
115,768,89,0.004731444,0.000961464,0.00376998
115,768,90,0.004641835,0.001006953,0.003634882
115,768,91,0.004688774,0.000934374,0.0037544
115,768,92,0.004545587,0.00073066,0.003814927
115,768,93,0.004501591,0.000561033,0.003940558
115,768,94,0.006568964,0.002648265,0.003920699
115,768,95,0.005034526,0.00122095,0.003813576
115,768,96,0.004417996,0.00068613,0.003731866
115,768,97,0.006896455,0.003083334,0.003813121
115,768,98,0.005081825,0.001321368,0.003760457
115,768,99,0.004540988,0.000853968,0.00368702
115,768,100,0.004432546,0.000685097,0.003747449
115,768,101,0.004955029,0.001086451,0.003868578
115,768,102,0.004720613,0.000990967,0.003729646
115,768,103,0.005274701,0.001650822,0.003623879
115,768,104,0.004258309,0.000651703,0.003606606
115,768,105,0.009472052,0.0058852,0.003586852
115,768,106,0.004337398,0.000708103,0.003629295
115,768,107,0.004318978,0.000749906,0.003569072
115,768,108,0.004709917,0.000875607,0.00383431
115,768,109,0.00616902,0.00238462,0.0037844
115,768,110,0.004052371,0.000608341,0.00344403
116,768,1,0.754240919,0.631321425,0.122919494
116,768,2,0.003691155,0.000460484,0.003230671
116,768,3,0.003653336,0.00038978,0.003263556
116,768,4,0.00367589,0.000383783,0.003292107
116,768,5,0.021899649,0.018764095,0.003135554
116,768,6,0.00395516,0.000752013,0.003203147
116,768,7,0.011866736,0.0087204,0.003146336
116,768,8,0.0147953,0.011456208,0.003339092
116,768,9,0.004540113,0.001087248,0.003452865
116,768,10,0.053007437,0.049863663,0.003143774
116,768,11,0.004953159,0.001779817,0.003173342
116,768,12,0.004385511,0.001114069,0.003271442
116,768,13,0.004098437,0.000872969,0.003225468
116,768,14,0.004140017,0.000898827,0.00324119
116,768,15,0.004028401,0.00078105,0.003247351
116,768,16,0.003965454,0.000724399,0.003241055
116,768,17,0.00385937,0.000609778,0.003249592
116,768,18,0.003823088,0.000516713,0.003306375
116,768,19,0.004176004,0.000918106,0.003257898
116,768,20,0.004453166,0.001113817,0.003339349
116,768,21,0.004341892,0.001119135,0.003222757
116,768,22,0.004504938,0.001268705,0.003236233
116,768,23,0.004696088,0.001428839,0.003267249
116,768,24,0.004664496,0.001311241,0.003353255
116,768,25,0.005030114,0.001527976,0.003502138
116,768,26,0.00460019,0.001040294,0.003559896
116,768,27,0.004584087,0.000943641,0.003640446
116,768,28,0.004510731,0.000807749,0.003702982
116,768,29,0.004693177,0.000964774,0.003728403
116,768,30,0.004516325,0.000776555,0.00373977
116,768,31,0.004549235,0.000805889,0.003743346
116,768,32,0.004615594,0.000746969,0.003868625
116,768,33,0.004624276,0.000734183,0.003890093
116,768,34,0.004620744,0.000673286,0.003947458
116,768,35,0.004571939,0.000679758,0.003892181
116,768,36,0.004707303,0.00063658,0.004070723
116,768,37,0.004444418,0.000535161,0.003909257
116,768,38,0.004657676,0.000651803,0.004005873
116,768,39,0.00448316,0.000598592,0.003884568
116,768,40,0.004711555,0.000765989,0.003945566
116,768,41,0.004545109,0.000680774,0.003864335
116,768,42,0.00482846,0.000825403,0.004003057
116,768,43,0.004531201,0.000679362,0.003851839
116,768,44,0.004823366,0.000760378,0.004062988
116,768,45,0.004488832,0.000534333,0.003954499
116,768,46,0.00463415,0.000627224,0.004006926
116,768,47,0.004588705,0.000620346,0.003968359
116,768,48,0.004714669,0.000680324,0.004034345
116,768,49,0.004557256,0.000581914,0.003975342
116,768,50,0.004652703,0.000585471,0.004067232
116,768,51,0.004540963,0.000586387,0.003954576
116,768,52,0.004606585,0.000588212,0.004018373
116,768,53,0.004575018,0.000589405,0.003985613
116,768,54,0.00454088,0.000613009,0.003927871
116,768,55,0.004521488,0.000569378,0.00395211
116,768,56,0.004524283,0.000590642,0.003933641
116,768,57,0.004543914,0.000582905,0.003961009
116,768,58,0.00453668,0.000641153,0.003895527
116,768,59,0.004539146,0.000612568,0.003926578
116,768,60,0.004441617,0.000596411,0.003845206
116,768,61,0.00458379,0.000629258,0.003954532
116,768,62,0.004494381,0.000604681,0.0038897
116,768,63,0.004611916,0.000659176,0.00395274
116,768,64,0.004564721,0.000604626,0.003960095
116,768,65,0.004492055,0.000639261,0.003852794
116,768,66,0.00452984,0.000635128,0.003894712
116,768,67,0.00448481,0.000665608,0.003819202
116,768,68,0.004639504,0.00061282,0.004026684
116,768,69,0.004549542,0.000526218,0.004023324
116,768,70,0.005537446,0.001693373,0.003844073
116,768,71,0.004704062,0.000682845,0.004021217
116,768,72,0.004825037,0.000855364,0.003969673
116,768,73,0.004553317,0.000605632,0.003947685
116,768,74,0.004653068,0.000592475,0.004060593
116,768,75,0.004468212,0.000510736,0.003957476
116,768,76,0.004584609,0.000537793,0.004046816
116,768,77,0.004607169,0.000601044,0.004006125
116,768,78,0.004482096,0.000569546,0.00391255
116,768,79,0.004371616,0.000571384,0.003800232
116,768,80,0.004397361,0.000597037,0.003800324
116,768,81,0.00472501,0.00094605,0.00377896
116,768,82,0.005339944,0.001565229,0.003774715
116,768,83,0.004744137,0.00098914,0.003754997
116,768,84,0.004884595,0.001234013,0.003650582
116,768,85,0.005266242,0.001839502,0.00342674
116,768,86,0.004849256,0.001308295,0.003540961
116,768,87,0.004793246,0.001220881,0.003572365
116,768,88,0.005157086,0.001376625,0.003780461
116,768,89,0.005381905,0.001545872,0.003836033
116,768,90,0.004597868,0.000812814,0.003785054
116,768,91,0.004608897,0.000874273,0.003734624
116,768,92,0.004433768,0.000524028,0.00390974
116,768,93,0.006544723,0.00258331,0.003961413
116,768,94,0.005166291,0.001230165,0.003936126
116,768,95,0.004501121,0.000557606,0.003943515
116,768,96,0.006829398,0.002921969,0.003907429
116,768,97,0.005118179,0.001198194,0.003919985
116,768,98,0.004603526,0.000750547,0.003852979
116,768,99,0.004348322,0.000545982,0.00380234
116,768,100,0.004668455,0.000853084,0.003815371
116,768,101,0.005032598,0.001131221,0.003901377
116,768,102,0.005349414,0.001524318,0.003825096
116,768,103,0.004254624,0.000534204,0.00372042
116,768,104,0.00952229,0.005820919,0.003701371
116,768,105,0.004362425,0.000738245,0.00362418
116,768,106,0.004201342,0.000480835,0.003720507
116,768,107,0.004257257,0.00060021,0.003657047
116,768,108,0.006561734,0.002594998,0.003966736
116,768,109,0.004361661,0.000492177,0.003869484
116,768,110,0.004239441,0.000735955,0.003503486
117,768,1,0.765980449,0.642095486,0.123884963
117,768,2,0.05827408,0.055227638,0.003046442
117,768,3,0.003731176,0.000554268,0.003176908
117,768,4,0.022694007,0.019659548,0.003034459
117,768,5,0.003908037,0.000804309,0.003103728
117,768,6,0.011906077,0.008875523,0.003030554
117,768,7,0.004010351,0.000957061,0.00305329
117,768,8,0.003930972,0.000762787,0.003168185
117,768,9,0.06405424,0.061000653,0.003053587
117,768,10,0.004832801,0.001781051,0.00305175
117,768,11,0.004174207,0.001021348,0.003152859
117,768,12,0.004091791,0.00092968,0.003162111
117,768,13,0.004021591,0.000862182,0.003159409
117,768,14,0.004054084,0.000898754,0.00315533
117,768,15,0.003979592,0.000789914,0.003189678
117,768,16,0.003891096,0.000737238,0.003153858
117,768,17,0.003798647,0.000619324,0.003179323
117,768,18,0.00382377,0.00063419,0.00318958
117,768,19,0.004204462,0.00111769,0.003086772
117,768,20,0.00469864,0.001465064,0.003233576
117,768,21,0.004266021,0.001121271,0.00314475
117,768,22,0.004721914,0.001479101,0.003242813
117,768,23,0.004391203,0.001201058,0.003190145
117,768,24,0.004759341,0.001406768,0.003352573
117,768,25,0.004754887,0.001375017,0.00337987
117,768,26,0.004603894,0.001120494,0.0034834
117,768,27,0.004656361,0.001063499,0.003592862
117,768,28,0.004568196,0.001006123,0.003562073
117,768,29,0.004711644,0.001024845,0.003686799
117,768,30,0.004477402,0.00085519,0.003622212
117,768,31,0.004612903,0.000905729,0.003707174
117,768,32,0.004599084,0.000864746,0.003734338
117,768,33,0.004572421,0.000735373,0.003837048
117,768,34,0.004692856,0.000836299,0.003856557
117,768,35,0.004524017,0.000723547,0.00380047
117,768,36,0.004565495,0.000727707,0.003837788
117,768,37,0.005018496,0.001044665,0.003973831
117,768,38,0.004438277,0.000572864,0.003865413
117,768,39,0.004809232,0.000936993,0.003872239
117,768,40,0.004588313,0.000616226,0.003972087
117,768,41,0.004640289,0.000723259,0.00391703
117,768,42,0.00453525,0.000587607,0.003947643
117,768,43,0.00465532,0.000680221,0.003975099
117,768,44,0.004486187,0.000530099,0.003956088
117,768,45,0.004633036,0.000639195,0.003993841
117,768,46,0.004495466,0.000575391,0.003920075
117,768,47,0.004632074,0.000660178,0.003971896
117,768,48,0.004501413,0.000617527,0.003883886
117,768,49,0.004637316,0.000636897,0.004000419
117,768,50,0.004546676,0.000622083,0.003924593
117,768,51,0.004492103,0.000597988,0.003894115
117,768,52,0.004444471,0.000643474,0.003800997
117,768,53,0.004484029,0.000727031,0.003756998
117,768,54,0.004506859,0.000772141,0.003734718
117,768,55,0.004547908,0.0008137,0.003734208
117,768,56,0.00454409,0.000744816,0.003799274
117,768,57,0.004487865,0.000751478,0.003736387
117,768,58,0.004591749,0.0008106,0.003781149
117,768,59,0.004506995,0.000770112,0.003736883
117,768,60,0.0045023,0.000728065,0.003774235
117,768,61,0.004590467,0.000766675,0.003823792
117,768,62,0.004461994,0.000733988,0.003728006
117,768,63,0.004618915,0.000782461,0.003836454
117,768,64,0.004453947,0.000748124,0.003705823
117,768,65,0.004737236,0.000912862,0.003824374
117,768,66,0.004324954,0.000625992,0.003698962
117,768,67,0.004747966,0.000954386,0.00379358
117,768,68,0.004523885,0.00059752,0.003926365
117,768,69,0.004682358,0.000626959,0.004055399
117,768,70,0.00456745,0.000595953,0.003971497
117,768,71,0.00527364,0.001462367,0.003811273
117,768,72,0.005016115,0.001177334,0.003838781
117,768,73,0.004592504,0.000765719,0.003826785
117,768,74,0.004471762,0.000681893,0.003789869
117,768,75,0.004687633,0.000849686,0.003837947
117,768,76,0.005062227,0.0011986,0.003863627
117,768,77,0.004800616,0.000897441,0.003903175
117,768,78,0.004324426,0.0006199,0.003704526
117,768,79,0.004213434,0.000567584,0.00364585
117,768,80,0.005242245,0.001614327,0.003627918
117,768,81,0.005309479,0.001571624,0.003737855
117,768,82,0.004636983,0.000907107,0.003729876
117,768,83,0.004571688,0.000888828,0.00368286
117,768,84,0.004907892,0.001287674,0.003620218
117,768,85,0.00438861,0.000928958,0.003459652
117,768,86,0.004736898,0.001399643,0.003337255
117,768,87,0.005595548,0.002085453,0.003510095
117,768,88,0.005558569,0.001975191,0.003583378
117,768,89,0.005063032,0.001291901,0.003771131
117,768,90,0.004366231,0.00075788,0.003608351
117,768,91,0.004341105,0.000735123,0.003605982
117,768,92,0.006860579,0.003055115,0.003805464
117,768,93,0.00528738,0.001443362,0.003844018
117,768,94,0.004400911,0.000590399,0.003810512
117,768,95,0.006922835,0.003114574,0.003808261
117,768,96,0.005048834,0.001287832,0.003761002
117,768,97,0.00472014,0.000836875,0.003883265
117,768,98,0.004112038,0.000408843,0.003703195
117,768,99,0.004491855,0.000808442,0.003683413
117,768,100,0.004964293,0.001253899,0.003710394
117,768,101,0.005839566,0.002157275,0.003682291
117,768,102,0.004265513,0.000552202,0.003713311
117,768,103,0.009681077,0.006091542,0.003589535
117,768,104,0.00447832,0.000873142,0.003605178
117,768,105,0.003990376,0.000447985,0.003542391
117,768,106,0.004089976,0.000491482,0.003598494
117,768,107,0.006250507,0.002600027,0.00365048
117,768,108,0.004815568,0.000870245,0.003945323
117,768,109,0.00456975,0.000789679,0.003780071
117,768,110,0.003922189,0.000532592,0.003389597
118,768,1,0.755947526,0.633047731,0.122899795
118,768,2,0.003613218,0.000484868,0.00312835
118,768,3,0.022916377,0.019868194,0.003048183
118,768,4,0.003871161,0.000752419,0.003118742
118,768,5,0.01194053,0.008904646,0.003035884
118,768,6,0.003960755,0.000928854,0.003031901
118,768,7,0.003866125,0.000692007,0.003174118
118,768,8,0.063975605,0.06093941,0.003036195
118,768,9,0.004479303,0.00145765,0.003021653
118,768,10,0.004165106,0.001062137,0.003102969
118,768,11,0.004106738,0.000918455,0.003188283
118,768,12,0.004084192,0.000874376,0.003209816
118,768,13,0.004036309,0.000851725,0.003184584
118,768,14,0.004104834,0.000913189,0.003191645
118,768,15,0.003932654,0.000738775,0.003193879
118,768,16,0.003829478,0.00063368,0.003195798
118,768,17,0.003705838,0.000558409,0.003147429
118,768,18,0.003838046,0.00065394,0.003184106
118,768,19,0.004057764,0.000899087,0.003158677
118,768,20,0.004450775,0.001218953,0.003231822
118,768,21,0.004470999,0.001347458,0.003123541
118,768,22,0.004497912,0.001244103,0.003253809
118,768,23,0.004560667,0.001384386,0.003176281
118,768,24,0.004684878,0.001333929,0.003350949
118,768,25,0.004759309,0.001397831,0.003361478
118,768,26,0.004661508,0.0011802,0.003481308
118,768,27,0.004706065,0.001131178,0.003574887
118,768,28,0.004648752,0.001106424,0.003542328
118,768,29,0.004595138,0.000989212,0.003605926
118,768,30,0.004799237,0.001111057,0.00368818
118,768,31,0.00460579,0.000911385,0.003694405
118,768,32,0.004637263,0.000825472,0.003811791
118,768,33,0.004620937,0.000868127,0.00375281
118,768,34,0.00472606,0.000905775,0.003820285
118,768,35,0.00459154,0.000801815,0.003789725
118,768,36,0.00481299,0.001005071,0.003807919
118,768,37,0.004548816,0.000741046,0.00380777
118,768,38,0.004835338,0.000997987,0.003837351
118,768,39,0.004441122,0.000663601,0.003777521
118,768,40,0.004687213,0.000789627,0.003897586
118,768,41,0.004504802,0.000698739,0.003806063
118,768,42,0.004556162,0.00064753,0.003908632
118,768,43,0.004682537,0.000820085,0.003862452
118,768,44,0.004605739,0.000668609,0.00393713
118,768,45,0.004522622,0.000649015,0.003873607
118,768,46,0.004560717,0.000597939,0.003962778
118,768,47,0.004513093,0.0005724,0.003940693
118,768,48,0.00456075,0.000600893,0.003959857
118,768,49,0.004553871,0.00056431,0.003989561
118,768,50,0.00445722,0.000565381,0.003891839
118,768,51,0.004453418,0.000592441,0.003860977
118,768,52,0.004479248,0.000660196,0.003819052
118,768,53,0.004456565,0.000668275,0.00378829
118,768,54,0.004513724,0.000709282,0.003804442
118,768,55,0.004436127,0.00069645,0.003739677
118,768,56,0.004736134,0.000915334,0.0038208
118,768,57,0.004483372,0.000697255,0.003786117
118,768,58,0.004597692,0.000762586,0.003835106
118,768,59,0.004629995,0.000788997,0.003840998
118,768,60,0.004544634,0.000722832,0.003821802
118,768,61,0.004613722,0.000697828,0.003915894
118,768,62,0.004411891,0.000691012,0.003720879
118,768,63,0.004704615,0.000856992,0.003847623
118,768,64,0.004574912,0.000726264,0.003848648
118,768,65,0.004485827,0.000687358,0.003798469
118,768,66,0.004740277,0.000998449,0.003741828
118,768,67,0.004509513,0.000774473,0.00373504
118,768,68,0.004571111,0.000624781,0.00394633
118,768,69,0.00457742,0.000567494,0.004009926
118,768,70,0.004586511,0.000596952,0.003989559
118,768,71,0.004552912,0.000593857,0.003959055
118,768,72,0.004776952,0.000867911,0.003909041
118,768,73,0.004858891,0.001017569,0.003841322
118,768,74,0.004540438,0.000601335,0.003939103
118,768,75,0.006002877,0.002278678,0.003724199
118,768,76,0.004742315,0.000938513,0.003803802
118,768,77,0.004475406,0.000602594,0.003872812
118,768,78,0.00428711,0.000558678,0.003728432
118,768,79,0.005310133,0.001698548,0.003611585
118,768,80,0.005175397,0.001412575,0.003762822
118,768,81,0.004615118,0.000853889,0.003761229
118,768,82,0.004504274,0.000794279,0.003709995
118,768,83,0.004661576,0.000916004,0.003745572
118,768,84,0.00488458,0.001119471,0.003765109
118,768,85,0.004591251,0.001076603,0.003514648
118,768,86,0.005124705,0.001699682,0.003425023
118,768,87,0.005664674,0.00232059,0.003344084
118,768,88,0.005163407,0.001545466,0.003617941
118,768,89,0.004789902,0.001022463,0.003767439
118,768,90,0.004121731,0.000526949,0.003594782
118,768,91,0.006773189,0.003121719,0.00365147
118,768,92,0.005292886,0.001393062,0.003899824
118,768,93,0.004468684,0.000552409,0.003916275
118,768,94,0.006902271,0.003141628,0.003760643
118,768,95,0.005178434,0.001414225,0.003764209
118,768,96,0.004318238,0.000565711,0.003752527
118,768,97,0.004469193,0.000677025,0.003792168
118,768,98,0.004597439,0.00092885,0.003668589
118,768,99,0.004349711,0.000680583,0.003669128
118,768,100,0.006204624,0.002450664,0.00375396
118,768,101,0.004461891,0.000755502,0.003706389
118,768,102,0.009803701,0.006077149,0.003726552
118,768,103,0.004542696,0.000904348,0.003638348
118,768,104,0.004031317,0.000442043,0.003589274
118,768,105,0.003956958,0.000457494,0.003499464
118,768,106,0.005981854,0.002335576,0.003646278
118,768,107,0.004698733,0.00106822,0.003630513
118,768,108,0.004851226,0.000971122,0.003880104
118,768,109,0.00427038,0.000590365,0.003680015
118,768,110,0.006457378,0.003144635,0.003312743
119,768,1,0.764937218,0.639890896,0.125046322
119,768,2,0.079399034,0.076367623,0.003031411
119,768,3,0.003840295,0.000694163,0.003146132
119,768,4,0.012005201,0.008976415,0.003028786
119,768,5,0.003999493,0.000964113,0.00303538
119,768,6,0.003650441,0.000540887,0.003109554
119,768,7,0.064014811,0.06096562,0.003049191
119,768,8,0.004372123,0.001239949,0.003132174
119,768,9,0.003949813,0.000808042,0.003141771
119,768,10,0.004013228,0.000858754,0.003154474
119,768,11,0.004034301,0.000869386,0.003164915
119,768,12,0.004071518,0.000905325,0.003166193
119,768,13,0.004046623,0.00087405,0.003172573
119,768,14,0.004042084,0.000863965,0.003178119
119,768,15,0.00393553,0.000757021,0.003178509
119,768,16,0.003852674,0.000690798,0.003161876
119,768,17,0.003781996,0.000583363,0.003198633
119,768,18,0.003672515,0.000514901,0.003157614
119,768,19,0.004124631,0.00097814,0.003146491
119,768,20,0.004411964,0.001341052,0.003070912
119,768,21,0.004502314,0.001371004,0.00313131
119,768,22,0.004532013,0.001421372,0.003110641
119,768,23,0.004707288,0.001430372,0.003276916
119,768,24,0.004623725,0.001388236,0.003235489
119,768,25,0.004731939,0.001431937,0.003300002
119,768,26,0.004765797,0.001272538,0.003493259
119,768,27,0.004713878,0.001218644,0.003495234
119,768,28,0.004589026,0.001032135,0.003556891
119,768,29,0.004906763,0.001330407,0.003576356
119,768,30,0.004573819,0.000934537,0.003639282
119,768,31,0.00466106,0.000983284,0.003677776
119,768,32,0.004613017,0.000925465,0.003687552
119,768,33,0.004648287,0.000874474,0.003773813
119,768,34,0.004760409,0.000942614,0.003817795
119,768,35,0.004678573,0.000939804,0.003738769
119,768,36,0.004585757,0.000792302,0.003793455
119,768,37,0.004798344,0.000906711,0.003891633
119,768,38,0.004567369,0.000753486,0.003813883
119,768,39,0.004510497,0.00070285,0.003807647
119,768,40,0.004578127,0.000754441,0.003823686
119,768,41,0.004595977,0.000745635,0.003850342
119,768,42,0.004717592,0.000780983,0.003936609
119,768,43,0.004571541,0.000636169,0.003935372
119,768,44,0.004546807,0.00061076,0.003936047
119,768,45,0.00446117,0.000596987,0.003864183
119,768,46,0.004569417,0.000602172,0.003967245
119,768,47,0.004465059,0.000574089,0.00389097
119,768,48,0.004524372,0.000587438,0.003936934
119,768,49,0.004435087,0.000574346,0.003860741
119,768,50,0.004482768,0.000603248,0.00387952
119,768,51,0.004497264,0.000644936,0.003852328
119,768,52,0.004458209,0.000676039,0.00378217
119,768,53,0.004544717,0.000727106,0.003817611
119,768,54,0.004501834,0.000730802,0.003771032
119,768,55,0.004566497,0.000758043,0.003808454
119,768,56,0.004612489,0.000800894,0.003811595
119,768,57,0.004588458,0.000744637,0.003843821
119,768,58,0.004549595,0.000794525,0.00375507
119,768,59,0.004502762,0.0007404,0.003762362
119,768,60,0.00457765,0.00076391,0.00381374
119,768,61,0.004482109,0.000671339,0.00381077
119,768,62,0.004392084,0.000672679,0.003719405
119,768,63,0.004489216,0.000704229,0.003784987
119,768,64,0.004706539,0.000917069,0.00378947
119,768,65,0.00499264,0.001240728,0.003751912
119,768,66,0.004345176,0.000672891,0.003672285
119,768,67,0.004520623,0.000751963,0.00376866
119,768,68,0.004407489,0.000577868,0.003829621
119,768,69,0.004445999,0.00056847,0.003877529
119,768,70,0.004931799,0.00101731,0.003914489
119,768,71,0.005043443,0.001041249,0.004002194
119,768,72,0.004589652,0.000647542,0.00394211
119,768,73,0.004703728,0.000784202,0.003919526
119,768,74,0.004401732,0.000491543,0.003910189
119,768,75,0.005129756,0.001274897,0.003854859
119,768,76,0.004867661,0.001078092,0.003789569
119,768,77,0.004727359,0.000859833,0.003867526
119,768,78,0.00611671,0.002486838,0.003629872
119,768,79,0.004997425,0.001350067,0.003647358
119,768,80,0.004634138,0.000856115,0.003778023
119,768,81,0.004528161,0.000776607,0.003751554
119,768,82,0.004552233,0.000841738,0.003710495
119,768,83,0.004398396,0.000686889,0.003711507
119,768,84,0.004928465,0.001138113,0.003790352
119,768,85,0.004862919,0.001441421,0.003421498
119,768,86,0.005837477,0.002470262,0.003367215
119,768,87,0.005009682,0.001486567,0.003523115
119,768,88,0.004662337,0.000972216,0.003690121
119,768,89,0.004840205,0.001076473,0.003763732
119,768,90,0.006381484,0.002761615,0.003619869
119,768,91,0.005371342,0.001654955,0.003716387
119,768,92,0.004369061,0.000440096,0.003928965
119,768,93,0.007140139,0.003272386,0.003867753
119,768,94,0.005179305,0.001359292,0.003820013
119,768,95,0.004343971,0.000590939,0.003753032
119,768,96,0.004307892,0.000557345,0.003750547
119,768,97,0.004902142,0.001101465,0.003800677
119,768,98,0.004249437,0.000567788,0.003681649
119,768,99,0.005578279,0.001855601,0.003722678
119,768,100,0.005051496,0.001279941,0.003771555
119,768,101,0.009828561,0.006104216,0.003724345
119,768,102,0.004650836,0.000942369,0.003708467
119,768,103,0.004031118,0.000414874,0.003616244
119,768,104,0.004122145,0.000521368,0.003600777
119,768,105,0.005412688,0.001855909,0.003556779
119,768,106,0.004776968,0.001164644,0.003612324
119,768,107,0.004955507,0.001170061,0.003785446
119,768,108,0.004475685,0.000540932,0.003934753
119,768,109,0.006851989,0.003438989,0.003413
119,768,110,0.004917945,0.001633676,0.003284269
120,768,1,0.774641039,0.648723753,0.125917286
120,768,2,0.003659494,0.000524225,0.003135269
120,768,3,0.012227932,0.009165842,0.00306209
120,768,4,0.003856934,0.00072266,0.003134274
120,768,5,0.003601253,0.000438076,0.003163177
120,768,6,0.064063811,0.060980743,0.003083068
120,768,7,0.004205451,0.001002297,0.003203154
120,768,8,0.00378095,0.000521746,0.003259204
120,768,9,0.003832928,0.000496631,0.003336297
120,768,10,0.003876638,0.000575375,0.003301263
120,768,11,0.003957773,0.000692035,0.003265738
120,768,12,0.003977911,0.00075673,0.003221181
120,768,13,0.00397587,0.000749519,0.003226351
120,768,14,0.003959576,0.000737817,0.003221759
120,768,15,0.003897441,0.000648627,0.003248814
120,768,16,0.003860022,0.000628217,0.003231805
120,768,17,0.003792295,0.000566155,0.00322614
120,768,18,0.003827561,0.000625439,0.003202122
120,768,19,0.004290261,0.001054616,0.003235645
120,768,20,0.004456733,0.001305263,0.00315147
120,768,21,0.004789635,0.001510678,0.003278957
120,768,22,0.004495239,0.00124978,0.003245459
120,768,23,0.004781561,0.001466531,0.00331503
120,768,24,0.004663993,0.001204715,0.003459278
120,768,25,0.00480245,0.001318978,0.003483472
120,768,26,0.00472445,0.001164378,0.003560072
120,768,27,0.004688279,0.001049366,0.003638913
120,768,28,0.004612681,0.00106671,0.003545971
120,768,29,0.004738939,0.001042227,0.003696712
120,768,30,0.004776183,0.001063061,0.003713122
120,768,31,0.004512495,0.000846061,0.003666434
120,768,32,0.004637724,0.000904926,0.003732798
120,768,33,0.004640099,0.00098792,0.003652179
120,768,34,0.004752759,0.001129011,0.003623748
120,768,35,0.004691825,0.000960484,0.003731341
120,768,36,0.004648711,0.000886045,0.003762666
120,768,37,0.004640674,0.000939442,0.003701232
120,768,38,0.004520789,0.000739796,0.003780993
120,768,39,0.004653451,0.000858486,0.003794965
120,768,40,0.004469345,0.000704374,0.003764971
120,768,41,0.004630862,0.000790028,0.003840834
120,768,42,0.004485616,0.00062252,0.003863096
120,768,43,0.004589571,0.000701154,0.003888417
120,768,44,0.004496574,0.000646769,0.003849805
120,768,45,0.004536932,0.000678673,0.003858259
120,768,46,0.004479452,0.000651814,0.003827638
120,768,47,0.004523365,0.000656564,0.003866801
120,768,48,0.004399593,0.000652886,0.003746707
120,768,49,0.004554769,0.00070846,0.003846309
120,768,50,0.00447891,0.000678977,0.003799933
120,768,51,0.00457707,0.000698491,0.003878579
120,768,52,0.004517748,0.000717825,0.003799923
120,768,53,0.00451072,0.000683785,0.003826935
120,768,54,0.00447559,0.000743699,0.003731891
120,768,55,0.004445569,0.000717329,0.00372824
120,768,56,0.004383799,0.000738931,0.003644868
120,768,57,0.004452194,0.000744446,0.003707748
120,768,58,0.004611769,0.000921486,0.003690283
120,768,59,0.004405103,0.000719681,0.003685422
120,768,60,0.004472262,0.000757062,0.0037152
120,768,61,0.004525065,0.000830478,0.003694587
120,768,62,0.004438565,0.000791203,0.003647362
120,768,63,0.00451297,0.000805632,0.003707338
120,768,64,0.004582304,0.000891549,0.003690755
120,768,65,0.004825473,0.001200019,0.003625454
120,768,66,0.004537952,0.00092061,0.003617342
120,768,67,0.004557631,0.000817016,0.003740615
120,768,68,0.004462299,0.000739657,0.003722642
120,768,69,0.005402785,0.001600023,0.003802762
120,768,70,0.004743501,0.000998768,0.003744733
120,768,71,0.004313835,0.000686704,0.003627131
120,768,72,0.004632617,0.001067294,0.003565323
120,768,73,0.004756124,0.001104193,0.003651931
120,768,74,0.005257566,0.001755724,0.003501842
120,768,75,0.005100954,0.001503724,0.00359723
120,768,76,0.004552149,0.000993347,0.003558802
120,768,77,0.006489284,0.002930943,0.003558341
120,768,78,0.005043405,0.001442232,0.003601173
120,768,79,0.004486869,0.000861249,0.00362562
120,768,80,0.00454877,0.000822195,0.003726575
120,768,81,0.004609765,0.000855609,0.003754156
120,768,82,0.00438136,0.000580232,0.003801128
120,768,83,0.004200393,0.000587323,0.00361307
120,768,84,0.005590341,0.002242116,0.003348225
120,768,85,0.005517702,0.002022486,0.003495216
120,768,86,0.005113683,0.00152366,0.003590023
120,768,87,0.004602949,0.000920897,0.003682052
120,768,88,0.004132494,0.000635528,0.003496966
120,768,89,0.00678597,0.003256691,0.003529279
120,768,90,0.005708905,0.002031709,0.003677196
120,768,91,0.004250255,0.000547944,0.003702311
120,768,92,0.006998623,0.003422824,0.003575799
120,768,93,0.005426396,0.00178346,0.003642936
120,768,94,0.00444352,0.00081353,0.00362999
120,768,95,0.004400533,0.000595634,0.003804899
120,768,96,0.004516372,0.000845778,0.003670594
120,768,97,0.004476902,0.000855396,0.003621506
120,768,98,0.005405107,0.001794988,0.003610119
120,768,99,0.004802412,0.001134489,0.003667923
120,768,100,0.010153188,0.003293877,0.006859311
120,768,101,0.004882432,0.001127985,0.003754447
120,768,102,0.004170137,0.000525312,0.003644825
120,768,103,0.004084877,0.000513007,0.00357187
120,768,104,0.005411694,0.001699269,0.003712425
120,768,105,0.004338722,0.000782963,0.003555759
120,768,106,0.005061314,0.001281888,0.003779426
120,768,107,0.004262834,0.00061045,0.003652384
120,768,108,0.007603509,0.003832515,0.003770994
120,768,109,0.005085443,0.001630647,0.003454796
120,768,110,0.004297315,0.00089928,0.003398035
121,768,1,0.755066066,0.63212055,0.122945516
121,768,2,0.089192255,0.086154792,0.003037463
121,768,3,0.003750166,0.000597201,0.003152965
121,768,4,0.01210658,0.009073948,0.003032632
121,768,5,0.065048558,0.062017275,0.003031283
121,768,6,0.004013476,0.000962504,0.003050972
121,768,7,0.003753699,0.000524246,0.003229453
121,768,8,0.003616798,0.000417302,0.003199496
121,768,9,0.003901241,0.000590444,0.003310797
121,768,10,0.00392496,0.000630825,0.003294135
121,768,11,0.003945034,0.000720787,0.003224247
121,768,12,0.003997065,0.000811147,0.003185918
121,768,13,0.004047864,0.000868723,0.003179141
121,768,14,0.003996627,0.000831048,0.003165579
121,768,15,0.003966235,0.000762195,0.00320404
121,768,16,0.003773874,0.000599755,0.003174119
121,768,17,0.003822564,0.000577193,0.003245371
121,768,18,0.003578003,0.000407166,0.003170837
121,768,19,0.004227947,0.001023053,0.003204894
121,768,20,0.004299589,0.00117038,0.003129209
121,768,21,0.004510999,0.00138177,0.003129229
121,768,22,0.004586883,0.001367019,0.003219864
121,768,23,0.004629581,0.00133507,0.003294511
121,768,24,0.004796422,0.001350346,0.003446076
121,768,25,0.004743686,0.001311997,0.003431689
121,768,26,0.00477008,0.001193324,0.003576756
121,768,27,0.004610957,0.000993001,0.003617956
121,768,28,0.004639481,0.00104218,0.003597301
121,768,29,0.00473005,0.001116538,0.003613512
121,768,30,0.004535286,0.000891818,0.003643468
121,768,31,0.00472924,0.001068789,0.003660451
121,768,32,0.004645639,0.001047559,0.00359808
121,768,33,0.004698173,0.001035134,0.003663039
121,768,34,0.00478488,0.001100379,0.003684501
121,768,35,0.004650408,0.000971777,0.003678631
121,768,36,0.004627604,0.000941353,0.003686251
121,768,37,0.004715343,0.001004556,0.003710787
121,768,38,0.004625344,0.000882711,0.003742633
121,768,39,0.004622987,0.000796876,0.003826111
121,768,40,0.004625361,0.000803191,0.00382217
121,768,41,0.00459157,0.000757163,0.003834407
121,768,42,0.004572992,0.000773756,0.003799236
121,768,43,0.004632715,0.000767004,0.003865711
121,768,44,0.004530185,0.000700392,0.003829793
121,768,45,0.004567724,0.000741525,0.003826199
121,768,46,0.004489967,0.000674103,0.003815864
121,768,47,0.004575297,0.000711535,0.003863762
121,768,48,0.004400443,0.000665923,0.00373452
121,768,49,0.004554722,0.000739668,0.003815054
121,768,50,0.004513822,0.000778603,0.003735219
121,768,51,0.00451942,0.000750031,0.003769389
121,768,52,0.004395666,0.000710834,0.003684832
121,768,53,0.004639337,0.0008295,0.003809837
121,768,54,0.004388989,0.000698052,0.003690937
121,768,55,0.004567362,0.00087121,0.003696152
121,768,56,0.004527725,0.000877464,0.003650261
121,768,57,0.004507631,0.000813885,0.003693746
121,768,58,0.00446465,0.000844384,0.003620266
121,768,59,0.004450321,0.000837873,0.003612448
121,768,60,0.004602801,0.000949887,0.003652914
121,768,61,0.00461995,0.000874049,0.003745901
121,768,62,0.004509706,0.000840226,0.00366948
121,768,63,0.004642166,0.000954062,0.003688104
121,768,64,0.004727797,0.001130762,0.003597035
121,768,65,0.004567603,0.000972452,0.003595151
121,768,66,0.004537784,0.001007434,0.00353035
121,768,67,0.004628088,0.000858479,0.003769609
121,768,68,0.004865315,0.00111923,0.003746085
121,768,69,0.004536895,0.000787768,0.003749127
121,768,70,0.004519277,0.000868403,0.003650874
121,768,71,0.004350232,0.000811233,0.003538999
121,768,72,0.004690806,0.001037143,0.003653663
121,768,73,0.006222125,0.002794881,0.003427244
121,768,74,0.005111314,0.001686701,0.003424613
121,768,75,0.004839719,0.001374522,0.003465197
121,768,76,0.006298293,0.002793073,0.00350522
121,768,77,0.004996054,0.001437589,0.003558465
121,768,78,0.004718716,0.001095041,0.003623675
121,768,79,0.004078194,0.000475513,0.003602681
121,768,80,0.004243508,0.000541269,0.003702239
121,768,81,0.004699501,0.000982097,0.003717404
121,768,82,0.004217595,0.000432022,0.003785573
121,768,83,0.005363337,0.001797758,0.003565579
121,768,84,0.005860744,0.002344906,0.003515838
121,768,85,0.004960952,0.001336735,0.003624217
121,768,86,0.004668597,0.001064775,0.003603822
121,768,87,0.004325249,0.000693547,0.003631702
121,768,88,0.006423814,0.003078838,0.003344976
121,768,89,0.005261699,0.00174886,0.003512839
121,768,90,0.005008689,0.001301037,0.003707652
121,768,91,0.00439231,0.00065954,0.00373277
121,768,92,0.004128638,0.000480152,0.003648486
121,768,93,0.007757135,0.004159748,0.003597387
121,768,94,0.004158346,0.000530576,0.00362777
121,768,95,0.004401104,0.000742218,0.003658886
121,768,96,0.005327368,0.00165104,0.003676328
121,768,97,0.005426579,0.001840855,0.003585724
121,768,98,0.004359715,0.000812816,0.003546899
121,768,99,0.007230425,0.003497463,0.003732962
121,768,100,0.004665697,0.000985998,0.003679699
121,768,101,0.007071205,0.003403062,0.003668143
121,768,102,0.004577231,0.0009348,0.003642431
121,768,103,0.005621695,0.002015078,0.003606617
121,768,104,0.004413523,0.000751691,0.003661832
121,768,105,0.004330622,0.00081809,0.003512532
121,768,106,0.004922974,0.001191734,0.00373124
121,768,107,0.007941987,0.003462693,0.004479294
121,768,108,0.005441921,0.001749714,0.003692207
121,768,109,0.004391899,0.001015511,0.003376388
121,768,110,0.006008108,0.002737189,0.003270919
122,768,1,0.755207949,0.632505703,0.122702246
122,768,2,0.003607725,0.000464806,0.003142919
122,768,3,0.022049652,0.018990873,0.003058779
122,768,4,0.074608497,0.071565916,0.003042581
122,768,5,0.00388128,0.000696475,0.003184805
122,768,6,0.003535368,0.000404708,0.00313066
122,768,7,0.003716417,0.000504254,0.003212163
122,768,8,0.003629645,0.000424361,0.003205284
122,768,9,0.003822469,0.000540202,0.003282267
122,768,10,0.003908763,0.000598177,0.003310586
122,768,11,0.003898461,0.000678383,0.003220078
122,768,12,0.003918563,0.000741843,0.00317672
122,768,13,0.004006205,0.00081905,0.003187155
122,768,14,0.003974572,0.000810491,0.003164081
122,768,15,0.003932246,0.000714129,0.003218117
122,768,16,0.00378897,0.000597832,0.003191138
122,768,17,0.003684427,0.000495905,0.003188522
122,768,18,0.003657824,0.000485827,0.003171997
122,768,19,0.004271778,0.001075695,0.003196083
122,768,20,0.004407913,0.001243913,0.003164
122,768,21,0.004361929,0.001207727,0.003154202
122,768,22,0.004476362,0.001282247,0.003194115
122,768,23,0.004560437,0.001267644,0.003292793
122,768,24,0.00466477,0.001240651,0.003424119
122,768,25,0.004763634,0.001279995,0.003483639
122,768,26,0.00439387,0.000816062,0.003577808
122,768,27,0.004879401,0.00126687,0.003612531
122,768,28,0.004517974,0.000909029,0.003608945
122,768,29,0.004768978,0.001094369,0.003674609
122,768,30,0.004736695,0.001022464,0.003714231
122,768,31,0.004495945,0.000831231,0.003664714
122,768,32,0.004682009,0.000879019,0.00380299
122,768,33,0.004859889,0.001125149,0.00373474
122,768,34,0.004459175,0.000801244,0.003657931
122,768,35,0.004825281,0.001148715,0.003676566
122,768,36,0.004687058,0.000874908,0.00381215
122,768,37,0.00468348,0.000875901,0.003807579
122,768,38,0.004693179,0.000796914,0.003896265
122,768,39,0.004702974,0.000836559,0.003866415
122,768,40,0.004503327,0.000654567,0.00384876
122,768,41,0.004739367,0.000846592,0.003892775
122,768,42,0.004516534,0.000653639,0.003862895
122,768,43,0.004517959,0.000628899,0.00388906
122,768,44,0.004678235,0.000742188,0.003936047
122,768,45,0.00450011,0.000617133,0.003882977
122,768,46,0.004540908,0.000661438,0.00387947
122,768,47,0.004451805,0.000630395,0.00382141
122,768,48,0.004531504,0.000733298,0.003798206
122,768,49,0.004443542,0.000691585,0.003751957
122,768,50,0.004563784,0.000729042,0.003834742
122,768,51,0.004569503,0.000816261,0.003753242
122,768,52,0.004486137,0.000717176,0.003768961
122,768,53,0.004424047,0.00072108,0.003702967
122,768,54,0.004499822,0.000845225,0.003654597
122,768,55,0.004444531,0.000842221,0.00360231
122,768,56,0.004513404,0.000831611,0.003681793
122,768,57,0.00483493,0.001180157,0.003654773
122,768,58,0.004663465,0.000992643,0.003670822
122,768,59,0.004539361,0.000927289,0.003612072
122,768,60,0.004870801,0.001154272,0.003716529
122,768,61,0.004638296,0.000997431,0.003640865
122,768,62,0.004743446,0.001075911,0.003667535
122,768,63,0.004775942,0.001164067,0.003611875
122,768,64,0.004486147,0.000872211,0.003613936
122,768,65,0.004532375,0.000987561,0.003544814
122,768,66,0.004605003,0.001031015,0.003573988
122,768,67,0.004843115,0.001127978,0.003715137
122,768,68,0.004597471,0.000873197,0.003724274
122,768,69,0.004644656,0.000848509,0.003796147
122,768,70,0.00449542,0.000815414,0.003680006
122,768,71,0.00432637,0.000732725,0.003593645
122,768,72,0.00648205,0.003073492,0.003408558
122,768,73,0.005210474,0.001845276,0.003365198
122,768,74,0.00490599,0.001376832,0.003529158
122,768,75,0.006144334,0.002580416,0.003563918
122,768,76,0.004866404,0.001249163,0.003617241
122,768,77,0.004734796,0.001192584,0.003542212
122,768,78,0.004113581,0.000535437,0.003578144
122,768,79,0.004170395,0.000527486,0.003642909
122,768,80,0.004440887,0.000704548,0.003736339
122,768,81,0.004482172,0.000782692,0.00369948
122,768,82,0.005227995,0.001579507,0.003648488
122,768,83,0.005266848,0.001880657,0.003386191
122,768,84,0.005283956,0.001835588,0.003448368
122,768,85,0.004712928,0.001138504,0.003574424
122,768,86,0.004698652,0.000963906,0.003734746
122,768,87,0.006526105,0.003005199,0.003520906
122,768,88,0.004728725,0.001393656,0.003335069
122,768,89,0.004852981,0.001278098,0.003574883
122,768,90,0.004696745,0.000985194,0.003711551
122,768,91,0.004383514,0.000631964,0.00375155
122,768,92,0.004076481,0.000408805,0.003667676
122,768,93,0.004101974,0.000554147,0.003547827
122,768,94,0.007299533,0.0036839,0.003615633
122,768,95,0.006193433,0.002408338,0.003785095
122,768,96,0.005651374,0.001911035,0.003740339
122,768,97,0.004374093,0.000735665,0.003638428
122,768,98,0.006254683,0.002588779,0.003665904
122,768,99,0.005304632,0.001572269,0.003732363
122,768,100,0.007086638,0.003466846,0.003619792
122,768,101,0.004769901,0.00113785,0.003632051
122,768,102,0.005676326,0.002169411,0.003506915
122,768,103,0.004196397,0.000578471,0.003617926
122,768,104,0.004179919,0.000561366,0.003618553
122,768,105,0.004403593,0.000841231,0.003562362
122,768,106,0.006699462,0.002820291,0.003879171
122,768,107,0.007578765,0.004019788,0.003558977
122,768,108,0.004741675,0.001171512,0.003570163
122,768,109,0.005860243,0.000542955,0.005317288
122,768,110,0.004890166,0.001033273,0.003856893
123,768,1,0.759852568,0.636467354,0.123385214
123,768,2,0.065269536,0.062205579,0.003063957
123,768,3,0.093796748,0.090742737,0.003054011
123,768,4,0.003694686,0.000553772,0.003140914
123,768,5,0.003536826,0.00036181,0.003175016
123,768,6,0.003541875,0.00038299,0.003158885
123,768,7,0.003648315,0.000420542,0.003227773
123,768,8,0.003751303,0.000454218,0.003297085
123,768,9,0.003749621,0.000458467,0.003291154
123,768,10,0.003897707,0.000611288,0.003286419
123,768,11,0.003905805,0.000682519,0.003223286
123,768,12,0.003939084,0.000751628,0.003187456
123,768,13,0.004013706,0.000831369,0.003182337
123,768,14,0.004022466,0.000841014,0.003181452
123,768,15,0.00391594,0.000709451,0.003206489
123,768,16,0.003822343,0.000601813,0.00322053
123,768,17,0.00376728,0.000501629,0.003265651
123,768,18,0.003612389,0.000417874,0.003194515
123,768,19,0.004349904,0.001100002,0.003249902
123,768,20,0.004208526,0.001041243,0.003167283
123,768,21,0.004457724,0.001290315,0.003167409
123,768,22,0.004437084,0.001179487,0.003257597
123,768,23,0.004738805,0.001361722,0.003377083
123,768,24,0.004541248,0.001153704,0.003387544
123,768,25,0.004924619,0.001313909,0.00361071
123,768,26,0.004424625,0.000869223,0.003555402
123,768,27,0.004540457,0.00090522,0.003635237
123,768,28,0.004518877,0.00089068,0.003628197
123,768,29,0.004480351,0.00076594,0.003714411
123,768,30,0.004491049,0.000805864,0.003685185
123,768,31,0.00450425,0.000777347,0.003726903
123,768,32,0.004488377,0.000823013,0.003665364
123,768,33,0.004711432,0.00094311,0.003768322
123,768,34,0.004826205,0.001024872,0.003801333
123,768,35,0.00449528,0.00075446,0.00374082
123,768,36,0.004890547,0.001041225,0.003849322
123,768,37,0.004662089,0.000759621,0.003902468
123,768,38,0.004725936,0.000828214,0.003897722
123,768,39,0.004591003,0.000651401,0.003939602
123,768,40,0.004699917,0.000786987,0.00391293
123,768,41,0.004571198,0.000654532,0.003916666
123,768,42,0.004657165,0.000782112,0.003875053
123,768,43,0.004622988,0.000644387,0.003978601
123,768,44,0.004537777,0.000624099,0.003913678
123,768,45,0.004709784,0.000761317,0.003948467
123,768,46,0.004484137,0.00060559,0.003878547
123,768,47,0.004589102,0.000603841,0.003985261
123,768,48,0.004441573,0.000611844,0.003829729
123,768,49,0.004530217,0.000622935,0.003907282
123,768,50,0.004484958,0.000645978,0.00383898
123,768,51,0.004524437,0.000634864,0.003889573
123,768,52,0.004407252,0.000631429,0.003775823
123,768,53,0.004423158,0.000662306,0.003760852
123,768,54,0.004449663,0.000743106,0.003706557
123,768,55,0.004510615,0.000810784,0.003699831
123,768,56,0.004576572,0.000857966,0.003718606
123,768,57,0.004448731,0.000717946,0.003730785
123,768,58,0.004771949,0.001047794,0.003724155
123,768,59,0.004577132,0.000885366,0.003691766
123,768,60,0.004611741,0.000902571,0.00370917
123,768,61,0.004917462,0.001173177,0.003744285
123,768,62,0.00480572,0.001084189,0.003721531
123,768,63,0.004605378,0.000871714,0.003733664
123,768,64,0.0047517,0.001024714,0.003726986
123,768,65,0.004517339,0.000850502,0.003666837
123,768,66,0.004470462,0.000882548,0.003587914
123,768,67,0.004674343,0.000880124,0.003794219
123,768,68,0.004727619,0.000934944,0.003792675
123,768,69,0.004665998,0.000865854,0.003800144
123,768,70,0.005456637,0.00173757,0.003719067
123,768,71,0.006701569,0.003133855,0.003567714
123,768,72,0.00534343,0.00176282,0.00358061
123,768,73,0.004710973,0.001172164,0.003538809
123,768,74,0.006154481,0.002591158,0.003563323
123,768,75,0.004763733,0.001166227,0.003597506
123,768,76,0.004673324,0.00099453,0.003678794
123,768,77,0.004209581,0.000556762,0.003652819
123,768,78,0.00415771,0.000532097,0.003625613
123,768,79,0.004090711,0.000492002,0.003598709
123,768,80,0.004319969,0.000697425,0.003622544
123,768,81,0.005778875,0.002195612,0.003583263
123,768,82,0.005161244,0.001733834,0.00342741
123,768,83,0.004862329,0.001480704,0.003381625
123,768,84,0.004931182,0.001498882,0.0034323
123,768,85,0.004434439,0.000867283,0.003567156
123,768,86,0.004718798,0.00100771,0.003711088
123,768,87,0.00421406,0.000508613,0.003705447
123,768,88,0.0061458,0.002746017,0.003399783
123,768,89,0.00521405,0.001597261,0.003616789
123,768,90,0.004725438,0.001025847,0.003699591
123,768,91,0.004455433,0.000709352,0.003746081
123,768,92,0.0042062,0.000571617,0.003634583
123,768,93,0.006000923,0.002414806,0.003586117
123,768,94,0.007575377,0.003893808,0.003681569
123,768,95,0.005441635,0.001714377,0.003727258
123,768,96,0.004743321,0.000994016,0.003749305
123,768,97,0.006162657,0.002554575,0.003608082
123,768,98,0.00455503,0.000872623,0.003682407
123,768,99,0.005023787,0.001235226,0.003788561
123,768,100,0.00438872,0.000604504,0.003784216
123,768,101,0.009072931,0.005466796,0.003606135
123,768,102,0.004021745,0.000498859,0.003522886
123,768,103,0.00406863,0.000484632,0.003583998
123,768,104,0.004347852,0.000721467,0.003626385
123,768,105,0.006710366,0.003067966,0.0036424
123,768,106,0.007565747,0.000643555,0.006922192
123,768,107,0.005007247,0.001245879,0.003761368
123,768,108,0.004178805,0.000657909,0.003520896
123,768,109,0.00382687,0.000417991,0.003408879
123,768,110,0.005273563,0.001956809,0.003316754
124,768,1,0.755266221,0.632559018,0.122707203
124,768,2,0.003585219,0.000471031,0.003114188
124,768,3,0.003526704,0.000369792,0.003156912
124,768,4,0.093109054,0.090070582,0.003038472
124,768,5,0.003880213,0.000709158,0.003171055
124,768,6,0.003550825,0.000410087,0.003140738
124,768,7,0.003639093,0.000429942,0.003209151
124,768,8,0.003635418,0.000446509,0.003188909
124,768,9,0.003850671,0.000586119,0.003264552
124,768,10,0.003954473,0.000699987,0.003254486
124,768,11,0.00390304,0.000680259,0.003222781
124,768,12,0.003935376,0.000765773,0.003169603
124,768,13,0.003964494,0.000804108,0.003160386
124,768,14,0.004009969,0.000865179,0.00314479
124,768,15,0.00390782,0.000700839,0.003206981
124,768,16,0.00378075,0.000611008,0.003169742
124,768,17,0.003815263,0.000565703,0.00324956
124,768,18,0.00359081,0.00041795,0.00317286
124,768,19,0.004118868,0.000936865,0.003182003
124,768,20,0.004474063,0.001342801,0.003131262
124,768,21,0.004536509,0.001304659,0.00323185
124,768,22,0.004554693,0.001315663,0.00323903
124,768,23,0.004504114,0.001200758,0.003303356
124,768,24,0.004771835,0.001321727,0.003450108
124,768,25,0.004776657,0.001183476,0.003593181
124,768,26,0.004416507,0.000899383,0.003517124
124,768,27,0.004488308,0.000857766,0.003630542
124,768,28,0.004596955,0.000992701,0.003604254
124,768,29,0.004558424,0.00090408,0.003654344
124,768,30,0.004663004,0.001057777,0.003605227
124,768,31,0.00441078,0.000732174,0.003678606
124,768,32,0.004562103,0.000959395,0.003602708
124,768,33,0.004642417,0.000911279,0.003731138
124,768,34,0.004690544,0.000927183,0.003763361
124,768,35,0.004502798,0.000784944,0.003717854
124,768,36,0.004629924,0.000839497,0.003790427
124,768,37,0.004456522,0.0007037,0.003752822
124,768,38,0.004719554,0.000933414,0.00378614
124,768,39,0.00473796,0.000830058,0.003907902
124,768,40,0.004538351,0.000707334,0.003831017
124,768,41,0.00475056,0.000837346,0.003913214
124,768,42,0.004607531,0.00071359,0.003893941
124,768,43,0.004549381,0.000712534,0.003836847
124,768,44,0.004747089,0.000818206,0.003928883
124,768,45,0.004609392,0.000683631,0.003925761
124,768,46,0.0045469,0.000662987,0.003883913
124,768,47,0.00453671,0.000641677,0.003895033
124,768,48,0.004353296,0.000667814,0.003685482
124,768,49,0.004420339,0.000661912,0.003758427
124,768,50,0.004411679,0.000687459,0.00372422
124,768,51,0.004596918,0.000860731,0.003736187
124,768,52,0.004521513,0.000845832,0.003675681
124,768,53,0.004490469,0.000744763,0.003745706
124,768,54,0.00447593,0.000810244,0.003665686
124,768,55,0.004623345,0.000899997,0.003723348
124,768,56,0.004530098,0.000822324,0.003707774
124,768,57,0.004581298,0.000831909,0.003749389
124,768,58,0.00448656,0.00078898,0.00369758
124,768,59,0.004522814,0.000791319,0.003731495
124,768,60,0.00459059,0.000878087,0.003712503
124,768,61,0.004478145,0.000826641,0.003651504
124,768,62,0.004853265,0.00124339,0.003609875
124,768,63,0.004912435,0.001229918,0.003682517
124,768,64,0.004723138,0.000925574,0.003797564
124,768,65,0.004459105,0.000862795,0.00359631
124,768,66,0.004679551,0.001041375,0.003638176
124,768,67,0.004618372,0.000876745,0.003741627
124,768,68,0.004410086,0.000680878,0.003729208
124,768,69,0.007143211,0.003355313,0.003787898
124,768,70,0.006402706,0.002826372,0.003576334
124,768,71,0.005396425,0.001817789,0.003578636
124,768,72,0.00483097,0.001271439,0.003559531
124,768,73,0.006244446,0.002769298,0.003475148
124,768,74,0.004760806,0.001262944,0.003497862
124,768,75,0.004321379,0.000810861,0.003510518
124,768,76,0.00428598,0.000662783,0.003623197
124,768,77,0.004485508,0.000816673,0.003668835
124,768,78,0.004138656,0.000585917,0.003552739
124,768,79,0.004129188,0.000517346,0.003611842
124,768,80,0.005125645,0.001601221,0.003524424
124,768,81,0.006057861,0.002394317,0.003663544
124,768,82,0.00456952,0.001079854,0.003489666
124,768,83,0.004126082,0.000750834,0.003375248
124,768,84,0.005001516,0.001579649,0.003421867
124,768,85,0.004607677,0.000999336,0.003608341
124,768,86,0.004618177,0.00097562,0.003642557
124,768,87,0.004533032,0.000778337,0.003754695
124,768,88,0.006091951,0.002761528,0.003330423
124,768,89,0.00486243,0.001310378,0.003552052
124,768,90,0.005048477,0.001294341,0.003754136
124,768,91,0.004322723,0.000622908,0.003699815
124,768,92,0.006103931,0.002511872,0.003592059
124,768,93,0.004991091,0.001370737,0.003620354
124,768,94,0.004385876,0.000786515,0.003599361
124,768,95,0.006759463,0.003045816,0.003713647
124,768,96,0.007620401,0.004046094,0.003574307
124,768,97,0.004274873,0.000715879,0.003558994
124,768,98,0.004527002,0.000884985,0.003642017
124,768,99,0.004793577,0.001052127,0.00374145
124,768,100,0.004498003,0.000771731,0.003726272
124,768,101,0.004027482,0.000433534,0.003593948
124,768,102,0.008570693,0.005041157,0.003529536
124,768,103,0.004101924,0.00052993,0.003571994
124,768,104,0.007458895,0.003058544,0.004400351
124,768,105,0.004345997,0.000744354,0.003601643
124,768,106,0.004288791,0.000540072,0.003748719
124,768,107,0.006763945,0.003207899,0.003556046
124,768,108,0.004797269,0.001232741,0.003564528
124,768,109,0.003966183,0.000569231,0.003396952
124,768,110,0.003671924,0.00036979,0.003302134
125,768,1,0.762500512,0.637807246,0.124693266
125,768,2,0.062661127,0.059613701,0.003047426
125,768,3,0.003565211,0.000448355,0.003116856
125,768,4,0.003588484,0.000466624,0.00312186
125,768,5,0.093116589,0.090067019,0.00304957
125,768,6,0.003964368,0.000811913,0.003152455
125,768,7,0.003859367,0.000637143,0.003222224
125,768,8,0.003774164,0.000484658,0.003289506
125,768,9,0.003796426,0.000515841,0.003280585
125,768,10,0.003928627,0.000669011,0.003259616
125,768,11,0.003923903,0.000727205,0.003196698
125,768,12,0.003942468,0.000788258,0.00315421
125,768,13,0.004027539,0.000863448,0.003164091
125,768,14,0.003972329,0.000788469,0.00318386
125,768,15,0.003892381,0.000699441,0.00319294
125,768,16,0.003825291,0.000627977,0.003197314
125,768,17,0.003837296,0.000598142,0.003239154
125,768,18,0.003746341,0.000520611,0.00322573
125,768,19,0.004220757,0.001081186,0.003139571
125,768,20,0.004286802,0.001160341,0.003126461
125,768,21,0.004731338,0.001574678,0.00315666
125,768,22,0.004383002,0.001144875,0.003238127
125,768,23,0.004771767,0.001367142,0.003404625
125,768,24,0.004523633,0.001052616,0.003471017
125,768,25,0.004779513,0.001277509,0.003502004
125,768,26,0.004421747,0.000839608,0.003582139
125,768,27,0.004718361,0.001204122,0.003514239
125,768,28,0.004427931,0.000783977,0.003643954
125,768,29,0.00463619,0.00103676,0.00359943
125,768,30,0.004574966,0.000879712,0.003695254
125,768,31,0.004495764,0.000853591,0.003642173
125,768,32,0.004441569,0.000723697,0.003717872
125,768,33,0.004747902,0.001041748,0.003706154
125,768,34,0.004469736,0.000697633,0.003772103
125,768,35,0.00464381,0.000835638,0.003808172
125,768,36,0.004543031,0.000628411,0.00391462
125,768,37,0.004686348,0.00075475,0.003931598
125,768,38,0.004331067,0.000517867,0.0038132
125,768,39,0.004642237,0.000714511,0.003927726
125,768,40,0.004456078,0.000598814,0.003857264
125,768,41,0.004618893,0.000676266,0.003942627
125,768,42,0.004551101,0.000694674,0.003856427
125,768,43,0.004651154,0.000690378,0.003960776
125,768,44,0.004559437,0.000655677,0.00390376
125,768,45,0.004642444,0.000690842,0.003951602
125,768,46,0.004593397,0.000651323,0.003942074
125,768,47,0.004617878,0.00065963,0.003958248
125,768,48,0.004438348,0.00064416,0.003794188
125,768,49,0.004438044,0.000653005,0.003785039
125,768,50,0.004517836,0.000671535,0.003846301
125,768,51,0.004435967,0.000657999,0.003777968
125,768,52,0.004445034,0.000669169,0.003775865
125,768,53,0.004503918,0.000752403,0.003751515
125,768,54,0.004482315,0.000750716,0.003731599
125,768,55,0.004498975,0.000807665,0.00369131
125,768,56,0.004555747,0.000914069,0.003641678
125,768,57,0.004684819,0.000964084,0.003720735
125,768,58,0.004448533,0.00083671,0.003611823
125,768,59,0.004601754,0.000872716,0.003729038
125,768,60,0.004527928,0.000905949,0.003621979
125,768,61,0.004579503,0.000879875,0.003699628
125,768,62,0.004446452,0.00078916,0.003657292
125,768,63,0.004565642,0.000824128,0.003741514
125,768,64,0.004901149,0.001165602,0.003735547
125,768,65,0.004537171,0.000877281,0.00365989
125,768,66,0.00471374,0.00121123,0.00350251
125,768,67,0.004624183,0.000938721,0.003685462
125,768,68,0.008148752,0.00456892,0.003579832
125,768,69,0.006554979,0.002931428,0.003623551
125,768,70,0.004634736,0.00102014,0.003614596
125,768,71,0.005105538,0.001595049,0.003510489
125,768,72,0.004624713,0.001040194,0.003584519
125,768,73,0.004231639,0.000722474,0.003509165
125,768,74,0.005708255,0.00203705,0.003671205
125,768,75,0.004718249,0.001144898,0.003573351
125,768,76,0.004575043,0.001012923,0.00356212
125,768,77,0.004358154,0.000742608,0.003615546
125,768,78,0.004077324,0.00048687,0.003590454
125,768,79,0.005732491,0.002204957,0.003527534
125,768,80,0.005896154,0.002224942,0.003671212
125,768,81,0.004855867,0.000971974,0.003883893
125,768,82,0.003970404,0.00042378,0.003546624
125,768,83,0.004346405,0.000991827,0.003354578
125,768,84,0.0050109,0.0015553,0.0034556
125,768,85,0.004398071,0.000890666,0.003507405
125,768,86,0.004865455,0.001302945,0.00356251
125,768,87,0.006022326,0.002661888,0.003360438
125,768,88,0.004940145,0.001603755,0.00333639
125,768,89,0.004370722,0.000854474,0.003516248
125,768,90,0.004896074,0.001299402,0.003596672
125,768,91,0.006431176,0.002949927,0.003481249
125,768,92,0.004507776,0.000941364,0.003566412
125,768,93,0.00476453,0.001133378,0.003631152
125,768,94,0.00669573,0.003016885,0.003678845
125,768,95,0.004881047,0.001167097,0.00371395
125,768,96,0.004345933,0.000560176,0.003785757
125,768,97,0.006100378,0.002481942,0.003618436
125,768,98,0.004624349,0.00097254,0.003651809
125,768,99,0.00507864,0.001357009,0.003721631
125,768,100,0.004274816,0.000521782,0.003753034
125,768,101,0.004058583,0.000444785,0.003613798
125,768,102,0.005464305,0.001858277,0.003606028
125,768,103,0.007021311,0.003425104,0.003596207
125,768,104,0.004564077,0.000915634,0.003648443
125,768,105,0.007173102,0.003561291,0.003611811
125,768,106,0.004461334,0.000625477,0.003835857
125,768,107,0.006329081,0.000452388,0.005876693
125,768,108,0.005445905,0.001218979,0.004226926
125,768,109,0.00379197,0.000413182,0.003378788
125,768,110,0.003704746,0.000392668,0.003312078
126,768,1,0.755288076,0.63266459,0.122623486
126,768,2,0.003603256,0.000468985,0.003134271
126,768,3,0.003548661,0.000377186,0.003171475
126,768,4,0.003473416,0.000350623,0.003122793
126,768,5,0.003510866,0.000338955,0.003171911
126,768,6,0.092807506,0.08975896,0.003048546
126,768,7,0.004101183,0.000934842,0.003166341
126,768,8,0.003919431,0.000715431,0.003204
126,768,9,0.003849264,0.000561647,0.003287617
126,768,10,0.003937258,0.000656868,0.00328039
126,768,11,0.003944822,0.000739402,0.00320542
126,768,12,0.004021393,0.000867459,0.003153934
126,768,13,0.004045487,0.000890867,0.00315462
126,768,14,0.004068867,0.000920267,0.0031486
126,768,15,0.003918939,0.000741984,0.003176955
126,768,16,0.003790313,0.000625253,0.00316506
126,768,17,0.00377641,0.000546922,0.003229488
126,768,18,0.003620108,0.000449769,0.003170339
126,768,19,0.00425843,0.001022328,0.003236102
126,768,20,0.004339817,0.001116816,0.003223001
126,768,21,0.004384671,0.001164043,0.003220628
126,768,22,0.004684523,0.001382865,0.003301658
126,768,23,0.004473969,0.001158338,0.003315631
126,768,24,0.004709239,0.001289101,0.003420138
126,768,25,0.004802857,0.001264052,0.003538805
126,768,26,0.004419772,0.000887218,0.003532554
126,768,27,0.004586957,0.000935761,0.003651196
126,768,28,0.004453418,0.000904968,0.00354845
126,768,29,0.004767978,0.00104495,0.003723028
126,768,30,0.004438097,0.000824061,0.003614036
126,768,31,0.004480813,0.000836965,0.003643848
126,768,32,0.004580695,0.000960076,0.003620619
126,768,33,0.004572121,0.000899896,0.003672225
126,768,34,0.004614211,0.000960151,0.00365406
126,768,35,0.00458586,0.000933966,0.003651894
126,768,36,0.004658888,0.000953533,0.003705355
126,768,37,0.004502856,0.000850476,0.00365238
126,768,38,0.004731279,0.000958769,0.00377251
126,768,39,0.004507605,0.000776714,0.003730891
126,768,40,0.004551074,0.000828774,0.0037223
126,768,41,0.004724243,0.000886541,0.003837702
126,768,42,0.004509665,0.000745148,0.003764517
126,768,43,0.004557148,0.000756946,0.003800202
126,768,44,0.004618207,0.000785313,0.003832894
126,768,45,0.004592709,0.000714314,0.003878395
126,768,46,0.004467619,0.000696342,0.003771277
126,768,47,0.004544236,0.000757683,0.003786553
126,768,48,0.004456799,0.000768705,0.003688094
126,768,49,0.004599727,0.000873587,0.00372614
126,768,50,0.004565396,0.00080319,0.003762206
126,768,51,0.00461095,0.000796986,0.003813964
126,768,52,0.004390093,0.000707254,0.003682839
126,768,53,0.004574534,0.000874591,0.003699943
126,768,54,0.00448603,0.00083823,0.0036478
126,768,55,0.004578791,0.000863683,0.003715108
126,768,56,0.004482268,0.000871961,0.003610307
126,768,57,0.00461899,0.000930059,0.003688931
126,768,58,0.004479385,0.000864026,0.003615359
126,768,59,0.004564679,0.000900243,0.003664436
126,768,60,0.004655079,0.000972469,0.00368261
126,768,61,0.004516734,0.000871387,0.003645347
126,768,62,0.004578426,0.000869405,0.003709021
126,768,63,0.004519084,0.000897233,0.003621851
126,768,64,0.004645742,0.00094548,0.003700262
126,768,65,0.005336058,0.001783527,0.003552531
126,768,66,0.00443606,0.00085019,0.00358587
126,768,67,0.006406102,0.00274672,0.003659382
126,768,68,0.004626707,0.000882944,0.003743763
126,768,69,0.005221065,0.001469292,0.003751773
126,768,70,0.006371806,0.002863212,0.003508594
126,768,71,0.005477304,0.001909975,0.003567329
126,768,72,0.004846098,0.001303934,0.003542164
126,768,73,0.004265179,0.000794569,0.00347061
126,768,74,0.004236341,0.000753196,0.003483145
126,768,75,0.005326937,0.001841373,0.003485564
126,768,76,0.005024008,0.001440065,0.003583943
126,768,77,0.004791828,0.001250507,0.003541321
126,768,78,0.005720426,0.002302231,0.003418195
126,768,79,0.006122613,0.002518825,0.003603788
126,768,80,0.004718935,0.001045286,0.003673649
126,768,81,0.00422059,0.000504091,0.003716499
126,768,82,0.004127593,0.000584213,0.00354338
126,768,83,0.004352483,0.001074447,0.003278036
126,768,84,0.004829874,0.001474691,0.003355183
126,768,85,0.004789581,0.00129428,0.003495301
126,768,86,0.007000936,0.003498281,0.003502655
126,768,87,0.004262875,0.000839733,0.003423142
126,768,88,0.004479852,0.001216247,0.003263605
126,768,89,0.004367042,0.000839898,0.003527144
126,768,90,0.004787945,0.001153883,0.003634062
126,768,91,0.00439428,0.000763868,0.003630412
126,768,92,0.005555315,0.002036789,0.003518526
126,768,93,0.008425305,0.0048562,0.003569105
126,768,94,0.00446734,0.000846476,0.003620864
126,768,95,0.004370945,0.00068663,0.003684315
126,768,96,0.004405769,0.000723029,0.00368274
126,768,97,0.003984231,0.00037689,0.003607341
126,768,98,0.00605625,0.002442169,0.003614081
126,768,99,0.005319229,0.00159042,0.003728809
126,768,100,0.004234038,0.000541684,0.003692354
126,768,101,0.004207059,0.000625807,0.003581252
126,768,102,0.004177615,0.00061429,0.003563325
126,768,103,0.005111676,0.001625343,0.003486333
126,768,104,0.009278354,0.003849523,0.005428831
126,768,105,0.00528062,0.000957503,0.004323117
126,768,106,0.004397706,0.000628254,0.003769452
126,768,107,0.006743931,0.00318908,0.003554851
126,768,108,0.004712167,0.001074514,0.003637653
126,768,109,0.004424841,0.001046128,0.003378713
126,768,110,0.003768567,0.000457608,0.003310959
127,768,1,0.625348558,0.498645723,0.126702835
127,768,2,0.199557477,0.196519814,0.003037663
127,768,3,0.003714294,0.000605946,0.003108348
127,768,4,0.003485686,0.000343803,0.003141883
127,768,5,0.003446022,0.000347076,0.003098946
127,768,6,0.00356044,0.000409596,0.003150844
127,768,7,0.09284102,0.089767919,0.003073101
127,768,8,0.004332831,0.001100805,0.003232026
127,768,9,0.004051133,0.000741304,0.003309829
127,768,10,0.003867129,0.000573043,0.003294086
127,768,11,0.003915282,0.000666866,0.003248416
127,768,12,0.00409096,0.000903914,0.003187046
127,768,13,0.004020186,0.000830981,0.003189205
127,768,14,0.004021779,0.000857013,0.003164766
127,768,15,0.003907133,0.000713984,0.003193149
127,768,16,0.003844791,0.00065447,0.003190321
127,768,17,0.003678901,0.000482623,0.003196278
127,768,18,0.003790064,0.000602291,0.003187773
127,768,19,0.004086177,0.000888017,0.00319816
127,768,20,0.00447293,0.001237655,0.003235275
127,768,21,0.0042844,0.001153937,0.003130463
127,768,22,0.004465862,0.001183413,0.003282449
127,768,23,0.004701081,0.001435922,0.003265159
127,768,24,0.00459931,0.001163937,0.003435373
127,768,25,0.004664596,0.001194154,0.003470442
127,768,26,0.004598666,0.001082858,0.003515808
127,768,27,0.004509514,0.000949993,0.003559521
127,768,28,0.004509244,0.000914327,0.003594917
127,768,29,0.004595064,0.001059555,0.003535509
127,768,30,0.004618839,0.001006896,0.003611943
127,768,31,0.004500409,0.000887014,0.003613395
127,768,32,0.004535257,0.000882924,0.003652333
127,768,33,0.00464746,0.000959025,0.003688435
127,768,34,0.004411509,0.000823281,0.003588228
127,768,35,0.004766885,0.00111291,0.003653975
127,768,36,0.004527314,0.00089994,0.003627374
127,768,37,0.004541513,0.000859022,0.003682491
127,768,38,0.004759548,0.000999257,0.003760291
127,768,39,0.004427286,0.000696107,0.003731179
127,768,40,0.004810494,0.000981612,0.003828882
127,768,41,0.004563896,0.000744117,0.003819779
127,768,42,0.004583619,0.000751644,0.003831975
127,768,43,0.004564646,0.000677115,0.003887531
127,768,44,0.004468308,0.000647064,0.003821244
127,768,45,0.004708522,0.000794343,0.003914179
127,768,46,0.004454418,0.000653642,0.003800776
127,768,47,0.004487906,0.000678026,0.00380988
127,768,48,0.004365222,0.000676508,0.003688714
127,768,49,0.004667554,0.000921549,0.003746005
127,768,50,0.004722238,0.00088982,0.003832418
127,768,51,0.004412226,0.00066099,0.003751236
127,768,52,0.004532647,0.000781932,0.003750715
127,768,53,0.00448106,0.000788697,0.003692363
127,768,54,0.004644866,0.000932828,0.003712038
127,768,55,0.004537796,0.000901496,0.0036363
127,768,56,0.004534764,0.000889415,0.003645349
127,768,57,0.004512279,0.000852513,0.003659766
127,768,58,0.00448863,0.000833373,0.003655257
127,768,59,0.004592558,0.000916859,0.003675699
127,768,60,0.004560849,0.000909292,0.003651557
127,768,61,0.004558208,0.000891358,0.00366685
127,768,62,0.004623291,0.000954877,0.003668414
127,768,63,0.004492529,0.000818038,0.003674491
127,768,64,0.004591633,0.000848496,0.003743137
127,768,65,0.00438029,0.000776254,0.003604036
127,768,66,0.007980079,0.004523093,0.003456986
127,768,67,0.004963323,0.001309078,0.003654245
127,768,68,0.004220131,0.000537851,0.00368228
127,768,69,0.004267398,0.000510984,0.003756414
127,768,70,0.00447871,0.000801922,0.003676788
127,768,71,0.006486688,0.002952261,0.003534427
127,768,72,0.005249884,0.001752167,0.003497717
127,768,73,0.004897624,0.001382422,0.003515202
127,768,74,0.00445885,0.000975762,0.003483088
127,768,75,0.004170949,0.000682826,0.003488123
127,768,76,0.005298427,0.001792253,0.003506174
127,768,77,0.004982097,0.001445129,0.003536968
127,768,78,0.004687687,0.00115277,0.003534917
127,768,79,0.005889975,0.002395861,0.003494114
127,768,80,0.006089659,0.002501013,0.003588646
127,768,81,0.004741556,0.000973405,0.003768151
127,768,82,0.003998357,0.000547788,0.003450569
127,768,83,0.004421616,0.001071901,0.003349715
127,768,84,0.005168887,0.001731279,0.003437608
127,768,85,0.007860477,0.004262801,0.003597676
127,768,86,0.004631074,0.000913015,0.003718059
127,768,87,0.003837186,0.000411868,0.003425318
127,768,88,0.004507843,0.001108873,0.00339897
127,768,89,0.004097469,0.000544679,0.00355279
127,768,90,0.004803042,0.001156253,0.003646789
127,768,91,0.004334063,0.000682563,0.0036515
127,768,92,0.004132272,0.000443243,0.003689029
127,768,93,0.005192446,0.001634866,0.00355758
127,768,94,0.008592576,0.004921042,0.003671534
127,768,95,0.004587069,0.000889548,0.003697521
127,768,96,0.004431208,0.00068762,0.003743588
127,768,97,0.004131691,0.000507254,0.003624437
127,768,98,0.003990373,0.000363902,0.003626471
127,768,99,0.006867775,0.003121683,0.003746092
127,768,100,0.004654233,0.000957833,0.0036964
127,768,101,0.004038154,0.00045748,0.003580674
127,768,102,0.004228299,0.000645063,0.003583236
127,768,103,0.004158753,0.00056836,0.003590393
127,768,104,0.005103234,0.001547633,0.003555601
127,768,105,0.009494903,0.005954811,0.003540092
127,768,106,0.008550509,0.001593174,0.006957335
127,768,107,0.004832282,0.001194245,0.003638037
127,768,108,0.004126439,0.00049064,0.003635799
127,768,109,0.003785945,0.000371412,0.003414533
127,768,110,0.003786023,0.00044725,0.003338773
128,768,1,0.622098776,0.496368014,0.125730762
128,768,2,0.135503084,0.132448064,0.00305502
128,768,3,0.051008396,0.047990386,0.00301801
128,768,4,0.023935991,0.020919111,0.00301688
128,768,5,0.003947287,0.000841299,0.003105988
128,768,6,0.003785001,0.000667641,0.00311736
128,768,7,0.003633951,0.000486652,0.003147299
128,768,8,0.003492418,0.000385613,0.003106805
128,768,9,0.003521887,0.000381519,0.003140368
128,768,10,0.024995716,0.021946938,0.003048778
128,768,11,0.00427215,0.001118197,0.003153953
128,768,12,0.003776797,0.000598187,0.00317861
128,768,13,0.003644531,0.000532621,0.00311191
128,768,14,0.003823976,0.00068032,0.003143656
128,768,15,0.003803797,0.000650805,0.003152992
128,768,16,0.003763178,0.000582108,0.00318107
128,768,17,0.026607277,0.023566667,0.00304061
128,768,18,0.004696515,0.001533462,0.003163053
128,768,19,0.004857661,0.001729761,0.0031279
128,768,20,0.004692755,0.001442523,0.003250232
128,768,21,0.004583282,0.001392713,0.003190569
128,768,22,0.00420844,0.001031442,0.003176998
128,768,23,0.004043311,0.000887829,0.003155482
128,768,24,0.004018999,0.000882789,0.00313621
128,768,25,0.004299478,0.001110394,0.003189084
128,768,26,0.004156721,0.000958584,0.003198137
128,768,27,0.004154496,0.000953839,0.003200657
128,768,28,0.017443919,0.014330192,0.003113727
128,768,29,0.021621483,0.018200595,0.003420888
128,768,30,0.005712148,0.002299845,0.003412303
128,768,31,0.005566352,0.002116128,0.003450224
128,768,32,0.005986271,0.002464346,0.003521925
128,768,33,0.00577505,0.002252663,0.003522387
128,768,34,0.005264827,0.001740516,0.003524311
128,768,35,0.005266198,0.001726981,0.003539217
128,768,36,0.005162019,0.001594778,0.003567241
128,768,37,0.005429001,0.001856634,0.003572367
128,768,38,0.004989194,0.001247796,0.003741398
128,768,39,0.005072755,0.001277856,0.003794899
128,768,40,0.004858045,0.00103282,0.003825225
128,768,41,0.004823307,0.00096649,0.003856817
128,768,42,0.004384504,0.000547204,0.0038373
128,768,43,0.004974754,0.001099521,0.003875233
128,768,44,0.004685489,0.000807727,0.003877762
128,768,45,0.004661673,0.000782839,0.003878834
128,768,46,0.00461505,0.0007632,0.00385185
128,768,47,0.004800441,0.000842506,0.003957935
128,768,48,0.004359701,0.000498689,0.003861012
128,768,49,0.004867052,0.001031582,0.00383547
128,768,50,0.004765626,0.001054933,0.003710693
128,768,51,0.004806793,0.001009007,0.003797786
128,768,52,0.004357918,0.000613408,0.00374451
128,768,53,0.004911369,0.001124368,0.003787001
128,768,54,0.004644474,0.000936003,0.003708471
128,768,55,0.004858641,0.00115246,0.003706181
128,768,56,0.004467042,0.000851168,0.003615874
128,768,57,0.004808655,0.001164448,0.003644207
128,768,58,0.0047746,0.001105117,0.003669483
128,768,59,0.004763676,0.001117836,0.00364584
128,768,60,0.004615763,0.000972649,0.003643114
128,768,61,0.004950593,0.001262725,0.003687868
128,768,62,0.004455762,0.000778776,0.003676986
128,768,63,0.004618405,0.000971468,0.003646937
128,768,64,0.004807106,0.000973207,0.003833899
128,768,65,0.004953285,0.001188685,0.0037646
128,768,66,0.004395933,0.000822387,0.003573546
128,768,67,0.004356363,0.000872222,0.003484141
128,768,68,0.005046056,0.0013887,0.003657356
128,768,69,0.004483814,0.000880141,0.003603673
128,768,70,0.004518219,0.000794942,0.003723277
128,768,71,0.004256096,0.000588081,0.003668015
128,768,72,0.004384608,0.00073672,0.003647888
128,768,73,0.004321851,0.00072565,0.003596201
128,768,74,0.004379134,0.00096174,0.003417394
128,768,75,0.004713287,0.00133066,0.003382627
128,768,76,0.004699381,0.00130285,0.003396531
128,768,77,0.004620906,0.0010863,0.003534606
128,768,78,0.004569472,0.001089885,0.003479587
128,768,79,0.004819478,0.001205274,0.003614204
128,768,80,0.004477866,0.000917522,0.003560344
128,768,81,0.004394083,0.000882306,0.003511777
128,768,82,0.004728479,0.001132874,0.003595605
128,768,83,0.004605586,0.000968437,0.003637149
128,768,84,0.006115988,0.002500929,0.003615059
128,768,85,0.005844318,0.002400323,0.003443995
128,768,86,0.005001954,0.001606829,0.003395125
128,768,87,0.004847779,0.001329914,0.003517865
128,768,88,0.004702289,0.001073124,0.003629165
128,768,89,0.004608336,0.000930007,0.003678329
128,768,90,0.004021114,0.000623705,0.003397409
128,768,91,0.004446415,0.001155485,0.00329093
128,768,92,0.00430897,0.000870857,0.003438113
128,768,93,0.004524609,0.00091633,0.003608279
128,768,94,0.004577719,0.000960523,0.003617196
128,768,95,0.004665071,0.001051103,0.003613968
128,768,96,0.005265891,0.001676396,0.003589495
128,768,97,0.004303243,0.000733347,0.003569896
128,768,98,0.007093428,0.003392382,0.003701046
128,768,99,0.004723445,0.000973831,0.003749614
128,768,100,0.008969611,0.005329245,0.003640366
128,768,101,0.004159628,0.000548199,0.003611429
128,768,102,0.004171704,0.000483794,0.00368791
128,768,103,0.004306192,0.000525352,0.00378084
128,768,104,0.004112406,0.000471189,0.003641217
128,768,105,0.005938921,0.002305821,0.0036331
128,768,106,0.010783666,0.006238394,0.004545272
128,768,107,0.006263571,0.002670977,0.003592594
128,768,108,0.005323192,0.001595914,0.003727278
128,768,109,0.004740098,0.001142962,0.003597136
128,768,110,0.004121077,0.000402512,0.003718565
129,768,1,0.754397846,0.6311426,0.123255246
129,768,2,0.05108001,0.048021175,0.003058835
129,768,3,0.023871695,0.020817862,0.003053833
129,768,4,0.003756181,0.000582185,0.003173996
129,768,5,0.003664142,0.000542711,0.003121431
129,768,6,0.003752249,0.000623538,0.003128711
129,768,7,0.003582436,0.000423092,0.003159344
129,768,8,0.003468088,0.000342138,0.00312595
129,768,9,0.02515718,0.022101261,0.003055919
129,768,10,0.004215727,0.001029568,0.003186159
129,768,11,0.003761515,0.000624866,0.003136649
129,768,12,0.003655804,0.000492536,0.003163268
129,768,13,0.003601274,0.000421002,0.003180272
129,768,14,0.003726955,0.0005693,0.003157655
129,768,15,0.003787396,0.000635645,0.003151751
129,768,16,0.026875009,0.023818455,0.003056554
129,768,17,0.0041191,0.001046096,0.003073004
129,768,18,0.004340807,0.001239598,0.003101209
129,768,19,0.004875326,0.001659218,0.003216108
129,768,20,0.004484429,0.001264431,0.003219998
129,768,21,0.004438871,0.001245253,0.003193618
129,768,22,0.004160071,0.000938249,0.003221822
129,768,23,0.004163323,0.000938049,0.003225274
129,768,24,0.004281614,0.001192252,0.003089362
129,768,25,0.004087717,0.000897741,0.003189976
129,768,26,0.003995656,0.000769458,0.003226198
129,768,27,0.016730801,0.013613934,0.003116867
129,768,28,0.022479637,0.019182467,0.00329717
129,768,29,0.005880381,0.002495776,0.003384605
129,768,30,0.005521642,0.002051907,0.003469735
129,768,31,0.005799961,0.002363048,0.003436913
129,768,32,0.00598665,0.002468923,0.003517727
129,768,33,0.005192965,0.001665714,0.003527251
129,768,34,0.00527161,0.001749624,0.003521986
129,768,35,0.005139362,0.001449551,0.003689811
129,768,36,0.005378308,0.001769645,0.003608663
129,768,37,0.004850818,0.001064905,0.003785913
129,768,38,0.005087688,0.00133896,0.003748728
129,768,39,0.004773506,0.001007843,0.003765663
129,768,40,0.004773859,0.000958873,0.003814986
129,768,41,0.004485149,0.000666007,0.003819142
129,768,42,0.004962394,0.001140567,0.003821827
129,768,43,0.00460457,0.000775257,0.003829313
129,768,44,0.00463639,0.000819839,0.003816551
129,768,45,0.00471154,0.000844019,0.003867521
129,768,46,0.004653801,0.000795514,0.003858287
129,768,47,0.00451798,0.000710524,0.003807456
129,768,48,0.004865873,0.001051365,0.003814508
129,768,49,0.004866745,0.001096645,0.0037701
129,768,50,0.004647186,0.000882832,0.003764354
129,768,51,0.004538441,0.000818915,0.003719526
129,768,52,0.004839779,0.000999712,0.003840067
129,768,53,0.004583331,0.000835537,0.003747794
129,768,54,0.004941403,0.001150321,0.003791082
129,768,55,0.004470996,0.000795425,0.003675571
129,768,56,0.004799249,0.001143832,0.003655417
129,768,57,0.004686632,0.001027187,0.003659445
129,768,58,0.004662833,0.001005352,0.003657481
129,768,59,0.004682581,0.001036649,0.003645932
129,768,60,0.004850881,0.001154258,0.003696623
129,768,61,0.00457653,0.000896114,0.003680416
129,768,62,0.004644589,0.001039288,0.003605301
129,768,63,0.004665705,0.000929532,0.003736173
129,768,64,0.005052779,0.001320838,0.003731941
129,768,65,0.004550133,0.000840609,0.003709524
129,768,66,0.004482011,0.000859376,0.003622635
129,768,67,0.004756679,0.001105978,0.003650701
129,768,68,0.004721328,0.000964554,0.003756774
129,768,69,0.00440291,0.000684762,0.003718148
129,768,70,0.004325583,0.000638808,0.003686775
129,768,71,0.004444911,0.000735572,0.003709339
129,768,72,0.004312523,0.00057781,0.003734713
129,768,73,0.004211855,0.000595577,0.003616278
129,768,74,0.004264528,0.000762172,0.003502356
129,768,75,0.004336757,0.000907443,0.003429314
129,768,76,0.004902728,0.001382588,0.00352014
129,768,77,0.00435771,0.000832598,0.003525112
129,768,78,0.004590529,0.001009179,0.00358135
129,768,79,0.00471361,0.001149143,0.003564467
129,768,80,0.004934548,0.001341125,0.003593423
129,768,81,0.004548945,0.001051638,0.003497307
129,768,82,0.004743905,0.001078786,0.003665119
129,768,83,0.004599312,0.00094411,0.003655202
129,768,84,0.004494415,0.000735494,0.003758921
129,768,85,0.005397188,0.0018799,0.003517288
129,768,86,0.006270426,0.002889602,0.003380824
129,768,87,0.004933222,0.001407901,0.003525321
129,768,88,0.004813651,0.001187151,0.0036265
129,768,89,0.004740932,0.00107985,0.003661082
129,768,90,0.004131441,0.000687794,0.003443647
129,768,91,0.00463097,0.001279257,0.003351713
129,768,92,0.004343174,0.000848545,0.003494629
129,768,93,0.004834442,0.001300293,0.003534149
129,768,94,0.004820305,0.001212999,0.003607306
129,768,95,0.005119359,0.001564394,0.003554965
129,768,96,0.004469163,0.000805749,0.003663414
129,768,97,0.006961665,0.003313267,0.003648398
129,768,98,0.004647167,0.000926939,0.003720228
129,768,99,0.009118552,0.004541952,0.0045766
129,768,100,0.004213859,0.000548333,0.003665526
129,768,101,0.004084671,0.000432528,0.003652143
129,768,102,0.004220423,0.000460271,0.003760152
129,768,103,0.004247734,0.000476091,0.003771643
129,768,104,0.005991343,0.002331567,0.003659776
129,768,105,0.009297135,0.005648713,0.003648422
129,768,106,0.006801637,0.003278574,0.003523063
129,768,107,0.00610436,0.00246393,0.00364043
129,768,108,0.004885879,0.001234432,0.003651447
129,768,109,0.004069395,0.000482837,0.003586558
129,768,110,0.004296312,0.000575288,0.003721024
130,768,1,0.754431476,0.631154461,0.123277015
130,768,2,0.051457388,0.048426115,0.003031273
130,768,3,0.003705827,0.000607538,0.003098289
130,768,4,0.023036833,0.020015524,0.003021309
130,768,5,0.003978336,0.000876199,0.003102137
130,768,6,0.003823783,0.000701578,0.003122205
130,768,7,0.003574062,0.000418569,0.003155493
130,768,8,0.025592456,0.022555983,0.003036473
130,768,9,0.004029616,0.000992359,0.003037257
130,768,10,0.003929541,0.000788092,0.003141449
130,768,11,0.003571252,0.000408991,0.003162261
130,768,12,0.003538065,0.000404615,0.00313345
130,768,13,0.003633034,0.000508561,0.003124473
130,768,14,0.003703777,0.00051178,0.003191997
130,768,15,0.027240905,0.024212229,0.003028676
130,768,16,0.004070357,0.001039861,0.003030496
130,768,17,0.004174148,0.001127344,0.003046804
130,768,18,0.00417237,0.001022949,0.003149421
130,768,19,0.004222801,0.001013702,0.003209099
130,768,20,0.004487083,0.001292319,0.003194764
130,768,21,0.00440392,0.001167089,0.003236831
130,768,22,0.00425087,0.001026,0.00322487
130,768,23,0.004049266,0.000845802,0.003203464
130,768,24,0.004055243,0.000870037,0.003185206
130,768,25,0.004215169,0.001044516,0.003170653
130,768,26,0.016244323,0.013144207,0.003100116
130,768,27,0.023224266,0.019991522,0.003232744
130,768,28,0.005914791,0.002520887,0.003393904
130,768,29,0.005448434,0.001977322,0.003471112
130,768,30,0.00591811,0.002520816,0.003397294
130,768,31,0.005805105,0.002416984,0.003388121
130,768,32,0.005290615,0.001774466,0.003516149
130,768,33,0.005286724,0.001610034,0.00367669
130,768,34,0.004945367,0.001261292,0.003684075
130,768,35,0.005359448,0.001715776,0.003643672
130,768,36,0.004655487,0.001004621,0.003650866
130,768,37,0.005041806,0.001357537,0.003684269
130,768,38,0.004852701,0.001158796,0.003693905
130,768,39,0.004724563,0.001062664,0.003661899
130,768,40,0.004616151,0.00087115,0.003745001
130,768,41,0.004926332,0.001132709,0.003793623
130,768,42,0.004511601,0.000787188,0.003724413
130,768,43,0.004675981,0.000910261,0.00376572
130,768,44,0.004806665,0.001033097,0.003773568
130,768,45,0.004598029,0.000831916,0.003766113
130,768,46,0.004614617,0.000862528,0.003752089
130,768,47,0.004906251,0.001170347,0.003735904
130,768,48,0.004810328,0.000999464,0.003810864
130,768,49,0.004658032,0.0008922,0.003765832
130,768,50,0.004474471,0.000805039,0.003669432
130,768,51,0.004835965,0.001050435,0.00378553
130,768,52,0.00467818,0.000920405,0.003757775
130,768,53,0.004639362,0.000929393,0.003709969
130,768,54,0.004741345,0.001046008,0.003695337
130,768,55,0.004807551,0.001057601,0.00374995
130,768,56,0.004655822,0.00095271,0.003703112
130,768,57,0.004647655,0.001012948,0.003634707
130,768,58,0.004728127,0.001052672,0.003675455
130,768,59,0.004667422,0.000999367,0.003668055
130,768,60,0.004612688,0.000992445,0.003620243
130,768,61,0.004731413,0.001062744,0.003668669
130,768,62,0.004704204,0.001052765,0.003651439
130,768,63,0.004947054,0.001272415,0.003674639
130,768,64,0.004542716,0.000909261,0.003633455
130,768,65,0.004657128,0.000969594,0.003687534
130,768,66,0.004654095,0.001050513,0.003603582
130,768,67,0.004488627,0.000949195,0.003539432
130,768,68,0.004800639,0.001051045,0.003749594
130,768,69,0.004303796,0.000621806,0.00368199
130,768,70,0.004531281,0.000743893,0.003787388
130,768,71,0.004298892,0.000682938,0.003615954
130,768,72,0.00424529,0.000652512,0.003592778
130,768,73,0.004402852,0.00072825,0.003674602
130,768,74,0.004203419,0.00072401,0.003479409
130,768,75,0.00465047,0.001187593,0.003462877
130,768,76,0.004356182,0.000924038,0.003432144
130,768,77,0.00475859,0.00121137,0.00354722
130,768,78,0.004706804,0.00114316,0.003563644
130,768,79,0.004838986,0.00129381,0.003545176
130,768,80,0.004557204,0.000948171,0.003609033
130,768,81,0.00472734,0.001139723,0.003587617
130,768,82,0.004764066,0.001077002,0.003687064
130,768,83,0.004439623,0.000706995,0.003732628
130,768,84,0.004645417,0.000863276,0.003782141
130,768,85,0.005069934,0.001538873,0.003531061
130,768,86,0.006019205,0.002521258,0.003497947
130,768,87,0.005128399,0.001580082,0.003548317
130,768,88,0.004912996,0.001195195,0.003717801
130,768,89,0.004699507,0.001046444,0.003653063
130,768,90,0.004200333,0.000759123,0.00344121
130,768,91,0.004569122,0.001256151,0.003312971
130,768,92,0.004850252,0.001428968,0.003421284
130,768,93,0.004812915,0.001281635,0.00353128
130,768,94,0.005372524,0.00183425,0.003538274
130,768,95,0.004324919,0.000716369,0.00360855
130,768,96,0.007027276,0.003451527,0.003575749
130,768,97,0.004600171,0.000961656,0.003638515
130,768,98,0.006703173,0.003002465,0.003700708
130,768,99,0.004430877,0.000874233,0.003556644
130,768,100,0.005691563,0.00205346,0.003638103
130,768,101,0.004133168,0.00052697,0.003606198
130,768,102,0.004184838,0.000466921,0.003717917
130,768,103,0.006718764,0.003135624,0.00358314
130,768,104,0.009360423,0.004887173,0.00447325
130,768,105,0.004024128,0.000459545,0.003564583
130,768,106,0.008897927,0.005323322,0.003574605
130,768,107,0.00488963,0.001120678,0.003768952
130,768,108,0.004140024,0.000531459,0.003608565
130,768,109,0.004192239,0.000627124,0.003565115
130,768,110,0.005937278,0.002390383,0.003546895
131,768,1,0.756455229,0.632707464,0.123747765
131,768,2,0.046553444,0.043507243,0.003046201
131,768,3,0.006056448,0.003036552,0.003019896
131,768,4,0.00544086,0.002417702,0.003023158
131,768,5,0.021337035,0.018310968,0.003026067
131,768,6,0.00419039,0.00102621,0.00316418
131,768,7,0.026364757,0.023332793,0.003031964
131,768,8,0.004092788,0.000963782,0.003129006
131,768,9,0.00375569,0.000618418,0.003137272
131,768,10,0.003486228,0.000379907,0.003106321
131,768,11,0.003617069,0.000484171,0.003132898
131,768,12,0.003730909,0.000557714,0.003173195
131,768,13,0.003458918,0.000352504,0.003106414
131,768,14,0.015834418,0.012776634,0.003057784
131,768,15,0.004304121,0.001256131,0.00304799
131,768,16,0.013745355,0.010713904,0.003031451
131,768,17,0.004518334,0.001467387,0.003050947
131,768,18,0.004441357,0.001369354,0.003072003
131,768,19,0.004261989,0.001070743,0.003191246
131,768,20,0.004571612,0.001398133,0.003173479
131,768,21,0.00459006,0.001406129,0.003183931
131,768,22,0.004162674,0.000908244,0.00325443
131,768,23,0.004009273,0.000803848,0.003205425
131,768,24,0.004039836,0.000850693,0.003189143
131,768,25,0.016692656,0.013575933,0.003116723
131,768,26,0.02329549,0.020066291,0.003229199
131,768,27,0.005777984,0.002380627,0.003397357
131,768,28,0.005522138,0.002097985,0.003424153
131,768,29,0.006097588,0.002580381,0.003517207
131,768,30,0.00556669,0.00214206,0.00342463
131,768,31,0.005246905,0.001716346,0.003530559
131,768,32,0.005227035,0.001470046,0.003756989
131,768,33,0.00487804,0.001251419,0.003626621
131,768,34,0.005291205,0.001781086,0.003510119
131,768,35,0.004656532,0.001013372,0.00364316
131,768,36,0.004918837,0.001278564,0.003640273
131,768,37,0.005003681,0.001325954,0.003677727
131,768,38,0.004726858,0.001006928,0.00371993
131,768,39,0.004664012,0.000877691,0.003786321
131,768,40,0.004856488,0.001088415,0.003768073
131,768,41,0.004592548,0.000781446,0.003811102
131,768,42,0.004689981,0.000972495,0.003717486
131,768,43,0.004774799,0.000963213,0.003811586
131,768,44,0.004475024,0.00071329,0.003761734
131,768,45,0.004796042,0.000957338,0.003838704
131,768,46,0.004933622,0.001115613,0.003818009
131,768,47,0.004750289,0.00093668,0.003813609
131,768,48,0.004484476,0.000720604,0.003763872
131,768,49,0.004485493,0.000708925,0.003776568
131,768,50,0.004414189,0.000764183,0.003650006
131,768,51,0.004695295,0.000906951,0.003788344
131,768,52,0.004854983,0.001102817,0.003752166
131,768,53,0.004538668,0.000761345,0.003777323
131,768,54,0.004451959,0.000746591,0.003705368
131,768,55,0.004956631,0.001253205,0.003703426
131,768,56,0.004798493,0.001095324,0.003703169
131,768,57,0.005064469,0.00129529,0.003769179
131,768,58,0.004328706,0.000697111,0.003631595
131,768,59,0.004805381,0.001070393,0.003734988
131,768,60,0.004669597,0.000965784,0.003703813
131,768,61,0.004798422,0.001157052,0.00364137
131,768,62,0.004918368,0.00127308,0.003645288
131,768,63,0.004530765,0.000878236,0.003652529
131,768,64,0.004755496,0.000983017,0.003772479
131,768,65,0.004703832,0.00103913,0.003664702
131,768,66,0.004442719,0.000788714,0.003654005
131,768,67,0.004483962,0.000876557,0.003607405
131,768,68,0.004512339,0.000733109,0.00377923
131,768,69,0.004782425,0.000971775,0.00381065
131,768,70,0.004388468,0.000585671,0.003802797
131,768,71,0.004298979,0.000634064,0.003664915
131,768,72,0.004287883,0.000578965,0.003708918
131,768,73,0.004341154,0.000720905,0.003620249
131,768,74,0.004585596,0.000967106,0.00361849
131,768,75,0.004380782,0.000913454,0.003467328
131,768,76,0.004658176,0.00122409,0.003434086
131,768,77,0.004442809,0.000927602,0.003515207
131,768,78,0.004686173,0.001077978,0.003608195
131,768,79,0.00439873,0.000848516,0.003550214
131,768,80,0.004836807,0.001224564,0.003612243
131,768,81,0.004753179,0.001158005,0.003595174
131,768,82,0.004565043,0.000915213,0.00364983
131,768,83,0.004722624,0.001045132,0.003677492
131,768,84,0.005517393,0.001941465,0.003575928
131,768,85,0.005044451,0.001624815,0.003419636
131,768,86,0.005221061,0.001777518,0.003443543
131,768,87,0.005023292,0.001482303,0.003540989
131,768,88,0.004910719,0.001272431,0.003638288
131,768,89,0.004774363,0.001041247,0.003733116
131,768,90,0.00409187,0.000693762,0.003398108
131,768,91,0.005245242,0.00181207,0.003433172
131,768,92,0.004749227,0.001168582,0.003580645
131,768,93,0.005364421,0.001766999,0.003597422
131,768,94,0.004395338,0.000757793,0.003637545
131,768,95,0.007111781,0.003514042,0.003597739
131,768,96,0.004477279,0.000901151,0.003576128
131,768,97,0.006549146,0.002783957,0.003765189
131,768,98,0.004764629,0.001003572,0.003761057
131,768,99,0.004122225,0.000477255,0.00364497
131,768,100,0.004253443,0.000661715,0.003591728
131,768,101,0.004920214,0.001289273,0.003630941
131,768,102,0.007135627,0.003454189,0.003681438
131,768,103,0.007371774,0.003699472,0.003672302
131,768,104,0.005084355,0.001452462,0.003631893
131,768,105,0.009982995,0.00427951,0.005703485
131,768,106,0.004886753,0.000872079,0.004014674
131,768,107,0.004228195,0.000433984,0.003794211
131,768,108,0.004171198,0.000546673,0.003624525
131,768,109,0.005956889,0.002389115,0.003567774
131,768,110,0.00804911,0.004666364,0.003382746
132,768,1,0.756144959,0.632467704,0.123677255
132,768,2,0.046907904,0.043870269,0.003037635
132,768,3,0.008244462,0.005207754,0.003036708
132,768,4,0.003793199,0.000645801,0.003147398
132,768,5,0.003459196,0.000367833,0.003091363
132,768,6,0.044626843,0.041581278,0.003045565
132,768,7,0.004042022,0.000904994,0.003137028
132,768,8,0.003721855,0.000541729,0.003180126
132,768,9,0.003599036,0.000484722,0.003114314
132,768,10,0.003530569,0.000378533,0.003152036
132,768,11,0.003685075,0.000564897,0.003120178
132,768,12,0.003501295,0.000360865,0.00314043
132,768,13,0.015856371,0.012785351,0.00307102
132,768,14,0.004277351,0.00123424,0.003043111
132,768,15,0.003946746,0.000792683,0.003154063
132,768,16,0.003578005,0.000409031,0.003168974
132,768,17,0.012773277,0.009741533,0.003031744
132,768,18,0.004670064,0.001608887,0.003061177
132,768,19,0.004903557,0.001660245,0.003243312
132,768,20,0.00465531,0.001432279,0.003223031
132,768,21,0.004569875,0.001398962,0.003170913
132,768,22,0.004411681,0.001166604,0.003245077
132,768,23,0.003974475,0.000762247,0.003212228
132,768,24,0.017083247,0.013956417,0.00312683
132,768,25,0.023493329,0.020306685,0.003186644
132,768,26,0.005551089,0.002339698,0.003211391
132,768,27,0.005499602,0.002187827,0.003311775
132,768,28,0.006011788,0.002644965,0.003366823
132,768,29,0.005752086,0.002244473,0.003507613
132,768,30,0.005092429,0.001496325,0.003596104
132,768,31,0.005185674,0.00153151,0.003654164
132,768,32,0.004941977,0.001362333,0.003579644
132,768,33,0.005387755,0.001785164,0.003602591
132,768,34,0.004433761,0.000808403,0.003625358
132,768,35,0.004888814,0.001250412,0.003638402
132,768,36,0.004869933,0.001288572,0.003581361
132,768,37,0.004700639,0.001139829,0.00356081
132,768,38,0.004621429,0.00095369,0.003667739
132,768,39,0.004902179,0.001202098,0.003700081
132,768,40,0.004558254,0.000818965,0.003739289
132,768,41,0.00485048,0.001016819,0.003833661
132,768,42,0.004686236,0.00086927,0.003816966
132,768,43,0.004521525,0.000706357,0.003815168
132,768,44,0.004714769,0.000911416,0.003803353
132,768,45,0.004997767,0.001190131,0.003807636
132,768,46,0.004732885,0.000836501,0.003896384
132,768,47,0.004437826,0.00068949,0.003748336
132,768,48,0.004559374,0.000729558,0.003829816
132,768,49,0.004472595,0.000723995,0.0037486
132,768,50,0.004605548,0.000828102,0.003777446
132,768,51,0.004890552,0.001080789,0.003809763
132,768,52,0.004450585,0.000724064,0.003726521
132,768,53,0.004615237,0.000824742,0.003790495
132,768,54,0.004892775,0.001172095,0.00372068
132,768,55,0.004655544,0.000908354,0.00374719
132,768,56,0.004970599,0.001290299,0.0036803
132,768,57,0.004473541,0.000750013,0.003723528
132,768,58,0.004695363,0.001042752,0.003652611
132,768,59,0.004912266,0.001194018,0.003718248
132,768,60,0.004665296,0.001025761,0.003639535
132,768,61,0.005026036,0.001437406,0.00358863
132,768,62,0.00457213,0.000893467,0.003678663
132,768,63,0.004721156,0.001061961,0.003659195
132,768,64,0.004713096,0.00102578,0.003687316
132,768,65,0.004500257,0.00084623,0.003654027
132,768,66,0.004310582,0.000796367,0.003514215
132,768,67,0.004476171,0.000861205,0.003614966
132,768,68,0.004839334,0.001125102,0.003714232
132,768,69,0.004313226,0.000574779,0.003738447
132,768,70,0.004254225,0.000569465,0.00368476
132,768,71,0.004432727,0.000755474,0.003677253
132,768,72,0.004243009,0.000659455,0.003583554
132,768,73,0.00431111,0.000667446,0.003643664
132,768,74,0.004497346,0.000914931,0.003582415
132,768,75,0.004266841,0.000802929,0.003463912
132,768,76,0.004685407,0.001187683,0.003497724
132,768,77,0.004666482,0.001071987,0.003594495
132,768,78,0.005060704,0.001428076,0.003632628
132,768,79,0.004547238,0.000939926,0.003607312
132,768,80,0.004793262,0.001100031,0.003693231
132,768,81,0.004321113,0.000745774,0.003575339
132,768,82,0.004953216,0.001332798,0.003620418
132,768,83,0.005850468,0.002252151,0.003598317
132,768,84,0.005059208,0.001541886,0.003517322
132,768,85,0.004345919,0.000879063,0.003466856
132,768,86,0.005122089,0.001647006,0.003475083
132,768,87,0.004940044,0.001319088,0.003620956
132,768,88,0.004955768,0.001341797,0.003613971
132,768,89,0.004523771,0.000853736,0.003670035
132,768,90,0.004865153,0.001463718,0.003401435
132,768,91,0.005058994,0.001422362,0.003636632
132,768,92,0.005285002,0.001681169,0.003603833
132,768,93,0.004466177,0.000801682,0.003664495
132,768,94,0.007110572,0.003526286,0.003584286
132,768,95,0.004599166,0.00096701,0.003632156
132,768,96,0.005555777,0.001982724,0.003573053
132,768,97,0.005216164,0.001498719,0.003717445
132,768,98,0.004446387,0.000720955,0.003725432
132,768,99,0.004140654,0.000510168,0.003630486
132,768,100,0.004910595,0.001317588,0.003593007
132,768,101,0.007424159,0.003669631,0.003754528
132,768,102,0.005077411,0.001327622,0.003749789
132,768,103,0.007109369,0.003511518,0.003597851
132,768,104,0.008009676,0.004471401,0.003538275
132,768,105,0.005568439,0.001953589,0.00361485
132,768,106,0.004640042,0.001075106,0.003564936
132,768,107,0.005099794,0.001298803,0.003800991
132,768,108,0.00618513,0.002594774,0.003590356
132,768,109,0.005345027,0.001645407,0.00369962
132,768,110,0.004337398,0.000934119,0.003403279
133,768,1,0.759178995,0.636062941,0.123116054
133,768,2,0.044506351,0.041450429,0.003055922
133,768,3,0.003683535,0.000511894,0.003171641
133,768,4,0.007093215,0.004054711,0.003038504
133,768,5,0.04554397,0.042508165,0.003035805
133,768,6,0.003936404,0.000900066,0.003036338
133,768,7,0.003721072,0.000615403,0.003105669
133,768,8,0.003629323,0.000490302,0.003139021
133,768,9,0.003478536,0.000366104,0.003112432
133,768,10,0.003716004,0.000598304,0.0031177
133,768,11,0.003525827,0.000358043,0.003167784
133,768,12,0.015743303,0.012677964,0.003065339
133,768,13,0.004385747,0.001292035,0.003093712
133,768,14,0.003855604,0.000688624,0.00316698
133,768,15,0.003607089,0.000478562,0.003128527
133,768,16,0.003634658,0.000512335,0.003122323
133,768,17,0.003680473,0.000496739,0.003183734
133,768,18,0.01222811,0.009176012,0.003052098
133,768,19,0.004888449,0.001806487,0.003081962
133,768,20,0.005465092,0.002320172,0.00314492
133,768,21,0.004704084,0.001517199,0.003186885
133,768,22,0.004169998,0.000939594,0.003230404
133,768,23,0.017861862,0.014766502,0.00309536
133,768,24,0.02367936,0.020579475,0.003099885
133,768,25,0.00551593,0.00232485,0.00319108
133,768,26,0.005321927,0.002116683,0.003205244
133,768,27,0.006088113,0.002667832,0.003420281
133,768,28,0.00566444,0.002238842,0.003425598
133,768,29,0.005001701,0.001614022,0.003387679
133,768,30,0.004997474,0.00160216,0.003395314
133,768,31,0.005109517,0.001543993,0.003565524
133,768,32,0.00518116,0.001699166,0.003481994
133,768,33,0.004677294,0.001018324,0.00365897
133,768,34,0.004799847,0.001179379,0.003620468
133,768,35,0.004792622,0.001178938,0.003613684
133,768,36,0.004754328,0.001196294,0.003558034
133,768,37,0.004579778,0.000978266,0.003601512
133,768,38,0.004905097,0.001198393,0.003706704
133,768,39,0.004441647,0.000821842,0.003619805
133,768,40,0.004947963,0.001153088,0.003794875
133,768,41,0.004618081,0.000851782,0.003766299
133,768,42,0.004480737,0.000718789,0.003761948
133,768,43,0.00480569,0.00102318,0.00378251
133,768,44,0.004990857,0.001123238,0.003867619
133,768,45,0.004526476,0.000718475,0.003808001
133,768,46,0.004618809,0.00074473,0.003874079
133,768,47,0.004600498,0.000755949,0.003844549
133,768,48,0.004537884,0.000735552,0.003802332
133,768,49,0.004525773,0.000795056,0.003730717
133,768,50,0.004862843,0.001054075,0.003808768
133,768,51,0.004465649,0.000751487,0.003714162
133,768,52,0.004699164,0.000943197,0.003755967
133,768,53,0.004887202,0.001146976,0.003740226
133,768,54,0.00478435,0.000997061,0.003787289
133,768,55,0.004740613,0.001080561,0.003660052
133,768,56,0.004561634,0.000861253,0.003700381
133,768,57,0.00471325,0.001062753,0.003650497
133,768,58,0.00484563,0.001169416,0.003676214
133,768,59,0.00483835,0.001111755,0.003726595
133,768,60,0.004979119,0.001335137,0.003643982
133,768,61,0.004548182,0.000908636,0.003639546
133,768,62,0.004773469,0.001105505,0.003667964
133,768,63,0.004681537,0.001057709,0.003623828
133,768,64,0.004620421,0.000872992,0.003747429
133,768,65,0.004444682,0.000786894,0.003657788
133,768,66,0.004169866,0.000665605,0.003504261
133,768,67,0.004653697,0.00111885,0.003534847
133,768,68,0.004519759,0.000858869,0.00366089
133,768,69,0.004313206,0.000669938,0.003643268
133,768,70,0.00454443,0.00080319,0.00374124
133,768,71,0.004299939,0.000647841,0.003652098
133,768,72,0.004120193,0.000589666,0.003530527
133,768,73,0.004336521,0.000680972,0.003655549
133,768,74,0.004385222,0.000840912,0.00354431
133,768,75,0.004524622,0.000998891,0.003525731
133,768,76,0.00489413,0.001325774,0.003568356
133,768,77,0.004642173,0.001138306,0.003503867
133,768,78,0.004774359,0.001169919,0.00360444
133,768,79,0.004650916,0.001028733,0.003622183
133,768,80,0.004600389,0.000950846,0.003649543
133,768,81,0.004732824,0.001175729,0.003557095
133,768,82,0.006274472,0.002836872,0.0034376
133,768,83,0.005186204,0.001629698,0.003556506
133,768,84,0.004239411,0.000749416,0.003489995
133,768,85,0.004120934,0.000803737,0.003317197
133,768,86,0.005295565,0.001922021,0.003373544
133,768,87,0.004853981,0.001411036,0.003442945
133,768,88,0.004853994,0.001263896,0.003590098
133,768,89,0.005118374,0.001628514,0.00348986
133,768,90,0.004771862,0.001390449,0.003381413
133,768,91,0.005313673,0.001759263,0.00355441
133,768,92,0.004629879,0.000927352,0.003702527
133,768,93,0.007271927,0.003822025,0.003449902
133,768,94,0.004287995,0.000735843,0.003552152
133,768,95,0.004370346,0.000753142,0.003617204
133,768,96,0.004173243,0.000551124,0.003622119
133,768,97,0.005295093,0.00156982,0.003725273
133,768,98,0.005343096,0.001623057,0.003720039
133,768,99,0.005364534,0.001716704,0.00364783
133,768,100,0.007435851,0.003848654,0.003587197
133,768,101,0.005128984,0.001396708,0.003732276
133,768,102,0.00720033,0.003599099,0.003601231
133,768,103,0.007718501,0.004109183,0.003609318
133,768,104,0.005246293,0.001603829,0.003642464
133,768,105,0.004536825,0.000920983,0.003615842
133,768,106,0.004704098,0.001157491,0.003546607
133,768,107,0.005297301,0.001546116,0.003751185
133,768,108,0.006315752,0.000559212,0.00575654
133,768,109,0.005331381,0.000983615,0.004347766
133,768,110,0.003782375,0.000384918,0.003397457
134,768,1,0.755670855,0.632356797,0.123314058
134,768,2,0.047406319,0.044342602,0.003063717
134,768,3,0.004123395,0.000952928,0.003170467
134,768,4,0.049735676,0.046688025,0.003047651
134,768,5,0.00392412,0.000787456,0.003136664
134,768,6,0.0036843,0.000521629,0.003162671
134,768,7,0.003606597,0.000408377,0.00319822
134,768,8,0.003524337,0.000380852,0.003143485
134,768,9,0.003654614,0.000492067,0.003162547
134,768,10,0.003487868,0.000359347,0.003128521
134,768,11,0.015763453,0.012681339,0.003082114
134,768,12,0.004342562,0.001260524,0.003082038
134,768,13,0.003849238,0.000673008,0.00317623
134,768,14,0.003626415,0.00045027,0.003176145
134,768,15,0.003649338,0.000438203,0.003211135
134,768,16,0.003663246,0.00052959,0.003133656
134,768,17,0.003598393,0.000431629,0.003166764
134,768,18,0.003473799,0.000345438,0.003128361
134,768,19,0.012333586,0.009214266,0.00311932
134,768,20,0.005413924,0.002268857,0.003145067
134,768,21,0.005062718,0.001788487,0.003274231
134,768,22,0.01913613,0.016022896,0.003113234
134,768,23,0.023935726,0.020802876,0.00313285
134,768,24,0.00534859,0.002188211,0.003160379
134,768,25,0.005376997,0.002092114,0.003284883
134,768,26,0.005712473,0.002359445,0.003353028
134,768,27,0.005805426,0.002443936,0.00336149
134,768,28,0.004982568,0.001572308,0.00341026
134,768,29,0.005126633,0.001665611,0.003461022
134,768,30,0.004730922,0.001337979,0.003392943
134,768,31,0.005179888,0.001689741,0.003490147
134,768,32,0.004708004,0.001106765,0.003601239
134,768,33,0.00485132,0.001220969,0.003630351
134,768,34,0.004752123,0.001129226,0.003622897
134,768,35,0.004671587,0.001082242,0.003589345
134,768,36,0.004685099,0.000980839,0.00370426
134,768,37,0.004782925,0.001031191,0.003751734
134,768,38,0.004446559,0.000745488,0.003701071
134,768,39,0.004904907,0.001122577,0.00378233
134,768,40,0.004624404,0.000835147,0.003789257
134,768,41,0.00449227,0.000690153,0.003802117
134,768,42,0.004818096,0.000971844,0.003846252
134,768,43,0.004894392,0.001009345,0.003885047
134,768,44,0.004529766,0.000723019,0.003806747
134,768,45,0.004596613,0.000752732,0.003843881
134,768,46,0.004620358,0.00078056,0.003839798
134,768,47,0.004614021,0.00080549,0.003808531
134,768,48,0.004707843,0.000878792,0.003829051
134,768,49,0.004571097,0.000800652,0.003770445
134,768,50,0.00454985,0.000809347,0.003740503
134,768,51,0.004833037,0.001036786,0.003796251
134,768,52,0.004854814,0.00106033,0.003794484
134,768,53,0.004678364,0.000909672,0.003768692
134,768,54,0.00474437,0.00105716,0.00368721
134,768,55,0.004609137,0.000885642,0.003723495
134,768,56,0.004720269,0.001081117,0.003639152
134,768,57,0.00481619,0.001121998,0.003694192
134,768,58,0.004639153,0.001066114,0.003573039
134,768,59,0.005086273,0.001523238,0.003563035
134,768,60,0.00463702,0.001007429,0.003629591
134,768,61,0.004857532,0.001172376,0.003685156
134,768,62,0.004687562,0.000991575,0.003695987
134,768,63,0.004466761,0.00079394,0.003672821
134,768,64,0.004678442,0.000911829,0.003766613
134,768,65,0.004300086,0.000698659,0.003601427
134,768,66,0.004413787,0.000852048,0.003561739
134,768,67,0.004413927,0.000852987,0.00356094
134,768,68,0.004612908,0.000896856,0.003716052
134,768,69,0.004426239,0.000636166,0.003790073
134,768,70,0.004301633,0.00059063,0.003711003
134,768,71,0.004314504,0.000622906,0.003691598
134,768,72,0.004197827,0.000623736,0.003574091
134,768,73,0.00422613,0.000646707,0.003579423
134,768,74,0.004566709,0.000971172,0.003595537
134,768,75,0.004672449,0.001163091,0.003509358
134,768,76,0.004957045,0.001349891,0.003607154
134,768,77,0.004400738,0.000835702,0.003565036
134,768,78,0.004641112,0.00105403,0.003587082
134,768,79,0.00481058,0.001268561,0.003542019
134,768,80,0.004532643,0.000917439,0.003615204
134,768,81,0.006927153,0.003360162,0.003566991
134,768,82,0.005102799,0.001397067,0.003705732
134,768,83,0.004287669,0.000575884,0.003711785
134,768,84,0.004156642,0.000621186,0.003535456
134,768,85,0.004162515,0.000785547,0.003376968
134,768,86,0.005168402,0.0017789,0.003389502
134,768,87,0.004876305,0.001275639,0.003600666
134,768,88,0.005348453,0.001822213,0.00352624
134,768,89,0.004870094,0.001352594,0.0035175
134,768,90,0.005063792,0.001680415,0.003383377
134,768,91,0.004470483,0.00094289,0.003527593
134,768,92,0.007810945,0.004251104,0.003559841
134,768,93,0.004437776,0.000819306,0.00361847
134,768,94,0.004181752,0.000601955,0.003579797
134,768,95,0.004284661,0.000677006,0.003607655
134,768,96,0.004268368,0.000646895,0.003621473
134,768,97,0.004516142,0.000732997,0.003783145
134,768,98,0.007224117,0.003515749,0.003708368
134,768,99,0.007507971,0.003897055,0.003610916
134,768,100,0.004725444,0.001091447,0.003633997
134,768,101,0.007636535,0.003844698,0.003791837
134,768,102,0.004644761,0.0010172,0.003627561
134,768,103,0.004251556,0.000633407,0.003618149
134,768,104,0.006606703,0.003056375,0.003550328
134,768,105,0.00564636,0.002001841,0.003644519
134,768,106,0.004606975,0.001038281,0.003568694
134,768,107,0.00519387,0.001381516,0.003812354
134,768,108,0.004135401,0.000517947,0.003617454
134,768,109,0.006560293,0.002860196,0.003700097
134,768,110,0.004826611,0.00140332,0.003423291
135,768,1,0.755867456,0.632385456,0.123482
135,768,2,0.047176042,0.044130559,0.003045483
135,768,3,0.050710176,0.047687687,0.003022489
135,768,4,0.003852614,0.000754466,0.003098148
135,768,5,0.003590586,0.000438396,0.00315219
135,768,6,0.003606802,0.000491716,0.003115086
135,768,7,0.003621962,0.000497538,0.003124424
135,768,8,0.003569983,0.000400006,0.003169977
135,768,9,0.003504212,0.000376335,0.003127877
135,768,10,0.015500143,0.012447055,0.003053088
135,768,11,0.004642646,0.001586222,0.003056424
135,768,12,0.003805081,0.000621858,0.003183223
135,768,13,0.003651351,0.000433915,0.003217436
135,768,14,0.003524997,0.000400124,0.003124873
135,768,15,0.003768073,0.000617636,0.003150437
135,768,16,0.003602993,0.000429659,0.003173334
135,768,17,0.003532352,0.000426066,0.003106286
135,768,18,0.003650299,0.000508866,0.003141433
135,768,19,0.003463899,0.000340194,0.003123705
135,768,20,0.013027323,0.009887714,0.003139609
135,768,21,0.021498208,0.018420599,0.003077609
135,768,22,0.024020666,0.020951699,0.003068967
135,768,23,0.005399459,0.002252496,0.003146963
135,768,24,0.005251207,0.002043788,0.003207419
135,768,25,0.005693506,0.00245833,0.003235176
135,768,26,0.005675729,0.002304841,0.003370888
135,768,27,0.005137346,0.001652683,0.003484663
135,768,28,0.005027821,0.001430106,0.003597715
135,768,29,0.004773732,0.00130685,0.003466882
135,768,30,0.004994182,0.00139301,0.003601172
135,768,31,0.004653132,0.000984289,0.003668843
135,768,32,0.004804385,0.001073069,0.003731316
135,768,33,0.004675272,0.000925638,0.003749634
135,768,34,0.004622729,0.000889471,0.003733258
135,768,35,0.004680151,0.000906458,0.003773693
135,768,36,0.004748578,0.00097785,0.003770728
135,768,37,0.004651005,0.000776438,0.003874567
135,768,38,0.004722727,0.000831396,0.003891331
135,768,39,0.004617071,0.000740746,0.003876325
135,768,40,0.004560388,0.000678805,0.003881583
135,768,41,0.004750108,0.00080246,0.003947648
135,768,42,0.004766958,0.000890081,0.003876877
135,768,43,0.004603271,0.000751373,0.003851898
135,768,44,0.004598998,0.000753234,0.003845764
135,768,45,0.004710595,0.00079996,0.003910635
135,768,46,0.004571498,0.00066294,0.003908558
135,768,47,0.004840939,0.00087006,0.003970879
135,768,48,0.00458504,0.000738645,0.003846395
135,768,49,0.004535955,0.000761038,0.003774917
135,768,50,0.00483511,0.000973804,0.003861306
135,768,51,0.00475369,0.000960852,0.003792838
135,768,52,0.004776376,0.000936725,0.003839651
135,768,53,0.004806101,0.001030854,0.003775247
135,768,54,0.004529516,0.000798719,0.003730797
135,768,55,0.004739454,0.001056861,0.003682593
135,768,56,0.004791044,0.001102011,0.003689033
135,768,57,0.004765749,0.001103746,0.003662003
135,768,58,0.004948054,0.001314753,0.003633301
135,768,59,0.0046784,0.00102105,0.00365735
135,768,60,0.004772852,0.00107077,0.003702082
135,768,61,0.00469254,0.000986984,0.003705556
135,768,62,0.00450652,0.000811673,0.003694847
135,768,63,0.004546815,0.000859673,0.003687142
135,768,64,0.004534016,0.000772027,0.003761989
135,768,65,0.004444424,0.000771751,0.003672673
135,768,66,0.004193812,0.000692123,0.003501689
135,768,67,0.00455064,0.000987473,0.003563167
135,768,68,0.004499348,0.000826826,0.003672522
135,768,69,0.004268763,0.000601221,0.003667542
135,768,70,0.004375485,0.000578105,0.00379738
135,768,71,0.004310347,0.000563092,0.003747255
135,768,72,0.004142288,0.00061351,0.003528778
135,768,73,0.004443372,0.000863095,0.003580277
135,768,74,0.004943841,0.001335046,0.003608795
135,768,75,0.004775395,0.001175803,0.003599592
135,768,76,0.004580168,0.000897516,0.003682652
135,768,77,0.004367344,0.000818238,0.003549106
135,768,78,0.004784411,0.001198133,0.003586278
135,768,79,0.004699754,0.001067426,0.003632328
135,768,80,0.007132606,0.003596345,0.003536261
135,768,81,0.00508377,0.001424763,0.003659007
135,768,82,0.004229463,0.00051514,0.003714323
135,768,83,0.004353748,0.000464272,0.003889476
135,768,84,0.004021687,0.00046673,0.003554957
135,768,85,0.004130248,0.000783354,0.003346894
135,768,86,0.005302323,0.001971266,0.003331057
135,768,87,0.005427708,0.002053068,0.00337464
135,768,88,0.004942795,0.001504901,0.003437894
135,768,89,0.00522911,0.001842176,0.003386934
135,768,90,0.004689161,0.001306102,0.003383059
135,768,91,0.00795325,0.004252709,0.003700541
135,768,92,0.00441186,0.00066029,0.00375157
135,768,93,0.004266908,0.000582075,0.003684833
135,768,94,0.004055971,0.000474093,0.003581878
135,768,95,0.004239647,0.000654787,0.00358486
135,768,96,0.004255796,0.000647129,0.003608667
135,768,97,0.00747747,0.003850701,0.003626769
135,768,98,0.007410999,0.001016043,0.006394956
135,768,99,0.004999062,0.001123077,0.003875985
135,768,100,0.004721997,0.001076362,0.003645635
135,768,101,0.004542466,0.000847733,0.003694733
135,768,102,0.005901088,0.002286594,0.003614494
135,768,103,0.004902656,0.001315053,0.003587603
135,768,104,0.00618567,0.002656186,0.003529484
135,768,105,0.006466807,0.002856884,0.003609923
135,768,106,0.004549595,0.000984614,0.003564981
135,768,107,0.005259096,0.001488197,0.003770899
135,768,108,0.004157351,0.000574042,0.003583309
135,768,109,0.00689459,0.003191322,0.003703268
135,768,110,0.005027765,0.001638128,0.003389637
136,768,1,0.756789789,0.63287589,0.123913899
136,768,2,0.093751575,0.090730425,0.00302115
136,768,3,0.003775205,0.000650111,0.003125094
136,768,4,0.003578046,0.000481554,0.003096492
136,768,5,0.00360841,0.000491741,0.003116669
136,768,6,0.003627721,0.000479662,0.003148059
136,768,7,0.003496444,0.000399728,0.003096716
136,768,8,0.003627801,0.000491333,0.003136468
136,768,9,0.015340908,0.012311937,0.003028971
136,768,10,0.004535355,0.001476438,0.003058917
136,768,11,0.003903302,0.000712659,0.003190643
136,768,12,0.003698742,0.000543248,0.003155494
136,768,13,0.003601029,0.000431757,0.003169272
136,768,14,0.003703533,0.000520298,0.003183235
136,768,15,0.003636737,0.000516185,0.003120552
136,768,16,0.00362451,0.000476253,0.003148257
136,768,17,0.003595717,0.000426666,0.003169051
136,768,18,0.003530005,0.000407504,0.003122501
136,768,19,0.003764597,0.000622578,0.003142019
136,768,20,0.030154245,0.027083382,0.003070863
136,768,21,0.024562647,0.021448891,0.003113756
136,768,22,0.005189007,0.002072336,0.003116671
136,768,23,0.005296896,0.002189312,0.003107584
136,768,24,0.005637962,0.002446017,0.003191945
136,768,25,0.005492901,0.002257275,0.003235626
136,768,26,0.005008789,0.001624384,0.003384405
136,768,27,0.004960586,0.001492282,0.003468304
136,768,28,0.004937313,0.001305454,0.003631859
136,768,29,0.004749459,0.001187243,0.003562216
136,768,30,0.004740799,0.001102624,0.003638175
136,768,31,0.004652022,0.00101564,0.003636382
136,768,32,0.004618357,0.000973514,0.003644843
136,768,33,0.004566477,0.000923577,0.0036429
136,768,34,0.004621402,0.000902785,0.003718617
136,768,35,0.004620059,0.000984733,0.003635326
136,768,36,0.004642306,0.000954215,0.003688091
136,768,37,0.004727137,0.000957366,0.003769771
136,768,38,0.004485604,0.000805119,0.003680485
136,768,39,0.004803056,0.001015968,0.003787088
136,768,40,0.004742641,0.000888515,0.003854126
136,768,41,0.004685968,0.000915854,0.003770114
136,768,42,0.004740454,0.000848942,0.003891512
136,768,43,0.004659587,0.00077168,0.003887907
136,768,44,0.004558552,0.000736727,0.003821825
136,768,45,0.004634719,0.000816477,0.003818242
136,768,46,0.004840267,0.00094484,0.003895427
136,768,47,0.004720309,0.000850544,0.003869765
136,768,48,0.004643963,0.000850744,0.003793219
136,768,49,0.004689371,0.000935643,0.003753728
136,768,50,0.004823388,0.001035826,0.003787562
136,768,51,0.004714582,0.000985073,0.003729509
136,768,52,0.004768304,0.001051851,0.003716453
136,768,53,0.004673722,0.00096563,0.003708092
136,768,54,0.004682745,0.001011391,0.003671354
136,768,55,0.004822837,0.00112518,0.003697657
136,768,56,0.00469384,0.001109929,0.003583911
136,768,57,0.004864807,0.001307479,0.003557328
136,768,58,0.004815137,0.001180205,0.003634932
136,768,59,0.004669404,0.000991222,0.003678182
136,768,60,0.004652106,0.000992017,0.003660089
136,768,61,0.004447333,0.000802421,0.003644912
136,768,62,0.004576909,0.00096376,0.003613149
136,768,63,0.004609876,0.0009405,0.003669376
136,768,64,0.004557424,0.000816648,0.003740776
136,768,65,0.004235713,0.000628071,0.003607642
136,768,66,0.00414531,0.000685195,0.003460115
136,768,67,0.004386751,0.000831732,0.003555019
136,768,68,0.004393932,0.000738955,0.003654977
136,768,69,0.004336035,0.000605863,0.003730172
136,768,70,0.004328276,0.000569228,0.003759048
136,768,71,0.004295064,0.000599353,0.003695711
136,768,72,0.004602252,0.001098111,0.003504141
136,768,73,0.004534878,0.001087033,0.003447845
136,768,74,0.004694687,0.001183243,0.003511444
136,768,75,0.004603731,0.001075738,0.003527993
136,768,76,0.004965718,0.001507913,0.003457805
136,768,77,0.004732372,0.001289543,0.003442829
136,768,78,0.004720442,0.001267082,0.00345336
136,768,79,0.007366023,0.00382675,0.003539273
136,768,80,0.004826084,0.001366975,0.003459109
136,768,81,0.004239176,0.000658662,0.003580514
136,768,82,0.004234892,0.000588283,0.003646609
136,768,83,0.004256122,0.000516166,0.003739956
136,768,84,0.004167307,0.000655228,0.003512079
136,768,85,0.003829386,0.00048518,0.003344206
136,768,86,0.006345615,0.003090581,0.003255034
136,768,87,0.005455432,0.001996361,0.003459071
136,768,88,0.005397097,0.001742891,0.003654206
136,768,89,0.004408295,0.000942094,0.003466201
136,768,90,0.007710532,0.004235724,0.003474808
136,768,91,0.00455849,0.000892427,0.003666063
136,768,92,0.004247497,0.000567552,0.003679945
136,768,93,0.004260034,0.00064811,0.003611924
136,768,94,0.004189249,0.000660737,0.003528512
136,768,95,0.004450276,0.000853576,0.0035967
136,768,96,0.007445266,0.003772151,0.003673115
136,768,97,0.0046555,0.001015155,0.003640345
136,768,98,0.007102445,0.003498766,0.003603679
136,768,99,0.005046781,0.001420935,0.003625846
136,768,100,0.004453827,0.000791898,0.003661929
136,768,101,0.004447573,0.00076416,0.003683413
136,768,102,0.004223122,0.000594731,0.003628391
136,768,103,0.005259759,0.001657951,0.003601808
136,768,104,0.00486652,0.001356843,0.003509677
136,768,105,0.006320009,0.002694356,0.003625653
136,768,106,0.006592088,0.003046126,0.003545962
136,768,107,0.004959149,0.001214412,0.003744737
136,768,108,0.004608391,0.00098121,0.003627181
136,768,109,0.004155905,0.000614975,0.00354093
136,768,110,0.006650174,0.00323293,0.003417244
137,768,1,0.755199939,0.631791211,0.123408728
137,768,2,0.038290815,0.035273531,0.003017284
137,768,3,0.060202393,0.05716396,0.003038433
137,768,4,0.00388748,0.000779126,0.003108354
137,768,5,0.003566419,0.000412372,0.003154047
137,768,6,0.003587454,0.000482052,0.003105402
137,768,7,0.003647632,0.000518554,0.003129078
137,768,8,0.015818959,0.012778065,0.003040894
137,768,9,0.004357628,0.001327039,0.003030589
137,768,10,0.003929835,0.000799787,0.003130048
137,768,11,0.003841784,0.000695217,0.003146567
137,768,12,0.003673285,0.000451062,0.003222223
137,768,13,0.003679871,0.000531467,0.003148404
137,768,14,0.003717128,0.00057429,0.003142838
137,768,15,0.003593173,0.000420732,0.003172441
137,768,16,0.00356094,0.00043279,0.00312815
137,768,17,0.003642041,0.00049861,0.003143431
137,768,18,0.003694524,0.000531,0.003163524
137,768,19,0.029563768,0.026479256,0.003084512
137,768,20,0.024365427,0.021267144,0.003098283
137,768,21,0.005019353,0.001948891,0.003070462
137,768,22,0.005436107,0.002321937,0.00311417
137,768,23,0.005551524,0.002417988,0.003133536
137,768,24,0.005385359,0.002143386,0.003241973
137,768,25,0.004915288,0.001474958,0.00344033
137,768,26,0.004506977,0.001015197,0.00349178
137,768,27,0.004750935,0.001204318,0.003546617
137,768,28,0.004853274,0.001231388,0.003621886
137,768,29,0.004446954,0.00086825,0.003578704
137,768,30,0.004955516,0.001328649,0.003626867
137,768,31,0.004479552,0.000867782,0.00361177
137,768,32,0.004539433,0.000877578,0.003661855
137,768,33,0.004665177,0.000996056,0.003669121
137,768,34,0.004484565,0.000795175,0.00368939
137,768,35,0.004696816,0.001018058,0.003678758
137,768,36,0.004514239,0.000846028,0.003668211
137,768,37,0.00460218,0.000863788,0.003738392
137,768,38,0.004750307,0.000972922,0.003777385
137,768,39,0.004580033,0.000814882,0.003765151
137,768,40,0.004643439,0.000851669,0.00379177
137,768,41,0.00481309,0.000950839,0.003862251
137,768,42,0.004774887,0.000898616,0.003876271
137,768,43,0.004628016,0.000785134,0.003842882
137,768,44,0.004731221,0.000757513,0.003973708
137,768,45,0.004569875,0.000685534,0.003884341
137,768,46,0.004621177,0.000685943,0.003935234
137,768,47,0.004730616,0.000866948,0.003863668
137,768,48,0.004785665,0.000887449,0.003898216
137,768,49,0.004624739,0.000846914,0.003777825
137,768,50,0.004681308,0.000818106,0.003863202
137,768,51,0.004703643,0.000938648,0.003764995
137,768,52,0.00472854,0.000952221,0.003776319
137,768,53,0.004763742,0.001079942,0.0036838
137,768,54,0.004614301,0.000948252,0.003666049
137,768,55,0.004667191,0.000991875,0.003675316
137,768,56,0.00485142,0.001192483,0.003658937
137,768,57,0.004791564,0.001121078,0.003670486
137,768,58,0.004877486,0.001308753,0.003568733
137,768,59,0.004731673,0.001099007,0.003632666
137,768,60,0.004658044,0.00099906,0.003658984
137,768,61,0.00460149,0.000967988,0.003633502
137,768,62,0.004487724,0.000793328,0.003694396
137,768,63,0.004574314,0.000917891,0.003656423
137,768,64,0.004582488,0.000836117,0.003746371
137,768,65,0.004369644,0.00075261,0.003617034
137,768,66,0.004215121,0.0006752,0.003539921
137,768,67,0.00423574,0.000635099,0.003600641
137,768,68,0.00436544,0.000716959,0.003648481
137,768,69,0.00456845,0.000805624,0.003762826
137,768,70,0.004899926,0.001068517,0.003831409
137,768,71,0.004514553,0.000866083,0.00364847
137,768,72,0.004246023,0.000725033,0.00352099
137,768,73,0.004704538,0.001254961,0.003449577
137,768,74,0.004516017,0.001013587,0.00350243
137,768,75,0.004673866,0.001091295,0.003582571
137,768,76,0.005057688,0.001442498,0.00361519
137,768,77,0.004453305,0.000977365,0.00347594
137,768,78,0.004734407,0.001163841,0.003570566
137,768,79,0.00499649,0.001386323,0.003610167
137,768,80,0.006156745,0.002639117,0.003517628
137,768,81,0.004934969,0.001252198,0.003682771
137,768,82,0.004322539,0.000586855,0.003735684
137,768,83,0.004181332,0.000502076,0.003679256
137,768,84,0.004062676,0.000491903,0.003570773
137,768,85,0.00652541,0.003231388,0.003294022
137,768,86,0.005199539,0.001753141,0.003446398
137,768,87,0.005442454,0.001781551,0.003660903
137,768,88,0.004579515,0.000946277,0.003633238
137,768,89,0.007376905,0.004090418,0.003286487
137,768,90,0.004709571,0.001189502,0.003520069
137,768,91,0.004608446,0.000845343,0.003763103
137,768,92,0.00427153,0.000630999,0.003640531
137,768,93,0.004192408,0.000572866,0.003619542
137,768,94,0.004361441,0.00076108,0.003600361
137,768,95,0.007002816,0.003423365,0.003579451
137,768,96,0.004697722,0.000991003,0.003706719
137,768,97,0.004470243,0.000810403,0.00365984
137,768,98,0.004154468,0.000522323,0.003632145
137,768,99,0.006682991,0.003077461,0.00360553
137,768,100,0.005143649,0.001502635,0.003641014
137,768,101,0.004594087,0.000894445,0.003699642
137,768,102,0.004344705,0.000642271,0.003702434
137,768,103,0.004152383,0.000477386,0.003674997
137,768,104,0.005234376,0.001621167,0.003613209
137,768,105,0.004989022,0.001396002,0.00359302
137,768,106,0.006383039,0.002858953,0.003524086
137,768,107,0.006852249,0.003220365,0.003631884
137,768,108,0.004597603,0.000979868,0.003617735
137,768,109,0.004474669,0.000897939,0.00357673
137,768,110,0.004238485,0.000536904,0.003701581
138,768,1,0.76188963,0.637529643,0.124359987
138,768,2,0.035570439,0.032542678,0.003027761
138,768,3,0.027697701,0.024658683,0.003039018
138,768,4,0.0316061,0.028577808,0.003028292
138,768,5,0.004097134,0.000926222,0.003170912
138,768,6,0.003504846,0.000377501,0.003127345
138,768,7,0.016388688,0.013351097,0.003037591
138,768,8,0.004354373,0.001197873,0.0031565
138,768,9,0.003818719,0.000629948,0.003188771
138,768,10,0.003842335,0.000710913,0.003131422
138,768,11,0.003760094,0.00062913,0.003130964
138,768,12,0.003786628,0.000624175,0.003162453
138,768,13,0.003720072,0.000524174,0.003195898
138,768,14,0.003534185,0.000419446,0.003114739
138,768,15,0.003662836,0.000528547,0.003134289
138,768,16,0.003616852,0.000426226,0.003190626
138,768,17,0.003636201,0.000543129,0.003093072
138,768,18,0.028773075,0.025604353,0.003168722
138,768,19,0.025248488,0.022122395,0.003126093
138,768,20,0.004918148,0.001835524,0.003082624
138,768,21,0.004928417,0.001837036,0.003091381
138,768,22,0.005488096,0.002372195,0.003115901
138,768,23,0.005337705,0.002137702,0.003200003
138,768,24,0.004771508,0.001364629,0.003406879
138,768,25,0.004589413,0.001169315,0.003420098
138,768,26,0.004663725,0.001088294,0.003575431
138,768,27,0.004788786,0.001257746,0.00353104
138,768,28,0.004649777,0.001077027,0.00357275
138,768,29,0.004747031,0.001200947,0.003546084
138,768,30,0.004527034,0.00090835,0.003618684
138,768,31,0.004587117,0.000923749,0.003663368
138,768,32,0.004725527,0.001044668,0.003680859
138,768,33,0.004421776,0.000750419,0.003671357
138,768,34,0.004824664,0.001086171,0.003738493
138,768,35,0.004485408,0.000770869,0.003714539
138,768,36,0.004557345,0.000779937,0.003777408
138,768,37,0.004682999,0.000882707,0.003800292
138,768,38,0.004548536,0.000672453,0.003876083
138,768,39,0.004665597,0.00079361,0.003871987
138,768,40,0.004574192,0.000655246,0.003918946
138,768,41,0.00452349,0.000648689,0.003874801
138,768,42,0.004573219,0.000655172,0.003918047
138,768,43,0.004653266,0.000727125,0.003926141
138,768,44,0.00462624,0.000622713,0.004003527
138,768,45,0.004533724,0.000620983,0.003912741
138,768,46,0.004555725,0.000597496,0.003958229
138,768,47,0.004451873,0.000617937,0.003833936
138,768,48,0.004686779,0.000737705,0.003949074
138,768,49,0.004607008,0.000771351,0.003835657
138,768,50,0.00481944,0.000942981,0.003876459
138,768,51,0.004561154,0.000737349,0.003823805
138,768,52,0.004757021,0.000921124,0.003835897
138,768,53,0.004687741,0.000904447,0.003783294
138,768,54,0.004776786,0.001022184,0.003754602
138,768,55,0.004473286,0.000763989,0.003709297
138,768,56,0.004739332,0.001035444,0.003703888
138,768,57,0.004708854,0.001095849,0.003613005
138,768,58,0.004836359,0.001235515,0.003600844
138,768,59,0.004997921,0.001392931,0.00360499
138,768,60,0.004621006,0.000998241,0.003622765
138,768,61,0.004557306,0.000917199,0.003640107
138,768,62,0.004678265,0.001034728,0.003643537
138,768,63,0.004426896,0.000738697,0.003688199
138,768,64,0.004704143,0.000910388,0.003793755
138,768,65,0.004476338,0.000828207,0.003648131
138,768,66,0.004183565,0.000676438,0.003507127
138,768,67,0.004133267,0.000686535,0.003446732
138,768,68,0.005070965,0.00134929,0.003721675
138,768,69,0.005433452,0.001734269,0.003699183
138,768,70,0.004615323,0.000885742,0.003729581
138,768,71,0.004319398,0.000626765,0.003692633
138,768,72,0.004432712,0.000900494,0.003532218
138,768,73,0.004385159,0.000923406,0.003461753
138,768,74,0.004383757,0.000909312,0.003474445
138,768,75,0.004695321,0.001163329,0.003531992
138,768,76,0.004880492,0.001209381,0.003671111
138,768,77,0.005098967,0.001560689,0.003538278
138,768,78,0.00524731,0.001745136,0.003502174
138,768,79,0.004356999,0.000762451,0.003594548
138,768,80,0.004809269,0.001343892,0.003465377
138,768,81,0.004701402,0.001053768,0.003647634
138,768,82,0.004906902,0.001172873,0.003734029
138,768,83,0.004597052,0.000828093,0.003768959
138,768,84,0.006984714,0.003561078,0.003423636
138,768,85,0.004591145,0.001185146,0.003405999
138,768,86,0.005239024,0.001713822,0.003525202
138,768,87,0.004800078,0.001195466,0.003604612
138,768,88,0.00474382,0.000985487,0.003758333
138,768,89,0.004214939,0.000773808,0.003441131
138,768,90,0.007395095,0.003848206,0.003546889
138,768,91,0.004698966,0.000977705,0.003721261
138,768,92,0.004298869,0.000652171,0.003646698
138,768,93,0.004235374,0.000568438,0.003666936
138,768,94,0.004347768,0.000699487,0.003648281
138,768,95,0.004195096,0.000613398,0.003581698
138,768,96,0.006857073,0.003204719,0.003652354
138,768,97,0.004719737,0.001069954,0.003649783
138,768,98,0.004147786,0.000490582,0.003657204
138,768,99,0.007693044,0.003132362,0.004560682
138,768,100,0.004307714,0.000673813,0.003633901
138,768,101,0.004298102,0.00061145,0.003686652
138,768,102,0.004387477,0.000644776,0.003742701
138,768,103,0.004174028,0.0005003,0.003673728
138,768,104,0.005565456,0.001929141,0.003636315
138,768,105,0.004857904,0.001307107,0.003550797
138,768,106,0.004284021,0.000643765,0.003640256
138,768,107,0.006270229,0.002729365,0.003540864
138,768,108,0.006804345,0.003076574,0.003727771
138,768,109,0.00424985,0.000653479,0.003596371
138,768,110,0.004627177,0.00089306,0.003734117
139,768,1,0.760769888,0.6363929,0.124376988
139,768,2,0.051942511,0.048908045,0.003034466
139,768,3,0.003691245,0.000578414,0.003112831
139,768,4,0.012558054,0.009533281,0.003024773
139,768,5,0.030999357,0.027969202,0.003030155
139,768,6,0.017637611,0.014597487,0.003040124
139,768,7,0.004150292,0.001044191,0.003106101
139,768,8,0.003755548,0.000633761,0.003121787
139,768,9,0.003761647,0.000615346,0.003146301
139,768,10,0.003854931,0.000711621,0.00314331
139,768,11,0.003831378,0.000620631,0.003210747
139,768,12,0.003664796,0.000535669,0.003129127
139,768,13,0.003778231,0.000604996,0.003173235
139,768,14,0.003589303,0.000433597,0.003155706
139,768,15,0.003579943,0.000466579,0.003113364
139,768,16,0.003739093,0.000594689,0.003144404
139,768,17,0.028344769,0.025143341,0.003201428
139,768,18,0.025693688,0.022571304,0.003122384
139,768,19,0.004891864,0.001758811,0.003133053
139,768,20,0.004647927,0.001413652,0.003234275
139,768,21,0.005070635,0.001952473,0.003118162
139,768,22,0.005201871,0.002066987,0.003134884
139,768,23,0.004751829,0.001435873,0.003315956
139,768,24,0.004528795,0.00116013,0.003368665
139,768,25,0.004638687,0.00116761,0.003471077
139,768,26,0.004774893,0.001267958,0.003506935
139,768,27,0.004701452,0.001182969,0.003518483
139,768,28,0.00475573,0.001205321,0.003550409
139,768,29,0.004457652,0.000957943,0.003499709
139,768,30,0.004739705,0.001074605,0.0036651
139,768,31,0.004680725,0.001061252,0.003619473
139,768,32,0.00454492,0.000888709,0.003656211
139,768,33,0.004584058,0.000970094,0.003613964
139,768,34,0.004458479,0.000843677,0.003614802
139,768,35,0.004556248,0.000901943,0.003654305
139,768,36,0.004636831,0.00102761,0.003609221
139,768,37,0.004583445,0.000825501,0.003757944
139,768,38,0.004716311,0.00101748,0.003698831
139,768,39,0.004516227,0.000755419,0.003760808
139,768,40,0.004688717,0.00085615,0.003832567
139,768,41,0.004420694,0.000602469,0.003818225
139,768,42,0.004675603,0.000763729,0.003911874
139,768,43,0.004487102,0.000613469,0.003873633
139,768,44,0.004485181,0.000590023,0.003895158
139,768,45,0.004478742,0.000608701,0.003870041
139,768,46,0.004668223,0.000748137,0.003920086
139,768,47,0.004499142,0.000633659,0.003865483
139,768,48,0.004512819,0.000612456,0.003900363
139,768,49,0.004552354,0.000740426,0.003811928
139,768,50,0.004474225,0.000604807,0.003869418
139,768,51,0.004471902,0.000627405,0.003844497
139,768,52,0.004537007,0.000737579,0.003799428
139,768,53,0.004704354,0.000908145,0.003796209
139,768,54,0.004711116,0.000908877,0.003802239
139,768,55,0.004777523,0.001043157,0.003734366
139,768,56,0.004405785,0.000724621,0.003681164
139,768,57,0.004692386,0.001024627,0.003667759
139,768,58,0.004706855,0.001137079,0.003569776
139,768,59,0.00483141,0.001288068,0.003543342
139,768,60,0.00495744,0.001398972,0.003558468
139,768,61,0.004684722,0.001003207,0.003681515
139,768,62,0.004588905,0.000898222,0.003690683
139,768,63,0.004506223,0.000859831,0.003646392
139,768,64,0.005125769,0.001323294,0.003802475
139,768,65,0.004240608,0.000612725,0.003627883
139,768,66,0.004221373,0.000656621,0.003564752
139,768,67,0.005721985,0.002273811,0.003448174
139,768,68,0.005533531,0.00199529,0.003538241
139,768,69,0.004550439,0.000890745,0.003659694
139,768,70,0.004384178,0.000679137,0.003705041
139,768,71,0.004210896,0.000609076,0.00360182
139,768,72,0.004555388,0.000974524,0.003580864
139,768,73,0.004243303,0.000843958,0.003399345
139,768,74,0.004575807,0.00110073,0.003475077
139,768,75,0.004512621,0.001056263,0.003456358
139,768,76,0.005828857,0.002319046,0.003509811
139,768,77,0.005291392,0.0018028,0.003488592
139,768,78,0.004310725,0.000698623,0.003612102
139,768,79,0.004565917,0.000906421,0.003659496
139,768,80,0.004575637,0.000962377,0.00361326
139,768,81,0.004710566,0.001020194,0.003690372
139,768,82,0.004744065,0.000989308,0.003754757
139,768,83,0.004315094,0.000564818,0.003750276
139,768,84,0.004302878,0.000726996,0.003575882
139,768,85,0.007446201,0.004049184,0.003397017
139,768,86,0.005153624,0.001671315,0.003482309
139,768,87,0.004812229,0.001254591,0.003557638
139,768,88,0.004633295,0.000991349,0.003641946
139,768,89,0.004339627,0.000909739,0.003429888
139,768,90,0.004591947,0.001108304,0.003483643
139,768,91,0.006665281,0.002988244,0.003677037
139,768,92,0.004828272,0.001210462,0.00361781
139,768,93,0.004209016,0.000501019,0.003707997
139,768,94,0.004245647,0.000621118,0.003624529
139,768,95,0.00428972,0.000718074,0.003571646
139,768,96,0.00414958,0.000543136,0.003606444
139,768,97,0.006751799,0.003126229,0.00362557
139,768,98,0.004666326,0.000994353,0.003671973
139,768,99,0.004181635,0.000570544,0.003611091
139,768,100,0.007705248,0.004063478,0.00364177
139,768,101,0.004297474,0.000603591,0.003693883
139,768,102,0.004349473,0.000619331,0.003730142
139,768,103,0.006127748,0.00087015,0.005257598
139,768,104,0.00525306,0.001180886,0.004072174
139,768,105,0.00398617,0.000421171,0.003564999
139,768,106,0.004044633,0.000382204,0.003662429
139,768,107,0.007680093,0.004094159,0.003585934
139,768,108,0.004574104,0.000796408,0.003777696
139,768,109,0.00445051,0.000872358,0.003578152
139,768,110,0.004587295,0.000849813,0.003737482
140,768,1,0.759842363,0.635934619,0.123907744
140,768,2,0.040264419,0.037228298,0.003036121
140,768,3,0.025752934,0.022697518,0.003055416
140,768,4,0.003787324,0.000665525,0.003121799
140,768,5,0.044828273,0.041777966,0.003050307
140,768,6,0.003923075,0.00086538,0.003057695
140,768,7,0.003728533,0.000546843,0.00318169
140,768,8,0.003833293,0.000637267,0.003196026
140,768,9,0.003698077,0.000548247,0.00314983
140,768,10,0.003856372,0.000725569,0.003130803
140,768,11,0.003911011,0.000708469,0.003202542
140,768,12,0.003682844,0.000478668,0.003204176
140,768,13,0.003616159,0.000459504,0.003156655
140,768,14,0.003630603,0.000464212,0.003166391
140,768,15,0.003730948,0.000559964,0.003170984
140,768,16,0.028173058,0.024955341,0.003217717
140,768,17,0.025885511,0.022756329,0.003129182
140,768,18,0.004917432,0.001777882,0.00313955
140,768,19,0.004502697,0.001360702,0.003141995
140,768,20,0.004691161,0.001454341,0.00323682
140,768,21,0.004961907,0.001838891,0.003123016
140,768,22,0.004565144,0.001428521,0.003136623
140,768,23,0.004614172,0.001330932,0.00328324
140,768,24,0.004634034,0.001279403,0.003354631
140,768,25,0.004715357,0.001354685,0.003360672
140,768,26,0.004810834,0.001301386,0.003509448
140,768,27,0.004721676,0.001207933,0.003513743
140,768,28,0.004465787,0.000982077,0.00348371
140,768,29,0.00466892,0.001139755,0.003529165
140,768,30,0.00475631,0.001146559,0.003609751
140,768,31,0.004513609,0.000922779,0.00359083
140,768,32,0.004649039,0.001024814,0.003624225
140,768,33,0.004444143,0.000889513,0.00355463
140,768,34,0.004614275,0.000968592,0.003645683
140,768,35,0.004539587,0.000956758,0.003582829
140,768,36,0.004618413,0.000930475,0.003687938
140,768,37,0.004694423,0.000966882,0.003727541
140,768,38,0.004526899,0.000741801,0.003785098
140,768,39,0.004698706,0.000863136,0.00383557
140,768,40,0.004448532,0.00058916,0.003859372
140,768,41,0.004524579,0.000691325,0.003833254
140,768,42,0.004561978,0.00064715,0.003914828
140,768,43,0.004476651,0.000579935,0.003896716
140,768,44,0.004595142,0.000606651,0.003988491
140,768,45,0.00454984,0.000715626,0.003834214
140,768,46,0.004558234,0.000626126,0.003932108
140,768,47,0.004516865,0.000644521,0.003872344
140,768,48,0.004564571,0.000654885,0.003909686
140,768,49,0.004339056,0.000601377,0.003737679
140,768,50,0.004534513,0.000723679,0.003810834
140,768,51,0.004475572,0.000648574,0.003826998
140,768,52,0.004791623,0.000962199,0.003829424
140,768,53,0.004401814,0.000631733,0.003770081
140,768,54,0.004467337,0.000682974,0.003784363
140,768,55,0.00452703,0.000876633,0.003650397
140,768,56,0.004644929,0.00093688,0.003708049
140,768,57,0.004535315,0.000858562,0.003676753
140,768,58,0.004553892,0.000929796,0.003624096
140,768,59,0.004555335,0.000933064,0.003622271
140,768,60,0.004827077,0.001145932,0.003681145
140,768,61,0.004753085,0.001037766,0.003715319
140,768,62,0.005513383,0.001885159,0.003628224
140,768,63,0.005173206,0.001630023,0.003543183
140,768,64,0.004429481,0.000661518,0.003767963
140,768,65,0.004168937,0.000514404,0.003654533
140,768,66,0.006047376,0.002647345,0.003400031
140,768,67,0.005371267,0.001758865,0.003612402
140,768,68,0.004518012,0.00075675,0.003761262
140,768,69,0.004289726,0.000551997,0.003737729
140,768,70,0.004300271,0.000621794,0.003678477
140,768,71,0.00439746,0.00064436,0.0037531
140,768,72,0.004233472,0.000616509,0.003616963
140,768,73,0.004510359,0.000989465,0.003520894
140,768,74,0.004550545,0.001115156,0.003435389
140,768,75,0.00603697,0.002614522,0.003422448
140,768,76,0.005300091,0.001792098,0.003507993
140,768,77,0.004313898,0.000763814,0.003550084
140,768,78,0.004569684,0.000975378,0.003594306
140,768,79,0.004166473,0.00053382,0.003632653
140,768,80,0.004720009,0.001040258,0.003679751
140,768,81,0.00444062,0.000771425,0.003669195
140,768,82,0.004704561,0.00098092,0.003723641
140,768,83,0.004577603,0.000841292,0.003736311
140,768,84,0.004362083,0.000837638,0.003524445
140,768,85,0.004281177,0.000985771,0.003295406
140,768,86,0.007432307,0.003914161,0.003518146
140,768,87,0.005046486,0.001447433,0.003599053
140,768,88,0.004628911,0.000959199,0.003669712
140,768,89,0.00426295,0.000839278,0.003423672
140,768,90,0.004563935,0.001058526,0.003505409
140,768,91,0.004819157,0.001293163,0.003525994
140,768,92,0.00599815,0.002281954,0.003716196
140,768,93,0.00477042,0.001157598,0.003612822
140,768,94,0.004396265,0.000790057,0.003606208
140,768,95,0.004201637,0.000593058,0.003608579
140,768,96,0.004195962,0.000568988,0.003626974
140,768,97,0.00450615,0.000701442,0.003804708
140,768,98,0.006306215,0.002544463,0.003761752
140,768,99,0.004807666,0.001179603,0.003628063
140,768,100,0.004437912,0.000775806,0.003662106
140,768,101,0.007230323,0.003526728,0.003703595
140,768,102,0.005391142,0.001663114,0.003728028
140,768,103,0.004153704,0.000453037,0.003700667
140,768,104,0.00561006,0.001907131,0.003702929
140,768,105,0.004792948,0.001192776,0.003600172
140,768,106,0.008169814,0.003275621,0.004894193
140,768,107,0.004441472,0.000812866,0.003628606
140,768,108,0.004291012,0.00053163,0.003759382
140,768,109,0.004058705,0.000452166,0.003606539
140,768,110,0.004521936,0.000812721,0.003709215
141,768,1,0.754388855,0.631149948,0.123238907
141,768,2,0.050714936,0.04768111,0.003033826
141,768,3,0.011861783,0.008826803,0.00303498
141,768,4,0.054278821,0.051232393,0.003046428
141,768,5,0.003858233,0.00070253,0.003155703
141,768,6,0.003581164,0.000469315,0.003111849
141,768,7,0.003680457,0.000539547,0.00314091
141,768,8,0.003775366,0.000627394,0.003147972
141,768,9,0.003819313,0.000634191,0.003185122
141,768,10,0.0039951,0.000815933,0.003179167
141,768,11,0.003702963,0.000568267,0.003134696
141,768,12,0.003717783,0.000534136,0.003183647
141,768,13,0.00364219,0.00042188,0.00322031
141,768,14,0.003711591,0.000590287,0.003121304
141,768,15,0.027957497,0.024832979,0.003124518
141,768,16,0.026179161,0.023071538,0.003107623
141,768,17,0.004876744,0.001781709,0.003095035
141,768,18,0.0045326,0.001384301,0.003148299
141,768,19,0.004029213,0.000832737,0.003196476
141,768,20,0.004860634,0.001766891,0.003093743
141,768,21,0.004613416,0.001427484,0.003185932
141,768,22,0.004544646,0.001344222,0.003200424
141,768,23,0.004605076,0.001331943,0.003273133
141,768,24,0.004645285,0.00139688,0.003248405
141,768,25,0.00477902,0.001380943,0.003398077
141,768,26,0.004763377,0.001273181,0.003490196
141,768,27,0.00452549,0.001075523,0.003449967
141,768,28,0.00466297,0.00116701,0.00349596
141,768,29,0.004606448,0.001188696,0.003417752
141,768,30,0.004727339,0.001092018,0.003635321
141,768,31,0.004603338,0.001007242,0.003596096
141,768,32,0.004436638,0.000848141,0.003588497
141,768,33,0.004735812,0.0011647,0.003571112
141,768,34,0.004414681,0.000853965,0.003560716
141,768,35,0.004630148,0.001054438,0.00357571
141,768,36,0.004559867,0.000957077,0.00360279
141,768,37,0.004665114,0.000980109,0.003685005
141,768,38,0.00460058,0.00084017,0.00376041
141,768,39,0.004406533,0.000675684,0.003730849
141,768,40,0.004581217,0.000787129,0.003794088
141,768,41,0.004482961,0.000725329,0.003757632
141,768,42,0.004514431,0.000714575,0.003799856
141,768,43,0.004548125,0.000776244,0.003771881
141,768,44,0.004646709,0.000766825,0.003879884
141,768,45,0.004465496,0.000655638,0.003809858
141,768,46,0.004512834,0.000643632,0.003869202
141,768,47,0.004600417,0.000768128,0.003832289
141,768,48,0.004434169,0.000612214,0.003821955
141,768,49,0.004476238,0.000736009,0.003740229
141,768,50,0.004553761,0.00072253,0.003831231
141,768,51,0.004795837,0.00100347,0.003792367
141,768,52,0.004365475,0.000622193,0.003743282
141,768,53,0.004455447,0.000681261,0.003774186
141,768,54,0.004676816,0.000950156,0.00372666
141,768,55,0.0045639,0.000899394,0.003664506
141,768,56,0.004591774,0.000894468,0.003697306
141,768,57,0.00448604,0.000865677,0.003620363
141,768,58,0.004729714,0.001070221,0.003659493
141,768,59,0.004609442,0.000956004,0.003653438
141,768,60,0.004540698,0.00092328,0.003617418
141,768,61,0.004506313,0.000812842,0.003693471
141,768,62,0.004351452,0.00065954,0.003691912
141,768,63,0.004924602,0.001260042,0.00366456
141,768,64,0.005307052,0.001624369,0.003682683
141,768,65,0.006941403,0.003420253,0.00352115
141,768,66,0.004798684,0.001354887,0.003443797
141,768,67,0.004634042,0.000920533,0.003713509
141,768,68,0.00426757,0.000526323,0.003741247
141,768,69,0.004289949,0.000599133,0.003690816
141,768,70,0.004333584,0.000635187,0.003698397
141,768,71,0.004352637,0.000647017,0.00370562
141,768,72,0.004721853,0.001109929,0.003611924
141,768,73,0.00469113,0.001211822,0.003479308
141,768,74,0.00607153,0.002608218,0.003463312
141,768,75,0.00507542,0.001425473,0.003649947
141,768,76,0.004300063,0.000725136,0.003574927
141,768,77,0.004679548,0.001024755,0.003654793
141,768,78,0.004101241,0.000451065,0.003650176
141,768,79,0.004311657,0.000697996,0.003613661
141,768,80,0.004670162,0.001087263,0.003582899
141,768,81,0.004687784,0.001129646,0.003558138
141,768,82,0.004707017,0.001073741,0.003633276
141,768,83,0.004492302,0.000831018,0.003661284
141,768,84,0.004322226,0.000802038,0.003520188
141,768,85,0.005425023,0.002057498,0.003367525
141,768,86,0.005472154,0.001959927,0.003512227
141,768,87,0.005460605,0.00180027,0.003660335
141,768,88,0.004789616,0.001153874,0.003635742
141,768,89,0.00447433,0.0010469,0.00342743
141,768,90,0.004744994,0.001231316,0.003513678
141,768,91,0.005647581,0.0020772,0.003570381
141,768,92,0.005241884,0.001663612,0.003578272
141,768,93,0.004243086,0.000599015,0.003644071
141,768,94,0.004422185,0.000792352,0.003629833
141,768,95,0.004167759,0.00059791,0.003569849
141,768,96,0.004114292,0.000503641,0.003610651
141,768,97,0.004542572,0.000770725,0.003771847
141,768,98,0.004215009,0.000512067,0.003702942
141,768,99,0.005987565,0.002354046,0.003633519
141,768,100,0.004971348,0.001325099,0.003646249
141,768,101,0.004584522,0.000885725,0.003698797
141,768,102,0.007015655,0.003234205,0.00378145
141,768,103,0.005247946,0.001550964,0.003696982
141,768,104,0.004347267,0.000745929,0.003601338
141,768,105,0.007478248,0.002962024,0.004516224
141,768,106,0.004179044,0.000622331,0.003556713
141,768,107,0.006606433,0.002995775,0.003610658
141,768,108,0.004432528,0.000651058,0.00378147
141,768,109,0.004148109,0.000553852,0.003594257
141,768,110,0.004097665,0.000448141,0.003649524
142,768,1,0.754401586,0.631169922,0.123231664
142,768,2,0.059356511,0.056326475,0.003030036
142,768,3,0.054302311,0.051267547,0.003034764
142,768,4,0.003724948,0.000608108,0.00311684
142,768,5,0.003682896,0.000545484,0.003137412
142,768,6,0.003617975,0.00045723,0.003160745
142,768,7,0.00358838,0.000471684,0.003116696
142,768,8,0.00384821,0.000730539,0.003117671
142,768,9,0.003856227,0.000698998,0.003157229
142,768,10,0.003937648,0.000787771,0.003149877
142,768,11,0.003739982,0.000551599,0.003188383
142,768,12,0.0036318,0.000471885,0.003159915
142,768,13,0.003688066,0.000554524,0.003133542
142,768,14,0.027649774,0.024546544,0.00310323
142,768,15,0.026645261,0.023541344,0.003103917
142,768,16,0.004909319,0.001754727,0.003154592
142,768,17,0.004471882,0.001257107,0.003214775
142,768,18,0.004003025,0.000776221,0.003226804
142,768,19,0.004209356,0.001039578,0.003169778
142,768,20,0.004625976,0.001408552,0.003217424
142,768,21,0.004435128,0.001309544,0.003125584
142,768,22,0.004665638,0.001419685,0.003245953
142,768,23,0.004576975,0.001393277,0.003183698
142,768,24,0.004644579,0.001428327,0.003216252
142,768,25,0.004792788,0.001460999,0.003331789
142,768,26,0.004586606,0.001221985,0.003364621
142,768,27,0.004776772,0.001218111,0.003558661
142,768,28,0.004549174,0.001056578,0.003492596
142,768,29,0.004620283,0.001092513,0.00352777
142,768,30,0.004757431,0.001115221,0.00364221
142,768,31,0.004511994,0.000873251,0.003638743
142,768,32,0.004698925,0.001060812,0.003638113
142,768,33,0.004535998,0.000949661,0.003586337
142,768,34,0.004555062,0.000918523,0.003636539
142,768,35,0.004596877,0.000940611,0.003656266
142,768,36,0.004486643,0.000836382,0.003650261
142,768,37,0.004639661,0.000860671,0.00377899
142,768,38,0.004339298,0.000629497,0.003709801
142,768,39,0.004642443,0.000832154,0.003810289
142,768,40,0.004488749,0.000671102,0.003817647
142,768,41,0.004473,0.000666854,0.003806146
142,768,42,0.004492719,0.000688354,0.003804365
142,768,43,0.004577084,0.000696518,0.003880566
142,768,44,0.004509197,0.00071237,0.003796827
142,768,45,0.004487413,0.000663716,0.003823697
142,768,46,0.004464134,0.000640711,0.003823423
142,768,47,0.004558136,0.000709566,0.00384857
142,768,48,0.0044378,0.000647818,0.003789982
142,768,49,0.004609997,0.000869453,0.003740544
142,768,50,0.00500284,0.00115764,0.0038452
142,768,51,0.004310805,0.000589872,0.003720933
142,768,52,0.004487044,0.000698939,0.003788105
142,768,53,0.004581613,0.000834059,0.003747554
142,768,54,0.00458007,0.000826106,0.003753964
142,768,55,0.004573659,0.000893333,0.003680326
142,768,56,0.004361093,0.000736039,0.003625054
142,768,57,0.004609514,0.000981865,0.003627649
142,768,58,0.004636019,0.001034045,0.003601974
142,768,59,0.004489128,0.000836704,0.003652424
142,768,60,0.00460899,0.000978807,0.003630183
142,768,61,0.004523894,0.000858019,0.003665875
142,768,62,0.004622341,0.000936888,0.003685453
142,768,63,0.004465625,0.000789501,0.003676124
142,768,64,0.004584415,0.000823663,0.003760752
142,768,65,0.004641935,0.000981412,0.003660523
142,768,66,0.006642394,0.003215562,0.003426832
142,768,67,0.005070308,0.001500815,0.003569493
142,768,68,0.004681923,0.000912781,0.003769142
142,768,69,0.004298788,0.000604607,0.003694181
142,768,70,0.004328328,0.000618943,0.003709385
142,768,71,0.004320839,0.000626513,0.003694326
142,768,72,0.004628078,0.001042416,0.003585662
142,768,73,0.007446753,0.003971786,0.003474967
142,768,74,0.00477838,0.001166387,0.003611993
142,768,75,0.004327223,0.000694662,0.003632561
142,768,76,0.004367008,0.000804975,0.003562033
142,768,77,0.004439077,0.000803805,0.003635272
142,768,78,0.004143969,0.000522489,0.00362148
142,768,79,0.005037914,0.001560516,0.003477398
142,768,80,0.004680861,0.001105179,0.003575682
142,768,81,0.004290472,0.000750867,0.003539605
142,768,82,0.004368902,0.000741402,0.0036275
142,768,83,0.004438579,0.000717721,0.003720858
142,768,84,0.005914563,0.002558306,0.003356257
142,768,85,0.004954042,0.001515661,0.003438381
142,768,86,0.005325258,0.001718702,0.003606556
142,768,87,0.005098627,0.001446213,0.003652414
142,768,88,0.004686451,0.001089761,0.00359669
142,768,89,0.004345889,0.000905636,0.003440253
142,768,90,0.004630449,0.001060294,0.003570155
142,768,91,0.004776603,0.001105022,0.003671581
142,768,92,0.00470146,0.001018776,0.003682684
142,768,93,0.004881504,0.001309476,0.003572028
142,768,94,0.004234418,0.000641102,0.003593316
142,768,95,0.00437362,0.000785204,0.003588416
142,768,96,0.00427469,0.000654754,0.003619936
142,768,97,0.004469549,0.00073131,0.003738239
142,768,98,0.004282861,0.000576131,0.00370673
142,768,99,0.005277199,0.001640952,0.003636247
142,768,100,0.005130723,0.001499892,0.003630831
142,768,101,0.007772731,0.004041161,0.00373157
142,768,102,0.004427185,0.000664206,0.003762979
142,768,103,0.004075371,0.000443923,0.003631448
142,768,104,0.005154931,0.001550312,0.003604619
142,768,105,0.00430824,0.000784706,0.003523534
142,768,106,0.007578058,0.003942746,0.003635312
142,768,107,0.003983111,0.000444407,0.003538704
142,768,108,0.006943165,0.003084399,0.003858766
142,768,109,0.004151856,0.000553209,0.003598647
142,768,110,0.008510236,0.002406375,0.006103861
143,768,1,0.765644743,0.641216974,0.124427769
143,768,2,0.039759778,0.036729715,0.003030063
143,768,3,0.011488713,0.008457628,0.003031085
143,768,4,0.054306734,0.051264487,0.003042247
143,768,5,0.003836718,0.000680439,0.003156279
143,768,6,0.003654207,0.000554003,0.003100204
143,768,7,0.00367628,0.000540685,0.003135595
143,768,8,0.003685881,0.000535426,0.003150455
143,768,9,0.003899554,0.000718143,0.003181411
143,768,10,0.003891427,0.000716558,0.003174869
143,768,11,0.003700744,0.000569003,0.003131741
143,768,12,0.003812342,0.000620112,0.00319223
143,768,13,0.028285879,0.025239018,0.003046861
143,768,14,0.026725444,0.02364136,0.003084084
143,768,15,0.004916253,0.001820221,0.003096032
143,768,16,0.004345349,0.001191523,0.003153826
143,768,17,0.004021259,0.000790554,0.003230705
143,768,18,0.003808417,0.000638996,0.003169421
143,768,19,0.004193518,0.001019028,0.00317449
143,768,20,0.004431509,0.001244708,0.003186801
143,768,21,0.004596162,0.001422311,0.003173851
143,768,22,0.004491151,0.00127255,0.003218601
143,768,23,0.00473589,0.001531863,0.003204027
143,768,24,0.004608204,0.001323716,0.003284488
143,768,25,0.004631072,0.00123065,0.003400422
143,768,26,0.00465261,0.001215707,0.003436903
143,768,27,0.004542674,0.001034565,0.003508109
143,768,28,0.004816886,0.001262564,0.003554322
143,768,29,0.004357956,0.000881389,0.003476567
143,768,30,0.004773093,0.001166939,0.003606154
143,768,31,0.004526733,0.000985118,0.003541615
143,768,32,0.0044925,0.000875803,0.003616697
143,768,33,0.00448788,0.000934201,0.003553679
143,768,34,0.004483492,0.000850513,0.003632979
143,768,35,0.00459757,0.001048483,0.003549087
143,768,36,0.004504068,0.000880327,0.003623741
143,768,37,0.004463228,0.000809594,0.003653634
143,768,38,0.004618579,0.000893828,0.003724751
143,768,39,0.004469739,0.000792432,0.003677307
143,768,40,0.004598948,0.00076787,0.003831078
143,768,41,0.004448036,0.000723767,0.003724269
143,768,42,0.004672801,0.000902467,0.003770334
143,768,43,0.004614184,0.000807428,0.003806756
143,768,44,0.004782664,0.000971996,0.003810668
143,768,45,0.00438294,0.000644767,0.003738173
143,768,46,0.004704392,0.00092109,0.003783302
143,768,47,0.004629959,0.000898897,0.003731062
143,768,48,0.004592484,0.000845889,0.003746595
143,768,49,0.004919587,0.001131862,0.003787725
143,768,50,0.00447027,0.000728185,0.003742085
143,768,51,0.004401561,0.000707451,0.00369411
143,768,52,0.004635713,0.000906511,0.003729202
143,768,53,0.004604115,0.000913805,0.00369031
143,768,54,0.004560776,0.000821429,0.003739347
143,768,55,0.004443133,0.000868626,0.003574507
143,768,56,0.004615336,0.000984429,0.003630907
143,768,57,0.004719701,0.001026226,0.003693475
143,768,58,0.004417246,0.000783178,0.003634068
143,768,59,0.004629429,0.000976697,0.003652732
143,768,60,0.004459007,0.000859526,0.003599481
143,768,61,0.00461787,0.000913908,0.003703962
143,768,62,0.004453735,0.000808505,0.00364523
143,768,63,0.00448942,0.000823123,0.003666297
143,768,64,0.004499993,0.000831964,0.003668029
143,768,65,0.004397259,0.000744995,0.003652264
143,768,66,0.004501479,0.00102544,0.003476039
143,768,67,0.007437133,0.003796694,0.003640439
143,768,68,0.004385208,0.000680474,0.003704734
143,768,69,0.00416827,0.000557495,0.003610775
143,768,70,0.004342902,0.00061575,0.003727152
143,768,71,0.004225679,0.000545718,0.003679961
143,768,72,0.00525407,0.001612298,0.003641772
143,768,73,0.004623571,0.001053933,0.003569638
143,768,74,0.00579986,0.002387669,0.003412191
143,768,75,0.00477841,0.00136181,0.0034166
143,768,76,0.004584106,0.001014741,0.003569365
143,768,77,0.004436142,0.000846605,0.003589537
143,768,78,0.006027931,0.002558902,0.003469029
143,768,79,0.004496906,0.001015816,0.00348109
143,768,80,0.004394813,0.000758501,0.003636312
143,768,81,0.004260687,0.00064646,0.003614227
143,768,82,0.004296764,0.00060187,0.003694894
143,768,83,0.006269251,0.002905426,0.003363825
143,768,84,0.004660903,0.001428396,0.003232507
143,768,85,0.005066462,0.001654982,0.00341148
143,768,86,0.004799994,0.001302416,0.003497578
143,768,87,0.005040941,0.001460095,0.003580846
143,768,88,0.004564922,0.001004361,0.003560561
143,768,89,0.004227388,0.000756979,0.003470409
143,768,90,0.004842637,0.001218938,0.003623699
143,768,91,0.004375049,0.00073621,0.003638839
143,768,92,0.004276761,0.000681368,0.003595393
143,768,93,0.004195884,0.000689737,0.003506147
143,768,94,0.004831038,0.001325272,0.003505766
143,768,95,0.004251343,0.000685398,0.003565945
143,768,96,0.004258488,0.000681093,0.003577395
143,768,97,0.005040071,0.001310349,0.003729722
143,768,98,0.005574193,0.001843699,0.003730494
143,768,99,0.004916904,0.001318234,0.00359867
143,768,100,0.007717521,0.004109207,0.003608314
143,768,101,0.004620102,0.000906791,0.003713311
143,768,102,0.004214661,0.000486807,0.003727854
143,768,103,0.004066365,0.000454296,0.003612069
143,768,104,0.004226936,0.000647498,0.003579438
143,768,105,0.004539733,0.001011743,0.00352799
143,768,106,0.005685709,0.002087963,0.003597746
143,768,107,0.005947352,0.002397714,0.003549638
143,768,108,0.005373741,0.001629335,0.003744406
143,768,109,0.00804714,0.002573467,0.005473673
143,768,110,0.005076812,0.001201035,0.003875777
144,768,1,0.755499479,0.633071506,0.122427973
144,768,2,0.003603248,0.000464638,0.00313861
144,768,3,0.003496312,0.000389681,0.003106631
144,768,4,0.021145186,0.018093736,0.00305145
144,768,5,0.043842002,0.040811469,0.003030533
144,768,6,0.00402426,0.000915643,0.003108617
144,768,7,0.003595833,0.000479477,0.003116356
144,768,8,0.003718028,0.000588988,0.00312904
144,768,9,0.003835928,0.000647049,0.003188879
144,768,10,0.003897033,0.000731523,0.00316551
144,768,11,0.003733098,0.000644688,0.00308841
144,768,12,0.029303171,0.0262203,0.003082871
144,768,13,0.026689898,0.023233717,0.003456181
144,768,14,0.004917134,0.00150392,0.003413214
144,768,15,0.004278525,0.000855692,0.003422833
144,768,16,0.00394529,0.000600862,0.003344428
144,768,17,0.003866563,0.000607899,0.003258664
144,768,18,0.003880518,0.000573463,0.003307055
144,768,19,0.00418227,0.000963923,0.003218347
144,768,20,0.004697745,0.001486151,0.003211594
144,768,21,0.004395024,0.001175781,0.003219243
144,768,22,0.004735686,0.00142989,0.003305796
144,768,23,0.004570582,0.001159973,0.003410609
144,768,24,0.00455058,0.001128942,0.003421638
144,768,25,0.004742435,0.001182215,0.00356022
144,768,26,0.004545842,0.000899643,0.003646199
144,768,27,0.004611039,0.001056418,0.003554621
144,768,28,0.004442767,0.000955291,0.003487476
144,768,29,0.004782686,0.001125789,0.003656897
144,768,30,0.004595628,0.000943718,0.00365191
144,768,31,0.004418934,0.000821254,0.00359768
144,768,32,0.004636628,0.00090602,0.003730608
144,768,33,0.004389158,0.000743342,0.003645816
144,768,34,0.004713784,0.000904355,0.003809429
144,768,35,0.004454397,0.000713763,0.003740634
144,768,36,0.004365758,0.00064425,0.003721508
144,768,37,0.004552585,0.000734915,0.00381767
144,768,38,0.004510541,0.00076751,0.003743031
144,768,39,0.004455161,0.000693526,0.003761635
144,768,40,0.00452649,0.000790321,0.003736169
144,768,41,0.004604174,0.000780033,0.003824141
144,768,42,0.004588975,0.000779846,0.003809129
144,768,43,0.004772967,0.000942185,0.003830782
144,768,44,0.004470211,0.000691914,0.003778297
144,768,45,0.004623346,0.000697375,0.003925971
144,768,46,0.004686747,0.000904172,0.003782575
144,768,47,0.004593104,0.000828296,0.003764808
144,768,48,0.004835985,0.000951811,0.003884174
144,768,49,0.004518188,0.000724125,0.003794063
144,768,50,0.004461395,0.00071015,0.003751245
144,768,51,0.004597069,0.000794585,0.003802484
144,768,52,0.004640475,0.000792689,0.003847786
144,768,53,0.004497116,0.00072687,0.003770246
144,768,54,0.00461073,0.00072479,0.00388594
144,768,55,0.004551684,0.000682171,0.003869513
144,768,56,0.004640387,0.000699406,0.003940981
144,768,57,0.004486555,0.000703567,0.003782988
144,768,58,0.004585445,0.000720831,0.003864614
144,768,59,0.004509923,0.000707089,0.003802834
144,768,60,0.004505019,0.00071421,0.003790809
144,768,61,0.004503657,0.000710525,0.003793132
144,768,62,0.004473254,0.000693477,0.003779777
144,768,63,0.004506341,0.000722511,0.00378383
144,768,64,0.004400951,0.000669664,0.003731287
144,768,65,0.00468013,0.000892076,0.003788054
144,768,66,0.004395231,0.000655677,0.003739554
144,768,67,0.004511038,0.000730834,0.003780204
144,768,68,0.005904579,0.002353649,0.00355093
144,768,69,0.004443022,0.000843513,0.003599509
144,768,70,0.004211116,0.000677149,0.003533967
144,768,71,0.005977897,0.00239563,0.003582267
144,768,72,0.004896628,0.001200195,0.003696433
144,768,73,0.004811288,0.001174845,0.003636443
144,768,74,0.004227338,0.000618593,0.003608745
144,768,75,0.004517963,0.000938293,0.00357967
144,768,76,0.005204552,0.001459302,0.00374525
144,768,77,0.006959305,0.003469203,0.003490102
144,768,78,0.004470627,0.000936107,0.00353452
144,768,79,0.004242668,0.000634418,0.00360825
144,768,80,0.004282853,0.000767078,0.003515775
144,768,81,0.004100746,0.000649114,0.003451632
144,768,82,0.00670749,0.003284997,0.003422493
144,768,83,0.004807083,0.001319225,0.003487858
144,768,84,0.004925009,0.001210491,0.003714518
144,768,85,0.004379899,0.000883234,0.003496665
144,768,86,0.004890499,0.001256235,0.003634264
144,768,87,0.004537372,0.000944644,0.003592728
144,768,88,0.004603034,0.000915794,0.00368724
144,768,89,0.004357533,0.000730004,0.003627529
144,768,90,0.004430833,0.000857172,0.003573661
144,768,91,0.004268076,0.000775664,0.003492412
144,768,92,0.004457279,0.000920772,0.003536507
144,768,93,0.003988598,0.000596397,0.003392201
144,768,94,0.004367823,0.001001984,0.003365839
144,768,95,0.004305343,0.000898901,0.003406442
144,768,96,0.005355823,0.001995309,0.003360514
144,768,97,0.004790955,0.00139403,0.003396925
144,768,98,0.004318508,0.00097926,0.003339248
144,768,99,0.009088964,0.005825181,0.003263783
144,768,100,0.004844193,0.00120453,0.003639663
144,768,101,0.004326795,0.00080806,0.003518735
144,768,102,0.00408538,0.00057942,0.00350596
144,768,103,0.004458681,0.000911263,0.003547418
144,768,104,0.004575208,0.00097764,0.003597568
144,768,105,0.005611356,0.001946946,0.00366441
144,768,106,0.004608537,0.000884665,0.003723872
144,768,107,0.006580028,0.002738006,0.003842022
144,768,108,0.006331672,0.002564102,0.00376757
144,768,109,0.005173307,0.001488975,0.003684332
144,768,110,0.004629028,0.000843726,0.003785302
145,768,1,0.752156841,0.628073999,0.124082842
145,768,2,0.053413723,0.050366641,0.003047082
145,768,3,0.021800079,0.01876887,0.003031209
145,768,4,0.003848707,0.000735487,0.00311322
145,768,5,0.003548338,0.000403426,0.003144912
145,768,6,0.042889581,0.039858814,0.003030767
145,768,7,0.004211636,0.001078794,0.003132842
145,768,8,0.003734797,0.000576326,0.003158471
145,768,9,0.00373655,0.000634946,0.003101604
145,768,10,0.003844072,0.00074615,0.003097922
145,768,11,0.003719426,0.000609153,0.003110273
145,768,12,0.052740014,0.049221343,0.003518671
145,768,13,0.004990009,0.001436446,0.003553563
145,768,14,0.004202462,0.000734079,0.003468383
145,768,15,0.004042807,0.000616072,0.003426735
145,768,16,0.003932416,0.000578853,0.003353563
145,768,17,0.003869784,0.000539895,0.003329889
145,768,18,0.003816099,0.000540798,0.003275301
145,768,19,0.004476427,0.001206368,0.003270059
145,768,20,0.004555044,0.001245513,0.003309531
145,768,21,0.004595935,0.001307014,0.003288921
145,768,22,0.004426901,0.001077871,0.00334903
145,768,23,0.004635578,0.001225435,0.003410143
145,768,24,0.004868591,0.001259221,0.00360937
145,768,25,0.004472922,0.000851129,0.003621793
145,768,26,0.004632933,0.001010321,0.003622612
145,768,27,0.004483536,0.000849952,0.003633584
145,768,28,0.004740351,0.001064837,0.003675514
145,768,29,0.004579237,0.000806232,0.003773005
145,768,30,0.004381436,0.000699502,0.003681934
145,768,31,0.004631281,0.000860121,0.00377116
145,768,32,0.004478175,0.000719214,0.003758961
145,768,33,0.004649609,0.000872707,0.003776902
145,768,34,0.004483,0.00071426,0.00376874
145,768,35,0.00452034,0.000729312,0.003791028
145,768,36,0.004478484,0.000693228,0.003785256
145,768,37,0.004590901,0.000702618,0.003888283
145,768,38,0.004488965,0.000704364,0.003784601
145,768,39,0.004523774,0.000698269,0.003825505
145,768,40,0.004503777,0.000696576,0.003807201
145,768,41,0.004663572,0.000847802,0.00381577
145,768,42,0.004661806,0.000805975,0.003855831
145,768,43,0.004564415,0.000744462,0.003819953
145,768,44,0.00452422,0.000758315,0.003765905
145,768,45,0.004783658,0.000942744,0.003840914
145,768,46,0.004634366,0.000869673,0.003764693
145,768,47,0.004703621,0.000824849,0.003878772
145,768,48,0.004591231,0.000688146,0.003903085
145,768,49,0.004609866,0.000711367,0.003898499
145,768,50,0.004533458,0.000676795,0.003856663
145,768,51,0.004526065,0.000670725,0.00385534
145,768,52,0.00453731,0.000671214,0.003866096
145,768,53,0.004532319,0.000659794,0.003872525
145,768,54,0.004553106,0.000713516,0.00383959
145,768,55,0.004626022,0.000690998,0.003935024
145,768,56,0.004577074,0.000707952,0.003869122
145,768,57,0.004548498,0.000619669,0.003928829
145,768,58,0.004497076,0.000654013,0.003843063
145,768,59,0.004602899,0.000657361,0.003945538
145,768,60,0.004496543,0.000639058,0.003857485
145,768,61,0.004500551,0.000675271,0.00382528
145,768,62,0.004555635,0.000685354,0.003870281
145,768,63,0.00447245,0.000703056,0.003769394
145,768,64,0.004546869,0.000704445,0.003842424
145,768,65,0.004422509,0.000710579,0.00371193
145,768,66,0.004572535,0.000740388,0.003832147
145,768,67,0.004402769,0.000637099,0.00376567
145,768,68,0.004338232,0.00068844,0.003649792
145,768,69,0.005731126,0.002120474,0.003610652
145,768,70,0.006190938,0.002559171,0.003631767
145,768,71,0.004725078,0.000989808,0.00373527
145,768,72,0.004976304,0.001188014,0.00378829
145,768,73,0.004273089,0.000517039,0.00375605
145,768,74,0.004317325,0.000608382,0.003708943
145,768,75,0.004352582,0.000766255,0.003586327
145,768,76,0.004871759,0.001279605,0.003592154
145,768,77,0.004632226,0.000937837,0.003694389
145,768,78,0.005949953,0.002470387,0.003479566
145,768,79,0.004474198,0.00097134,0.003502858
145,768,80,0.004357962,0.000879419,0.003478543
145,768,81,0.007413075,0.003974653,0.003438422
145,768,82,0.004558414,0.00103211,0.003526304
145,768,83,0.004556672,0.001155561,0.003401111
145,768,84,0.004807209,0.001137368,0.003669841
145,768,85,0.004530192,0.000958553,0.003571639
145,768,86,0.004689947,0.001145962,0.003543985
145,768,87,0.004635025,0.001009936,0.003625089
145,768,88,0.004627887,0.000969661,0.003658226
145,768,89,0.004498132,0.000744822,0.00375331
145,768,90,0.004369975,0.000778124,0.003591851
145,768,91,0.004390745,0.000783194,0.003607551
145,768,92,0.004127518,0.000586957,0.003540561
145,768,93,0.00410915,0.000725952,0.003383198
145,768,94,0.004465546,0.001018179,0.003447367
145,768,95,0.005429046,0.002143685,0.003285361
145,768,96,0.004792688,0.001411078,0.00338161
145,768,97,0.004443784,0.001011111,0.003432673
145,768,98,0.009130463,0.005766681,0.003363782
145,768,99,0.004364579,0.000924095,0.003440484
145,768,100,0.004574613,0.000975989,0.003598624
145,768,101,0.004242503,0.000717847,0.003524656
145,768,102,0.004309921,0.000746283,0.003563638
145,768,103,0.004496578,0.000985688,0.00351089
145,768,104,0.005453845,0.001917273,0.003536572
145,768,105,0.00459874,0.000991633,0.003607107
145,768,106,0.006621794,0.002809878,0.003811916
145,768,107,0.006366155,0.002708301,0.003657854
145,768,108,0.00538748,0.001759177,0.003628303
145,768,109,0.004271441,0.000701268,0.003570173
145,768,110,0.005901071,0.002157012,0.003744059
146,768,1,0.752265845,0.628335828,0.123930017
146,768,2,0.071900277,0.068862931,0.003037346
146,768,3,0.003713682,0.000556149,0.003157533
146,768,4,0.003545461,0.000436315,0.003109146
146,768,5,0.003527139,0.000396945,0.003130194
146,768,6,0.003557585,0.000392078,0.003165507
146,768,7,0.042372268,0.039347696,0.003024572
146,768,8,0.004267468,0.001249691,0.003017777
146,768,9,0.003872962,0.000744631,0.003128331
146,768,10,0.003820719,0.000669509,0.00315121
146,768,11,0.053125674,0.049564501,0.003561173
146,768,12,0.004952357,0.001522888,0.003429469
146,768,13,0.004234909,0.00070653,0.003528379
146,768,14,0.004110977,0.000730537,0.00338044
146,768,15,0.004044484,0.000702954,0.00334153
146,768,16,0.003888359,0.000597521,0.003290838
146,768,17,0.003822788,0.000549859,0.003272929
146,768,18,0.003974409,0.00068965,0.003284759
146,768,19,0.00471437,0.001412985,0.003301385
146,768,20,0.004409593,0.001161184,0.003248409
146,768,21,0.004533365,0.001169139,0.003364226
146,768,22,0.00447035,0.001172133,0.003298217
146,768,23,0.004795828,0.001310817,0.003485011
146,768,24,0.004606331,0.001044993,0.003561338
146,768,25,0.004697809,0.001011233,0.003686576
146,768,26,0.004386009,0.000812336,0.003573673
146,768,27,0.004653944,0.000989056,0.003664888
146,768,28,0.004433775,0.000808426,0.003625349
146,768,29,0.004677257,0.001006632,0.003670625
146,768,30,0.00453785,0.000846679,0.003691171
146,768,31,0.004458719,0.000764336,0.003694383
146,768,32,0.004702169,0.000923001,0.003779168
146,768,33,0.004496916,0.000705901,0.003791015
146,768,34,0.004542497,0.000686877,0.00385562
146,768,35,0.004427725,0.000627439,0.003800286
146,768,36,0.004493191,0.000670005,0.003823186
146,768,37,0.004492598,0.000676547,0.003816051
146,768,38,0.004515726,0.000718025,0.003797701
146,768,39,0.004481623,0.000682951,0.003798672
146,768,40,0.00481069,0.001025154,0.003785536
146,768,41,0.004623145,0.000755759,0.003867386
146,768,42,0.00445961,0.00066543,0.00379418
146,768,43,0.004750527,0.00085775,0.003892777
146,768,44,0.0046717,0.000840714,0.003830986
146,768,45,0.004698255,0.000823116,0.003875139
146,768,46,0.004657638,0.000792688,0.00386495
146,768,47,0.004473401,0.000614979,0.003858422
146,768,48,0.004559121,0.000712191,0.00384693
146,768,49,0.004693049,0.000740991,0.003952058
146,768,50,0.004452001,0.000610197,0.003841804
146,768,51,0.004587133,0.000692632,0.003894501
146,768,52,0.0045012,0.000619707,0.003881493
146,768,53,0.004588352,0.000704356,0.003883996
146,768,54,0.004480695,0.00064845,0.003832245
146,768,55,0.004502389,0.000641898,0.003860491
146,768,56,0.004487397,0.00065958,0.003827817
146,768,57,0.004632115,0.000758246,0.003873869
146,768,58,0.004560125,0.000734068,0.003826057
146,768,59,0.004523513,0.000629822,0.003893691
146,768,60,0.004541785,0.000687629,0.003854156
146,768,61,0.004496688,0.000713224,0.003783464
146,768,62,0.004584607,0.000813843,0.003770764
146,768,63,0.004656222,0.000816413,0.003839809
146,768,64,0.004406867,0.000664741,0.003742126
146,768,65,0.004533055,0.000841782,0.003691273
146,768,66,0.004435911,0.000781137,0.003654774
146,768,67,0.004522379,0.000814406,0.003707973
146,768,68,0.005717275,0.002196402,0.003520873
146,768,69,0.00592398,0.002426475,0.003497505
146,768,70,0.00460777,0.001005156,0.003602614
146,768,71,0.004944262,0.001249464,0.003694798
146,768,72,0.004474563,0.000730437,0.003744126
146,768,73,0.004392706,0.000695146,0.00369756
146,768,74,0.004226908,0.000635716,0.003591192
146,768,75,0.004495037,0.000895702,0.003599335
146,768,76,0.004549038,0.000978868,0.00357017
146,768,77,0.004554451,0.00090776,0.003646691
146,768,78,0.004168275,0.000604454,0.003563821
146,768,79,0.005391938,0.001955649,0.003436289
146,768,80,0.004716284,0.001331457,0.003384827
146,768,81,0.004328559,0.000851163,0.003477396
146,768,82,0.007458838,0.004045217,0.003413621
146,768,83,0.00497621,0.00151912,0.00345709
146,768,84,0.004829221,0.001204926,0.003624295
146,768,85,0.004500134,0.00097586,0.003524274
146,768,86,0.004692404,0.001165704,0.0035267
146,768,87,0.004667315,0.001132366,0.003534949
146,768,88,0.004736373,0.001112478,0.003623895
146,768,89,0.00440869,0.000774245,0.003634445
146,768,90,0.004496284,0.000945978,0.003550306
146,768,91,0.004365421,0.00078141,0.003584011
146,768,92,0.004191674,0.000687271,0.003504403
146,768,93,0.004073483,0.000723466,0.003350017
146,768,94,0.006017476,0.002788243,0.003229233
146,768,95,0.005014726,0.001797163,0.003217563
146,768,96,0.004316532,0.000946318,0.003370214
146,768,97,0.007279666,0.003959016,0.00332065
146,768,98,0.00529422,0.001976745,0.003317475
146,768,99,0.004928616,0.001519916,0.0034087
146,768,100,0.004716371,0.00114943,0.003566941
146,768,101,0.004448158,0.000975763,0.003472395
146,768,102,0.004511523,0.000948873,0.00356265
146,768,103,0.005456106,0.001881785,0.003574321
146,768,104,0.004546914,0.000989692,0.003557222
146,768,105,0.006276886,0.002583228,0.003693658
146,768,106,0.00657086,0.002819182,0.003751678
146,768,107,0.005601452,0.001901108,0.003700344
146,768,108,0.004323227,0.000695801,0.003627426
146,768,109,0.005720944,0.002241528,0.003479416
146,768,110,0.004329692,0.000667083,0.003662609
147,768,1,0.747375519,0.624472539,0.12290298
147,768,2,0.053393133,0.050360057,0.003033076
147,768,3,0.026626073,0.023587109,0.003038964
147,768,4,0.003916211,0.000792094,0.003124117
147,768,5,0.003635375,0.000510508,0.003124867
147,768,6,0.022548682,0.019525841,0.003022841
147,768,7,0.012118268,0.009085194,0.003033074
147,768,8,0.014601458,0.011576877,0.003024581
147,768,9,0.004472229,0.001448985,0.003023244
147,768,10,0.053571131,0.050173908,0.003397223
147,768,11,0.005068924,0.001552553,0.003516371
147,768,12,0.004142572,0.000740583,0.003401989
147,768,13,0.004213621,0.000744801,0.00346882
147,768,14,0.004078715,0.000645543,0.003433172
147,768,15,0.003975925,0.000578988,0.003396937
147,768,16,0.003906117,0.000584452,0.003321665
147,768,17,0.003790945,0.000541807,0.003249138
147,768,18,0.004167522,0.000844401,0.003323121
147,768,19,0.004398534,0.001127075,0.003271459
147,768,20,0.004460437,0.001132215,0.003328222
147,768,21,0.004489214,0.001137164,0.00335205
147,768,22,0.004466543,0.001052337,0.003414206
147,768,23,0.004545648,0.001099887,0.003445761
147,768,24,0.004712692,0.001116644,0.003596048
147,768,25,0.00456266,0.000975778,0.003586882
147,768,26,0.004717804,0.001059959,0.003657845
147,768,27,0.004432505,0.000797071,0.003635434
147,768,28,0.004616755,0.000882746,0.003734009
147,768,29,0.004582479,0.000869094,0.003713385
147,768,30,0.004699618,0.000904384,0.003795234
147,768,31,0.004330683,0.00062419,0.003706493
147,768,32,0.00463512,0.000824096,0.003811024
147,768,33,0.004540821,0.000674456,0.003866365
147,768,34,0.004504867,0.000643513,0.003861354
147,768,35,0.004650072,0.00077648,0.003873592
147,768,36,0.004462416,0.000641875,0.003820541
147,768,37,0.004624954,0.000722508,0.003902446
147,768,38,0.004481176,0.000652924,0.003828252
147,768,39,0.004832167,0.000828005,0.004004162
147,768,40,0.004539992,0.000655015,0.003884977
147,768,41,0.004608777,0.0007431,0.003865677
147,768,42,0.004598369,0.000757694,0.003840675
147,768,43,0.004775055,0.000815373,0.003959682
147,768,44,0.00459683,0.000711225,0.003885605
147,768,45,0.00465098,0.000681777,0.003969203
147,768,46,0.004471366,0.000610469,0.003860897
147,768,47,0.004595098,0.000685239,0.003909859
147,768,48,0.004630656,0.000651682,0.003978974
147,768,49,0.004559787,0.000604664,0.003955123
147,768,50,0.004527554,0.000561555,0.003965999
147,768,51,0.004508381,0.000576316,0.003932065
147,768,52,0.00456915,0.00059855,0.0039706
147,768,53,0.004518948,0.000577201,0.003941747
147,768,54,0.004523878,0.000581118,0.00394276
147,768,55,0.004511296,0.000622173,0.003889123
147,768,56,0.004538474,0.0006435,0.003894974
147,768,57,0.004630318,0.000699611,0.003930707
147,768,58,0.004472708,0.000591159,0.003881549
147,768,59,0.004595643,0.000669283,0.00392636
147,768,60,0.004566201,0.000593131,0.00397307
147,768,61,0.004549599,0.000663722,0.003885877
147,768,62,0.004618958,0.000679934,0.003939024
147,768,63,0.004525596,0.000709363,0.003816233
147,768,64,0.004559873,0.0006969,0.003862973
147,768,65,0.00444416,0.000741693,0.003702467
147,768,66,0.004475332,0.000671662,0.00380367
147,768,67,0.004603645,0.000978952,0.003624693
147,768,68,0.006866795,0.003389736,0.003477059
147,768,69,0.004494127,0.000930448,0.003563679
147,768,70,0.004415752,0.000855859,0.003559893
147,768,71,0.004842278,0.001134787,0.003707491
147,768,72,0.004828695,0.001069849,0.003758846
147,768,73,0.004189842,0.000508272,0.00368157
147,768,74,0.004147594,0.000490627,0.003656967
147,768,75,0.004603804,0.000966214,0.00363759
147,768,76,0.004698862,0.001019457,0.003679405
147,768,77,0.00446011,0.000838899,0.003621211
147,768,78,0.004130167,0.000523018,0.003607149
147,768,79,0.004032821,0.000544982,0.003487839
147,768,80,0.00500529,0.001433441,0.003571849
147,768,81,0.004553935,0.001102529,0.003451406
147,768,82,0.004462549,0.000982016,0.003480533
147,768,83,0.007711491,0.004254188,0.003457303
147,768,84,0.005311576,0.001588524,0.003723052
147,768,85,0.004569694,0.000967136,0.003602558
147,768,86,0.004718196,0.001069586,0.00364861
147,768,87,0.00457003,0.001022175,0.003547855
147,768,88,0.00456002,0.000935233,0.003624787
147,768,89,0.004811391,0.001129925,0.003681466
147,768,90,0.00455425,0.000949285,0.003604965
147,768,91,0.004464373,0.000881332,0.003583041
147,768,92,0.004205418,0.000676181,0.003529237
147,768,93,0.005934856,0.002737251,0.003197605
147,768,94,0.00504329,0.001819221,0.003224069
147,768,95,0.004316908,0.00100925,0.003307658
147,768,96,0.007503232,0.004157303,0.003345929
147,768,97,0.005027049,0.001785173,0.003241876
147,768,98,0.004751967,0.00129064,0.003461327
147,768,99,0.004640279,0.001306111,0.003334168
147,768,100,0.004999608,0.001431551,0.003568057
147,768,101,0.004403199,0.000915157,0.003488042
147,768,102,0.005594629,0.002026745,0.003567884
147,768,103,0.00432116,0.000756743,0.003564417
147,768,104,0.006270567,0.002667112,0.003603455
147,768,105,0.006378605,0.002668023,0.003710582
147,768,106,0.005698868,0.001753676,0.003945192
147,768,107,0.00445238,0.000693399,0.003758981
147,768,108,0.005978007,0.002276998,0.003701009
147,768,109,0.004105776,0.000596531,0.003509245
147,768,110,0.004342432,0.00073858,0.003603852
148,768,1,0.751993609,0.628408571,0.123585038
148,768,2,0.072259898,0.069170206,0.003089692
148,768,3,0.003796279,0.000601463,0.003194816
148,768,4,0.003680243,0.000429926,0.003250317
148,768,5,0.022666053,0.019568263,0.00309779
148,768,6,0.012081379,0.008974368,0.003107011
148,768,7,0.004105163,0.000868859,0.003236304
148,768,8,0.003719119,0.000545453,0.003173666
148,768,9,0.064434487,0.061079438,0.003355049
148,768,10,0.004922281,0.001460491,0.00346179
148,768,11,0.004299697,0.000665509,0.003634188
148,768,12,0.004106708,0.000532012,0.003574696
148,768,13,0.004156638,0.000579817,0.003576821
148,768,14,0.004029397,0.000521996,0.003507401
148,768,15,0.00395499,0.000494285,0.003460705
148,768,16,0.003881639,0.000502661,0.003378978
148,768,17,0.003787364,0.000427457,0.003359907
148,768,18,0.004208201,0.000828007,0.003380194
148,768,19,0.004365735,0.001034462,0.003331273
148,768,20,0.004450544,0.001094058,0.003356486
148,768,21,0.004490654,0.001087281,0.003403373
148,768,22,0.004644667,0.001197232,0.003447435
148,768,23,0.004568764,0.001003849,0.003564915
148,768,24,0.00487716,0.001118455,0.003758705
148,768,25,0.004540523,0.000774667,0.003765856
148,768,26,0.004503748,0.000728261,0.003775487
148,768,27,0.004445071,0.000653033,0.003792038
148,768,28,0.004652671,0.000842694,0.003809977
148,768,29,0.004517406,0.000656505,0.003860901
148,768,30,0.004520669,0.000685928,0.003834741
148,768,31,0.004491816,0.000603714,0.003888102
148,768,32,0.004610191,0.000597983,0.004012208
148,768,33,0.004517277,0.000519954,0.003997323
148,768,34,0.004653843,0.000571343,0.0040825
148,768,35,0.004511761,0.000547119,0.003964642
148,768,36,0.004606736,0.000574533,0.004032203
148,768,37,0.004560135,0.000608112,0.003952023
148,768,38,0.004594275,0.000590058,0.004004217
148,768,39,0.004649396,0.000710523,0.003938873
148,768,40,0.004637013,0.000620064,0.004016949
148,768,41,0.004684238,0.000619801,0.004064437
148,768,42,0.004683098,0.000601782,0.004081316
148,768,43,0.004614462,0.000642421,0.003972041
148,768,44,0.004588233,0.00059076,0.003997473
148,768,45,0.004599297,0.000585917,0.00401338
148,768,46,0.004567417,0.000582834,0.003984583
148,768,47,0.004504572,0.000600994,0.003903578
148,768,48,0.004564314,0.000584079,0.003980235
148,768,49,0.004537638,0.000569823,0.003967815
148,768,50,0.004550711,0.000588318,0.003962393
148,768,51,0.004554827,0.000576835,0.003977992
148,768,52,0.004537476,0.000575005,0.003962471
148,768,53,0.004550583,0.000569442,0.003981141
148,768,54,0.004544052,0.000589071,0.003954981
148,768,55,0.004559512,0.000582538,0.003976974
148,768,56,0.00457424,0.000574345,0.003999895
148,768,57,0.004481618,0.000565078,0.00391654
148,768,58,0.004629136,0.000563926,0.00406521
148,768,59,0.004567064,0.000582951,0.003984113
148,768,60,0.004613834,0.000571478,0.004042356
148,768,61,0.004491144,0.000565436,0.003925708
148,768,62,0.004659021,0.000593937,0.004065084
148,768,63,0.004532024,0.000568615,0.003963409
148,768,64,0.00457162,0.000566883,0.004004737
148,768,65,0.004412989,0.000584749,0.00382824
148,768,66,0.004771417,0.000832742,0.003938675
148,768,67,0.00452258,0.000780582,0.003741998
148,768,68,0.00425717,0.000527892,0.003729278
148,768,69,0.005708394,0.002155982,0.003552412
148,768,70,0.004882214,0.001220787,0.003661427
148,768,71,0.004863821,0.001167891,0.00369593
148,768,72,0.004567843,0.000745735,0.003822108
148,768,73,0.004466516,0.000664098,0.003802418
148,768,74,0.004220043,0.00050388,0.003716163
148,768,75,0.004386546,0.000630333,0.003756213
148,768,76,0.004872627,0.001109768,0.003762859
148,768,77,0.004576515,0.000865343,0.003711172
148,768,78,0.004230741,0.000568148,0.003662593
148,768,79,0.004202924,0.000573924,0.003629
148,768,80,0.005139873,0.001513097,0.003626776
148,768,81,0.004907547,0.001355926,0.003551621
148,768,82,0.005415192,0.001901129,0.003514063
148,768,83,0.005126155,0.001594729,0.003531426
148,768,84,0.005507652,0.00178258,0.003725072
148,768,85,0.004749945,0.001159858,0.003590087
148,768,86,0.004734094,0.00110979,0.003624304
148,768,87,0.00493945,0.001242913,0.003696537
148,768,88,0.005358431,0.00174743,0.003611001
148,768,89,0.004657924,0.00091189,0.003746034
148,768,90,0.004666707,0.00092506,0.003741647
148,768,91,0.004260129,0.000643133,0.003616996
148,768,92,0.006302968,0.002836169,0.003466799
148,768,93,0.004778562,0.001428317,0.003350245
148,768,94,0.004265908,0.000819336,0.003446572
148,768,95,0.00721402,0.003902168,0.003311852
148,768,96,0.005546989,0.002043071,0.003503918
148,768,97,0.004222851,0.000847554,0.003375297
148,768,98,0.004544477,0.001111706,0.003432771
148,768,99,0.005003165,0.001534097,0.003469068
148,768,100,0.004965569,0.001315949,0.00364962
148,768,101,0.005362356,0.00178548,0.003576876
148,768,102,0.004270929,0.000611292,0.003659637
148,768,103,0.006343459,0.002731991,0.003611468
148,768,104,0.006348602,0.002631682,0.00371692
148,768,105,0.005472003,0.00162139,0.003850613
148,768,106,0.004425346,0.000489194,0.003936152
148,768,107,0.006231383,0.002417914,0.003813469
148,768,108,0.004328763,0.000557275,0.003771488
148,768,109,0.004167979,0.000510976,0.003657003
148,768,110,0.004294081,0.000662616,0.003631465
149,768,1,0.755589916,0.632182585,0.123407331
149,768,2,0.040946949,0.037916718,0.003030231
149,768,3,0.031153128,0.028093568,0.00305956
149,768,4,0.023489961,0.020461836,0.003028125
149,768,5,0.012091,0.009040802,0.003050198
149,768,6,0.003972203,0.000855817,0.003116386
149,768,7,0.003755676,0.000618822,0.003136854
149,768,8,0.064238556,0.061021939,0.003216617
149,768,9,0.004803303,0.001299264,0.003504039
149,768,10,0.004081784,0.000524437,0.003557347
149,768,11,0.004072285,0.000520846,0.003551439
149,768,12,0.00401652,0.000526176,0.003490344
149,768,13,0.004052683,0.000546526,0.003506157
149,768,14,0.003971107,0.000532606,0.003438501
149,768,15,0.003922631,0.000480269,0.003442362
149,768,16,0.003799184,0.0004779,0.003321284
149,768,17,0.00380107,0.000486375,0.003314695
149,768,18,0.004320713,0.001063284,0.003257429
149,768,19,0.00453955,0.001225363,0.003314187
149,768,20,0.004367132,0.001055581,0.003311551
149,768,21,0.004612384,0.001214061,0.003398323
149,768,22,0.004427916,0.001053382,0.003374534
149,768,23,0.004586178,0.001091219,0.003494959
149,768,24,0.004707889,0.001093428,0.003614461
149,768,25,0.004507854,0.000864439,0.003643415
149,768,26,0.004556889,0.00094118,0.003615709
149,768,27,0.004568719,0.00084228,0.003726439
149,768,28,0.004595009,0.000828811,0.003766198
149,768,29,0.004544158,0.00076714,0.003777018
149,768,30,0.004519589,0.000781682,0.003737907
149,768,31,0.004568359,0.000769738,0.003798621
149,768,32,0.004472757,0.000685673,0.003787084
149,768,33,0.004657973,0.000789371,0.003868602
149,768,34,0.004561128,0.000641359,0.003919769
149,768,35,0.004531771,0.000662186,0.003869585
149,768,36,0.004889098,0.000968083,0.003921015
149,768,37,0.004490457,0.000607514,0.003882943
149,768,38,0.004872348,0.001000151,0.003872197
149,768,39,0.00447715,0.000572331,0.003904819
149,768,40,0.004682395,0.000783888,0.003898507
149,768,41,0.004508103,0.000604894,0.003903209
149,768,42,0.004622482,0.000671848,0.003950634
149,768,43,0.004531781,0.000619984,0.003911797
149,768,44,0.004523689,0.00058032,0.003943369
149,768,45,0.00443368,0.000574744,0.003858936
149,768,46,0.004678265,0.000762242,0.003916023
149,768,47,0.004404836,0.000576285,0.003828551
149,768,48,0.004659259,0.000734671,0.003924588
149,768,49,0.004443604,0.000564267,0.003879337
149,768,50,0.004637542,0.000729444,0.003908098
149,768,51,0.004470985,0.000553912,0.003917073
149,768,52,0.004509559,0.000581511,0.003928048
149,768,53,0.004482362,0.000549376,0.003932986
149,768,54,0.004607505,0.000644977,0.003962528
149,768,55,0.004606671,0.000635371,0.0039713
149,768,56,0.004463163,0.000591289,0.003871874
149,768,57,0.004520887,0.000564694,0.003956193
149,768,58,0.004421724,0.000587507,0.003834217
149,768,59,0.004634148,0.000763444,0.003870704
149,768,60,0.004567901,0.000676571,0.00389133
149,768,61,0.004522933,0.000662443,0.00386049
149,768,62,0.004575502,0.000685039,0.003890463
149,768,63,0.004553619,0.000768023,0.003785596
149,768,64,0.004647745,0.000779286,0.003868459
149,768,65,0.004328108,0.000627335,0.003700773
149,768,66,0.004842852,0.001123473,0.003719379
149,768,67,0.004486504,0.000793403,0.003693101
149,768,68,0.004311295,0.000656573,0.003654722
149,768,69,0.004231474,0.000603174,0.0036283
149,768,70,0.006035671,0.002404074,0.003631597
149,768,71,0.005159471,0.001418579,0.003740892
149,768,72,0.004593712,0.000729065,0.003864647
149,768,73,0.004297112,0.000552037,0.003745075
149,768,74,0.004420775,0.000701662,0.003719113
149,768,75,0.005387387,0.001824969,0.003562418
149,768,76,0.004810878,0.001162361,0.003648517
149,768,77,0.004435145,0.000760041,0.003675104
149,768,78,0.004139141,0.00053513,0.003604011
149,768,79,0.005221736,0.001757651,0.003464085
149,768,80,0.004913976,0.001501232,0.003412744
149,768,81,0.005021784,0.001592529,0.003429255
149,768,82,0.00486446,0.001339788,0.003524672
149,768,83,0.004994437,0.001410343,0.003584094
149,768,84,0.004551477,0.000934757,0.00361672
149,768,85,0.004893283,0.001399444,0.003493839
149,768,86,0.005394629,0.001843427,0.003551202
149,768,87,0.005512138,0.002075997,0.003436141
149,768,88,0.004868472,0.001312493,0.003555979
149,768,89,0.004533272,0.000830283,0.003702989
149,768,90,0.004365233,0.000764576,0.003600657
149,768,91,0.006512719,0.003074827,0.003437892
149,768,92,0.004847757,0.001528385,0.003319372
149,768,93,0.004378085,0.001050372,0.003327713
149,768,94,0.007146688,0.003913877,0.003232811
149,768,95,0.005402391,0.002038824,0.003363567
149,768,96,0.004703544,0.001240934,0.00346261
149,768,97,0.003923083,0.000620584,0.003302499
149,768,98,0.004689991,0.00131995,0.003370041
149,768,99,0.005078599,0.00162911,0.003449489
149,768,100,0.005939158,0.002385239,0.003553919
149,768,101,0.004096423,0.0005621,0.003534323
149,768,102,0.006360588,0.002815994,0.003544594
149,768,103,0.006479639,0.002846649,0.00363299
149,768,104,0.005252313,0.001493891,0.003758422
149,768,105,0.004368452,0.000578245,0.003790207
149,768,106,0.006196144,0.002526119,0.003670025
149,768,107,0.00452552,0.000839822,0.003685698
149,768,108,0.00433836,0.000688387,0.003649973
149,768,109,0.004214064,0.000577249,0.003636815
149,768,110,0.006227874,0.002678243,0.003549631
150,768,1,0.750505221,0.627475432,0.123029789
150,768,2,0.073996538,0.070973039,0.003023499
150,768,3,0.023527456,0.020518462,0.003008994
150,768,4,0.012074594,0.009051097,0.003023497
150,768,5,0.003983524,0.000951638,0.003031886
150,768,6,0.003744949,0.000625411,0.003119538
150,768,7,0.064076133,0.060880113,0.00319602
150,768,8,0.004513544,0.001119275,0.003394269
150,768,9,0.004035637,0.000521852,0.003513785
150,768,10,0.004026181,0.000531362,0.003494819
150,768,11,0.004052686,0.000507383,0.003545303
150,768,12,0.004054286,0.00052165,0.003532636
150,768,13,0.004103941,0.000533333,0.003570608
150,768,14,0.003943845,0.00048418,0.003459665
150,768,15,0.003840408,0.000486556,0.003353852
150,768,16,0.003753086,0.000445718,0.003307368
150,768,17,0.003806395,0.000481728,0.003324667
150,768,18,0.004074123,0.000772136,0.003301987
150,768,19,0.0043783,0.001070941,0.003307359
150,768,20,0.004571816,0.001175871,0.003395945
150,768,21,0.004350505,0.000968582,0.003381923
150,768,22,0.004617121,0.001104499,0.003512622
150,768,23,0.004497504,0.000932181,0.003565323
150,768,24,0.004734514,0.000949565,0.003784949
150,768,25,0.00454704,0.000777377,0.003769663
150,768,26,0.004614067,0.000859343,0.003754724
150,768,27,0.004678853,0.000951193,0.00372766
150,768,28,0.004526129,0.000734656,0.003791473
150,768,29,0.004719624,0.000960822,0.003758802
150,768,30,0.004594281,0.000761831,0.00383245
150,768,31,0.004517932,0.000781086,0.003736846
150,768,32,0.00468102,0.000848873,0.003832147
150,768,33,0.004645988,0.00080541,0.003840578
150,768,34,0.004585651,0.000759163,0.003826488
150,768,35,0.004785443,0.000914234,0.003871209
150,768,36,0.004563048,0.000692331,0.003870717
150,768,37,0.004787293,0.000878675,0.003908618
150,768,38,0.004467087,0.000633896,0.003833191
150,768,39,0.004575416,0.000728453,0.003846963
150,768,40,0.004592316,0.000733854,0.003858462
150,768,41,0.004451583,0.00066042,0.003791163
150,768,42,0.004631515,0.000773653,0.003857862
150,768,43,0.004456663,0.000602275,0.003854388
150,768,44,0.004532783,0.000698244,0.003834539
150,768,45,0.004604541,0.000685665,0.003918876
150,768,46,0.004481546,0.000645151,0.003836395
150,768,47,0.004507813,0.000641122,0.003866691
150,768,48,0.004505398,0.000581289,0.003924109
150,768,49,0.00458193,0.000625748,0.003956182
150,768,50,0.00451113,0.000633997,0.003877133
150,768,51,0.004608655,0.000663902,0.003944753
150,768,52,0.004436959,0.000566173,0.003870786
150,768,53,0.004616812,0.00065464,0.003962172
150,768,54,0.004557967,0.00058552,0.003972447
150,768,55,0.00461373,0.000568599,0.004045131
150,768,56,0.004554156,0.000563879,0.003990277
150,768,57,0.004535116,0.000568047,0.003967069
150,768,58,0.004645039,0.000663143,0.003981896
150,768,59,0.004555384,0.000573065,0.003982319
150,768,60,0.004519586,0.00055521,0.003964376
150,768,61,0.004586903,0.000564784,0.004022119
150,768,62,0.004606039,0.000576303,0.004029736
150,768,63,0.004570049,0.000562527,0.004007522
150,768,64,0.004522812,0.000581268,0.003941544
150,768,65,0.004803653,0.000836035,0.003967618
150,768,66,0.004528199,0.000546146,0.003982053
150,768,67,0.004357304,0.00055176,0.003805544
150,768,68,0.004265727,0.000511194,0.003754533
150,768,69,0.004303719,0.000539047,0.003764672
150,768,70,0.004529187,0.000898265,0.003630922
150,768,71,0.005338023,0.001537473,0.00380055
150,768,72,0.005001325,0.001135396,0.003865929
150,768,73,0.004350542,0.000608973,0.003741569
150,768,74,0.006306034,0.002769352,0.003536682
150,768,75,0.00469438,0.001063337,0.003631043
150,768,76,0.00443815,0.00069098,0.00374717
150,768,77,0.004332905,0.000643018,0.003689887
150,768,78,0.005350691,0.001857111,0.00349358
150,768,79,0.004950911,0.00146434,0.003486571
150,768,80,0.004564864,0.001083328,0.003481536
150,768,81,0.004780295,0.00126026,0.003520035
150,768,82,0.004704896,0.001190036,0.00351486
150,768,83,0.004886186,0.00134797,0.003538216
150,768,84,0.004833701,0.001163008,0.003670693
150,768,85,0.00522225,0.001692854,0.003529396
150,768,86,0.005707449,0.002243704,0.003463745
150,768,87,0.004894311,0.001369726,0.003524585
150,768,88,0.004649997,0.000954686,0.003695311
150,768,89,0.004259038,0.000616916,0.003642122
150,768,90,0.006739076,0.003299615,0.003439461
150,768,91,0.004990389,0.001415263,0.003575126
150,768,92,0.003889031,0.000485869,0.003403162
150,768,93,0.007181636,0.003970787,0.003210849
150,768,94,0.005244674,0.002043343,0.003201331
150,768,95,0.004747201,0.001431208,0.003315993
150,768,96,0.004503774,0.001070547,0.003433227
150,768,97,0.004241654,0.000921962,0.003319692
150,768,98,0.004758103,0.001377456,0.003380647
150,768,99,0.006180274,0.002625163,0.003555111
150,768,100,0.004461628,0.000920788,0.00354084
150,768,101,0.006392511,0.002798671,0.00359384
150,768,102,0.006530331,0.002961925,0.003568406
150,768,103,0.005064489,0.001444541,0.003619948
150,768,104,0.004292463,0.00052401,0.003768453
150,768,105,0.006056091,0.002324761,0.00373133
150,768,106,0.004729641,0.001045386,0.003684255
150,768,107,0.004480241,0.000769392,0.003710849
150,768,108,0.004189098,0.000540139,0.003648959
150,768,109,0.006316429,0.002591666,0.003724763
150,768,110,0.005288446,0.001836402,0.003452044
151,768,1,0.748925716,0.625703777,0.123221939
151,768,2,0.095957059,0.092868076,0.003088983
151,768,3,0.01210109,0.009011818,0.003089272
151,768,4,0.003991681,0.000792783,0.003198898
151,768,5,0.003612314,0.000367567,0.003244747
151,768,6,0.063986619,0.060831879,0.00315474
151,768,7,0.004354384,0.000969679,0.003384705
151,768,8,0.003927044,0.000403225,0.003523819
151,768,9,0.003963832,0.000404734,0.003559098
151,768,10,0.004037254,0.000462472,0.003574782
151,768,11,0.004074488,0.000450495,0.003623993
151,768,12,0.004026079,0.000455527,0.003570552
151,768,13,0.004044796,0.000475559,0.003569237
151,768,14,0.003944002,0.000460455,0.003483547
151,768,15,0.003871939,0.00043918,0.003432759
151,768,16,0.00375512,0.000420817,0.003334303
151,768,17,0.003718223,0.000408215,0.003310008
151,768,18,0.004137213,0.000808748,0.003328465
151,768,19,0.004485056,0.00110695,0.003378106
151,768,20,0.004442616,0.001110035,0.003332581
151,768,21,0.004545956,0.001112074,0.003433882
151,768,22,0.004535026,0.001061784,0.003473242
151,768,23,0.004661954,0.001042297,0.003619657
151,768,24,0.004626428,0.000967488,0.00365894
151,768,25,0.004600278,0.000919027,0.003681251
151,768,26,0.004705759,0.000998337,0.003707422
151,768,27,0.004535764,0.000820323,0.003715441
151,768,28,0.004838529,0.001083711,0.003754818
151,768,29,0.004485874,0.000701822,0.003784052
151,768,30,0.00463752,0.000938083,0.003699437
151,768,31,0.0045908,0.000846105,0.003744695
151,768,32,0.004559886,0.000785612,0.003774274
151,768,33,0.004701264,0.000837385,0.003863879
151,768,34,0.004745516,0.000820874,0.003924642
151,768,35,0.004549695,0.000698693,0.003851002
151,768,36,0.004674971,0.000791741,0.00388323
151,768,37,0.00465193,0.000742492,0.003909438
151,768,38,0.004512838,0.000675766,0.003837072
151,768,39,0.004562299,0.000667087,0.003895212
151,768,40,0.004578479,0.000693649,0.00388483
151,768,41,0.004639228,0.000704015,0.003935213
151,768,42,0.004434676,0.000619097,0.003815579
151,768,43,0.004561729,0.000646114,0.003915615
151,768,44,0.004431593,0.00060712,0.003824473
151,768,45,0.004575092,0.000645752,0.00392934
151,768,46,0.004474667,0.000585194,0.003889473
151,768,47,0.004494782,0.000591352,0.00390343
151,768,48,0.004469831,0.000588004,0.003881827
151,768,49,0.004655028,0.00066302,0.003992008
151,768,50,0.004522364,0.000624806,0.003897558
151,768,51,0.00452783,0.000613118,0.003914712
151,768,52,0.004524429,0.000614457,0.003909972
151,768,53,0.004551414,0.00061811,0.003933304
151,768,54,0.004533362,0.000600845,0.003932517
151,768,55,0.004595601,0.000621848,0.003973753
151,768,56,0.004574253,0.000619981,0.003954272
151,768,57,0.00461694,0.000607234,0.004009706
151,768,58,0.004530412,0.000634664,0.003895748
151,768,59,0.004541465,0.000609844,0.003931621
151,768,60,0.004452959,0.000601301,0.003851658
151,768,61,0.004504298,0.000554006,0.003950292
151,768,62,0.00441963,0.000559914,0.003859716
151,768,63,0.004702046,0.000820231,0.003881815
151,768,64,0.005060377,0.001219699,0.003840678
151,768,65,0.004417894,0.000518551,0.003899343
151,768,66,0.004420929,0.00054043,0.003880499
151,768,67,0.004287143,0.00053526,0.003751883
151,768,68,0.004243985,0.000507374,0.003736611
151,768,69,0.004966242,0.001232586,0.003733656
151,768,70,0.005136607,0.001316827,0.00381978
151,768,71,0.00462906,0.00084103,0.00378803
151,768,72,0.004710329,0.000773415,0.003936914
151,768,73,0.004341842,0.000560758,0.003781084
151,768,74,0.005273562,0.001554578,0.003718984
151,768,75,0.004936694,0.001272048,0.003664646
151,768,76,0.004648904,0.000983681,0.003665223
151,768,77,0.006281379,0.002728948,0.003552431
151,768,78,0.004971732,0.001377739,0.003593993
151,768,79,0.004463686,0.000876251,0.003587435
151,768,80,0.004645401,0.001041704,0.003603697
151,768,81,0.004484655,0.000960093,0.003524562
151,768,82,0.004552704,0.000957391,0.003595313
151,768,83,0.004907061,0.001394481,0.00351258
151,768,84,0.005234612,0.001658761,0.003575851
151,768,85,0.005807342,0.002389565,0.003417777
151,768,86,0.004874077,0.001339101,0.003534976
151,768,87,0.004523077,0.001035461,0.003487616
151,768,88,0.004744973,0.001064388,0.003680585
151,768,89,0.00653589,0.003040326,0.003495564
151,768,90,0.005309669,0.001717181,0.003592488
151,768,91,0.004122871,0.000563882,0.003558989
151,768,92,0.007199276,0.003795817,0.003403459
151,768,93,0.005275699,0.001898453,0.003377246
151,768,94,0.004376125,0.001062093,0.003314032
151,768,95,0.004330022,0.00095486,0.003375162
151,768,96,0.00486665,0.001401549,0.003465101
151,768,97,0.004355318,0.000862962,0.003492356
151,768,98,0.005576971,0.002166348,0.003410623
151,768,99,0.004992465,0.001367171,0.003625294
151,768,100,0.006536358,0.002933095,0.003603263
151,768,101,0.006537922,0.002956223,0.003581699
151,768,102,0.005112621,0.0015181,0.003594521
151,768,103,0.004162822,0.000484419,0.003678403
151,768,104,0.005893197,0.002081832,0.003811365
151,768,105,0.004683609,0.000802545,0.003881064
151,768,106,0.004745621,0.000948412,0.003797209
151,768,107,0.004233215,0.000556633,0.003676582
151,768,108,0.006173023,0.0026278,0.003545223
151,768,109,0.00560477,0.002018239,0.003586531
151,768,110,0.003941383,0.000420027,0.003521356
152,768,1,0.748771776,0.625517925,0.123253851
152,768,2,0.105007704,0.101967312,0.003040392
152,768,3,0.003771516,0.000590627,0.003180889
152,768,4,0.00349705,0.000361569,0.003135481
152,768,5,0.064176883,0.061111819,0.003065064
152,768,6,0.004137241,0.000943921,0.00319332
152,768,7,0.003695507,0.000394087,0.00330142
152,768,8,0.003779224,0.000360447,0.003418777
152,768,9,0.003887341,0.000383892,0.003503449
152,768,10,0.004001712,0.00045754,0.003544172
152,768,11,0.004017378,0.00045751,0.003559868
152,768,12,0.003960787,0.000473648,0.003487139
152,768,13,0.003975273,0.000496761,0.003478512
152,768,14,0.003880651,0.000469965,0.003410686
152,768,15,0.003886346,0.000566013,0.003320333
152,768,16,0.003815261,0.000536408,0.003278853
152,768,17,0.003867575,0.00055854,0.003309035
152,768,18,0.004263446,0.001031493,0.003231953
152,768,19,0.004546004,0.001275572,0.003270432
152,768,20,0.00465307,0.001287815,0.003365255
152,768,21,0.004536495,0.001256863,0.003279632
152,768,22,0.004706321,0.001295745,0.003410576
152,768,23,0.004509438,0.001104993,0.003404445
152,768,24,0.004781261,0.001223325,0.003557936
152,768,25,0.004622619,0.001084662,0.003537957
152,768,26,0.004585055,0.001116867,0.003468188
152,768,27,0.004714629,0.001146332,0.003568297
152,768,28,0.004581251,0.000953747,0.003627504
152,768,29,0.004723498,0.001048425,0.003675073
152,768,30,0.004559337,0.000932795,0.003626542
152,768,31,0.004576825,0.000949523,0.003627302
152,768,32,0.004732719,0.001010887,0.003721832
152,768,33,0.004756795,0.000972036,0.003784759
152,768,34,0.004580977,0.000797226,0.003783751
152,768,35,0.004618901,0.000800231,0.00381867
152,768,36,0.004700903,0.000827708,0.003873195
152,768,37,0.004452236,0.000621736,0.0038305
152,768,38,0.00462367,0.000772488,0.003851182
152,768,39,0.004472485,0.000638655,0.00383383
152,768,40,0.004592645,0.000738309,0.003854336
152,768,41,0.004449203,0.000601593,0.00384761
152,768,42,0.004587826,0.000788331,0.003799495
152,768,43,0.00443341,0.000599089,0.003834321
152,768,44,0.004565984,0.000760551,0.003805433
152,768,45,0.004393045,0.000588489,0.003804556
152,768,46,0.004541723,0.000743326,0.003798397
152,768,47,0.004481403,0.000683577,0.003797826
152,768,48,0.004623061,0.000784662,0.003838399
152,768,49,0.004418797,0.000608708,0.003810089
152,768,50,0.00450553,0.000693431,0.003812099
152,768,51,0.004612859,0.000775049,0.00383781
152,768,52,0.004442253,0.000613067,0.003829186
152,768,53,0.004712291,0.00080303,0.003909261
152,768,54,0.00440456,0.000615914,0.003788646
152,768,55,0.004469276,0.000617058,0.003852218
152,768,56,0.004389941,0.000584032,0.003805909
152,768,57,0.004687964,0.000762705,0.003925259
152,768,58,0.004425252,0.000598414,0.003826838
152,768,59,0.004475043,0.000567203,0.00390784
152,768,60,0.004542451,0.000739683,0.003802768
152,768,61,0.004475866,0.000547327,0.003928539
152,768,62,0.004427455,0.000575102,0.003852353
152,768,63,0.004486429,0.000587003,0.003899426
152,768,64,0.005075102,0.001196081,0.003879021
152,768,65,0.004507436,0.00064173,0.003865706
152,768,66,0.004406705,0.000546451,0.003860254
152,768,67,0.004315274,0.000556096,0.003759178
152,768,68,0.005613539,0.002104871,0.003508668
152,768,69,0.004826386,0.001220532,0.003605854
152,768,70,0.00412989,0.000427187,0.003702703
152,768,71,0.004980745,0.001268241,0.003712504
152,768,72,0.004658963,0.000904938,0.003754025
152,768,73,0.005408466,0.001798895,0.003609571
152,768,74,0.005020575,0.001433461,0.003587114
152,768,75,0.004539293,0.000992575,0.003546718
152,768,76,0.006492155,0.00308041,0.003411745
152,768,77,0.005046068,0.001522608,0.00352346
152,768,78,0.004380087,0.000899362,0.003480725
152,768,79,0.00456875,0.000991397,0.003577353
152,768,80,0.004614756,0.001107983,0.003506773
152,768,81,0.004284116,0.000787785,0.003496331
152,768,82,0.004415439,0.001042222,0.003373217
152,768,83,0.005803004,0.002513596,0.003289408
152,768,84,0.005419197,0.002108297,0.0033109
152,768,85,0.005039279,0.001559384,0.003479895
152,768,86,0.004534633,0.001087977,0.003446656
152,768,87,0.004044432,0.000594337,0.003450095
152,768,88,0.006999465,0.003444545,0.00355492
152,768,89,0.005622509,0.001990583,0.003631926
152,768,90,0.00423043,0.00069731,0.00353312
152,768,91,0.007094041,0.003776837,0.003317204
152,768,92,0.005423529,0.002090828,0.003332701
152,768,93,0.004468549,0.001176824,0.003291725
152,768,94,0.004184735,0.000834926,0.003349809
152,768,95,0.004638631,0.001345343,0.003293288
152,768,96,0.004575743,0.001154533,0.00342121
152,768,97,0.005400374,0.002062955,0.003337419
152,768,98,0.004778711,0.001431996,0.003346715
152,768,99,0.006918181,0.003378965,0.003539216
152,768,100,0.00626983,0.002691939,0.003577891
152,768,101,0.005362458,0.001819073,0.003543385
152,768,102,0.004127166,0.000598642,0.003528524
152,768,103,0.00600222,0.002342485,0.003659735
152,768,104,0.004507565,0.000741474,0.003766091
152,768,105,0.004798388,0.000935779,0.003862609
152,768,106,0.004243957,0.000492475,0.003751482
152,768,107,0.006372948,0.00271661,0.003656338
152,768,108,0.005359786,0.001697765,0.003662021
152,768,109,0.004253609,0.000724244,0.003529365
152,768,110,0.004539526,0.001138573,0.003400953
153,768,1,0.747150087,0.624265883,0.122884204
153,768,2,0.06407237,0.061045839,0.003026531
153,768,3,0.045697462,0.042652084,0.003045378
153,768,4,0.064998235,0.061961888,0.003036347
153,768,5,0.003998634,0.000834951,0.003163683
153,768,6,0.00362131,0.00039791,0.0032234
153,768,7,0.003659905,0.000423746,0.003236159
153,768,8,0.003790124,0.00038792,0.003402204
153,768,9,0.003912083,0.000361526,0.003550557
153,768,10,0.00400176,0.000416618,0.003585142
153,768,11,0.004021593,0.000436632,0.003584961
153,768,12,0.00404984,0.000445748,0.003604092
153,768,13,0.004021892,0.000459836,0.003562056
153,768,14,0.003926856,0.000445399,0.003481457
153,768,15,0.003813745,0.000434353,0.003379392
153,768,16,0.003758684,0.000413324,0.00334536
153,768,17,0.003657535,0.000405494,0.003252041
153,768,18,0.004196948,0.000924432,0.003272516
153,768,19,0.004359343,0.001103925,0.003255418
153,768,20,0.004524479,0.001193777,0.003330702
153,768,21,0.004473614,0.001105838,0.003367776
153,768,22,0.004569146,0.001144426,0.00342472
153,768,23,0.004627345,0.001108989,0.003518356
153,768,24,0.004742198,0.001056677,0.003685521
153,768,25,0.00463269,0.001002312,0.003630378
153,768,26,0.004556652,0.000882963,0.003673689
153,768,27,0.004673788,0.000989921,0.003683867
153,768,28,0.004683738,0.000988542,0.003695196
153,768,29,0.004504376,0.000778172,0.003726204
153,768,30,0.004670662,0.000965485,0.003705177
153,768,31,0.004692491,0.000946094,0.003746397
153,768,32,0.004633439,0.000868528,0.003764911
153,768,33,0.004742459,0.00090072,0.003841739
153,768,34,0.004663955,0.000781105,0.00388285
153,768,35,0.004595816,0.000717918,0.003877898
153,768,36,0.004676337,0.000745423,0.003930914
153,768,37,0.004612193,0.000665937,0.003946256
153,768,38,0.004535596,0.000642705,0.003892891
153,768,39,0.004637452,0.00068889,0.003948562
153,768,40,0.004558626,0.000620116,0.00393851
153,768,41,0.004581887,0.000627199,0.003954688
153,768,42,0.004578611,0.000627904,0.003950707
153,768,43,0.004591364,0.000649806,0.003941558
153,768,44,0.004549886,0.000607737,0.003942149
153,768,45,0.004502605,0.000628574,0.003874031
153,768,46,0.004528989,0.000623896,0.003905093
153,768,47,0.004428254,0.000612156,0.003816098
153,768,48,0.004556899,0.00065469,0.003902209
153,768,49,0.004530643,0.000620847,0.003909796
153,768,50,0.004513016,0.000626323,0.003886693
153,768,51,0.00446877,0.000631963,0.003836807
153,768,52,0.004501199,0.000636217,0.003864982
153,768,53,0.004494857,0.000611447,0.00388341
153,768,54,0.004572412,0.000609542,0.00396287
153,768,55,0.004567573,0.000628483,0.00393909
153,768,56,0.004488272,0.000587143,0.003901129
153,768,57,0.004546498,0.000591335,0.003955163
153,768,58,0.004521333,0.000633282,0.003888051
153,768,59,0.004558016,0.000598836,0.00395918
153,768,60,0.00453533,0.000612337,0.003922993
153,768,61,0.00449852,0.000577859,0.003920661
153,768,62,0.00461399,0.000702329,0.003911661
153,768,63,0.004886882,0.001032149,0.003854733
153,768,64,0.004540681,0.000650068,0.003890613
153,768,65,0.004383061,0.000526422,0.003856639
153,768,66,0.004448249,0.00055645,0.003891799
153,768,67,0.00424874,0.000541473,0.003707267
153,768,68,0.004201593,0.000514119,0.003687474
153,768,69,0.005042639,0.001338991,0.003703648
153,768,70,0.004798817,0.001210406,0.003588411
153,768,71,0.004730842,0.001035083,0.003695759
153,768,72,0.006687588,0.003114985,0.003572603
153,768,73,0.005118364,0.001605171,0.003513193
153,768,74,0.004735758,0.00120106,0.003534698
153,768,75,0.006316165,0.002718601,0.003597564
153,768,76,0.004969275,0.001362724,0.003606551
153,768,77,0.004670073,0.001064484,0.003605589
153,768,78,0.004037386,0.000464967,0.003572419
153,768,79,0.004217969,0.000650683,0.003567286
153,768,80,0.004697797,0.001214166,0.003483631
153,768,81,0.004163023,0.000616796,0.003546227
153,768,82,0.005504526,0.002112751,0.003391775
153,768,83,0.005864315,0.002406991,0.003457324
153,768,84,0.004910904,0.001420774,0.00349013
153,768,85,0.004675772,0.001175021,0.003500751
153,768,86,0.004311953,0.000826793,0.00348516
153,768,87,0.006669039,0.00311039,0.003558649
153,768,88,0.00513383,0.001535259,0.003598571
153,768,89,0.004838362,0.001280389,0.003557973
153,768,90,0.004377131,0.000829376,0.003547755
153,768,91,0.00408306,0.000574924,0.003508136
153,768,92,0.007944496,0.004630318,0.003314178
153,768,93,0.004134697,0.000701705,0.003432992
153,768,94,0.004049736,0.000788447,0.003261289
153,768,95,0.005577304,0.002219436,0.003357868
153,768,96,0.005284843,0.002048116,0.003236727
153,768,97,0.004703788,0.001309463,0.003394325
153,768,98,0.006981451,0.003542607,0.003438844
153,768,99,0.004758028,0.001215265,0.003542763
153,768,100,0.006744894,0.003168559,0.003576335
153,768,101,0.004780055,0.001255319,0.003524736
153,768,102,0.005772616,0.002177123,0.003595493
153,768,103,0.00442254,0.000753654,0.003668886
153,768,104,0.004460134,0.000690149,0.003769985
153,768,105,0.004674554,0.000845553,0.003829001
153,768,106,0.006554885,0.002802515,0.00375237
153,768,107,0.005244037,0.00161833,0.003625707
153,768,108,0.004444246,0.000749694,0.003694552
153,768,109,0.004982445,0.001465865,0.00351658
153,768,110,0.004318917,0.000944523,0.003374394
154,768,1,0.751799385,0.628010507,0.123788878
154,768,2,0.077242919,0.074202711,0.003040208
154,768,3,0.089830999,0.086813595,0.003017404
154,768,4,0.003803913,0.000626094,0.003177819
154,768,5,0.003580258,0.000435948,0.00314431
154,768,6,0.003603911,0.000386247,0.003217664
154,768,7,0.003647502,0.000421758,0.003225744
154,768,8,0.003770738,0.000415688,0.00335505
154,768,9,0.003868289,0.000363898,0.003504391
154,768,10,0.003973235,0.000398837,0.003574398
154,768,11,0.003946887,0.0004258,0.003521087
154,768,12,0.003979475,0.000443752,0.003535723
154,768,13,0.004003321,0.000470189,0.003533132
154,768,14,0.003890992,0.000453802,0.00343719
154,768,15,0.003808171,0.00045813,0.003350041
154,768,16,0.003705857,0.000443102,0.003262755
154,768,17,0.00365586,0.00039397,0.00326189
154,768,18,0.004257505,0.001003295,0.00325421
154,768,19,0.004419742,0.001109202,0.00331054
154,768,20,0.004396414,0.001111679,0.003284735
154,768,21,0.004424565,0.001030569,0.003393996
154,768,22,0.004421713,0.000997418,0.003424295
154,768,23,0.004535738,0.001036739,0.003498999
154,768,24,0.004694831,0.001028292,0.003666539
154,768,25,0.004296707,0.000690916,0.003605791
154,768,26,0.004859753,0.001241087,0.003618666
154,768,27,0.004521396,0.000848616,0.00367278
154,768,28,0.004687298,0.001039022,0.003648276
154,768,29,0.004707351,0.000975276,0.003732075
154,768,30,0.004550673,0.000775551,0.003775122
154,768,31,0.004543389,0.00078241,0.003760979
154,768,32,0.004905406,0.001002007,0.003903399
154,768,33,0.004547553,0.000672616,0.003874937
154,768,34,0.004776575,0.00087875,0.003897825
154,768,35,0.004551653,0.000693304,0.003858349
154,768,36,0.004678705,0.000789799,0.003888906
154,768,37,0.004609822,0.00074826,0.003861562
154,768,38,0.004704587,0.0007728,0.003931787
154,768,39,0.004465485,0.000645787,0.003819698
154,768,40,0.004764865,0.000779247,0.003985618
154,768,41,0.004542393,0.00061097,0.003931423
154,768,42,0.004520586,0.00061137,0.003909216
154,768,43,0.004636497,0.000687245,0.003949252
154,768,44,0.004474316,0.00058743,0.003886886
154,768,45,0.004617426,0.00071163,0.003905796
154,768,46,0.004515342,0.000612584,0.003902758
154,768,47,0.004442661,0.00059605,0.003846611
154,768,48,0.004500543,0.000584989,0.003915554
154,768,49,0.004548851,0.00068738,0.003861471
154,768,50,0.004451587,0.000582109,0.003869478
154,768,51,0.004555819,0.000679499,0.00387632
154,768,52,0.00454562,0.00059527,0.00395035
154,768,53,0.004455244,0.000581598,0.003873646
154,768,54,0.004519877,0.000592863,0.003927014
154,768,55,0.004495124,0.000651656,0.003843468
154,768,56,0.004611965,0.000678429,0.003933536
154,768,57,0.004417432,0.000588651,0.003828781
154,768,58,0.004718541,0.000775679,0.003942862
154,768,59,0.004468505,0.000585762,0.003882743
154,768,60,0.004498753,0.000581322,0.003917431
154,768,61,0.005470021,0.001729427,0.003740594
154,768,62,0.00503544,0.001194171,0.003841269
154,768,63,0.004434755,0.000625517,0.003809238
154,768,64,0.004486433,0.000608593,0.00387784
154,768,65,0.004391714,0.000582006,0.003809708
154,768,66,0.004419233,0.00058365,0.003835583
154,768,67,0.004222961,0.000566414,0.003656547
154,768,68,0.004315335,0.000612873,0.003702462
154,768,69,0.004568235,0.000881051,0.003687184
154,768,70,0.005026241,0.001358603,0.003667638
154,768,71,0.007348317,0.003841152,0.003507165
154,768,72,0.005290649,0.001699602,0.003591047
154,768,73,0.004710593,0.001160854,0.003549739
154,768,74,0.006141515,0.002594561,0.003546954
154,768,75,0.004857021,0.001303992,0.003553029
154,768,76,0.004813748,0.001193875,0.003619873
154,768,77,0.00409254,0.00049567,0.00359687
154,768,78,0.003996474,0.000479652,0.003516822
154,768,79,0.004445007,0.00091609,0.003528917
154,768,80,0.004545691,0.001130193,0.003415498
154,768,81,0.005082188,0.001769169,0.003313019
154,768,82,0.005676002,0.002290283,0.003385719
154,768,83,0.005215222,0.001625282,0.00358994
154,768,84,0.004602431,0.001049013,0.003553418
154,768,85,0.004541085,0.001046134,0.003494951
154,768,86,0.006719301,0.003214496,0.003504805
154,768,87,0.004950414,0.001393184,0.00355723
154,768,88,0.004631466,0.00100947,0.003621996
154,768,89,0.004560426,0.001039749,0.003520677
154,768,90,0.004323713,0.000798838,0.003524875
154,768,91,0.004044647,0.000549074,0.003495573
154,768,92,0.003808003,0.000444169,0.003363834
154,768,93,0.007522692,0.004278568,0.003244124
154,768,94,0.006174664,0.0029382,0.003236464
154,768,95,0.00578909,0.002407612,0.003381478
154,768,96,0.004149931,0.000840029,0.003309902
154,768,97,0.006505977,0.0032502,0.003255777
154,768,98,0.005277227,0.001698635,0.003578592
154,768,99,0.007183378,0.003693714,0.003489664
154,768,100,0.004794551,0.001174707,0.003619844
154,768,101,0.005704359,0.002146073,0.003558286
154,768,102,0.004197405,0.000586938,0.003610467
154,768,103,0.00418937,0.000503628,0.003685742
154,768,104,0.004444347,0.000697437,0.00374691
154,768,105,0.00454706,0.000736108,0.003810952
154,768,106,0.00443528,0.000705392,0.003729888
154,768,107,0.005888246,0.002220176,0.00366807
154,768,108,0.007161007,0.003437892,0.003723115
154,768,109,0.004507542,0.000971647,0.003535895
154,768,110,0.005848871,0.002521099,0.003327772
155,768,1,0.750643937,0.627020244,0.123623693
155,768,2,0.165038121,0.162011293,0.003026828
155,768,3,0.003619321,0.000514804,0.003104517
155,768,4,0.003535003,0.000376952,0.003158051
155,768,5,0.003526786,0.000368976,0.00315781
155,768,6,0.003586412,0.000373313,0.003213099
155,768,7,0.0036885,0.000371734,0.003316766
155,768,8,0.003768872,0.00040915,0.003359722
155,768,9,0.003880674,0.000379632,0.003501042
155,768,10,0.003966392,0.00038379,0.003582602
155,768,11,0.003966203,0.000410473,0.00355573
155,768,12,0.004007333,0.000422725,0.003584608
155,768,13,0.004019593,0.00043766,0.003581933
155,768,14,0.003910092,0.000436703,0.003473389
155,768,15,0.003809969,0.000409086,0.003400883
155,768,16,0.00372711,0.000404382,0.003322728
155,768,17,0.003673971,0.000402553,0.003271418
155,768,18,0.004302723,0.001025686,0.003277037
155,768,19,0.004291341,0.001009275,0.003282066
155,768,20,0.00446243,0.001114745,0.003347685
155,768,21,0.004323145,0.001013644,0.003309501
155,768,22,0.004620746,0.001223817,0.003396929
155,768,23,0.004519246,0.000950794,0.003568452
155,768,24,0.004678287,0.000969327,0.00370896
155,768,25,0.004472204,0.000737337,0.003734867
155,768,26,0.004478359,0.000837985,0.003640374
155,768,27,0.004508262,0.00073561,0.003772652
155,768,28,0.004372809,0.000641666,0.003731143
155,768,29,0.004509265,0.000709283,0.003799982
155,768,30,0.004464443,0.00072717,0.003737273
155,768,31,0.004540701,0.00074611,0.003794591
155,768,32,0.004609911,0.000836541,0.00377337
155,768,33,0.00481727,0.000926884,0.003890386
155,768,34,0.00453844,0.000618257,0.003920183
155,768,35,0.004793234,0.000918145,0.003875089
155,768,36,0.004571821,0.000614869,0.003956952
155,768,37,0.004737851,0.000758245,0.003979606
155,768,38,0.004492678,0.000665328,0.00382735
155,768,39,0.004770128,0.000845656,0.003924472
155,768,40,0.004468534,0.000581354,0.00388718
155,768,41,0.004701141,0.000798921,0.00390222
155,768,42,0.004579114,0.000668563,0.003910551
155,768,43,0.004528143,0.000626069,0.003902074
155,768,44,0.004661074,0.0007365,0.003924574
155,768,45,0.004528299,0.00058169,0.003946609
155,768,46,0.004456456,0.00057167,0.003884786
155,768,47,0.004591289,0.000668599,0.00392269
155,768,48,0.004513036,0.000566591,0.003946445
155,768,49,0.004527875,0.000573907,0.003953968
155,768,50,0.004476612,0.000577091,0.003899521
155,768,51,0.004543997,0.000554356,0.003989641
155,768,52,0.004475565,0.000561191,0.003914374
155,768,53,0.004554387,0.000568348,0.003986039
155,768,54,0.004490587,0.000558107,0.00393248
155,768,55,0.004535397,0.000550309,0.003985088
155,768,56,0.004489432,0.000583355,0.003906077
155,768,57,0.004656991,0.000638709,0.004018282
155,768,58,0.004592801,0.000571614,0.004021187
155,768,59,0.004562603,0.000574994,0.003987609
155,768,60,0.004913447,0.000994872,0.003918575
155,768,61,0.004924014,0.000939101,0.003984913
155,768,62,0.00460626,0.000608898,0.003997362
155,768,63,0.004833569,0.000969152,0.003864417
155,768,64,0.004522893,0.000566842,0.003956051
155,768,65,0.004542984,0.000541157,0.004001827
155,768,66,0.004472653,0.000544954,0.003927699
155,768,67,0.004266469,0.000534808,0.003731661
155,768,68,0.004299049,0.000477599,0.00382145
155,768,69,0.005943823,0.002417423,0.0035264
155,768,70,0.007288564,0.00367888,0.003609684
155,768,71,0.005371187,0.001688234,0.003682953
155,768,72,0.004725644,0.001040219,0.003685425
155,768,73,0.006185074,0.002599315,0.003585759
155,768,74,0.004695316,0.00122369,0.003471626
155,768,75,0.004651107,0.001040948,0.003610159
155,768,76,0.004196191,0.000610171,0.00358602
155,768,77,0.004130394,0.000607488,0.003522906
155,768,78,0.003960354,0.000513216,0.003447138
155,768,79,0.004535907,0.000966881,0.003569026
155,768,80,0.005773657,0.002396148,0.003377509
155,768,81,0.005341521,0.001938087,0.003403434
155,768,82,0.004914988,0.001395001,0.003519987
155,768,83,0.004898404,0.00120202,0.003696384
155,768,84,0.004289785,0.000754435,0.00353535
155,768,85,0.004590345,0.001022892,0.003567453
155,768,86,0.004200862,0.000663054,0.003537808
155,768,87,0.006409978,0.002821303,0.003588675
155,768,88,0.005048424,0.001432766,0.003615658
155,768,89,0.004647679,0.00098964,0.003658039
155,768,90,0.00441065,0.000822322,0.003588328
155,768,91,0.004196211,0.000640311,0.0035559
155,768,92,0.005993012,0.002714472,0.00327854
155,768,93,0.007667624,0.004420398,0.003247226
155,768,94,0.005406255,0.002124045,0.00328221
155,768,95,0.004711634,0.001201109,0.003510525
155,768,96,0.006262548,0.002961172,0.003301376
155,768,97,0.004530693,0.001189424,0.003341269
155,768,98,0.004899961,0.001352861,0.0035471
155,768,99,0.00442273,0.000893359,0.003529371
155,768,100,0.009232713,0.00569695,0.003535763
155,768,101,0.004103826,0.000531311,0.003572515
155,768,102,0.004042248,0.000447081,0.003595167
155,768,103,0.004297964,0.00064818,0.003649784
155,768,104,0.00440739,0.000686508,0.003720882
155,768,105,0.004714848,0.00089719,0.003817658
155,768,106,0.005467469,0.001719689,0.00374778
155,768,107,0.007556752,0.0040693,0.003487452
155,768,108,0.004855037,0.001171557,0.00368348
155,768,109,0.003976449,0.000457324,0.003519125
155,768,110,0.003784115,0.000388188,0.003395927
156,768,1,0.757150339,0.633364904,0.123785435
156,768,2,0.068048652,0.065018584,0.003030068
156,768,3,0.093808148,0.090795273,0.003012875
156,768,4,0.003795343,0.000612731,0.003182612
156,768,5,0.003521447,0.000379106,0.003142341
156,768,6,0.003592799,0.000378354,0.003214445
156,768,7,0.003671042,0.00040085,0.003270192
156,768,8,0.003785627,0.000407493,0.003378134
156,768,9,0.003954071,0.000377082,0.003576989
156,768,10,0.003921015,0.000396872,0.003524143
156,768,11,0.003980333,0.000420393,0.00355994
156,768,12,0.003949782,0.00042459,0.003525192
156,768,13,0.004040624,0.000461016,0.003579608
156,768,14,0.003860718,0.000440377,0.003420341
156,768,15,0.003815567,0.000422134,0.003393433
156,768,16,0.003742058,0.000413006,0.003329052
156,768,17,0.003676131,0.000413343,0.003262788
156,768,18,0.004108101,0.000841571,0.00326653
156,768,19,0.004511638,0.001197,0.003314638
156,768,20,0.004440927,0.001113135,0.003327792
156,768,21,0.004540723,0.001119819,0.003420904
156,768,22,0.004427046,0.001045079,0.003381967
156,768,23,0.004620188,0.001066728,0.00355346
156,768,24,0.00461221,0.000976323,0.003635887
156,768,25,0.004484651,0.00075703,0.003727621
156,768,26,0.00437807,0.000732608,0.003645462
156,768,27,0.004612972,0.000851568,0.003761404
156,768,28,0.004493354,0.000758981,0.003734373
156,768,29,0.004725994,0.000984788,0.003741206
156,768,30,0.004327939,0.000595021,0.003732918
156,768,31,0.004652897,0.000807653,0.003845244
156,768,32,0.004518628,0.000693579,0.003825049
156,768,33,0.004640895,0.000640887,0.004000008
156,768,34,0.004531968,0.000573328,0.00395864
156,768,35,0.004564061,0.000587481,0.00397658
156,768,36,0.004474163,0.000570275,0.003903888
156,768,37,0.004691289,0.000629062,0.004062227
156,768,38,0.004543871,0.000615421,0.00392845
156,768,39,0.004645072,0.000632003,0.004013069
156,768,40,0.004672016,0.00070081,0.003971206
156,768,41,0.0046668,0.000616884,0.004049916
156,768,42,0.004498409,0.000594043,0.003904366
156,768,43,0.004688133,0.000605624,0.004082509
156,768,44,0.004507956,0.000602113,0.003905843
156,768,45,0.004556876,0.000607782,0.003949094
156,768,46,0.004551526,0.000611151,0.003940375
156,768,47,0.004450369,0.000611746,0.003838623
156,768,48,0.004554812,0.000595784,0.003959028
156,768,49,0.004531268,0.000593455,0.003937813
156,768,50,0.004530685,0.000565585,0.0039651
156,768,51,0.004520735,0.000615299,0.003905436
156,768,52,0.004592932,0.000602903,0.003990029
156,768,53,0.004561244,0.000589588,0.003971656
156,768,54,0.004554896,0.000570247,0.003984649
156,768,55,0.004541458,0.000567488,0.00397397
156,768,56,0.004535298,0.00059468,0.003940618
156,768,57,0.004539009,0.000557958,0.003981051
156,768,58,0.004450925,0.000586093,0.003864832
156,768,59,0.004541751,0.000578478,0.003963273
156,768,60,0.004478805,0.000612221,0.003866584
156,768,61,0.00488729,0.001017204,0.003870086
156,768,62,0.004923197,0.001053497,0.0038697
156,768,63,0.004635973,0.00074937,0.003886603
156,768,64,0.004729636,0.000916787,0.003812849
156,768,65,0.004626094,0.000742669,0.003883425
156,768,66,0.004512218,0.000651532,0.003860686
156,768,67,0.004246834,0.000555043,0.003691791
156,768,68,0.006996026,0.003574716,0.00342131
156,768,69,0.00689009,0.003237864,0.003652226
156,768,70,0.005402076,0.001652064,0.003750012
156,768,71,0.004883347,0.001015698,0.003867649
156,768,72,0.006304566,0.002769548,0.003535018
156,768,73,0.004719635,0.001148116,0.003571519
156,768,74,0.004349079,0.000813709,0.00353537
156,768,75,0.004204659,0.000614019,0.00359064
156,768,76,0.004378823,0.000812906,0.003565917
156,768,77,0.004163529,0.000601596,0.003561933
156,768,78,0.00400478,0.000485876,0.003518904
156,768,79,0.005382095,0.001982534,0.003399561
156,768,80,0.005899174,0.002519357,0.003379817
156,768,81,0.004725975,0.001139021,0.003586954
156,768,82,0.004322576,0.00073636,0.003586216
156,768,83,0.004916498,0.001182953,0.003733545
156,768,84,0.004457939,0.000872498,0.003585441
156,768,85,0.00456087,0.001001067,0.003559803
156,768,86,0.0043809,0.000881552,0.003499348
156,768,87,0.006553078,0.003048344,0.003504734
156,768,88,0.004691006,0.001194277,0.003496729
156,768,89,0.004826436,0.001231839,0.003594597
156,768,90,0.004349037,0.000822641,0.003526396
156,768,91,0.006118432,0.002792224,0.003326208
156,768,92,0.005096188,0.001683468,0.00341272
156,768,93,0.00437592,0.000954682,0.003421238
156,768,94,0.006427259,0.003152997,0.003274262
156,768,95,0.008001885,0.004700982,0.003300903
156,768,96,0.004292034,0.000929258,0.003362776
156,768,97,0.004459194,0.001149677,0.003309517
156,768,98,0.004678584,0.001143699,0.003534885
156,768,99,0.004532177,0.00098768,0.003544497
156,768,100,0.004162263,0.000645932,0.003516331
156,768,101,0.008446497,0.004898671,0.003547826
156,768,102,0.004262357,0.000655347,0.00360701
156,768,103,0.004286665,0.000594106,0.003692559
156,768,104,0.004377157,0.000592785,0.003784372
156,768,105,0.006584351,0.002840372,0.003743979
156,768,106,0.004182951,0.000487152,0.003695799
156,768,107,0.004247475,0.000538726,0.003708749
156,768,108,0.006946044,0.003191286,0.003754758
156,768,109,0.004533058,0.000989921,0.003543137
156,768,110,0.00387867,0.000492725,0.003385945
157,768,1,0.748717078,0.625596009,0.123121069
157,768,2,0.063743878,0.060686819,0.003057059
157,768,3,0.015856234,0.012806722,0.003049512
157,768,4,0.093874512,0.090797009,0.003077503
157,768,5,0.003891083,0.00070172,0.003189363
157,768,6,0.00376532,0.000388573,0.003376747
157,768,7,0.003722937,0.000410167,0.00331277
157,768,8,0.003827163,0.000427485,0.003399678
157,768,9,0.003939065,0.000375451,0.003563614
157,768,10,0.00396113,0.000381804,0.003579326
157,768,11,0.003987303,0.000410574,0.003576729
157,768,12,0.004015643,0.000426459,0.003589184
157,768,13,0.003955989,0.000426232,0.003529757
157,768,14,0.003893536,0.000424297,0.003469239
157,768,15,0.003825846,0.000408166,0.00341768
157,768,16,0.003794691,0.000401047,0.003393644
157,768,17,0.003774499,0.000452978,0.003321521
157,768,18,0.004280069,0.001003655,0.003276414
157,768,19,0.004327014,0.001123924,0.00320309
157,768,20,0.004692487,0.001348002,0.003344485
157,768,21,0.004303978,0.001003919,0.003300059
157,768,22,0.00457998,0.001116677,0.003463303
157,768,23,0.004472206,0.00104143,0.003430776
157,768,24,0.004722622,0.00101507,0.003707552
157,768,25,0.004348568,0.000714293,0.003634275
157,768,26,0.004765528,0.000965744,0.003799784
157,768,27,0.004319065,0.000643292,0.003675773
157,768,28,0.004645371,0.000886702,0.003758669
157,768,29,0.004495021,0.000745535,0.003749486
157,768,30,0.004536213,0.000772358,0.003763855
157,768,31,0.004375287,0.000667325,0.003707962
157,768,32,0.004725626,0.000847434,0.003878192
157,768,33,0.004404467,0.000544774,0.003859693
157,768,34,0.004609429,0.000607274,0.004002155
157,768,35,0.004414596,0.000529389,0.003885207
157,768,36,0.00465043,0.000556346,0.004094084
157,768,37,0.004470044,0.000605663,0.003864381
157,768,38,0.004512996,0.000591708,0.003921288
157,768,39,0.004525071,0.000612844,0.003912227
157,768,40,0.00451027,0.000613924,0.003896346
157,768,41,0.004483397,0.000604712,0.003878685
157,768,42,0.004577202,0.000683317,0.003893885
157,768,43,0.004538996,0.00062152,0.003917476
157,768,44,0.004653785,0.000712318,0.003941467
157,768,45,0.004568775,0.000623448,0.003945327
157,768,46,0.004506947,0.000642308,0.003864639
157,768,47,0.004631283,0.00062032,0.004010963
157,768,48,0.004530148,0.0005889,0.003941248
157,768,49,0.004517416,0.000612894,0.003904522
157,768,50,0.004541809,0.000586452,0.003955357
157,768,51,0.004507467,0.000632348,0.003875119
157,768,52,0.004584273,0.000593658,0.003990615
157,768,53,0.004492967,0.000579337,0.00391363
157,768,54,0.00452383,0.000589595,0.003934235
157,768,55,0.00461644,0.000617009,0.003999431
157,768,56,0.004594068,0.000592135,0.004001933
157,768,57,0.004564717,0.000595031,0.003969686
157,768,58,0.004484019,0.00058066,0.003903359
157,768,59,0.00464454,0.000742606,0.003901934
157,768,60,0.004506437,0.000580456,0.003925981
157,768,61,0.004456454,0.000561408,0.003895046
157,768,62,0.004500915,0.000637215,0.0038637
157,768,63,0.004813165,0.000959638,0.003853527
157,768,64,0.00465092,0.00079644,0.00385448
157,768,65,0.00489639,0.001120627,0.003775763
157,768,66,0.004459174,0.000717546,0.003741628
157,768,67,0.008228466,0.004731415,0.003497051
157,768,68,0.006588324,0.00304024,0.003548084
157,768,69,0.00467841,0.001164609,0.003513801
157,768,70,0.005197719,0.001422989,0.00377473
157,768,71,0.004552449,0.000753232,0.003799217
157,768,72,0.004316344,0.000569362,0.003746982
157,768,73,0.005523633,0.001932392,0.003591241
157,768,74,0.004815563,0.001313234,0.003502329
157,768,75,0.004612384,0.000939495,0.003672889
157,768,76,0.004278863,0.000633387,0.003645476
157,768,77,0.004083451,0.000593511,0.00348994
157,768,78,0.005799243,0.002384179,0.003415064
157,768,79,0.005771005,0.002263177,0.003507828
157,768,80,0.004665631,0.001090878,0.003574753
157,768,81,0.004168045,0.000624134,0.003543911
157,768,82,0.004711021,0.001067983,0.003643038
157,768,83,0.00486956,0.001210006,0.003659554
157,768,84,0.004342825,0.000706706,0.003636119
157,768,85,0.004788694,0.001121399,0.003667295
157,768,86,0.006177826,0.002810028,0.003367798
157,768,87,0.005015821,0.001305231,0.00371059
157,768,88,0.004253828,0.000708506,0.003545322
157,768,89,0.004755716,0.001216783,0.003538933
157,768,90,0.006511313,0.003047619,0.003463694
157,768,91,0.004510834,0.001150373,0.003360461
157,768,92,0.004717744,0.001283786,0.003433958
157,768,93,0.006436335,0.003207637,0.003228698
157,768,94,0.005051569,0.001680573,0.003370996
157,768,95,0.004246127,0.000777092,0.003469035
157,768,96,0.00626802,0.002973218,0.003294802
157,768,97,0.004622332,0.00125105,0.003371282
157,768,98,0.005006172,0.001398741,0.003607431
157,768,99,0.004249058,0.000686732,0.003562326
157,768,100,0.004130378,0.000587047,0.003543331
157,768,101,0.004266574,0.000673539,0.003593035
157,768,102,0.008250928,0.004630933,0.003619995
157,768,103,0.004543583,0.000860628,0.003682955
157,768,104,0.00471013,0.000912038,0.003798092
157,768,105,0.004531763,0.000623347,0.003908416
157,768,106,0.005988593,0.002168103,0.00382049
157,768,107,0.004256373,0.000471632,0.003784741
157,768,108,0.006751405,0.002888601,0.003862804
157,768,109,0.004753532,0.001197805,0.003555727
157,768,110,0.003787963,0.000379331,0.003408632
158,768,1,0.74864534,0.625301166,0.123344174
158,768,2,0.076361632,0.073319325,0.003042307
158,768,3,0.003737268,0.000543324,0.003193944
158,768,4,0.003570662,0.000422317,0.003148345
158,768,5,0.093207533,0.090122262,0.003085271
158,768,6,0.003944497,0.000740011,0.003204486
158,768,7,0.003897287,0.00062695,0.003270337
158,768,8,0.003810291,0.000414146,0.003396145
158,768,9,0.003933626,0.000369749,0.003563877
158,768,10,0.004007668,0.00040926,0.003598408
158,768,11,0.004056545,0.000431021,0.003625524
158,768,12,0.004035519,0.000441653,0.003593866
158,768,13,0.004085969,0.000463115,0.003622854
158,768,14,0.003900442,0.000446978,0.003453464
158,768,15,0.003809088,0.000417714,0.003391374
158,768,16,0.003719958,0.000406623,0.003313335
158,768,17,0.003683845,0.000405253,0.003278592
158,768,18,0.004190903,0.000892361,0.003298542
158,768,19,0.004348656,0.001015397,0.003333259
158,768,20,0.004383828,0.001018108,0.00336572
158,768,21,0.004601101,0.001203617,0.003397484
158,768,22,0.00445868,0.001022704,0.003435976
158,768,23,0.004586093,0.001018594,0.003567499
158,768,24,0.004654801,0.00096774,0.003687061
158,768,25,0.004418531,0.000733257,0.003685274
158,768,26,0.004481626,0.000824642,0.003656984
158,768,27,0.004548735,0.000827658,0.003721077
158,768,28,0.004576861,0.000843466,0.003733395
158,768,29,0.004549903,0.000743311,0.003806592
158,768,30,0.004419748,0.00067684,0.003742908
158,768,31,0.00463462,0.000789212,0.003845408
158,768,32,0.004519128,0.000679151,0.003839977
158,768,33,0.004612878,0.000694146,0.003918732
158,768,34,0.004580668,0.000644933,0.003935735
158,768,35,0.004593714,0.000644942,0.003948772
158,768,36,0.004555584,0.000656375,0.003899209
158,768,37,0.004606063,0.000693357,0.003912706
158,768,38,0.004561932,0.000685446,0.003876486
158,768,39,0.004527014,0.000619199,0.003907815
158,768,40,0.004631418,0.000708589,0.003922829
158,768,41,0.004574893,0.000601159,0.003973734
158,768,42,0.004540328,0.00061933,0.003920998
158,768,43,0.004550032,0.000606954,0.003943078
158,768,44,0.004484961,0.000632775,0.003852186
158,768,45,0.004619481,0.00069161,0.003927871
158,768,46,0.004526949,0.000614322,0.003912627
158,768,47,0.004593549,0.000684726,0.003908823
158,768,48,0.004581266,0.000591176,0.00399009
158,768,49,0.004555728,0.000575808,0.00397992
158,768,50,0.004539563,0.000564446,0.003975117
158,768,51,0.004521879,0.000591415,0.003930464
158,768,52,0.00457654,0.000584239,0.003992301
158,768,53,0.004547618,0.000570987,0.003976631
158,768,54,0.004503303,0.000564423,0.00393888
158,768,55,0.004589568,0.000581036,0.004008532
158,768,56,0.004514029,0.000572737,0.003941292
158,768,57,0.004579677,0.000592603,0.003987074
158,768,58,0.00451138,0.000580564,0.003930816
158,768,59,0.004611339,0.000579661,0.004031678
158,768,60,0.004564691,0.000598959,0.003965732
158,768,61,0.004518348,0.000581579,0.003936769
158,768,62,0.004591189,0.00060004,0.003991149
158,768,63,0.004571608,0.000592909,0.003978699
158,768,64,0.005493764,0.001508877,0.003984887
158,768,65,0.004407773,0.000540948,0.003866825
158,768,66,0.006289221,0.002630305,0.003658916
158,768,67,0.004574064,0.000978613,0.003595451
158,768,68,0.005066938,0.001571355,0.003495583
158,768,69,0.006791546,0.00315783,0.003633716
158,768,70,0.005444914,0.001746706,0.003698208
158,768,71,0.004866886,0.00106276,0.003804126
158,768,72,0.004342335,0.000558688,0.003783647
158,768,73,0.004181022,0.00047704,0.003703982
158,768,74,0.005207661,0.001702777,0.003504884
158,768,75,0.005084418,0.001538954,0.003545464
158,768,76,0.004804383,0.001186078,0.003618305
158,768,77,0.005816974,0.002400498,0.003416476
158,768,78,0.005958384,0.002444361,0.003514023
158,768,79,0.004688023,0.00121007,0.003477953
158,768,80,0.004137469,0.000617399,0.00352007
158,768,81,0.004376835,0.000893576,0.003483259
158,768,82,0.004604582,0.001141093,0.003463489
158,768,83,0.004742325,0.001119332,0.003622993
158,768,84,0.004642767,0.001158787,0.00348398
158,768,85,0.006953818,0.003506873,0.003446945
158,768,86,0.004261842,0.00077132,0.003490522
158,768,87,0.004723502,0.001138002,0.0035855
158,768,88,0.004139137,0.000616852,0.003522285
158,768,89,0.004635355,0.00108256,0.003552795
158,768,90,0.004385189,0.000872435,0.003512754
158,768,91,0.005515502,0.002153699,0.003361803
158,768,92,0.008567147,0.005320148,0.003246999
158,768,93,0.00443022,0.001260816,0.003169404
158,768,94,0.004330428,0.001060391,0.003270037
158,768,95,0.004388311,0.000867422,0.003520889
158,768,96,0.003827889,0.000498044,0.003329845
158,768,97,0.00627063,0.002951326,0.003319304
158,768,98,0.005200369,0.001595671,0.003604698
158,768,99,0.004298443,0.000738289,0.003560154
158,768,100,0.004318917,0.000781013,0.003537904
158,768,101,0.004203486,0.000578675,0.003624811
158,768,102,0.004196222,0.000598877,0.003597345
158,768,103,0.008303196,0.004632036,0.00367116
158,768,104,0.004728215,0.000887731,0.003840484
158,768,105,0.005268103,0.001368588,0.003899515
158,768,106,0.00491768,0.0011256,0.00379208
158,768,107,0.004552341,0.000838711,0.00371363
158,768,108,0.006568127,0.002821408,0.003746719
158,768,109,0.004571519,0.001011467,0.003560052
158,768,110,0.00430294,0.000906342,0.003396598
159,768,1,0.621392122,0.495418107,0.125974015
159,768,2,0.130388319,0.127352782,0.003035537
159,768,3,0.076311187,0.073274496,0.003036691
159,768,4,0.003880111,0.000746108,0.003134003
159,768,5,0.003522171,0.000354874,0.003167297
159,768,6,0.093130974,0.090043888,0.003087086
159,768,7,0.004192385,0.000874767,0.003317618
159,768,8,0.004039249,0.000622452,0.003416797
159,768,9,0.003847189,0.00036225,0.003484939
159,768,10,0.00395499,0.000438072,0.003516918
159,768,11,0.004163869,0.000535145,0.003628724
159,768,12,0.004009163,0.000430407,0.003578756
159,768,13,0.004050906,0.000438028,0.003612878
159,768,14,0.00386198,0.000419456,0.003442524
159,768,15,0.003876564,0.000513427,0.003363137
159,768,16,0.00368066,0.000403488,0.003277172
159,768,17,0.003795746,0.000531383,0.003264363
159,768,18,0.004086632,0.000812726,0.003273906
159,768,19,0.004403676,0.001089048,0.003314628
159,768,20,0.004408024,0.001021161,0.003386863
159,768,21,0.004292059,0.0009137,0.003378359
159,768,22,0.004694492,0.00122189,0.003472602
159,768,23,0.004416022,0.000894201,0.003521821
159,768,24,0.004632348,0.000929279,0.003703069
159,768,25,0.004545141,0.000849437,0.003695704
159,768,26,0.004470241,0.000740022,0.003730219
159,768,27,0.004453927,0.000760281,0.003693646
159,768,28,0.004653228,0.000851493,0.003801735
159,768,29,0.004547895,0.000790141,0.003757754
159,768,30,0.004486574,0.000690809,0.003795765
159,768,31,0.00450664,0.000703869,0.003802771
159,768,32,0.004614199,0.000782448,0.003831751
159,768,33,0.004484146,0.000627684,0.003856462
159,768,34,0.004719143,0.000776769,0.003942374
159,768,35,0.004511448,0.000542862,0.003968586
159,768,36,0.004529154,0.000633447,0.003895707
159,768,37,0.004647276,0.000729071,0.003918205
159,768,38,0.004460134,0.000631661,0.003828473
159,768,39,0.004674749,0.000753375,0.003921374
159,768,40,0.004606028,0.000636755,0.003969273
159,768,41,0.004595257,0.000668497,0.00392676
159,768,42,0.004476827,0.0006218,0.003855027
159,768,43,0.004521872,0.000619234,0.003902638
159,768,44,0.004578474,0.000696633,0.003881841
159,768,45,0.004447357,0.000591267,0.00385609
159,768,46,0.004666683,0.000778424,0.003888259
159,768,47,0.00450559,0.00058768,0.00391791
159,768,48,0.004614031,0.000701375,0.003912656
159,768,49,0.004620564,0.000665089,0.003955475
159,768,50,0.004498998,0.000583426,0.003915572
159,768,51,0.004532545,0.000574937,0.003957608
159,768,52,0.004542554,0.000591665,0.003950889
159,768,53,0.004613309,0.000657783,0.003955526
159,768,54,0.004609508,0.000576412,0.004033096
159,768,55,0.004546821,0.000584417,0.003962404
159,768,56,0.004475382,0.000549231,0.003926151
159,768,57,0.004520603,0.000588625,0.003931978
159,768,58,0.004556446,0.000613914,0.003942532
159,768,59,0.004588792,0.000558866,0.004029926
159,768,60,0.004527518,0.000565785,0.003961733
159,768,61,0.004618486,0.000650898,0.003967588
159,768,62,0.004467845,0.000558294,0.003909551
159,768,63,0.004504981,0.000596387,0.003908594
159,768,64,0.004559681,0.000733951,0.00382573
159,768,65,0.008104883,0.004402669,0.003702214
159,768,66,0.004795949,0.001071709,0.00372424
159,768,67,0.004134631,0.00049192,0.003642711
159,768,68,0.004056545,0.000490355,0.00356619
159,768,69,0.004385317,0.000881428,0.003503889
159,768,70,0.006989512,0.003477714,0.003511798
159,768,71,0.005300342,0.001688454,0.003611888
159,768,72,0.004890643,0.001301136,0.003589507
159,768,73,0.004482646,0.000774536,0.00370811
159,768,74,0.004160598,0.000524828,0.00363577
159,768,75,0.005296892,0.001718116,0.003578776
159,768,76,0.00496934,0.001386274,0.003583066
159,768,77,0.004688368,0.00111835,0.003570018
159,768,78,0.005894116,0.002455451,0.003438665
159,768,79,0.005973965,0.002507151,0.003466814
159,768,80,0.004569507,0.001089067,0.00348044
159,768,81,0.00432413,0.000784297,0.003539833
159,768,82,0.004603937,0.001049442,0.003554495
159,768,83,0.005074924,0.001391028,0.003683896
159,768,84,0.007676566,0.004216208,0.003460358
159,768,85,0.004507569,0.00096926,0.003538309
159,768,86,0.003928426,0.000476227,0.003452199
159,768,87,0.004729881,0.001160435,0.003569446
159,768,88,0.003986328,0.000493023,0.003493305
159,768,89,0.004631749,0.001059761,0.003571988
159,768,90,0.00436239,0.000877768,0.003484622
159,768,91,0.003916258,0.000485337,0.003430921
159,768,92,0.005456153,0.002210438,0.003245715
159,768,93,0.0081981,0.004973676,0.003224424
159,768,94,0.004943429,0.001680875,0.003262554
159,768,95,0.004381439,0.000909514,0.003471925
159,768,96,0.003905098,0.000600844,0.003304254
159,768,97,0.004119804,0.000723748,0.003396056
159,768,98,0.006935124,0.003453855,0.003481269
159,768,99,0.004720606,0.00115248,0.003568126
159,768,100,0.004034072,0.000524261,0.003509811
159,768,101,0.004256039,0.000683373,0.003572666
159,768,102,0.004214093,0.000650798,0.003563295
159,768,103,0.004300514,0.000727384,0.00357313
159,768,104,0.00854749,0.004782837,0.003764653
159,768,105,0.004902984,0.001039934,0.00386305
159,768,106,0.004941067,0.001215975,0.003725092
159,768,107,0.008319429,0.004786314,0.003533115
159,768,108,0.004737163,0.000945973,0.00379119
159,768,109,0.003959273,0.000412515,0.003546758
159,768,110,0.003732673,0.000352454,0.003380219
160,768,1,0.626471303,0.500986599,0.125484704
160,768,2,0.110622458,0.107587245,0.003035213
160,768,3,0.003784303,0.0006777,0.003106603
160,768,4,0.003644304,0.00051792,0.003126384
160,768,5,0.022867143,0.019828065,0.003039078
160,768,6,0.004032083,0.000899018,0.003133065
160,768,7,0.003795796,0.000643316,0.00315248
160,768,8,0.003561944,0.000484519,0.003077425
160,768,9,0.025616034,0.022548382,0.003067652
160,768,10,0.004088005,0.001038745,0.00304926
160,768,11,0.003763147,0.000598372,0.003164775
160,768,12,0.003607057,0.000494932,0.003112125
160,768,13,0.003709787,0.00057818,0.003131607
160,768,14,0.003502174,0.000403774,0.0030984
160,768,15,0.003597671,0.000484317,0.003113354
160,768,16,0.027501549,0.024460379,0.00304117
160,768,17,0.004562038,0.001471599,0.003090439
160,768,18,0.004889424,0.00170224,0.003187184
160,768,19,0.004562514,0.001232141,0.003330373
160,768,20,0.004648282,0.001117418,0.003530864
160,768,21,0.004206294,0.000626625,0.003579669
160,768,22,0.00406734,0.000584158,0.003483182
160,768,23,0.004035263,0.000508994,0.003526269
160,768,24,0.004219176,0.000746959,0.003472217
160,768,25,0.004119695,0.000706963,0.003412732
160,768,26,0.004153932,0.000802421,0.003351511
160,768,27,0.017511208,0.014276204,0.003235004
160,768,28,0.021246957,0.017738022,0.003508935
160,768,29,0.00571217,0.002234368,0.003477802
160,768,30,0.00552777,0.001984988,0.003542782
160,768,31,0.006010122,0.002275121,0.003735001
160,768,32,0.005710594,0.002148009,0.003562585
160,768,33,0.005245253,0.001626991,0.003618262
160,768,34,0.00524045,0.001603101,0.003637349
160,768,35,0.00513197,0.001364865,0.003767105
160,768,36,0.005465617,0.001680481,0.003785136
160,768,37,0.004746386,0.000926544,0.003819842
160,768,38,0.005099911,0.001283226,0.003816685
160,768,39,0.004709411,0.000861417,0.003847994
160,768,40,0.004817581,0.000963298,0.003854283
160,768,41,0.004485748,0.000664099,0.003821649
160,768,42,0.004921199,0.001084725,0.003836474
160,768,43,0.004607314,0.000721926,0.003885388
160,768,44,0.004592577,0.000750838,0.003841739
160,768,45,0.004598719,0.000756186,0.003842533
160,768,46,0.004756964,0.000898015,0.003858949
160,768,47,0.004368337,0.000565999,0.003802338
160,768,48,0.004878399,0.001133259,0.00374514
160,768,49,0.004923956,0.001166147,0.003757809
160,768,50,0.004777893,0.000940825,0.003837068
160,768,51,0.004431957,0.000655727,0.00377623
160,768,52,0.004789273,0.001072785,0.003716488
160,768,53,0.004787325,0.000977681,0.003809644
160,768,54,0.004882125,0.001047123,0.003835002
160,768,55,0.004466817,0.000663397,0.00380342
160,768,56,0.004860806,0.001109654,0.003751152
160,768,57,0.004744249,0.000914772,0.003829477
160,768,58,0.004803929,0.000883734,0.003920195
160,768,59,0.004640941,0.000787635,0.003853306
160,768,60,0.004890916,0.000941711,0.003949205
160,768,61,0.004455552,0.000576645,0.003878907
160,768,62,0.004641925,0.000859126,0.003782799
160,768,63,0.004593801,0.000769207,0.003824594
160,768,64,0.004974611,0.001189862,0.003784749
160,768,65,0.004682876,0.000845809,0.003837067
160,768,66,0.004424278,0.000757521,0.003666757
160,768,67,0.00485524,0.00105209,0.00380315
160,768,68,0.004526802,0.000775119,0.003751683
160,768,69,0.004146411,0.000537275,0.003609136
160,768,70,0.004418696,0.000862176,0.00355652
160,768,71,0.004224606,0.000652647,0.003571959
160,768,72,0.004251629,0.000776965,0.003474664
160,768,73,0.004495317,0.00098721,0.003508107
160,768,74,0.004476381,0.000848519,0.003627862
160,768,75,0.004370713,0.000753969,0.003616744
160,768,76,0.004429396,0.000786995,0.003642401
160,768,77,0.0041734,0.00063262,0.00354078
160,768,78,0.004525134,0.00091644,0.003608694
160,768,79,0.005870483,0.002335221,0.003535262
160,768,80,0.004765286,0.00126607,0.003499216
160,768,81,0.004753845,0.001248129,0.003505716
160,768,82,0.004580504,0.001056212,0.003524292
160,768,83,0.006160949,0.002822424,0.003338525
160,768,84,0.005998012,0.002601611,0.003396401
160,768,85,0.005066567,0.001408308,0.003658259
160,768,86,0.00471202,0.001163927,0.003548093
160,768,87,0.0046034,0.001018848,0.003584552
160,768,88,0.004562381,0.000988997,0.003573384
160,768,89,0.0043303,0.000877761,0.003452539
160,768,90,0.00449846,0.000890969,0.003607491
160,768,91,0.004180425,0.000675635,0.00350479
160,768,92,0.004341181,0.000795789,0.003545392
160,768,93,0.004540611,0.001046976,0.003493635
160,768,94,0.004612542,0.001196823,0.003415719
160,768,95,0.005400903,0.002070586,0.003330317
160,768,96,0.004193892,0.000850053,0.003343839
160,768,97,0.006973518,0.003705268,0.00326825
160,768,98,0.004719091,0.001212086,0.003507005
160,768,99,0.006870103,0.003586821,0.003283282
160,768,100,0.004520859,0.001150395,0.003370464
160,768,101,0.005256877,0.00168392,0.003572957
160,768,102,0.004239003,0.000699225,0.003539778
160,768,103,0.004029308,0.00052902,0.003500288
160,768,104,0.006756169,0.003228845,0.003527324
160,768,105,0.009361715,0.005730965,0.00363075
160,768,106,0.007843858,0.00411441,0.003729448
160,768,107,0.00446515,0.000764085,0.003701065
160,768,108,0.00537541,0.001775167,0.003600243
160,768,109,0.004240645,0.000683457,0.003557188
160,768,110,0.004719418,0.001009061,0.003710357
161,768,1,0.754410822,0.631793908,0.122616914
161,768,2,0.003709422,0.000557503,0.003151919
161,768,3,0.003674378,0.000479364,0.003195014
161,768,4,0.02291543,0.019869251,0.003046179
161,768,5,0.003815357,0.000703221,0.003112136
161,768,6,0.003661833,0.000529332,0.003132501
161,768,7,0.003754698,0.00061519,0.003139508
161,768,8,0.025788759,0.022741309,0.00304745
161,768,9,0.004096091,0.000926606,0.003169485
161,768,10,0.003667455,0.000544624,0.003122831
161,768,11,0.003663373,0.000535304,0.003128069
161,768,12,0.003609946,0.000439341,0.003170605
161,768,13,0.003550594,0.000440671,0.003109923
161,768,14,0.003582656,0.000434845,0.003147811
161,768,15,0.027445759,0.024409474,0.003036285
161,768,16,0.004114678,0.001053045,0.003061633
161,768,17,0.004307369,0.001212816,0.003094553
161,768,18,0.004734725,0.001448989,0.003285736
161,768,19,0.004483384,0.001045757,0.003437627
161,768,20,0.004476342,0.000978579,0.003497763
161,768,21,0.00413012,0.000549497,0.003580623
161,768,22,0.004144862,0.000646246,0.003498616
161,768,23,0.004399424,0.000747613,0.003651811
161,768,24,0.003959214,0.000440085,0.003519129
161,768,25,0.003977116,0.000534409,0.003442707
161,768,26,0.016794979,0.013618249,0.00317673
161,768,27,0.022209811,0.018790044,0.003419767
161,768,28,0.005860239,0.002283213,0.003577026
161,768,29,0.005448768,0.001775087,0.003673681
161,768,30,0.005823591,0.002250977,0.003572614
161,768,31,0.005870012,0.002303645,0.003566367
161,768,32,0.00517979,0.001552595,0.003627195
161,768,33,0.005219681,0.001552095,0.003667586
161,768,34,0.005063925,0.001303861,0.003760064
161,768,35,0.005483315,0.001561436,0.003921879
161,768,36,0.004645801,0.000709621,0.00393618
161,768,37,0.005075913,0.001099924,0.003975989
161,768,38,0.004731699,0.000789589,0.00394211
161,768,39,0.004771548,0.000817563,0.003953985
161,768,40,0.004471561,0.00061804,0.003853521
161,768,41,0.004928646,0.000989942,0.003938704
161,768,42,0.004611973,0.000651334,0.003960639
161,768,43,0.004645233,0.000661171,0.003984062
161,768,44,0.004575516,0.00073109,0.003844426
161,768,45,0.004740586,0.000836697,0.003903889
161,768,46,0.004455243,0.000679288,0.003775955
161,768,47,0.004889392,0.001135769,0.003753623
161,768,48,0.004850537,0.001024851,0.003825686
161,768,49,0.004751714,0.000909082,0.003842632
161,768,50,0.004531297,0.000729276,0.003802021
161,768,51,0.004806962,0.000911245,0.003895717
161,768,52,0.004652126,0.000779984,0.003872142
161,768,53,0.004896484,0.000901357,0.003995127
161,768,54,0.004531977,0.000680917,0.00385106
161,768,55,0.004867455,0.00096846,0.003898995
161,768,56,0.004691801,0.000785341,0.00390646
161,768,57,0.004689067,0.000763354,0.003925713
161,768,58,0.004732213,0.000825564,0.003906649
161,768,59,0.004798873,0.000794949,0.004003924
161,768,60,0.004570447,0.000593242,0.003977205
161,768,61,0.004744329,0.000709128,0.004035201
161,768,62,0.004530769,0.00067339,0.003857379
161,768,63,0.005060246,0.001137627,0.003922619
161,768,64,0.004582757,0.000661159,0.003921598
161,768,65,0.004591209,0.000677299,0.00391391
161,768,66,0.00466315,0.000820318,0.003842832
161,768,67,0.004641072,0.000705323,0.003935749
161,768,68,0.00431487,0.000584635,0.003730235
161,768,69,0.004473444,0.000733235,0.003740209
161,768,70,0.004205049,0.000533357,0.003671692
161,768,71,0.004294752,0.000690769,0.003603983
161,768,72,0.004502307,0.000819319,0.003682988
161,768,73,0.004344594,0.000686391,0.003658203
161,768,74,0.004337853,0.000693095,0.003644758
161,768,75,0.004416517,0.000819077,0.00359744
161,768,76,0.004280945,0.000703904,0.003577041
161,768,77,0.004397803,0.000835976,0.003561827
161,768,78,0.005463516,0.002039929,0.003423587
161,768,79,0.004918458,0.001373176,0.003545282
161,768,80,0.004677302,0.001136114,0.003541188
161,768,81,0.004561905,0.001009531,0.003552374
161,768,82,0.004632315,0.001118186,0.003514129
161,768,83,0.00436882,0.000857444,0.003511376
161,768,84,0.005682948,0.002290868,0.00339208
161,768,85,0.006337158,0.002864634,0.003472524
161,768,86,0.004843356,0.001398004,0.003445352
161,768,87,0.004707628,0.00125851,0.003449118
161,768,88,0.00472567,0.00115612,0.00356955
161,768,89,0.004370339,0.000942624,0.003427715
161,768,90,0.004671676,0.00098448,0.003687196
161,768,91,0.004232682,0.000736427,0.003496255
161,768,92,0.004765927,0.001194136,0.003571791
161,768,93,0.004774254,0.001183054,0.0035912
161,768,94,0.005167653,0.001811845,0.003355808
161,768,95,0.004382523,0.000954749,0.003427774
161,768,96,0.006925514,0.003705333,0.003220181
161,768,97,0.004652214,0.001260833,0.003391381
161,768,98,0.006498354,0.003160058,0.003338296
161,768,99,0.004805473,0.001505548,0.003299925
161,768,100,0.00543693,0.001984332,0.003452598
161,768,101,0.004313823,0.000651369,0.003662454
161,768,102,0.003981696,0.000439644,0.003542052
161,768,103,0.006856109,0.003246834,0.003609275
161,768,104,0.00723916,0.003680354,0.003558806
161,768,105,0.008971867,0.005204335,0.003767532
161,768,106,0.005135699,0.001391816,0.003743883
161,768,107,0.005598086,0.001896579,0.003701507
161,768,108,0.004351339,0.000723809,0.00362753
161,768,109,0.00413624,0.000544376,0.003591864
161,768,110,0.006223909,0.002508109,0.0037158
162,768,1,0.753385497,0.630593619,0.122791878
162,768,2,0.003692945,0.000481454,0.003211491
162,768,3,0.00361701,0.000378141,0.003238869
162,768,4,0.003585768,0.000389228,0.00319654
162,768,5,0.022307478,0.019186651,0.003120827
162,768,6,0.004060079,0.000825239,0.00323484
162,768,7,0.026484077,0.023348681,0.003135396
162,768,8,0.003962652,0.000758762,0.00320389
162,768,9,0.003765383,0.000539939,0.003225444
162,768,10,0.003650836,0.000351197,0.003299639
162,768,11,0.003572506,0.000367015,0.003205491
162,768,12,0.003591377,0.000349796,0.003241581
162,768,13,0.00355312,0.000355961,0.003197159
162,768,14,0.027567899,0.024447587,0.003120312
162,768,15,0.00405525,0.000935603,0.003119647
162,768,16,0.004163555,0.000946695,0.00321686
162,768,17,0.004073005,0.000798438,0.003274567
162,768,18,0.004144528,0.0007732,0.003371328
162,768,19,0.004502015,0.000966442,0.003535573
162,768,20,0.004361186,0.00074965,0.003611536
162,768,21,0.004249787,0.000597335,0.003652452
162,768,22,0.00406305,0.000431708,0.003631342
162,768,23,0.004053049,0.000459993,0.003593056
162,768,24,0.00422464,0.000495014,0.003729626
162,768,25,0.016285677,0.012979543,0.003306134
162,768,26,0.023012361,0.019517896,0.003494465
162,768,27,0.005775168,0.002046509,0.003728659
162,768,28,0.0054279,0.00169071,0.00373719
162,768,29,0.005855732,0.0023043,0.003551432
162,768,30,0.005821504,0.002110476,0.003711028
162,768,31,0.005202434,0.001424563,0.003777871
162,768,32,0.005170839,0.001189375,0.003981464
162,768,33,0.004953029,0.001034067,0.003918962
162,768,34,0.005334598,0.001411975,0.003922623
162,768,35,0.004650112,0.000686979,0.003963133
162,768,36,0.00498054,0.000986455,0.003994085
162,768,37,0.004837566,0.000919635,0.003917931
162,768,38,0.004745568,0.00076056,0.003985008
162,768,39,0.004557385,0.000654001,0.003903384
162,768,40,0.004815551,0.000902669,0.003912882
162,768,41,0.004612766,0.00069914,0.003913626
162,768,42,0.004598714,0.000683594,0.00391512
162,768,43,0.00469157,0.000782042,0.003909528
162,768,44,0.004716256,0.000696623,0.004019633
162,768,45,0.00461344,0.000711197,0.003902243
162,768,46,0.004812213,0.000893137,0.003919076
162,768,47,0.00483146,0.000912414,0.003919046
162,768,48,0.00471361,0.000741202,0.003972408
162,768,49,0.004608308,0.00072244,0.003885868
162,768,50,0.004696796,0.000689845,0.004006951
162,768,51,0.004719221,0.000700505,0.004018716
162,768,52,0.004689344,0.000695328,0.003994016
162,768,53,0.004764291,0.000653514,0.004110777
162,768,54,0.004744971,0.000655663,0.004089308
162,768,55,0.00473579,0.000640411,0.004095379
162,768,56,0.004707258,0.000607053,0.004100205
162,768,57,0.004711366,0.000597513,0.004113853
162,768,58,0.00467847,0.000540466,0.004138004
162,768,59,0.00467118,0.000562761,0.004108419
162,768,60,0.004685293,0.000562272,0.004123021
162,768,61,0.004716781,0.000636857,0.004079924
162,768,62,0.004926573,0.000826292,0.004100281
162,768,63,0.004595386,0.00056137,0.004034016
162,768,64,0.004609507,0.000577518,0.004031989
162,768,65,0.004729831,0.000632278,0.004097553
162,768,66,0.00456065,0.000534223,0.004026427
162,768,67,0.004577411,0.000545906,0.004031505
162,768,68,0.004402922,0.000569712,0.00383321
162,768,69,0.00431038,0.000501889,0.003808491
162,768,70,0.004342824,0.000526683,0.003816141
162,768,71,0.004394482,0.000555334,0.003839148
162,768,72,0.004362425,0.000550226,0.003812199
162,768,73,0.004344064,0.000621297,0.003722767
162,768,74,0.004468874,0.000719853,0.003749021
162,768,75,0.004352692,0.000698741,0.003653951
162,768,76,0.004348416,0.000659447,0.003688969
162,768,77,0.005236231,0.00167133,0.003564901
162,768,78,0.004861358,0.001169091,0.003692267
162,768,79,0.004529672,0.000915732,0.00361394
162,768,80,0.004753902,0.001117374,0.003636528
162,768,81,0.004694728,0.000980665,0.003714063
162,768,82,0.004412159,0.000765318,0.003646841
162,768,83,0.004606259,0.000973368,0.003632891
162,768,84,0.005278162,0.001782906,0.003495256
162,768,85,0.005998256,0.002419393,0.003578863
162,768,86,0.005117703,0.001491832,0.003625871
162,768,87,0.004749635,0.001187154,0.003562481
162,768,88,0.004755145,0.001084311,0.003670834
162,768,89,0.004401107,0.00086922,0.003531887
162,768,90,0.004669068,0.000876258,0.00379281
162,768,91,0.004691435,0.00109771,0.003593725
162,768,92,0.0047286,0.001103845,0.003624755
162,768,93,0.005460335,0.001813444,0.003646891
162,768,94,0.004227296,0.000780471,0.003446825
162,768,95,0.007070262,0.003717794,0.003352468
162,768,96,0.004550524,0.001182048,0.003368476
162,768,97,0.006623999,0.0032119,0.003412099
162,768,98,0.004593101,0.001128677,0.003464424
162,768,99,0.004448166,0.000874186,0.00357398
162,768,100,0.004281908,0.000766426,0.003515482
162,768,101,0.005073018,0.001327946,0.003745072
162,768,102,0.006892385,0.003258168,0.003634217
162,768,103,0.007241756,0.003590128,0.003651628
162,768,104,0.005051256,0.001353844,0.003697412
162,768,105,0.008722946,0.004842256,0.00388069
162,768,106,0.005839994,0.001838624,0.00400137
162,768,107,0.00439488,0.000554135,0.003840745
162,768,108,0.004237987,0.000525182,0.003712805
162,768,109,0.00594881,0.002353552,0.003595258
162,768,110,0.008243522,0.004609285,0.003634237
163,768,1,0.751448025,0.628908202,0.122539823
163,768,2,0.006094164,0.003028904,0.00306526
163,768,3,0.003801495,0.000640575,0.00316092
163,768,4,0.003558473,0.000453025,0.003105448
163,768,5,0.004522858,0.001380648,0.00314221
163,768,6,0.045405474,0.042372821,0.003032653
163,768,7,0.003859387,0.000820735,0.003038652
163,768,8,0.003835991,0.000706146,0.003129845
163,768,9,0.003540878,0.000445106,0.003095772
163,768,10,0.003548782,0.000429571,0.003119211
163,768,11,0.003608917,0.000439616,0.003169301
163,768,12,0.003542484,0.000444924,0.00309756
163,768,13,0.003487356,0.000332337,0.003155019
163,768,14,0.003537929,0.00043614,0.003101789
163,768,15,0.027161525,0.024135797,0.003025728
163,768,16,0.004501795,0.001347117,0.003154678
163,768,17,0.004406684,0.001232986,0.003173698
163,768,18,0.004133505,0.000862618,0.003270887
163,768,19,0.004593072,0.001185439,0.003407633
163,768,20,0.004584704,0.001082828,0.003501876
163,768,21,0.004083019,0.000529861,0.003553158
163,768,22,0.004052958,0.000520666,0.003532292
163,768,23,0.004044301,0.000542988,0.003501313
163,768,24,0.016722805,0.013509196,0.003213609
163,768,25,0.023171793,0.019844025,0.003327768
163,768,26,0.005642881,0.002144885,0.003497996
163,768,27,0.005435677,0.00187575,0.003559927
163,768,28,0.005942697,0.002427778,0.003514919
163,768,29,0.005719092,0.002094881,0.003624211
163,768,30,0.005157844,0.001390109,0.003767735
163,768,31,0.004976818,0.001301231,0.003675587
163,768,32,0.004988788,0.001332386,0.003656402
163,768,33,0.005302731,0.001736901,0.00356583
163,768,34,0.004582878,0.000779828,0.00380305
163,768,35,0.004943985,0.001152781,0.003791204
163,768,36,0.004930049,0.001131319,0.00379873
163,768,37,0.004696506,0.000901086,0.00379542
163,768,38,0.00459018,0.00070856,0.00388162
163,768,39,0.004855897,0.001034025,0.003821872
163,768,40,0.004569944,0.00070752,0.003862424
163,768,41,0.00466841,0.000861399,0.003807011
163,768,42,0.004647163,0.000814,0.003833163
163,768,43,0.004466737,0.000686337,0.0037804
163,768,44,0.004787053,0.000966748,0.003820305
163,768,45,0.004886081,0.001098316,0.003787765
163,768,46,0.004816737,0.000975309,0.003841428
163,768,47,0.004562194,0.000710298,0.003851896
163,768,48,0.00453524,0.000708487,0.003826753
163,768,49,0.004559534,0.000692447,0.003867087
163,768,50,0.004544788,0.000730449,0.003814339
163,768,51,0.00490609,0.001044638,0.003861452
163,768,52,0.004528884,0.000671623,0.003857261
163,768,53,0.004530588,0.000668881,0.003861707
163,768,54,0.00498164,0.001071326,0.003910314
163,768,55,0.004793497,0.000751831,0.004041666
163,768,56,0.005004758,0.001002402,0.004002356
163,768,57,0.004472735,0.000564223,0.003908512
163,768,58,0.004689145,0.000712218,0.003976927
163,768,59,0.00470311,0.00085378,0.00384933
163,768,60,0.004863441,0.000946268,0.003917173
163,768,61,0.004914656,0.001108061,0.003806595
163,768,62,0.00452457,0.000713336,0.003811234
163,768,63,0.004555808,0.000798529,0.003757279
163,768,64,0.004863133,0.001076719,0.003786414
163,768,65,0.004426306,0.000680715,0.003745591
163,768,66,0.004583151,0.000699771,0.00388338
163,768,67,0.0043671,0.000593172,0.003773928
163,768,68,0.004649612,0.0009745,0.003675112
163,768,69,0.004145629,0.000575756,0.003569873
163,768,70,0.004270063,0.000663394,0.003606669
163,768,71,0.004223453,0.000528334,0.003695119
163,768,72,0.004262583,0.000617877,0.003644706
163,768,73,0.004254854,0.000698515,0.003556339
163,768,74,0.004444467,0.00081687,0.003627597
163,768,75,0.004331856,0.00073918,0.003592676
163,768,76,0.005173449,0.001723112,0.003450337
163,768,77,0.004653059,0.001139668,0.003513391
163,768,78,0.004845344,0.001421891,0.003423453
163,768,79,0.004970901,0.00138652,0.003584381
163,768,80,0.004816208,0.00127872,0.003537488
163,768,81,0.004511502,0.000965647,0.003545855
163,768,82,0.00471426,0.00120639,0.00350787
163,768,83,0.005349186,0.002006637,0.003342549
163,768,84,0.005391865,0.002025095,0.00336677
163,768,85,0.005203555,0.001600816,0.003602739
163,768,86,0.004929563,0.001528916,0.003400647
163,768,87,0.004855075,0.001276724,0.003578351
163,768,88,0.004651659,0.001157357,0.003494302
163,768,89,0.004414799,0.000944511,0.003470288
163,768,90,0.005157577,0.001536305,0.003621272
163,768,91,0.0046333,0.00107354,0.00355976
163,768,92,0.005414771,0.001839677,0.003575094
163,768,93,0.004376594,0.000864091,0.003512503
163,768,94,0.007126514,0.003802316,0.003324198
163,768,95,0.00450968,0.001174539,0.003335141
163,768,96,0.006343286,0.003080978,0.003262308
163,768,97,0.004789206,0.001414967,0.003374239
163,768,98,0.004095395,0.000746539,0.003348856
163,768,99,0.004458733,0.001012834,0.003445899
163,768,100,0.004863016,0.001430673,0.003432343
163,768,101,0.004934545,0.001370817,0.003563728
163,768,102,0.009534249,0.005920761,0.003613488
163,768,103,0.005178164,0.001605126,0.003573038
163,768,104,0.007844334,0.004199415,0.003644919
163,768,105,0.006033174,0.00226014,0.003773034
163,768,106,0.004950032,0.001045138,0.003904894
163,768,107,0.00432925,0.00056471,0.00376454
163,768,108,0.006134387,0.00246773,0.003666657
163,768,109,0.008237251,0.004599194,0.003638057
163,768,110,0.004884433,0.001421966,0.003462467
164,768,1,0.750476898,0.627862496,0.122614402
164,768,2,0.00391366,0.000751922,0.003161738
164,768,3,0.005282691,0.002226118,0.003056573
164,768,4,0.005404234,0.002386787,0.003017447
164,768,5,0.045525048,0.042495159,0.003029889
164,768,6,0.003910611,0.000871364,0.003039247
164,768,7,0.003710224,0.000553775,0.003156449
164,768,8,0.003558303,0.000460721,0.003097582
164,768,9,0.003583321,0.000437802,0.003145519
164,768,10,0.003544533,0.00044815,0.003096383
164,768,11,0.003567894,0.000439654,0.00312824
164,768,12,0.003455443,0.000361734,0.003093709
164,768,13,0.003624671,0.000515654,0.003109017
164,768,14,0.015349959,0.012333218,0.003016741
164,768,15,0.004382538,0.001247094,0.003135444
164,768,16,0.013901849,0.010851034,0.003050815
164,768,17,0.004626235,0.001530395,0.00309584
164,768,18,0.004708695,0.001395711,0.003312984
164,768,19,0.004685362,0.001306802,0.00337856
164,768,20,0.00461409,0.00105035,0.00356374
164,768,21,0.004340109,0.000782609,0.0035575
164,768,22,0.004003223,0.000513946,0.003489277
164,768,23,0.017101059,0.013845606,0.003255453
164,768,24,0.023483097,0.020158362,0.003324735
164,768,25,0.005465228,0.002133545,0.003331683
164,768,26,0.00535362,0.001963054,0.003390566
164,768,27,0.005984923,0.002482108,0.003502815
164,768,28,0.005661161,0.002075192,0.003585969
164,768,29,0.005025613,0.001422047,0.003603566
164,768,30,0.005072428,0.001409894,0.003662534
164,768,31,0.00494644,0.001290454,0.003655986
164,768,32,0.005380864,0.001642113,0.003738751
164,768,33,0.004333313,0.000643861,0.003689452
164,768,34,0.004928094,0.001191467,0.003736627
164,768,35,0.004917653,0.001150551,0.003767102
164,768,36,0.004742954,0.000981991,0.003760963
164,768,37,0.004473088,0.000759049,0.003714039
164,768,38,0.004929342,0.001126767,0.003802575
164,768,39,0.004481772,0.000711965,0.003769807
164,768,40,0.004745507,0.001024239,0.003721268
164,768,41,0.004658432,0.000845167,0.003813265
164,768,42,0.004387955,0.000694094,0.003693861
164,768,43,0.004854947,0.001056503,0.003798444
164,768,44,0.004964829,0.001127872,0.003836957
164,768,45,0.004760768,0.00084014,0.003920628
164,768,46,0.004482677,0.000646462,0.003836215
164,768,47,0.004609777,0.000725974,0.003883803
164,768,48,0.004450761,0.000632484,0.003818277
164,768,49,0.004694206,0.000739787,0.003954419
164,768,50,0.004880415,0.000998194,0.003882221
164,768,51,0.004509232,0.000574673,0.003934559
164,768,52,0.004530918,0.000723455,0.003807463
164,768,53,0.004945544,0.001153389,0.003792155
164,768,54,0.004660207,0.00082704,0.003833167
164,768,55,0.005068407,0.001192264,0.003876143
164,768,56,0.004452558,0.000588798,0.00386376
164,768,57,0.004762024,0.000921318,0.003840706
164,768,58,0.004822404,0.000961612,0.003860792
164,768,59,0.004719198,0.00091152,0.003807678
164,768,60,0.005044987,0.001246073,0.003798914
164,768,61,0.00447837,0.000724224,0.003754146
164,768,62,0.004704138,0.000895835,0.003808303
164,768,63,0.004773735,0.001006063,0.003767672
164,768,64,0.004424392,0.000750766,0.003673626
164,768,65,0.004527996,0.000752558,0.003775438
164,768,66,0.004436008,0.000720152,0.003715856
164,768,67,0.004721973,0.000894269,0.003827704
164,768,68,0.004236211,0.000640164,0.003596047
164,768,69,0.00428418,0.00055857,0.00372561
164,768,70,0.004198578,0.000514277,0.003684301
164,768,71,0.004206728,0.000508402,0.003698326
164,768,72,0.004345714,0.000708073,0.003637641
164,768,73,0.004432008,0.000760533,0.003671475
164,768,74,0.004267967,0.000669614,0.003598353
164,768,75,0.005186431,0.001583891,0.00360254
164,768,76,0.004656572,0.001087721,0.003568851
164,768,77,0.005019827,0.001405749,0.003614078
164,768,78,0.004550116,0.000988815,0.003561301
164,768,79,0.004739621,0.001233091,0.00350653
164,768,80,0.004479664,0.000933891,0.003545773
164,768,81,0.004906546,0.001374712,0.003531834
164,768,82,0.005617098,0.002290148,0.00332695
164,768,83,0.005107625,0.001666184,0.003441441
164,768,84,0.00465563,0.001189621,0.003466009
164,768,85,0.005144906,0.001603333,0.003541573
164,768,86,0.004801601,0.001271301,0.0035303
164,768,87,0.00491047,0.001349175,0.003561295
164,768,88,0.004494497,0.000980574,0.003513923
164,768,89,0.005057862,0.001480722,0.00357714
164,768,90,0.004887502,0.001243682,0.00364382
164,768,91,0.005367874,0.001732964,0.00363491
164,768,92,0.004399815,0.000836459,0.003563356
164,768,93,0.007187538,0.003877584,0.003309954
164,768,94,0.004585045,0.001177943,0.003407102
164,768,95,0.005583729,0.002277452,0.003306277
164,768,96,0.005084824,0.001814501,0.003270323
164,768,97,0.004444826,0.00113695,0.003307876
164,768,98,0.004257378,0.000908886,0.003348492
164,768,99,0.004940925,0.001621174,0.003319751
164,768,100,0.004923475,0.001460483,0.003462992
164,768,101,0.007362599,0.003788941,0.003573658
164,768,102,0.007124318,0.00351075,0.003613568
164,768,103,0.008283468,0.004731936,0.003551532
164,768,104,0.00546071,0.001776089,0.003684621
164,768,105,0.004691007,0.000955658,0.003735349
164,768,106,0.004859633,0.001022131,0.003837502
164,768,107,0.006412828,0.002715609,0.003697219
164,768,108,0.005253095,0.001705939,0.003547156
164,768,109,0.004626351,0.000859112,0.003767239
164,768,110,0.005865268,0.002354585,0.003510683
165,768,1,0.753976053,0.631160913,0.12281514
165,768,2,0.00360973,0.000464358,0.003145372
165,768,3,0.003555517,0.000381641,0.003173876
165,768,4,0.049132961,0.046066493,0.003066468
165,768,5,0.003916574,0.000759579,0.003156995
165,768,6,0.003591226,0.000473943,0.003117283
165,768,7,0.003658181,0.000544756,0.003113425
165,768,8,0.003475195,0.000374402,0.003100793
165,768,9,0.003658295,0.000533622,0.003124673
165,768,10,0.003515564,0.000351354,0.00316421
165,768,11,0.003459527,0.000347605,0.003111922
165,768,12,0.003643718,0.000514713,0.003129005
165,768,13,0.015218454,0.012189664,0.00302879
165,768,14,0.004377826,0.001347886,0.00302994
165,768,15,0.003963431,0.000866468,0.003096963
165,768,16,0.003632068,0.000512441,0.003119627
165,768,17,0.01309066,0.010008554,0.003082106
165,768,18,0.004835946,0.001719665,0.003116281
165,768,19,0.005397426,0.002151729,0.003245697
165,768,20,0.004610663,0.001049945,0.003560718
165,768,21,0.004181898,0.0006443,0.003537598
165,768,22,0.01794339,0.014622449,0.003320941
165,768,23,0.023679537,0.020497767,0.00318177
165,768,24,0.005378895,0.002098274,0.003280621
165,768,25,0.00533693,0.001961695,0.003375235
165,768,26,0.005867031,0.002275731,0.0035913
165,768,27,0.005610538,0.002117233,0.003493305
165,768,28,0.005030563,0.001430783,0.00359978
165,768,29,0.004972034,0.001386642,0.003585392
165,768,30,0.004982089,0.001350303,0.003631786
165,768,31,0.005218386,0.001489542,0.003728844
165,768,32,0.004398686,0.000739307,0.003659379
165,768,33,0.004910645,0.001181759,0.003728886
165,768,34,0.004831996,0.001065471,0.003766525
165,768,35,0.004791162,0.00092058,0.003870582
165,768,36,0.004533562,0.000762829,0.003770733
165,768,37,0.004797444,0.000953894,0.00384355
165,768,38,0.004500907,0.00066683,0.003834077
165,768,39,0.004799517,0.00095928,0.003840237
165,768,40,0.004570894,0.000722675,0.003848219
165,768,41,0.004537996,0.000697309,0.003840687
165,768,42,0.004744546,0.000849014,0.003895532
165,768,43,0.00494946,0.001048753,0.003900707
165,768,44,0.004617058,0.000671183,0.003945875
165,768,45,0.004468,0.000630998,0.003837002
165,768,46,0.004716642,0.000791471,0.003925171
165,768,47,0.00450362,0.000635689,0.003867931
165,768,48,0.004608341,0.000708511,0.00389983
165,768,49,0.004876232,0.000891888,0.003984344
165,768,50,0.004516515,0.000595445,0.00392107
165,768,51,0.004673956,0.00077997,0.003893986
165,768,52,0.004932937,0.000976487,0.00395645
165,768,53,0.004630215,0.000704889,0.003925326
165,768,54,0.004938109,0.001007922,0.003930187
165,768,55,0.004514928,0.000649908,0.00386502
165,768,56,0.004757461,0.000925658,0.003831803
165,768,57,0.004778138,0.000945704,0.003832434
165,768,58,0.00478782,0.000934922,0.003852898
165,768,59,0.005033033,0.001212659,0.003820374
165,768,60,0.004586196,0.000800249,0.003785947
165,768,61,0.004627564,0.000929202,0.003698362
165,768,62,0.004802713,0.000972645,0.003830068
165,768,63,0.004525266,0.000770865,0.003754401
165,768,64,0.004437015,0.000712105,0.00372491
165,768,65,0.004430967,0.000716462,0.003714505
165,768,66,0.004600304,0.000799122,0.003801182
165,768,67,0.00442785,0.000702188,0.003725662
165,768,68,0.004273954,0.000654203,0.003619751
165,768,69,0.004183766,0.000588992,0.003594774
165,768,70,0.004240596,0.000637489,0.003603107
165,768,71,0.004349967,0.000626284,0.003723683
165,768,72,0.004307799,0.000562365,0.003745434
165,768,73,0.004439989,0.00067643,0.003763559
165,768,74,0.00479227,0.001053265,0.003739005
165,768,75,0.004939702,0.001225656,0.003714046
165,768,76,0.004717232,0.001036805,0.003680427
165,768,77,0.004662772,0.000995403,0.003667369
165,768,78,0.004641914,0.001009766,0.003632148
165,768,79,0.004591587,0.000963136,0.003628451
165,768,80,0.004830973,0.001271959,0.003559014
165,768,81,0.006195455,0.002774632,0.003420823
165,768,82,0.004873009,0.001503613,0.003369396
165,768,83,0.004576177,0.001078668,0.003497509
165,768,84,0.004409649,0.000873943,0.003535706
165,768,85,0.005219821,0.001574679,0.003645142
165,768,86,0.004801021,0.001234856,0.003566165
165,768,87,0.004669106,0.001078201,0.003590905
165,768,88,0.005243855,0.00164285,0.003601005
165,768,89,0.004879528,0.001176768,0.00370276
165,768,90,0.005170975,0.00150404,0.003666935
165,768,91,0.004479355,0.000892405,0.00358695
165,768,92,0.00747855,0.004024397,0.003454153
165,768,93,0.004249626,0.000881629,0.003367997
165,768,94,0.004315211,0.000881819,0.003433392
165,768,95,0.004132652,0.000706468,0.003426184
165,768,96,0.00516964,0.001823863,0.003345777
165,768,97,0.0053592,0.001930079,0.003429121
165,768,98,0.005399871,0.002138739,0.003261132
165,768,99,0.004744335,0.001360879,0.003383456
165,768,100,0.007785229,0.004231356,0.003553873
165,768,101,0.007093373,0.003608913,0.00348446
165,768,102,0.007970362,0.004404385,0.003565977
165,768,103,0.005223438,0.001636158,0.00358728
165,768,104,0.004566006,0.00089387,0.003672136
165,768,105,0.004770663,0.000964146,0.003806517
165,768,106,0.005069688,0.001173204,0.003896484
165,768,107,0.0041924,0.000407359,0.003785041
165,768,108,0.005651446,0.001951054,0.003700392
165,768,109,0.005629528,0.001903457,0.003726071
165,768,110,0.004154831,0.000616131,0.0035387
166,768,1,0.749831856,0.627280748,0.122551108
166,768,2,0.004067098,0.000910272,0.003156826
166,768,3,0.049802538,0.046761716,0.003040822
166,768,4,0.003797022,0.000684361,0.003112661
166,768,5,0.003679197,0.000555377,0.00312382
166,768,6,0.00360717,0.000448937,0.003158233
166,768,7,0.003471712,0.000366014,0.003105698
166,768,8,0.003661948,0.000527486,0.003134462
166,768,9,0.003467733,0.00036514,0.003102593
166,768,10,0.003570159,0.000442717,0.003127442
166,768,11,0.0036158,0.000449247,0.003166553
166,768,12,0.01515259,0.012129638,0.003022952
166,768,13,0.004334327,0.001324791,0.003009536
166,768,14,0.003973441,0.000868895,0.003104546
166,768,15,0.003625374,0.000483724,0.00314165
166,768,16,0.003581745,0.000506262,0.003075483
166,768,17,0.003684706,0.000587136,0.00309757
166,768,18,0.012941047,0.009826034,0.003115013
166,768,19,0.005355378,0.002155759,0.003199619
166,768,20,0.004915982,0.001566537,0.003349445
166,768,21,0.019265638,0.015917842,0.003347796
166,768,22,0.023904853,0.020669192,0.003235661
166,768,23,0.005348224,0.002089699,0.003258525
166,768,24,0.005282064,0.001909329,0.003372735
166,768,25,0.0056633,0.002264964,0.003398336
166,768,26,0.005682307,0.0021508,0.003531507
166,768,27,0.004886683,0.001447622,0.003439061
166,768,28,0.004971024,0.00142944,0.003541584
166,768,29,0.004917844,0.001344318,0.003573526
166,768,30,0.00512538,0.001378479,0.003746901
166,768,31,0.00451734,0.000865138,0.003652202
166,768,32,0.00484155,0.001049478,0.003792072
166,768,33,0.004825112,0.00094005,0.003885062
166,768,34,0.004669127,0.000736687,0.00393244
166,768,35,0.004594209,0.000701386,0.003892823
166,768,36,0.00470962,0.000780136,0.003929484
166,768,37,0.004512823,0.000620103,0.00389272
166,768,38,0.004764905,0.000799124,0.003965781
166,768,39,0.004647573,0.000704914,0.003942659
166,768,40,0.004501679,0.000623586,0.003878093
166,768,41,0.004755591,0.000792815,0.003962776
166,768,42,0.004883288,0.00088603,0.003997258
166,768,43,0.004613969,0.000624286,0.003989683
166,768,44,0.004573125,0.00062786,0.003945265
166,768,45,0.004619087,0.000661303,0.003957784
166,768,46,0.004551755,0.00060833,0.003943425
166,768,47,0.004601341,0.000688882,0.003912459
166,768,48,0.004753196,0.000854789,0.003898407
166,768,49,0.004634225,0.000771471,0.003862754
166,768,50,0.004706554,0.000885364,0.00382119
166,768,51,0.004835634,0.00104082,0.003794814
166,768,52,0.004690771,0.000898217,0.003792554
166,768,53,0.004878029,0.00103503,0.003842999
166,768,54,0.004588259,0.000792962,0.003795297
166,768,55,0.004773193,0.000988326,0.003784867
166,768,56,0.004756342,0.000998987,0.003757355
166,768,57,0.004767097,0.001017953,0.003749144
166,768,58,0.00506618,0.001217699,0.003848481
166,768,59,0.004642214,0.000825456,0.003816758
166,768,60,0.004774925,0.000960193,0.003814732
166,768,61,0.004667119,0.000873184,0.003793935
166,768,62,0.004526151,0.000701775,0.003824376
166,768,63,0.004548133,0.000722621,0.003825512
166,768,64,0.004456914,0.000685572,0.003771342
166,768,65,0.004451075,0.00072216,0.003728915
166,768,66,0.004438009,0.000646885,0.003791124
166,768,67,0.004446993,0.000638192,0.003808801
166,768,68,0.00424451,0.000637305,0.003607205
166,768,69,0.004254391,0.000688198,0.003566193
166,768,70,0.004288922,0.000650753,0.003638169
166,768,71,0.004213085,0.000542474,0.003670611
166,768,72,0.004244212,0.000515087,0.003729125
166,768,73,0.004974429,0.001159249,0.00381518
166,768,74,0.004813889,0.00109756,0.003716329
166,768,75,0.004821952,0.001188848,0.003633104
166,768,76,0.004432724,0.000890873,0.003541851
166,768,77,0.004660944,0.001029988,0.003630956
166,768,78,0.004820911,0.001122305,0.003698606
166,768,79,0.004463999,0.000941626,0.003522373
166,768,80,0.006835523,0.003402849,0.003432674
166,768,81,0.004952089,0.00150459,0.003447499
166,768,82,0.004482564,0.000894387,0.003588177
166,768,83,0.004019186,0.000454712,0.003564474
166,768,84,0.004632779,0.001109575,0.003523204
166,768,85,0.005128116,0.001445899,0.003682217
166,768,86,0.004679055,0.00114832,0.003530735
166,768,87,0.005411674,0.00194353,0.003468144
166,768,88,0.004896475,0.001416211,0.003480264
166,768,89,0.005155292,0.001611864,0.003543428
166,768,90,0.004402322,0.000881049,0.003521273
166,768,91,0.007738625,0.004268303,0.003470322
166,768,92,0.004354508,0.000856037,0.003498471
166,768,93,0.004143999,0.000787244,0.003356755
166,768,94,0.004408078,0.001009446,0.003398632
166,768,95,0.004151135,0.000768255,0.00338288
166,768,96,0.004012742,0.0007351,0.003277642
166,768,97,0.007608167,0.004184893,0.003423274
166,768,98,0.004596388,0.001349476,0.003246912
166,768,99,0.007492925,0.004158484,0.003334441
166,768,100,0.007784678,0.004219256,0.003565422
166,768,101,0.004855559,0.00133085,0.003524709
166,768,102,0.004258068,0.000710181,0.003547887
166,768,103,0.006692166,0.00314694,0.003545226
166,768,104,0.005528087,0.001812525,0.003715562
166,768,105,0.004688514,0.000926002,0.003762512
166,768,106,0.004945004,0.001097029,0.003847975
166,768,107,0.004289445,0.000537288,0.003752157
166,768,108,0.004121533,0.000504926,0.003616607
166,768,109,0.006864108,0.003212441,0.003651667
166,768,110,0.0051151,0.001575929,0.003539171
167,768,1,0.752106064,0.629595586,0.122510478
167,768,2,0.050715745,0.047657155,0.00305859
167,768,3,0.003726389,0.000595765,0.003130624
167,768,4,0.003682461,0.00051957,0.003162891
167,768,5,0.003574267,0.000436711,0.003137556
167,768,6,0.003587402,0.000431946,0.003155456
167,768,7,0.003603929,0.000425432,0.003178497
167,768,8,0.003471906,0.000332338,0.003139568
167,768,9,0.003605336,0.000425442,0.003179894
167,768,10,0.003561094,0.000439234,0.00312186
167,768,11,0.014838033,0.011786217,0.003051816
167,768,12,0.004628229,0.001584373,0.003043856
167,768,13,0.003918709,0.000761407,0.003157302
167,768,14,0.003603272,0.00049095,0.003112322
167,768,15,0.003610931,0.000484462,0.003126469
167,768,16,0.003720421,0.000569315,0.003151106
167,768,17,0.003662255,0.000557626,0.003104629
167,768,18,0.003592499,0.000457441,0.003135058
167,768,19,0.01344004,0.010193328,0.003246712
167,768,20,0.021515831,0.018022506,0.003493325
167,768,21,0.024064598,0.020845908,0.00321869
167,768,22,0.005360209,0.002006644,0.003353565
167,768,23,0.005198013,0.001870945,0.003327068
167,768,24,0.005589481,0.002242416,0.003347065
167,768,25,0.005495551,0.00206174,0.003433811
167,768,26,0.00502718,0.001414049,0.003613131
167,768,27,0.004887328,0.001277007,0.003610321
167,768,28,0.004871924,0.001165001,0.003706923
167,768,29,0.004927758,0.001168057,0.003759701
167,768,30,0.004611732,0.00083709,0.003774642
167,768,31,0.004754396,0.000900338,0.003854058
167,768,32,0.004675366,0.000781052,0.003894314
167,768,33,0.004637705,0.000680504,0.003957201
167,768,34,0.004611682,0.000599606,0.004012076
167,768,35,0.00474259,0.000634158,0.004108432
167,768,36,0.004549297,0.000539766,0.004009531
167,768,37,0.00470058,0.000646989,0.004053591
167,768,38,0.004627391,0.000582069,0.004045322
167,768,39,0.004563237,0.00058841,0.003974827
167,768,40,0.004680177,0.00066156,0.004018617
167,768,41,0.004791499,0.000783583,0.004007916
167,768,42,0.004657113,0.000667787,0.003989326
167,768,43,0.004584403,0.000593105,0.003991298
167,768,44,0.004660798,0.000609162,0.004051636
167,768,45,0.004518804,0.000603104,0.0039157
167,768,46,0.004714073,0.000799036,0.003915037
167,768,47,0.004765577,0.000869043,0.003896534
167,768,48,0.004638609,0.000818094,0.003820515
167,768,49,0.004754262,0.000926216,0.003828046
167,768,50,0.004808301,0.000932568,0.003875733
167,768,51,0.004713461,0.000876552,0.003836909
167,768,52,0.004838431,0.000911952,0.003926479
167,768,53,0.004569677,0.000798396,0.003771281
167,768,54,0.004799801,0.000903193,0.003896608
167,768,55,0.004773851,0.000890618,0.003883233
167,768,56,0.004804608,0.000906205,0.003898403
167,768,57,0.004996614,0.001088538,0.003908076
167,768,58,0.004677131,0.000770115,0.003907016
167,768,59,0.004714298,0.000725627,0.003988671
167,768,60,0.004702122,0.000725717,0.003976405
167,768,61,0.004502548,0.000636762,0.003865786
167,768,62,0.004537917,0.0006382,0.003899717
167,768,63,0.004471355,0.000657879,0.003813476
167,768,64,0.004518162,0.000668221,0.003849941
167,768,65,0.004400726,0.000662751,0.003737975
167,768,66,0.004463131,0.000621922,0.003841209
167,768,67,0.004415889,0.000616992,0.003798897
167,768,68,0.004274703,0.000558092,0.003716611
167,768,69,0.004226408,0.000578633,0.003647775
167,768,70,0.004184558,0.000609028,0.00357553
167,768,71,0.004212171,0.000584266,0.003627905
167,768,72,0.004782556,0.00096239,0.003820166
167,768,73,0.004883701,0.000995396,0.003888305
167,768,74,0.004791764,0.001046392,0.003745372
167,768,75,0.004499032,0.000862724,0.003636308
167,768,76,0.004497937,0.000884589,0.003613348
167,768,77,0.004754727,0.001154431,0.003600296
167,768,78,0.004647918,0.000968846,0.003679072
167,768,79,0.007179714,0.003674367,0.003505347
167,768,80,0.005024684,0.001406284,0.0036184
167,768,81,0.00417644,0.000574883,0.003601557
167,768,82,0.00410781,0.000513052,0.003594758
167,768,83,0.004271373,0.000697884,0.003573489
167,768,84,0.004523237,0.000914765,0.003608472
167,768,85,0.005294079,0.001540224,0.003753855
167,768,86,0.005336421,0.00190897,0.003427451
167,768,87,0.004900487,0.001490582,0.003409905
167,768,88,0.005294635,0.001899801,0.003394834
167,768,89,0.004666207,0.001013477,0.00365273
167,768,90,0.007675546,0.004066164,0.003609382
167,768,91,0.004357613,0.000747239,0.003610374
167,768,92,0.004350279,0.000729553,0.003620726
167,768,93,0.004068482,0.000715604,0.003352878
167,768,94,0.004351662,0.000920643,0.003431019
167,768,95,0.004102784,0.000707807,0.003394977
167,768,96,0.007272656,0.004024782,0.003247874
167,768,97,0.004678866,0.001269455,0.003409411
167,768,98,0.007581775,0.004185764,0.003396011
167,768,99,0.005135631,0.001655994,0.003479637
167,768,100,0.004521524,0.000869476,0.003652048
167,768,101,0.005750513,0.002203361,0.003547152
167,768,102,0.005173325,0.001584921,0.003588404
167,768,103,0.006225554,0.002661193,0.003564361
167,768,104,0.006423047,0.002678014,0.003745033
167,768,105,0.004603102,0.000764007,0.003839095
167,768,106,0.005028829,0.001145447,0.003883382
167,768,107,0.004322922,0.000477706,0.003845216
167,768,108,0.006813937,0.003178864,0.003635073
167,768,109,0.005337932,0.001533715,0.003804217
167,768,110,0.004262307,0.000689445,0.003572862
168,768,1,0.807520473,0.676039411,0.131481062
168,768,2,0.003689367,0.000517047,0.00317232
168,768,3,0.003664819,0.000436655,0.003228164
168,768,4,0.003587566,0.000421413,0.003166153
168,768,5,0.003596822,0.000401846,0.003194976
168,768,6,0.003549538,0.000409109,0.003140429
168,768,7,0.003556034,0.00038748,0.003168554
168,768,8,0.003548873,0.000424156,0.003124717
168,768,9,0.003564105,0.000379602,0.003184503
168,768,10,0.014709533,0.01163711,0.003072423
168,768,11,0.004519979,0.001458261,0.003061718
168,768,12,0.003981573,0.000841243,0.00314033
168,768,13,0.003746917,0.000562477,0.00318444
168,768,14,0.003641861,0.000439655,0.003202206
168,768,15,0.003594866,0.000467073,0.003127793
168,768,16,0.003739348,0.000553799,0.003185549
168,768,17,0.003625946,0.000433295,0.003192651
168,768,18,0.003607969,0.000440117,0.003167852
168,768,19,0.030816725,0.027494516,0.003322209
168,768,20,0.024384023,0.020545836,0.003838187
168,768,21,0.005211693,0.001302601,0.003909092
168,768,22,0.005286754,0.001425078,0.003861676
168,768,23,0.005501827,0.001677688,0.003824139
168,768,24,0.005396555,0.001406082,0.003990473
168,768,25,0.004825582,0.000856035,0.003969547
168,768,26,0.00489665,0.000854436,0.004042214
168,768,27,0.004791571,0.000795192,0.003996379
168,768,28,0.004817659,0.000785324,0.004032335
168,768,29,0.004647964,0.000710094,0.00393787
168,768,30,0.004683,0.000690107,0.003992893
168,768,31,0.004603722,0.000671005,0.003932717
168,768,32,0.004575254,0.000666187,0.003909067
168,768,33,0.004513427,0.000625829,0.003887598
168,768,34,0.004707864,0.000762998,0.003944866
168,768,35,0.004566366,0.000677445,0.003888921
168,768,36,0.004657345,0.000703647,0.003953698
168,768,37,0.004543816,0.000703295,0.003840521
168,768,38,0.004686889,0.000701464,0.003985425
168,768,39,0.004692644,0.000692836,0.003999808
168,768,40,0.004759148,0.000801767,0.003957381
168,768,41,0.0046072,0.000676409,0.003930791
168,768,42,0.004670068,0.000701153,0.003968915
168,768,43,0.004613837,0.000719647,0.00389419
168,768,44,0.004641873,0.000668888,0.003972985
168,768,45,0.0047527,0.000677368,0.004075332
168,768,46,0.004761813,0.000748324,0.004013489
168,768,47,0.004692114,0.000725539,0.003966575
168,768,48,0.004682328,0.000716886,0.003965442
168,768,49,0.004797375,0.000794832,0.004002543
168,768,50,0.004739649,0.000786302,0.003953347
168,768,51,0.004735494,0.000913566,0.003821928
168,768,52,0.004716255,0.000863964,0.003852291
168,768,53,0.004715991,0.000787264,0.003928727
168,768,54,0.004789643,0.000838588,0.003951055
168,768,55,0.004786276,0.000819079,0.003967197
168,768,56,0.004902606,0.000900658,0.004001948
168,768,57,0.004731429,0.000744081,0.003987348
168,768,58,0.004630534,0.000742892,0.003887642
168,768,59,0.004647934,0.000739188,0.003908746
168,768,60,0.004485689,0.00072046,0.003765229
168,768,61,0.00461147,0.000701825,0.003909645
168,768,62,0.004486576,0.00079837,0.003688206
168,768,63,0.004519586,0.000776435,0.003743151
168,768,64,0.00435915,0.000793005,0.003566145
168,768,65,0.004353794,0.000725007,0.003628787
168,768,66,0.004284075,0.000674859,0.003609216
168,768,67,0.00427898,0.00070411,0.00357487
168,768,68,0.004240246,0.000683215,0.003557031
168,768,69,0.004159104,0.000604716,0.003554388
168,768,70,0.004348747,0.000712969,0.003635778
168,768,71,0.005008698,0.001288327,0.003720371
168,768,72,0.004589825,0.000815938,0.003773887
168,768,73,0.004641468,0.000905922,0.003735546
168,768,74,0.004577704,0.000890856,0.003686848
168,768,75,0.005001044,0.001393284,0.00360776
168,768,76,0.004742503,0.00086726,0.003875243
168,768,77,0.004662108,0.000837737,0.003824371
168,768,78,0.007335003,0.003815976,0.003519027
168,768,79,0.004911332,0.001178946,0.003732386
168,768,80,0.004129715,0.000465426,0.003664289
168,768,81,0.004196506,0.000550968,0.003645538
168,768,82,0.004157952,0.000565855,0.003592097
168,768,83,0.004376726,0.00068469,0.003692036
168,768,84,0.003949588,0.000420739,0.003528849
168,768,85,0.00644956,0.003123059,0.003326501
168,768,86,0.005229741,0.00174015,0.003489591
168,768,87,0.005210683,0.001662855,0.003547828
168,768,88,0.00457746,0.00106589,0.00351157
168,768,89,0.007711148,0.004073946,0.003637202
168,768,90,0.004402611,0.000690317,0.003712294
168,768,91,0.004233672,0.000596343,0.003637329
168,768,92,0.004355717,0.000870424,0.003485293
168,768,93,0.004275839,0.000850701,0.003425138
168,768,94,0.004300432,0.000846496,0.003453936
168,768,95,0.007407022,0.003942478,0.003464544
168,768,96,0.004647053,0.001132805,0.003514248
168,768,97,0.007170265,0.003809029,0.003361236
168,768,98,0.005030718,0.001668551,0.003362167
168,768,99,0.004430393,0.001003636,0.003426757
168,768,100,0.004399572,0.000879986,0.003519586
168,768,101,0.004301176,0.000806733,0.003494443
168,768,102,0.004964139,0.001622621,0.003341518
168,768,103,0.005231714,0.001920073,0.003311641
168,768,104,0.006179275,0.002836994,0.003342281
168,768,105,0.006743073,0.003357493,0.00338558
168,768,106,0.004741262,0.001154696,0.003586566
168,768,107,0.004505782,0.001049544,0.003456238
168,768,108,0.004335622,0.000852836,0.003482786
168,768,109,0.006788715,0.003374322,0.003414393
168,768,110,0.005035905,0.0017909,0.003245005
169,768,1,0.759723647,0.635211562,0.124512085
169,768,2,0.060186963,0.057156519,0.003030444
169,768,3,0.003802422,0.000693339,0.003109083
169,768,4,0.003609647,0.000467499,0.003142148
169,768,5,0.003565506,0.000463321,0.003102185
169,768,6,0.003666755,0.000535097,0.003131658
169,768,7,0.003508376,0.0003567,0.003151676
169,768,8,0.003542893,0.000454289,0.003088604
169,768,9,0.015187417,0.012163625,0.003023792
169,768,10,0.004361324,0.001326205,0.003035119
169,768,11,0.004033706,0.00089443,0.003139276
169,768,12,0.00386639,0.000719663,0.003146727
169,768,13,0.003607134,0.000512294,0.00309484
169,768,14,0.003721661,0.00058081,0.003140851
169,768,15,0.003712324,0.000575421,0.003136903
169,768,16,0.003546588,0.000460039,0.003086549
169,768,17,0.003617139,0.000504891,0.003112248
169,768,18,0.030418786,0.02727229,0.003146496
169,768,19,0.024099925,0.020472596,0.003627329
169,768,20,0.005261818,0.001454635,0.003807183
169,768,21,0.00534328,0.001629588,0.003713692
169,768,22,0.00550273,0.001802098,0.003700632
169,768,23,0.005257736,0.001552849,0.003704887
169,768,24,0.004697655,0.000863647,0.003834008
169,768,25,0.00448728,0.000691479,0.003795801
169,768,26,0.004648953,0.000762889,0.003886064
169,768,27,0.004792733,0.000879181,0.003913552
169,768,28,0.004518106,0.00068551,0.003832596
169,768,29,0.004899593,0.001018593,0.003881
169,768,30,0.004477655,0.000605413,0.003872242
169,768,31,0.00450146,0.000639751,0.003861709
169,768,32,0.004654944,0.000809405,0.003845539
169,768,33,0.004480132,0.000616608,0.003863524
169,768,34,0.004696311,0.000875719,0.003820592
169,768,35,0.004521052,0.00067995,0.003841102
169,768,36,0.004509257,0.000713361,0.003795896
169,768,37,0.004735723,0.000884548,0.003851175
169,768,38,0.004589826,0.000728121,0.003861705
169,768,39,0.004620175,0.000799565,0.00382061
169,768,40,0.004744945,0.000868907,0.003876038
169,768,41,0.004782681,0.000874936,0.003907745
169,768,42,0.004556264,0.000718991,0.003837273
169,768,43,0.00461528,0.000790888,0.003824392
169,768,44,0.004778801,0.000855886,0.003922915
169,768,45,0.004492337,0.000661057,0.00383128
169,768,46,0.004793297,0.000916748,0.003876549
169,768,47,0.004784512,0.00090637,0.003878142
169,768,48,0.004826827,0.000865773,0.003961054
169,768,49,0.004606282,0.0007862,0.003820082
169,768,50,0.004757211,0.000954949,0.003802262
169,768,51,0.004735612,0.00091566,0.003819952
169,768,52,0.004835238,0.001009232,0.003826006
169,768,53,0.004658756,0.00086403,0.003794726
169,768,54,0.004638292,0.000921878,0.003716414
169,768,55,0.0048767,0.001092118,0.003784582
169,768,56,0.0047739,0.00101592,0.00375798
169,768,57,0.004993141,0.001169563,0.003823578
169,768,58,0.004687186,0.000900729,0.003786457
169,768,59,0.004654982,0.000816018,0.003838964
169,768,60,0.004523336,0.000801926,0.00372141
169,768,61,0.004453493,0.000734504,0.003718989
169,768,62,0.004666791,0.00094661,0.003720181
169,768,63,0.004349459,0.000801389,0.00354807
169,768,64,0.004526265,0.000957547,0.003568718
169,768,65,0.004270246,0.000778444,0.003491802
169,768,66,0.004359979,0.000831932,0.003528047
169,768,67,0.004229149,0.000746742,0.003482407
169,768,68,0.004289692,0.00087602,0.003413672
169,768,69,0.004781567,0.001417928,0.003363639
169,768,70,0.004955364,0.001472996,0.003482368
169,768,71,0.004490638,0.000929752,0.003560886
169,768,72,0.004744626,0.001091905,0.003652721
169,768,73,0.004502254,0.000885351,0.003616903
169,768,74,0.004573662,0.001059548,0.003514114
169,768,75,0.004973055,0.001432645,0.00354041
169,768,76,0.004604709,0.000885406,0.003719303
169,768,77,0.004659904,0.00091586,0.003744044
169,768,78,0.00489466,0.00132207,0.00357259
169,768,79,0.006247148,0.002744119,0.003503029
169,768,80,0.004803645,0.001329689,0.003473956
169,768,81,0.004245458,0.000645924,0.003599534
169,768,82,0.004281929,0.000645808,0.003636121
169,768,83,0.00405577,0.000569046,0.003486724
169,768,84,0.006950188,0.003689674,0.003260514
169,768,85,0.005003,0.001730362,0.003272638
169,768,86,0.005237223,0.001826607,0.003410616
169,768,87,0.004629057,0.001257271,0.003371786
169,768,88,0.007745594,0.004329829,0.003415765
169,768,89,0.004495752,0.000877854,0.003617898
169,768,90,0.004355322,0.00074476,0.003610562
169,768,91,0.004411918,0.000891075,0.003520843
169,768,92,0.004237096,0.00082629,0.003410806
169,768,93,0.004376564,0.000927173,0.003449391
169,768,94,0.006975752,0.003755121,0.003220631
169,768,95,0.004608812,0.001311717,0.003297095
169,768,96,0.004500967,0.001061583,0.003439384
169,768,97,0.004006985,0.000756862,0.003250123
169,768,98,0.006872792,0.003679837,0.003192955
169,768,99,0.00512512,0.001873931,0.003251189
169,768,100,0.004534618,0.001060753,0.003473865
169,768,101,0.004270176,0.000797145,0.003473031
169,768,102,0.004251564,0.00084994,0.003401624
169,768,103,0.005203219,0.001845605,0.003357614
169,768,104,0.005118827,0.001820943,0.003297884
169,768,105,0.006468145,0.003287804,0.003180341
169,768,106,0.006722629,0.003366901,0.003355728
169,768,107,0.004550758,0.001102707,0.003448051
169,768,108,0.004279398,0.000898944,0.003380454
169,768,109,0.004265351,0.000912444,0.003352907
169,768,110,0.006588595,0.003463941,0.003124654
170,768,1,0.754389272,0.631204142,0.12318513
170,768,2,0.018478976,0.015390438,0.003088538
170,768,3,0.040818528,0.037773436,0.003045092
170,768,4,0.003947652,0.000780734,0.003166918
170,768,5,0.003503597,0.000381815,0.003121782
170,768,6,0.003604869,0.000459058,0.003145811
170,768,7,0.003651001,0.000552965,0.003098036
170,768,8,0.015637221,0.012608889,0.003028332
170,768,9,0.004351419,0.001318822,0.003032597
170,768,10,0.003892871,0.000788434,0.003104437
170,768,11,0.003850874,0.000735773,0.003115101
170,768,12,0.003770487,0.000642299,0.003128188
170,768,13,0.003797001,0.000658422,0.003138579
170,768,14,0.003677921,0.000583679,0.003094242
170,768,15,0.003608159,0.000507938,0.003100221
170,768,16,0.003668756,0.000523092,0.003145664
170,768,17,0.029428629,0.026329303,0.003099326
170,768,18,0.024439951,0.020820177,0.003619774
170,768,19,0.005085581,0.001343254,0.003742327
170,768,20,0.005514879,0.001779282,0.003735597
170,768,21,0.00548271,0.001764886,0.003717824
170,768,22,0.005250056,0.001467021,0.003783035
170,768,23,0.004550948,0.000716246,0.003834702
170,768,24,0.004566878,0.00071201,0.003854868
170,768,25,0.004505923,0.000630204,0.003875719
170,768,26,0.004844606,0.000903324,0.003941282
170,768,27,0.004597177,0.00068096,0.003916217
170,768,28,0.004795594,0.000833556,0.003962038
170,768,29,0.00445552,0.000523803,0.003931717
170,768,30,0.004542237,0.000631259,0.003910978
170,768,31,0.004722994,0.000803546,0.003919448
170,768,32,0.004422197,0.000545922,0.003876275
170,768,33,0.004742511,0.000804634,0.003937877
170,768,34,0.004514083,0.000577047,0.003937036
170,768,35,0.004478201,0.00056883,0.003909371
170,768,36,0.004641195,0.000745126,0.003896069
170,768,37,0.004487008,0.000587617,0.003899391
170,768,38,0.004651047,0.000761909,0.003889138
170,768,39,0.004517864,0.000581113,0.003936751
170,768,40,0.004590871,0.000692024,0.003898847
170,768,41,0.004519648,0.000580568,0.00393908
170,768,42,0.004544729,0.000607404,0.003937325
170,768,43,0.004558877,0.000612831,0.003946046
170,768,44,0.004527758,0.000609012,0.003918746
170,768,45,0.004538679,0.000589576,0.003949103
170,768,46,0.004501667,0.000615236,0.003886431
170,768,47,0.004668885,0.000785971,0.003882914
170,768,48,0.004750775,0.000861441,0.003889334
170,768,49,0.004914219,0.001016864,0.003897355
170,768,50,0.004484141,0.000678154,0.003805987
170,768,51,0.004768497,0.00100288,0.003765617
170,768,52,0.00473088,0.000940448,0.003790432
170,768,53,0.004887015,0.001074012,0.003813003
170,768,54,0.004462211,0.000739777,0.003722434
170,768,55,0.004712095,0.000934671,0.003777424
170,768,56,0.004868939,0.00118419,0.003684749
170,768,57,0.004821299,0.001013195,0.003808104
170,768,58,0.004992009,0.001224144,0.003767865
170,768,59,0.00459855,0.000878707,0.003719843
170,768,60,0.004583736,0.000968224,0.003615512
170,768,61,0.004593307,0.000872196,0.003721111
170,768,62,0.004381295,0.000704571,0.003676724
170,768,63,0.004670879,0.001023219,0.00364766
170,768,64,0.004217787,0.000647376,0.003570411
170,768,65,0.004467051,0.000929048,0.003538003
170,768,66,0.004211599,0.000734558,0.003477041
170,768,67,0.004914805,0.00146596,0.003448845
170,768,68,0.005286019,0.001933556,0.003352463
170,768,69,0.004741532,0.001393047,0.003348485
170,768,70,0.0043923,0.000976207,0.003416093
170,768,71,0.004751355,0.001288162,0.003463193
170,768,72,0.004474956,0.000906402,0.003568554
170,768,73,0.004351607,0.00074234,0.003609267
170,768,74,0.004677922,0.001104844,0.003573078
170,768,75,0.004706358,0.001215805,0.003490553
170,768,76,0.005263304,0.001694177,0.003569127
170,768,77,0.00521896,0.00164387,0.00357509
170,768,78,0.004269021,0.000745185,0.003523836
170,768,79,0.004956018,0.001385459,0.003570559
170,768,80,0.004510476,0.001015066,0.00349541
170,768,81,0.004801568,0.001294081,0.003507487
170,768,82,0.004640911,0.001061449,0.003579462
170,768,83,0.007266154,0.00397483,0.003291324
170,768,84,0.00462728,0.001367127,0.003260153
170,768,85,0.005140798,0.00181432,0.003326478
170,768,86,0.004713044,0.001297861,0.003415183
170,768,87,0.004590077,0.001158622,0.003431455
170,768,88,0.004527482,0.0010947,0.003432782
170,768,89,0.007291044,0.003708197,0.003582847
170,768,90,0.004562369,0.000958964,0.003603405
170,768,91,0.004383955,0.00091993,0.003464025
170,768,92,0.004217204,0.000847527,0.003369677
170,768,93,0.004378021,0.000947157,0.003430864
170,768,94,0.004243692,0.000845392,0.0033983
170,768,95,0.006763761,0.003352906,0.003410855
170,768,96,0.004698907,0.001238547,0.00346036
170,768,97,0.003927877,0.000645265,0.003282612
170,768,98,0.004530224,0.001306081,0.003224143
170,768,99,0.006672833,0.003371903,0.00330093
170,768,100,0.005339626,0.001860824,0.003478802
170,768,101,0.004185048,0.000710311,0.003474737
170,768,102,0.004321928,0.000908203,0.003413725
170,768,103,0.004364762,0.000834477,0.003530285
170,768,104,0.004956152,0.001587595,0.003368557
170,768,105,0.005478123,0.002232193,0.00324593
170,768,106,0.006403818,0.003175943,0.003227875
170,768,107,0.006520479,0.003251115,0.003269364
170,768,108,0.004396572,0.000987304,0.003409268
170,768,109,0.004323444,0.000974326,0.003349118
170,768,110,0.004675112,0.001240711,0.003434401
171,768,1,0.754285349,0.630609551,0.123675798
171,768,2,0.003616854,0.000469967,0.003146887
171,768,3,0.003552885,0.000392958,0.003159927
171,768,4,0.040037848,0.036993123,0.003044725
171,768,5,0.00403522,0.000897589,0.003137631
171,768,6,0.003495434,0.000386815,0.003108619
171,768,7,0.016477141,0.01344579,0.003031351
171,768,8,0.004144925,0.001114564,0.003030361
171,768,9,0.003861029,0.000722714,0.003138315
171,768,10,0.003800689,0.000635387,0.003165302
171,768,11,0.003777891,0.000675647,0.003102244
171,768,12,0.003827419,0.000732465,0.003094954
171,768,13,0.003705775,0.000599368,0.003106407
171,768,14,0.003772408,0.000637405,0.003135003
171,768,15,0.00354382,0.000454994,0.003088826
171,768,16,0.029136878,0.026066419,0.003070459
171,768,17,0.024280759,0.020854935,0.003425824
171,768,18,0.004946538,0.001452328,0.00349421
171,768,19,0.005510063,0.001819963,0.0036901
171,768,20,0.005527096,0.001845202,0.003681894
171,768,21,0.005181009,0.001407053,0.003773956
171,768,22,0.004575813,0.000738102,0.003837711
171,768,23,0.004483902,0.00064993,0.003833972
171,768,24,0.004527727,0.000637535,0.003890192
171,768,25,0.004736464,0.000809071,0.003927393
171,768,26,0.004697157,0.00081417,0.003882987
171,768,27,0.004697695,0.000771701,0.003925994
171,768,28,0.004512572,0.000622917,0.003889655
171,768,29,0.004541328,0.000650272,0.003891056
171,768,30,0.004723746,0.000849284,0.003874462
171,768,31,0.004501193,0.000623728,0.003877465
171,768,32,0.004622685,0.000704954,0.003917731
171,768,33,0.004460013,0.000615288,0.003844725
171,768,34,0.004543885,0.000711847,0.003832038
171,768,35,0.004660415,0.000760971,0.003899444
171,768,36,0.004450366,0.000619349,0.003831017
171,768,37,0.004739522,0.0008382,0.003901322
171,768,38,0.004483388,0.000614728,0.00386866
171,768,39,0.004587669,0.000671405,0.003916264
171,768,40,0.004448985,0.000571913,0.003877072
171,768,41,0.004586629,0.000661312,0.003925317
171,768,42,0.004442753,0.000567133,0.00387562
171,768,43,0.004447232,0.000567851,0.003879381
171,768,44,0.004479891,0.000652101,0.00382779
171,768,45,0.004710114,0.000848465,0.003861649
171,768,46,0.004511416,0.000586339,0.003925077
171,768,47,0.004549509,0.000677632,0.003871877
171,768,48,0.004507645,0.000641968,0.003865677
171,768,49,0.004530407,0.000669708,0.003860699
171,768,50,0.004445042,0.000578295,0.003866747
171,768,51,0.004476769,0.000675989,0.00380078
171,768,52,0.004740099,0.000929607,0.003810492
171,768,53,0.004811436,0.000934057,0.003877379
171,768,54,0.004777851,0.000987943,0.003789908
171,768,55,0.004532082,0.000689907,0.003842175
171,768,56,0.00462274,0.000871702,0.003751038
171,768,57,0.004864323,0.001074192,0.003790131
171,768,58,0.00482703,0.001088983,0.003738047
171,768,59,0.004920325,0.001262667,0.003657658
171,768,60,0.004515947,0.000918056,0.003597891
171,768,61,0.004644485,0.000957839,0.003686646
171,768,62,0.004509825,0.00091474,0.003595085
171,768,63,0.005094667,0.001471087,0.00362358
171,768,64,0.004195956,0.000591743,0.003604213
171,768,65,0.004028929,0.000578198,0.003450731
171,768,66,0.00612409,0.002710015,0.003414075
171,768,67,0.005471827,0.002006597,0.00346523
171,768,68,0.004373267,0.00092009,0.003453177
171,768,69,0.004276545,0.000917692,0.003358853
171,768,70,0.004385771,0.000995498,0.003390273
171,768,71,0.004767866,0.001256789,0.003511077
171,768,72,0.004427712,0.000865668,0.003562044
171,768,73,0.004285881,0.000723212,0.003562669
171,768,74,0.004638159,0.001136228,0.003501931
171,768,75,0.005833857,0.002396876,0.003436981
171,768,76,0.005328221,0.001769476,0.003558745
171,768,77,0.004158631,0.000638088,0.003520543
171,768,78,0.004472783,0.000955703,0.00351708
171,768,79,0.004740437,0.001176569,0.003563868
171,768,80,0.004600967,0.001071005,0.003529962
171,768,81,0.004742173,0.001185554,0.003556619
171,768,82,0.004331165,0.000809702,0.003521463
171,768,83,0.004480422,0.000944686,0.003535736
171,768,84,0.007573541,0.004315449,0.003258092
171,768,85,0.005102691,0.001746279,0.003356412
171,768,86,0.004732484,0.001355049,0.003377435
171,768,87,0.004557305,0.001193201,0.003364104
171,768,88,0.004525346,0.001128196,0.00339715
171,768,89,0.004497758,0.00100382,0.003493938
171,768,90,0.006547366,0.002983095,0.003564271
171,768,91,0.004902759,0.001357757,0.003545002
171,768,92,0.004155893,0.000789795,0.003366098
171,768,93,0.004317056,0.000998288,0.003318768
171,768,94,0.004332395,0.000967572,0.003364823
171,768,95,0.004089285,0.000779431,0.003309854
171,768,96,0.006549097,0.003206821,0.003342276
171,768,97,0.004482486,0.001309162,0.003173324
171,768,98,0.004606172,0.001256903,0.003349269
171,768,99,0.004504957,0.001205773,0.003299184
171,768,100,0.006505954,0.003129344,0.00337661
171,768,101,0.005053332,0.00164315,0.003410182
171,768,102,0.004748388,0.001328182,0.003420206
171,768,103,0.004199242,0.00081841,0.003380832
171,768,104,0.005131154,0.001770109,0.003361045
171,768,105,0.004711786,0.001499985,0.003211801
171,768,106,0.004988639,0.001603568,0.003385071
171,768,107,0.006378175,0.003064157,0.003314018
171,768,108,0.00615505,0.002844018,0.003311032
171,768,109,0.004564154,0.001161134,0.00340302
171,768,110,0.004695826,0.001269392,0.003426434
172,768,1,0.756438442,0.632954384,0.123484058
172,768,2,0.015943806,0.012861466,0.00308234
172,768,3,0.004191002,0.001072296,0.003118706
172,768,4,0.011978849,0.008946094,0.003032755
172,768,5,0.030970489,0.02791724,0.003053249
172,768,6,0.017630415,0.01459074,0.003039675
172,768,7,0.00395129,0.000930487,0.003020803
172,768,8,0.003753176,0.000646781,0.003106395
172,768,9,0.003827232,0.000727883,0.003099349
172,768,10,0.003729906,0.000598629,0.003131277
172,768,11,0.003868891,0.000728149,0.003140742
172,768,12,0.003912418,0.000769227,0.003143191
172,768,13,0.00366083,0.000558721,0.003102109
172,768,14,0.003607069,0.000499118,0.003107951
172,768,15,0.028961958,0.025924924,0.003037034
172,768,16,0.024141554,0.020820344,0.00332121
172,768,17,0.004861873,0.001433252,0.003428621
172,768,18,0.005331665,0.001743296,0.003588369
172,768,19,0.005525373,0.001785283,0.00374009
172,768,20,0.005118657,0.001275953,0.003842704
172,768,21,0.004504666,0.000646346,0.00385832
172,768,22,0.004492672,0.000649612,0.00384306
172,768,23,0.004528164,0.00068747,0.003840694
172,768,24,0.004698834,0.000813048,0.003885786
172,768,25,0.004645672,0.000757137,0.003888535
172,768,26,0.004730227,0.000785349,0.003944878
172,768,27,0.004468509,0.000602009,0.0038665
172,768,28,0.004603824,0.000696856,0.003906968
172,768,29,0.004688154,0.000809849,0.003878305
172,768,30,0.004537564,0.000602462,0.003935102
172,768,31,0.004618169,0.000793669,0.0038245
172,768,32,0.004489024,0.000599951,0.003889073
172,768,33,0.004550169,0.000799695,0.003750474
172,768,34,0.004587661,0.000671421,0.00391624
172,768,35,0.004512678,0.00078523,0.003727448
172,768,36,0.004655722,0.000780029,0.003875693
172,768,37,0.004486842,0.000731442,0.0037554
172,768,38,0.004568353,0.000665832,0.003902521
172,768,39,0.004356008,0.000593794,0.003762214
172,768,40,0.004695781,0.000736304,0.003959477
172,768,41,0.004384229,0.000569774,0.003814455
172,768,42,0.004574108,0.000636875,0.003937233
172,768,43,0.004505973,0.000644304,0.003861669
172,768,44,0.004689589,0.000636422,0.004053167
172,768,45,0.00446593,0.000590184,0.003875746
172,768,46,0.004543237,0.000555842,0.003987395
172,768,47,0.004544643,0.000644615,0.003900028
172,768,48,0.004555946,0.000610937,0.003945009
172,768,49,0.004441034,0.000538915,0.003902119
172,768,50,0.004512785,0.000555595,0.00395719
172,768,51,0.004558787,0.000695366,0.003863421
172,768,52,0.004518151,0.000648684,0.003869467
172,768,53,0.00456938,0.000706188,0.003863192
172,768,54,0.004669541,0.00077417,0.003895371
172,768,55,0.004574532,0.000799383,0.003775149
172,768,56,0.004583263,0.000751808,0.003831455
172,768,57,0.004591034,0.000766116,0.003824918
172,768,58,0.004542232,0.000798473,0.003743759
172,768,59,0.004747893,0.000928682,0.003819211
172,768,60,0.004729816,0.000928998,0.003800818
172,768,61,0.005639575,0.002019986,0.003619589
172,768,62,0.005246013,0.001609446,0.003636567
172,768,63,0.00423869,0.000564841,0.003673849
172,768,64,0.004198648,0.000649427,0.003549221
172,768,65,0.006251656,0.002853419,0.003398237
172,768,66,0.005364915,0.001783242,0.003581673
172,768,67,0.004357211,0.000683688,0.003673523
172,768,68,0.004042273,0.000546641,0.003495632
172,768,69,0.00416566,0.000758123,0.003407537
172,768,70,0.004537592,0.001103169,0.003434423
172,768,71,0.004578992,0.001048884,0.003530108
172,768,72,0.004606729,0.001065631,0.003541098
172,768,73,0.004641194,0.001163064,0.00347813
172,768,74,0.006002063,0.002582661,0.003419402
172,768,75,0.005219421,0.001596709,0.003622712
172,768,76,0.004247894,0.00063332,0.003614574
172,768,77,0.004497143,0.000931646,0.003565497
172,768,78,0.00410522,0.000608366,0.003496854
172,768,79,0.00482836,0.001233909,0.003594451
172,768,80,0.004466644,0.000924376,0.003542268
172,768,81,0.004656713,0.001059294,0.003597419
172,768,82,0.004498621,0.000978787,0.003519834
172,768,83,0.004656178,0.001129698,0.00352648
172,768,84,0.004515859,0.000965242,0.003550617
172,768,85,0.007151214,0.003782729,0.003368485
172,768,86,0.005001992,0.001549495,0.003452497
172,768,87,0.004540545,0.001104813,0.003435732
172,768,88,0.004497749,0.001017396,0.003480353
172,768,89,0.004432557,0.000999562,0.003432995
172,768,90,0.004764135,0.001207702,0.003556433
172,768,91,0.005863689,0.002350318,0.003513371
172,768,92,0.004946513,0.0014687,0.003477813
172,768,93,0.004414615,0.000903214,0.003511401
172,768,94,0.004181117,0.000735429,0.003445688
172,768,95,0.004133528,0.000774517,0.003359011
172,768,96,0.004349842,0.000875161,0.003474681
172,768,97,0.006197433,0.002974404,0.003223029
172,768,98,0.005143715,0.001743227,0.003400488
172,768,99,0.004377357,0.001040597,0.00333676
172,768,100,0.007122368,0.003696891,0.003425477
172,768,101,0.005436553,0.002004262,0.003432291
172,768,102,0.004216651,0.000785666,0.003430985
172,768,103,0.004385848,0.000993354,0.003392494
172,768,104,0.004268969,0.000823895,0.003445074
172,768,105,0.004328424,0.000935818,0.003392606
172,768,106,0.004627459,0.001411142,0.003216317
172,768,107,0.008461272,0.005168055,0.003293217
172,768,108,0.004418008,0.000963018,0.00345499
172,768,109,0.00538127,0.001976344,0.003404926
172,768,110,0.004532281,0.001150285,0.003381996
173,768,1,0.754034807,0.630917905,0.123116902
173,768,2,0.011859658,0.008737801,0.003121857
173,768,3,0.003656381,0.000537025,0.003119356
173,768,4,0.003574658,0.000463908,0.00311075
173,768,5,0.053423074,0.050399675,0.003023399
173,768,6,0.003919807,0.000820647,0.00309916
173,768,7,0.003626065,0.000512108,0.003113957
173,768,8,0.003683544,0.000529666,0.003153878
173,768,9,0.003726427,0.000619596,0.003106831
173,768,10,0.003820532,0.000716036,0.003104496
173,768,11,0.00399278,0.000892702,0.003100078
173,768,12,0.003716554,0.000601119,0.003115435
173,768,13,0.00379039,0.000604292,0.003186098
173,768,14,0.028770075,0.025734728,0.003035347
173,768,15,0.024118209,0.020927503,0.003190706
173,768,16,0.00470594,0.00139717,0.00330877
173,768,17,0.005203833,0.001706354,0.003497479
173,768,18,0.005394375,0.001629633,0.003764742
173,768,19,0.00498154,0.001109951,0.003871589
173,768,20,0.004512903,0.000643665,0.003869238
173,768,21,0.004501407,0.000649795,0.003851612
173,768,22,0.004534668,0.000665523,0.003869145
173,768,23,0.004641298,0.000781351,0.003859947
173,768,24,0.00461629,0.000739682,0.003876608
173,768,25,0.004649582,0.000831973,0.003817609
173,768,26,0.004541018,0.000667102,0.003873916
173,768,27,0.004613954,0.000760109,0.003853845
173,768,28,0.004675147,0.000760417,0.00391473
173,768,29,0.004536043,0.000674499,0.003861544
173,768,30,0.004632472,0.000752675,0.003879797
173,768,31,0.004443435,0.000664462,0.003778973
173,768,32,0.004720396,0.000847321,0.003873075
173,768,33,0.004467755,0.00067555,0.003792205
173,768,34,0.00460291,0.000728806,0.003874104
173,768,35,0.004539246,0.000735822,0.003803424
173,768,36,0.004591339,0.000716906,0.003874433
173,768,37,0.004445718,0.000622463,0.003823255
173,768,38,0.004522787,0.000608774,0.003914013
173,768,39,0.004427486,0.000578562,0.003848924
173,768,40,0.004603364,0.000615055,0.003988309
173,768,41,0.004461333,0.000582106,0.003879227
173,768,42,0.004591344,0.000606625,0.003984719
173,768,43,0.00447464,0.000562039,0.003912601
173,768,44,0.004616179,0.00056639,0.004049789
173,768,45,0.004446365,0.000558083,0.003888282
173,768,46,0.00463235,0.000569019,0.004063331
173,768,47,0.00444815,0.000564778,0.003883372
173,768,48,0.004571116,0.000551421,0.004019695
173,768,49,0.004464928,0.000571078,0.00389385
173,768,50,0.004632787,0.000574313,0.004058474
173,768,51,0.004449847,0.000614457,0.00383539
173,768,52,0.004580088,0.000630489,0.003949599
173,768,53,0.004706155,0.00080992,0.003896235
173,768,54,0.004626123,0.000694468,0.003931655
173,768,55,0.004573084,0.000678492,0.003894592
173,768,56,0.004532017,0.000743914,0.003788103
173,768,57,0.004651386,0.000832283,0.003819103
173,768,58,0.004630365,0.000786748,0.003843617
173,768,59,0.004567425,0.000765385,0.00380204
173,768,60,0.004443776,0.000612527,0.003831249
173,768,61,0.004330758,0.000637084,0.003693674
173,768,62,0.004989591,0.001310147,0.003679444
173,768,63,0.005324917,0.001656492,0.003668425
173,768,64,0.00709783,0.003563264,0.003534566
173,768,65,0.004945319,0.001391287,0.003554032
173,768,66,0.004390009,0.000924585,0.003465424
173,768,67,0.004208494,0.000637624,0.00357087
173,768,68,0.004260038,0.000737205,0.003522833
173,768,69,0.004228711,0.000818091,0.00341062
173,768,70,0.004491643,0.00101124,0.003480403
173,768,71,0.004790143,0.001317179,0.003472964
173,768,72,0.004812048,0.001357885,0.003454163
173,768,73,0.006074723,0.00257615,0.003498573
173,768,74,0.004974975,0.001408246,0.003566729
173,768,75,0.004356804,0.000624247,0.003732557
173,768,76,0.004591879,0.000775421,0.003816458
173,768,77,0.003997035,0.0004243,0.003572735
173,768,78,0.004457947,0.000927461,0.003530486
173,768,79,0.00469838,0.001178631,0.003519749
173,768,80,0.004714035,0.001243814,0.003470221
173,768,81,0.004663313,0.001092729,0.003570584
173,768,82,0.004468671,0.00102393,0.003444741
173,768,83,0.004482349,0.001037085,0.003445264
173,768,84,0.005562534,0.002238343,0.003324191
173,768,85,0.005275688,0.001921412,0.003354276
173,768,86,0.005339459,0.001836534,0.003502925
173,768,87,0.004819167,0.001374599,0.003444568
173,768,88,0.004663799,0.001219065,0.003444734
173,768,89,0.004626408,0.001106093,0.003520315
173,768,90,0.005627107,0.002079856,0.003547251
173,768,91,0.005264891,0.001748543,0.003516348
173,768,92,0.004217076,0.00079673,0.003420346
173,768,93,0.004432098,0.000957397,0.003474701
173,768,94,0.004212051,0.000798146,0.003413905
173,768,95,0.004033325,0.000695894,0.003337431
173,768,96,0.00431276,0.000864163,0.003448597
173,768,97,0.004330468,0.000872562,0.003457906
173,768,98,0.006095407,0.00279377,0.003301637
173,768,99,0.004981415,0.001709823,0.003271592
173,768,100,0.004527126,0.001187887,0.003339239
173,768,101,0.006904573,0.003491756,0.003412817
173,768,102,0.005369667,0.002029943,0.003339724
173,768,103,0.004428075,0.001107995,0.00332008
173,768,104,0.004342393,0.000969272,0.003373121
173,768,105,0.00426924,0.000940261,0.003328979
173,768,106,0.006269523,0.002932438,0.003337085
173,768,107,0.00409893,0.000700688,0.003398242
173,768,108,0.006622234,0.003254959,0.003367275
173,768,109,0.004433218,0.001060006,0.003373212
173,768,110,0.005997459,0.002566271,0.003431188
174,768,1,0.760375165,0.635792563,0.124582602
174,768,2,0.003708249,0.000556906,0.003151343
174,768,3,0.00356447,0.0004085,0.00315597
174,768,4,0.053431617,0.050406414,0.003025203
174,768,5,0.003820394,0.000703744,0.00311665
174,768,6,0.003684482,0.000538349,0.003146133
174,768,7,0.003571247,0.00046741,0.003103837
174,768,8,0.003603266,0.000483886,0.00311938
174,768,9,0.003864843,0.000728154,0.003136689
174,768,10,0.00386407,0.000715689,0.003148381
174,768,11,0.003958524,0.000805074,0.00315345
174,768,12,0.003670919,0.000576564,0.003094355
174,768,13,0.02852968,0.025496998,0.003032682
174,768,14,0.024480864,0.021302306,0.003178558
174,768,15,0.004545496,0.001229216,0.00331628
174,768,16,0.005095134,0.001626631,0.003468503
174,768,17,0.005095113,0.001457905,0.003637208
174,768,18,0.004816761,0.001040523,0.003776238
174,768,19,0.004546235,0.000642168,0.003904067
174,768,20,0.004542863,0.000680769,0.003862094
174,768,21,0.00451712,0.000643832,0.003873288
174,768,22,0.004605132,0.000692916,0.003912216
174,768,23,0.004612284,0.000716157,0.003896127
174,768,24,0.004661814,0.000726521,0.003935293
174,768,25,0.004531446,0.000733911,0.003797535
174,768,26,0.004610647,0.000726478,0.003884169
174,768,27,0.004580853,0.000698517,0.003882336
174,768,28,0.004606158,0.000759659,0.003846499
174,768,29,0.004598775,0.000725987,0.003872788
174,768,30,0.004535753,0.000734438,0.003801315
174,768,31,0.004666873,0.000760988,0.003905885
174,768,32,0.004589924,0.000717142,0.003872782
174,768,33,0.004521885,0.000719336,0.003802549
174,768,34,0.004569874,0.000724253,0.003845621
174,768,35,0.004531429,0.000727163,0.003804266
174,768,36,0.004483584,0.000677686,0.003805898
174,768,37,0.004441967,0.000686536,0.003755431
174,768,38,0.004498216,0.000650878,0.003847338
174,768,39,0.004467385,0.000692588,0.003774797
174,768,40,0.004462253,0.000632389,0.003829864
174,768,41,0.004460535,0.000629823,0.003830712
174,768,42,0.004519256,0.000627867,0.003891389
174,768,43,0.004452698,0.000615923,0.003836775
174,768,44,0.004553049,0.000627259,0.00392579
174,768,45,0.004470343,0.000615722,0.003854621
174,768,46,0.004570025,0.000602912,0.003967113
174,768,47,0.004508337,0.000601546,0.003906791
174,768,48,0.004618367,0.000591743,0.004026624
174,768,49,0.004528772,0.000620277,0.003908495
174,768,50,0.004551381,0.000640877,0.003910504
174,768,51,0.004519625,0.000622306,0.003897319
174,768,52,0.004511875,0.000642821,0.003869054
174,768,53,0.004622401,0.000733799,0.003888602
174,768,54,0.004497953,0.000662364,0.003835589
174,768,55,0.00454277,0.000647118,0.003895652
174,768,56,0.004443877,0.000658114,0.003785763
174,768,57,0.004464417,0.000620779,0.003843638
174,768,58,0.004464627,0.000679508,0.003785119
174,768,59,0.004609403,0.000853839,0.003755564
174,768,60,0.005027749,0.001162354,0.003865395
174,768,61,0.004397895,0.000658514,0.003739381
174,768,62,0.004458652,0.00071837,0.003740282
174,768,63,0.004399064,0.000749117,0.003649947
174,768,64,0.005167749,0.001533605,0.003634144
174,768,65,0.006846984,0.003410753,0.003436231
174,768,66,0.005093284,0.001578463,0.003514821
174,768,67,0.004436703,0.000871829,0.003564874
174,768,68,0.004220244,0.000726117,0.003494127
174,768,69,0.00426359,0.00083394,0.00342965
174,768,70,0.004370944,0.000945313,0.003425631
174,768,71,0.004849781,0.001235212,0.003614569
174,768,72,0.007639442,0.00401171,0.003627732
174,768,73,0.004659856,0.001065535,0.003594321
174,768,74,0.00432427,0.000693993,0.003630277
174,768,75,0.004407104,0.000599437,0.003807667
174,768,76,0.004331171,0.00048303,0.003848141
174,768,77,0.00412477,0.000544329,0.003580441
174,768,78,0.005138009,0.001622974,0.003515035
174,768,79,0.004664456,0.001087047,0.003577409
174,768,80,0.004293055,0.000711286,0.003581769
174,768,81,0.00415918,0.000578322,0.003580858
174,768,82,0.004383359,0.000923601,0.003459758
174,768,83,0.006364112,0.003055204,0.003308908
174,768,84,0.004937397,0.001659375,0.003278022
174,768,85,0.005172733,0.001798845,0.003373888
174,768,86,0.005020763,0.001546908,0.003473855
174,768,87,0.004706701,0.001272305,0.003434396
174,768,88,0.004508747,0.001021005,0.003487742
174,768,89,0.004492994,0.000984675,0.003508319
174,768,90,0.004645219,0.000898202,0.003747017
174,768,91,0.004726188,0.001131039,0.003595149
174,768,92,0.005067746,0.001584097,0.003483649
174,768,93,0.004211858,0.00079683,0.003415028
174,768,94,0.00433837,0.000895755,0.003442615
174,768,95,0.004176693,0.000811048,0.003365645
174,768,96,0.00423129,0.000798928,0.003432362
174,768,97,0.004173177,0.000750452,0.003422725
174,768,98,0.005687869,0.002473828,0.003214041
174,768,99,0.005156105,0.001873454,0.003282651
174,768,100,0.007631049,0.004187638,0.003443411
174,768,101,0.004287549,0.000786869,0.00350068
174,768,102,0.004117903,0.000728629,0.003389274
174,768,103,0.005381347,0.002060319,0.003321028
174,768,104,0.004415425,0.001025943,0.003389482
174,768,105,0.004154051,0.000822983,0.003331068
174,768,106,0.004738892,0.001417439,0.003321453
174,768,107,0.005825407,0.002505105,0.003320302
174,768,108,0.005540424,0.002133232,0.003407192
174,768,109,0.006058303,0.002720936,0.003337367
174,768,110,0.005343396,0.001976063,0.003367333
175,768,1,0.751700011,0.627162046,0.124537965
175,768,2,0.059940859,0.056832424,0.003108435
175,768,3,0.003705117,0.000598459,0.003106658
175,768,4,0.003571168,0.000464147,0.003107021
175,768,5,0.053393649,0.050373619,0.00302003
175,768,6,0.003885332,0.000790329,0.003095003
175,768,7,0.003651626,0.000544787,0.003106839
175,768,8,0.003715939,0.00056661,0.003149329
175,768,9,0.003636964,0.000539533,0.003097431
175,768,10,0.003905824,0.000800876,0.003104948
175,768,11,0.003903361,0.000802447,0.003100914
175,768,12,0.029391828,0.026363702,0.003028126
175,768,13,0.024440122,0.021288273,0.003151849
175,768,14,0.004412275,0.00120612,0.003206155
175,768,15,0.004928514,0.001582101,0.003346413
175,768,16,0.00491164,0.001524061,0.003387579
175,768,17,0.004724035,0.001125499,0.003598536
175,768,18,0.004324673,0.000682472,0.003642201
175,768,19,0.004416102,0.000691648,0.003724454
175,768,20,0.004600581,0.000908365,0.003692216
175,768,21,0.004481342,0.000758417,0.003722925
175,768,22,0.004718561,0.000917972,0.003800589
175,768,23,0.004484272,0.000650462,0.00383381
175,768,24,0.004522357,0.000721818,0.003800539
175,768,25,0.004593114,0.000772051,0.003821063
175,768,26,0.004466526,0.000709368,0.003757158
175,768,27,0.004756705,0.000948498,0.003808207
175,768,28,0.004466371,0.000698859,0.003767512
175,768,29,0.004609681,0.00077013,0.003839551
175,768,30,0.004596046,0.000782961,0.003813085
175,768,31,0.004432485,0.000680356,0.003752129
175,768,32,0.004495922,0.000683949,0.003811973
175,768,33,0.004427356,0.000711501,0.003715855
175,768,34,0.004551427,0.000763599,0.003787828
175,768,35,0.004433941,0.000641479,0.003792462
175,768,36,0.004468962,0.00066256,0.003806402
175,768,37,0.00448344,0.000636148,0.003847292
175,768,38,0.004450877,0.000607676,0.003843201
175,768,39,0.004507684,0.000600062,0.003907622
175,768,40,0.00443471,0.000587482,0.003847228
175,768,41,0.004471004,0.000572537,0.003898467
175,768,42,0.004505231,0.00060832,0.003896911
175,768,43,0.004555587,0.000744812,0.003810775
175,768,44,0.004821001,0.000924854,0.003896147
175,768,45,0.004489083,0.000613949,0.003875134
175,768,46,0.004505566,0.000666844,0.003838722
175,768,47,0.004758725,0.000927868,0.003830857
175,768,48,0.00451646,0.000715976,0.003800484
175,768,49,0.004713432,0.000865136,0.003848296
175,768,50,0.004658623,0.000848853,0.00380977
175,768,51,0.004469776,0.000670273,0.003799503
175,768,52,0.004729711,0.00101354,0.003716171
175,768,53,0.00444112,0.000664727,0.003776393
175,768,54,0.004549255,0.000750601,0.003798654
175,768,55,0.004491838,0.000660444,0.003831394
175,768,56,0.004469873,0.000736953,0.00373292
175,768,57,0.004491925,0.000681855,0.00381007
175,768,58,0.004652473,0.000942722,0.003709751
175,768,59,0.004853252,0.001105273,0.003747979
175,768,60,0.004497332,0.000864736,0.003632596
175,768,61,0.004409494,0.00076967,0.003639824
175,768,62,0.004584559,0.000903392,0.003681167
175,768,63,0.0043453,0.000713508,0.003631792
175,768,64,0.004297268,0.000600274,0.003696994
175,768,65,0.004185101,0.000596902,0.003588199
175,768,66,0.008664867,0.005221769,0.003443098
175,768,67,0.004319785,0.000737585,0.0035822
175,768,68,0.004092695,0.000588115,0.00350458
175,768,69,0.004198671,0.000803399,0.003395272
175,768,70,0.004294584,0.000917493,0.003377091
175,768,71,0.005369773,0.001893069,0.003476704
175,768,72,0.004670049,0.001155807,0.003514242
175,768,73,0.006028385,0.002530426,0.003497959
175,768,74,0.004773977,0.001273408,0.003500569
175,768,75,0.004421567,0.000739405,0.003682162
175,768,76,0.004384384,0.000654259,0.003730125
175,768,77,0.006099617,0.002650413,0.003449204
175,768,78,0.004528362,0.001075909,0.003452453
175,768,79,0.004248269,0.000751056,0.003497213
175,768,80,0.004189277,0.000709459,0.003479818
175,768,81,0.004192565,0.000774874,0.003417691
175,768,82,0.006765422,0.003387278,0.003378144
175,768,83,0.004779713,0.001425365,0.003354348
175,768,84,0.004690635,0.001403409,0.003287226
175,768,85,0.004947246,0.001617808,0.003329438
175,768,86,0.004932294,0.001486784,0.00344551
175,768,87,0.004553444,0.001085658,0.003467786
175,768,88,0.004379309,0.000928533,0.003450776
175,768,89,0.004622247,0.000981092,0.003641155
175,768,90,0.0043779,0.000741293,0.003636607
175,768,91,0.00432319,0.000741326,0.003581864
175,768,92,0.004233489,0.000790858,0.003442631
175,768,93,0.004929187,0.00150674,0.003422447
175,768,94,0.004200443,0.000797349,0.003403094
175,768,95,0.004034772,0.000755107,0.003279665
175,768,96,0.005080249,0.001746425,0.003333824
175,768,97,0.005607472,0.002379148,0.003228324
175,768,98,0.005045378,0.001803767,0.003241611
175,768,99,0.00770592,0.004444321,0.003261599
175,768,100,0.004524954,0.001013414,0.00351154
175,768,101,0.004122205,0.000645175,0.00347703
175,768,102,0.004019187,0.000672479,0.003346708
175,768,103,0.004449411,0.00106894,0.003380471
175,768,104,0.004518836,0.001210056,0.00330878
175,768,105,0.005522157,0.002085387,0.00343677
175,768,106,0.004657168,0.001337857,0.003319311
175,768,107,0.006625181,0.003256565,0.003368616
175,768,108,0.006275065,0.002903072,0.003371993
175,768,109,0.005237014,0.001892947,0.003344067
175,768,110,0.004534019,0.001104145,0.003429874
176,768,1,0.753384849,0.63046327,0.122921579
176,768,2,0.012854631,0.009825845,0.003028786
176,768,3,0.011708589,0.008673112,0.003035477
176,768,4,0.003815195,0.00069885,0.003116345
176,768,5,0.012665058,0.00964335,0.003021708
176,768,6,0.043848187,0.040824259,0.003023928
176,768,7,0.004162849,0.001024562,0.003138287
176,768,8,0.003539938,0.000439352,0.003100586
176,768,9,0.003720852,0.000595224,0.003125628
176,768,10,0.003804624,0.000680159,0.003124465
176,768,11,0.030460223,0.027435187,0.003025036
176,768,12,0.024339453,0.021211312,0.003128141
176,768,13,0.004346802,0.001136759,0.003210043
176,768,14,0.004820152,0.001501913,0.003318239
176,768,15,0.004885418,0.00158003,0.003305388
176,768,16,0.00447736,0.000945915,0.003531445
176,768,17,0.004235118,0.000582355,0.003652763
176,768,18,0.004366928,0.000686464,0.003680464
176,768,19,0.004647394,0.00073762,0.003909774
176,768,20,0.004458513,0.000684914,0.003773599
176,768,21,0.004595795,0.00077121,0.003824585
176,768,22,0.004448223,0.000644411,0.003803812
176,768,23,0.004547277,0.000661324,0.003885953
176,768,24,0.004606033,0.000773483,0.00383255
176,768,25,0.004515005,0.000736786,0.003778219
176,768,26,0.004668482,0.000800607,0.003867875
176,768,27,0.004545657,0.000741493,0.003804164
176,768,28,0.004564815,0.000727728,0.003837087
176,768,29,0.004573175,0.000711708,0.003861467
176,768,30,0.004462039,0.000721356,0.003740683
176,768,31,0.004530088,0.000693472,0.003836616
176,768,32,0.004501848,0.000715357,0.003786491
176,768,33,0.004478468,0.00066828,0.003810188
176,768,34,0.004436802,0.000688529,0.003748273
176,768,35,0.004417282,0.000641411,0.003775871
176,768,36,0.004519742,0.00075374,0.003766002
176,768,37,0.004424318,0.000635972,0.003788346
176,768,38,0.004452745,0.000668938,0.003783807
176,768,39,0.004404736,0.000648837,0.003755899
176,768,40,0.004539024,0.000703065,0.003835959
176,768,41,0.004414026,0.000629579,0.003784447
176,768,42,0.004697607,0.000865349,0.003832258
176,768,43,0.004706881,0.000920885,0.003785996
176,768,44,0.004485351,0.000690363,0.003794988
176,768,45,0.004602156,0.000836876,0.00376528
176,768,46,0.004770792,0.000988761,0.003782031
176,768,47,0.004530147,0.000763679,0.003766468
176,768,48,0.00468939,0.000870075,0.003819315
176,768,49,0.004695518,0.000870472,0.003825046
176,768,50,0.004454081,0.000691457,0.003762624
176,768,51,0.004757042,0.000943124,0.003813918
176,768,52,0.004413637,0.000679782,0.003733855
176,768,53,0.004600609,0.000726104,0.003874505
176,768,54,0.004373495,0.000627236,0.003746259
176,768,55,0.004616447,0.000793636,0.003822811
176,768,56,0.004454466,0.000751819,0.003702647
176,768,57,0.004730951,0.000971228,0.003759723
176,768,58,0.004679884,0.000952227,0.003727657
176,768,59,0.004700604,0.000883153,0.003817451
176,768,60,0.004383104,0.000715105,0.003667999
176,768,61,0.004602372,0.000818955,0.003783417
176,768,62,0.004323017,0.000611347,0.00371167
176,768,63,0.004251529,0.000644136,0.003607393
176,768,64,0.004366801,0.000676289,0.003690512
176,768,65,0.004215767,0.00072415,0.003491617
176,768,66,0.00471077,0.001202088,0.003508682
176,768,67,0.007205176,0.003692046,0.00351313
176,768,68,0.004328236,0.000831889,0.003496347
176,768,69,0.004220103,0.000790638,0.003429465
176,768,70,0.006023108,0.002649012,0.003374096
176,768,71,0.004846702,0.001270553,0.003576149
176,768,72,0.004753045,0.001168609,0.003584436
176,768,73,0.0042016,0.000641337,0.003560263
176,768,74,0.004645721,0.001110367,0.003535354
176,768,75,0.005073472,0.001357295,0.003716177
176,768,76,0.007205334,0.003621772,0.003583562
176,768,77,0.004510641,0.0008836,0.003627041
176,768,78,0.004140403,0.000623644,0.003516759
176,768,79,0.004307476,0.00078316,0.003524316
176,768,80,0.004187817,0.000641087,0.00354673
176,768,81,0.006863159,0.003310497,0.003552662
176,768,82,0.004745367,0.001251076,0.003494291
176,768,83,0.004644431,0.001107135,0.003537296
176,768,84,0.004593182,0.001141246,0.003451936
176,768,85,0.004703095,0.001263031,0.003440064
176,768,86,0.004609146,0.001115453,0.003493693
176,768,87,0.004549867,0.001059329,0.003490538
176,768,88,0.004366358,0.000860913,0.003505445
176,768,89,0.004527265,0.000894331,0.003632934
176,768,90,0.004369285,0.000706488,0.003662797
176,768,91,0.004367315,0.000753633,0.003613682
176,768,92,0.004170468,0.000735426,0.003435042
176,768,93,0.004453517,0.000926536,0.003526981
176,768,94,0.004190542,0.000798564,0.003391978
176,768,95,0.005441431,0.002180206,0.003261225
176,768,96,0.004764104,0.00146397,0.003300134
176,768,97,0.004338491,0.000903948,0.003434543
176,768,98,0.009222582,0.006013962,0.00320862
176,768,99,0.004445488,0.001112685,0.003332803
176,768,100,0.004491543,0.000946403,0.00354514
176,768,101,0.004094777,0.000563895,0.003530882
176,768,102,0.004381488,0.000887768,0.00349372
176,768,103,0.004546264,0.001103189,0.003443075
176,768,104,0.00547405,0.002083666,0.003390384
176,768,105,0.004563614,0.001252809,0.003310805
176,768,106,0.006465113,0.003155423,0.00330969
176,768,107,0.006383926,0.003100432,0.003283494
176,768,108,0.005262347,0.001845802,0.003416545
176,768,109,0.004181769,0.000832812,0.003348957
176,768,110,0.005894328,0.002684882,0.003209446
177,768,1,0.756495268,0.632786643,0.123708625
177,768,2,0.018853074,0.015784091,0.003068983
177,768,3,0.003721533,0.000586381,0.003135152
177,768,4,0.012696979,0.009666101,0.003030878
177,768,5,0.0039214,0.000764176,0.003157224
177,768,6,0.00344521,0.000347353,0.003097857
177,768,7,0.042885453,0.039864705,0.003020748
177,768,8,0.004194759,0.001168597,0.003026162
177,768,9,0.003827657,0.000703592,0.003124065
177,768,10,0.003772057,0.000619008,0.003153049
177,768,11,0.051757046,0.04865689,0.003100156
177,768,12,0.00428423,0.001040597,0.003243633
177,768,13,0.004420919,0.001148803,0.003272116
177,768,14,0.004997979,0.001728106,0.003269873
177,768,15,0.004317692,0.000957557,0.003360135
177,768,16,0.004135674,0.000629835,0.003505839
177,768,17,0.004356878,0.000728604,0.003628274
177,768,18,0.004435951,0.000672426,0.003763525
177,768,19,0.004562365,0.000867775,0.00369459
177,768,20,0.004571023,0.000839082,0.003731941
177,768,21,0.004369116,0.000641328,0.003727788
177,768,22,0.00461279,0.000852486,0.003760304
177,768,23,0.004624441,0.000823547,0.003800894
177,768,24,0.004443713,0.000676712,0.003767001
177,768,25,0.00465903,0.00087732,0.00378171
177,768,26,0.004486897,0.000711275,0.003775622
177,768,27,0.0045956,0.000822181,0.003773419
177,768,28,0.004499081,0.000723747,0.003775334
177,768,29,0.004531146,0.000724466,0.00380668
177,768,30,0.004499885,0.000715622,0.003784263
177,768,31,0.004513921,0.000727541,0.00378638
177,768,32,0.004601428,0.000822847,0.003778581
177,768,33,0.004417209,0.00069242,0.003724789
177,768,34,0.004483704,0.000729408,0.003754296
177,768,35,0.004499485,0.000722901,0.003776584
177,768,36,0.004439628,0.000698633,0.003740995
177,768,37,0.00443372,0.000658043,0.003775677
177,768,38,0.004395722,0.000690197,0.003705525
177,768,39,0.004490165,0.00063043,0.003859735
177,768,40,0.004431099,0.000713397,0.003717702
177,768,41,0.004686663,0.000966323,0.00372034
177,768,42,0.004767037,0.001010502,0.003756535
177,768,43,0.004419306,0.000692935,0.003726371
177,768,44,0.004697515,0.000948738,0.003748777
177,768,45,0.004741819,0.000956895,0.003784924
177,768,46,0.004558377,0.000789344,0.003769033
177,768,47,0.004551454,0.000804817,0.003746637
177,768,48,0.004741461,0.000932369,0.003809092
177,768,49,0.004444498,0.000750828,0.00369367
177,768,50,0.004728211,0.000979212,0.003748999
177,768,51,0.00447975,0.000729066,0.003750684
177,768,52,0.004546436,0.000794447,0.003751989
177,768,53,0.004446635,0.000700306,0.003746329
177,768,54,0.004519069,0.00076776,0.003751309
177,768,55,0.004439047,0.000721032,0.003718015
177,768,56,0.004747053,0.00096972,0.003777333
177,768,57,0.004571453,0.000792401,0.003779052
177,768,58,0.00458919,0.000842027,0.003747163
177,768,59,0.004700881,0.000941423,0.003759458
177,768,60,0.004209962,0.000675599,0.003534363
177,768,61,0.004579044,0.000849757,0.003729287
177,768,62,0.004284288,0.000675548,0.00360874
177,768,63,0.00436203,0.000739064,0.003622966
177,768,64,0.004388639,0.000829489,0.00355915
177,768,65,0.004578524,0.001031021,0.003547503
177,768,66,0.004320751,0.00084859,0.003472161
177,768,67,0.004548942,0.001066828,0.003482114
177,768,68,0.006922954,0.00346174,0.003461214
177,768,69,0.006153451,0.002693902,0.003459549
177,768,70,0.004616013,0.001080517,0.003535496
177,768,71,0.004951263,0.001275102,0.003676161
177,768,72,0.004231226,0.000617047,0.003614179
177,768,73,0.00435093,0.000746854,0.003604076
177,768,74,0.00450998,0.000969188,0.003540792
177,768,75,0.004837134,0.001169616,0.003667518
177,768,76,0.004526447,0.000838448,0.003687999
177,768,77,0.006093238,0.002608604,0.003484634
177,768,78,0.004488451,0.001129594,0.003358857
177,768,79,0.004443808,0.000921996,0.003521812
177,768,80,0.007463842,0.004007757,0.003456085
177,768,81,0.004526068,0.001089853,0.003436215
177,768,82,0.004687319,0.001281108,0.003406211
177,768,83,0.004521624,0.001115479,0.003406145
177,768,84,0.004603094,0.001301022,0.003302072
177,768,85,0.004728805,0.001296134,0.003432671
177,768,86,0.004510335,0.001105183,0.003405152
177,768,87,0.004651826,0.001159212,0.003492614
177,768,88,0.004347442,0.000885203,0.003462239
177,768,89,0.004554168,0.00092218,0.003631988
177,768,90,0.004381731,0.000733609,0.003648122
177,768,91,0.004227476,0.000665847,0.003561629
177,768,92,0.00423015,0.000755907,0.003474243
177,768,93,0.004432642,0.000915583,0.003517059
177,768,94,0.005568992,0.002282192,0.0032868
177,768,95,0.004702906,0.001417974,0.003284932
177,768,96,0.004344541,0.000951033,0.003393508
177,768,97,0.009294416,0.006016969,0.003277447
177,768,98,0.004282444,0.001006946,0.003275498
177,768,99,0.004362895,0.001008283,0.003354612
177,768,100,0.004339024,0.000875175,0.003463849
177,768,101,0.004269864,0.000764623,0.003505241
177,768,102,0.004551851,0.001138125,0.003413726
177,768,103,0.005421379,0.002145001,0.003276378
177,768,104,0.004526617,0.001160465,0.003366152
177,768,105,0.006451383,0.003223109,0.003228274
177,768,106,0.00637364,0.003104808,0.003268832
177,768,107,0.005429165,0.002112558,0.003316607
177,768,108,0.004266289,0.000926763,0.003339526
177,768,109,0.005823495,0.002551404,0.003272091
177,768,110,0.004250564,0.000993398,0.003257166
178,768,1,0.76008687,0.636544574,0.123542296
178,768,2,0.003682209,0.000486807,0.003195402
178,768,3,0.012748692,0.009695685,0.003053007
178,768,4,0.003806235,0.000693226,0.003113009
178,768,5,0.003500822,0.000359718,0.003141104
178,768,6,0.022713999,0.019642405,0.003071594
178,768,7,0.012061021,0.009019525,0.003041496
178,768,8,0.014647033,0.011619581,0.003027452
178,768,9,0.004186674,0.001161065,0.003025609
178,768,10,0.052878299,0.049794116,0.003084183
178,768,11,0.004127713,0.001022749,0.003104964
178,768,12,0.004051675,0.000855422,0.003196253
178,768,13,0.004965253,0.001811821,0.003153432
178,768,14,0.004390421,0.001075121,0.0033153
178,768,15,0.004138279,0.000754468,0.003383811
178,768,16,0.004319409,0.000758795,0.003560614
178,768,17,0.004298173,0.000669778,0.003628395
178,768,18,0.004604456,0.00070851,0.003895946
178,768,19,0.004499388,0.000676514,0.003822874
178,768,20,0.00442215,0.000624135,0.003798015
178,768,21,0.004522541,0.000648567,0.003873974
178,768,22,0.004569488,0.00067531,0.003894178
178,768,23,0.004511371,0.000638426,0.003872945
178,768,24,0.004649939,0.000671424,0.003978515
178,768,25,0.004463024,0.000596788,0.003866236
178,768,26,0.004569688,0.000638658,0.00393103
178,768,27,0.004439039,0.000638111,0.003800928
178,768,28,0.004555312,0.000653237,0.003902075
178,768,29,0.004547572,0.000692558,0.003855014
178,768,30,0.004492244,0.000674012,0.003818232
178,768,31,0.004598737,0.000704219,0.003894518
178,768,32,0.004429087,0.00065083,0.003778257
178,768,33,0.004480583,0.000680114,0.003800469
178,768,34,0.004420435,0.000716251,0.003704184
178,768,35,0.004360937,0.000678884,0.003682053
178,768,36,0.004443979,0.00071539,0.003728589
178,768,37,0.004413922,0.00076207,0.003651852
178,768,38,0.0045341,0.000843708,0.003690392
178,768,39,0.004432601,0.000758567,0.003674034
178,768,40,0.004835029,0.001154337,0.003680692
178,768,41,0.004704241,0.00094283,0.003761411
178,768,42,0.004529815,0.000804692,0.003725123
178,768,43,0.004582356,0.000870596,0.00371176
178,768,44,0.004708092,0.000970924,0.003737168
178,768,45,0.004506958,0.000770065,0.003736893
178,768,46,0.004645656,0.000901487,0.003744169
178,768,47,0.004716046,0.000891722,0.003824324
178,768,48,0.004473063,0.000738762,0.003734301
178,768,49,0.004755013,0.000889962,0.003865051
178,768,50,0.00443957,0.000699164,0.003740406
178,768,51,0.004576697,0.00074693,0.003829767
178,768,52,0.004412615,0.000657714,0.003754901
178,768,53,0.004589285,0.000752189,0.003837096
178,768,54,0.00438919,0.000648824,0.003740366
178,768,55,0.004793163,0.000914547,0.003878616
178,768,56,0.004561189,0.000690323,0.003870866
178,768,57,0.004400577,0.000601389,0.003799188
178,768,58,0.004658734,0.000805082,0.003853652
178,768,59,0.004318861,0.000592806,0.003726055
178,768,60,0.004485974,0.000816215,0.003669759
178,768,61,0.004270068,0.000625404,0.003644664
178,768,62,0.004303092,0.000710711,0.003592381
178,768,63,0.004499774,0.000966051,0.003533723
178,768,64,0.004723857,0.001162976,0.003560881
178,768,65,0.004234638,0.000765733,0.003468905
178,768,66,0.00459992,0.001072871,0.003527049
178,768,67,0.007171545,0.003760155,0.00341139
178,768,68,0.005936513,0.002564954,0.003371559
178,768,69,0.004555445,0.001076134,0.003479311
178,768,70,0.004813941,0.001330505,0.003483436
178,768,71,0.004442113,0.000813015,0.003629098
178,768,72,0.004334784,0.000768867,0.003565917
178,768,73,0.004368012,0.000840832,0.00352718
178,768,74,0.004519745,0.000909373,0.003610372
178,768,75,0.00455026,0.000877494,0.003672766
178,768,76,0.004388843,0.000658928,0.003729915
178,768,77,0.004187572,0.000636718,0.003550854
178,768,78,0.005509492,0.002113639,0.003395853
178,768,79,0.004979303,0.001540157,0.003439146
178,768,80,0.004184165,0.000696075,0.00348809
178,768,81,0.007621649,0.004158149,0.0034635
178,768,82,0.004867215,0.001370712,0.003496503
178,768,83,0.004674552,0.001217897,0.003456655
178,768,84,0.004534218,0.001254694,0.003279524
178,768,85,0.004726217,0.001374569,0.003351648
178,768,86,0.004681866,0.001247363,0.003434503
178,768,87,0.004621482,0.001085142,0.00353634
178,768,88,0.004432118,0.000887531,0.003544587
178,768,89,0.004504219,0.000821648,0.003682571
178,768,90,0.004357666,0.000725783,0.003631883
178,768,91,0.004331526,0.000792494,0.003539032
178,768,92,0.004211455,0.000791543,0.003419912
178,768,93,0.006111204,0.002867015,0.003244189
178,768,94,0.005040211,0.001652325,0.003387886
178,768,95,0.004135351,0.000743751,0.0033916
178,768,96,0.007321437,0.004019012,0.003302425
178,768,97,0.005353677,0.002131414,0.003222263
178,768,98,0.004843777,0.001521373,0.003322404
178,768,99,0.004546427,0.001264402,0.003282025
178,768,100,0.004564538,0.001066127,0.003498411
178,768,101,0.004435836,0.00105656,0.003379276
178,768,102,0.005342479,0.002117811,0.003224668
178,768,103,0.004575952,0.001227035,0.003348917
178,768,104,0.00613128,0.002878315,0.003252965
178,768,105,0.006479792,0.003124226,0.003355566
178,768,106,0.005730942,0.002378368,0.003352574
178,768,107,0.004429529,0.000965863,0.003463666
178,768,108,0.005635718,0.002327886,0.003307832
178,768,109,0.004342392,0.000967003,0.003375389
178,768,110,0.004012487,0.000808399,0.003204088
179,768,1,0.756851506,0.63318415,0.123667356
179,768,2,0.016682154,0.013584403,0.003097751
179,768,3,0.003680277,0.000528956,0.003151321
179,768,4,0.012900659,0.009864997,0.003035662
179,768,5,0.023468001,0.020415261,0.00305274
179,768,6,0.012050687,0.008999833,0.003050854
179,768,7,0.004030654,0.000928826,0.003101828
179,768,8,0.003738413,0.000630798,0.003107615
179,768,9,0.063876736,0.060823749,0.003052987
179,768,10,0.00409562,0.0010082,0.00308742
179,768,11,0.003873032,0.000680349,0.003192683
179,768,12,0.004848056,0.001695282,0.003152774
179,768,13,0.004299351,0.001013413,0.003285938
179,768,14,0.004247662,0.000942134,0.003305528
179,768,15,0.004178092,0.000776008,0.003402084
179,768,16,0.00418717,0.000680327,0.003506843
179,768,17,0.004365406,0.00066097,0.003704436
179,768,18,0.004415865,0.00060072,0.003815145
179,768,19,0.004426962,0.000614976,0.003811986
179,768,20,0.004419014,0.000633088,0.003785926
179,768,21,0.004391297,0.000665033,0.003726264
179,768,22,0.004500252,0.000745632,0.00375462
179,768,23,0.004581627,0.000749301,0.003832326
179,768,24,0.004604836,0.00078348,0.003821356
179,768,25,0.004576717,0.000718003,0.003858714
179,768,26,0.004500892,0.000628099,0.003872793
179,768,27,0.00452629,0.000626651,0.003899639
179,768,28,0.004560161,0.000631377,0.003928784
179,768,29,0.004561416,0.00063155,0.003929866
179,768,30,0.00450196,0.000647595,0.003854365
179,768,31,0.004520238,0.000614901,0.003905337
179,768,32,0.004449759,0.000623308,0.003826451
179,768,33,0.004512498,0.000620843,0.003891655
179,768,34,0.004464545,0.000690279,0.003774266
179,768,35,0.00448985,0.000643922,0.003845928
179,768,36,0.004437645,0.000692507,0.003745138
179,768,37,0.004611817,0.000696859,0.003914958
179,768,38,0.004487505,0.000680904,0.003806601
179,768,39,0.004854664,0.001021235,0.003833429
179,768,40,0.004639522,0.000760383,0.003879139
179,768,41,0.004546091,0.000716982,0.003829109
179,768,42,0.004621372,0.000808321,0.003813051
179,768,43,0.00465936,0.000766106,0.003893254
179,768,44,0.004554299,0.000746185,0.003808114
179,768,45,0.004636669,0.000813363,0.003823306
179,768,46,0.004626693,0.000841616,0.003785077
179,768,47,0.004491539,0.000739892,0.003751647
179,768,48,0.00461853,0.000832506,0.003786024
179,768,49,0.004453654,0.000720972,0.003732682
179,768,50,0.004683338,0.000922715,0.003760623
179,768,51,0.004398518,0.000635282,0.003763236
179,768,52,0.004608549,0.000861194,0.003747355
179,768,53,0.004510828,0.000716732,0.003794096
179,768,54,0.00458837,0.000897084,0.003691286
179,768,55,0.004582129,0.00086239,0.003719739
179,768,56,0.00448491,0.000788088,0.003696822
179,768,57,0.004597618,0.000850656,0.003746962
179,768,58,0.004427635,0.0007338,0.003693835
179,768,59,0.004555252,0.000758102,0.00379715
179,768,60,0.004324577,0.000673704,0.003650873
179,768,61,0.004327394,0.000626692,0.003700702
179,768,62,0.004393824,0.000717223,0.003676601
179,768,63,0.004692569,0.001016144,0.003676425
179,768,64,0.004340233,0.000859667,0.003480566
179,768,65,0.004529133,0.001018674,0.003510459
179,768,66,0.005489197,0.002034104,0.003455093
179,768,67,0.007453075,0.004022806,0.003430269
179,768,68,0.00443563,0.001091619,0.003344011
179,768,69,0.004467867,0.001054314,0.003413553
179,768,70,0.004648699,0.001027308,0.003621391
179,768,71,0.004747877,0.000993744,0.003754133
179,768,72,0.004229949,0.000536569,0.00369338
179,768,73,0.004109394,0.000512955,0.003596439
179,768,74,0.004719837,0.001083303,0.003636534
179,768,75,0.004702649,0.000841101,0.003861548
179,768,76,0.004428784,0.000643232,0.003785552
179,768,77,0.004108954,0.000530551,0.003578403
179,768,78,0.004262917,0.000764183,0.003498734
179,768,79,0.004910845,0.001317081,0.003593764
179,768,80,0.004680474,0.001142096,0.003538378
179,768,81,0.004384603,0.000805734,0.003578869
179,768,82,0.007793257,0.004324212,0.003469045
179,768,83,0.005055205,0.00150222,0.003552985
179,768,84,0.00466177,0.001252705,0.003409065
179,768,85,0.004651234,0.001197681,0.003453553
179,768,86,0.004697909,0.001203333,0.003494576
179,768,87,0.00450045,0.00105116,0.00344929
179,768,88,0.004758511,0.001263846,0.003494665
179,768,89,0.004620603,0.001034269,0.003586334
179,768,90,0.004484598,0.000820488,0.00366411
179,768,91,0.004275245,0.000718437,0.003556808
179,768,92,0.006242297,0.003005177,0.00323712
179,768,93,0.005045829,0.001718618,0.003327211
179,768,94,0.004245493,0.000905193,0.0033403
179,768,95,0.007430605,0.004082019,0.003348586
179,768,96,0.005210093,0.00197675,0.003233343
179,768,97,0.004577959,0.001232804,0.003345155
179,768,98,0.004697344,0.001450134,0.00324721
179,768,99,0.004703509,0.001321698,0.003381811
179,768,100,0.004486484,0.001088406,0.003398078
179,768,101,0.005487069,0.002190011,0.003297058
179,768,102,0.004367404,0.001018486,0.003348918
179,768,103,0.006261089,0.002928005,0.003333084
179,768,104,0.006108253,0.002858373,0.00324988
179,768,105,0.005539172,0.002201258,0.003337914
179,768,106,0.004741228,0.001387689,0.003353539
179,768,107,0.005901264,0.00249141,0.003409854
179,768,108,0.004314656,0.000915378,0.003399278
179,768,109,0.004195797,0.000750282,0.003445515
179,768,110,0.003956034,0.000752195,0.003203839
180,768,1,0.759476424,0.635584635,0.123891789
180,768,2,0.003671302,0.000472412,0.00319889
180,768,3,0.014638009,0.011590473,0.003047536
180,768,4,0.023474572,0.020414798,0.003059774
180,768,5,0.01207555,0.009013359,0.003062191
180,768,6,0.00389038,0.000846277,0.003044103
180,768,7,0.003778312,0.000637841,0.003140471
180,768,8,0.063939387,0.060883489,0.003055898
180,768,9,0.004035997,0.000972397,0.0030636
180,768,10,0.003813689,0.000600335,0.003213354
180,768,11,0.00435997,0.001245044,0.003114926
180,768,12,0.004437578,0.001177591,0.003259987
180,768,13,0.004262519,0.000922745,0.003339774
180,768,14,0.004180747,0.000805939,0.003374808
180,768,15,0.004185457,0.000648033,0.003537424
180,768,16,0.004106292,0.000489151,0.003617141
180,768,17,0.004275154,0.000531941,0.003743213
180,768,18,0.004387705,0.000583568,0.003804137
180,768,19,0.004438961,0.000569505,0.003869456
180,768,20,0.004459721,0.000643485,0.003816236
180,768,21,0.004566016,0.000596544,0.003969472
180,768,22,0.004491572,0.000603058,0.003888514
180,768,23,0.004602241,0.000583099,0.004019142
180,768,24,0.004551789,0.000560356,0.003991433
180,768,25,0.004513019,0.000557373,0.003955646
180,768,26,0.004480313,0.000549892,0.003930421
180,768,27,0.004542096,0.000561861,0.003980235
180,768,28,0.004457333,0.000552829,0.003904504
180,768,29,0.00450959,0.000577837,0.003931753
180,768,30,0.004462979,0.000575566,0.003887413
180,768,31,0.004510357,0.000584472,0.003925885
180,768,32,0.004490758,0.000579944,0.003910814
180,768,33,0.004534434,0.00062287,0.003911564
180,768,34,0.004463399,0.000590947,0.003872452
180,768,35,0.004475872,0.000619888,0.003855984
180,768,36,0.004606856,0.000782139,0.003824717
180,768,37,0.004518648,0.000669733,0.003848915
180,768,38,0.004979802,0.001107517,0.003872285
180,768,39,0.004580829,0.000611456,0.003969373
180,768,40,0.004467848,0.000612392,0.003855456
180,768,41,0.004744815,0.00069184,0.004052975
180,768,42,0.00460539,0.000606269,0.003999121
180,768,43,0.004628264,0.000592271,0.004035993
180,768,44,0.004595415,0.000602521,0.003992894
180,768,45,0.00466391,0.000583304,0.004080606
180,768,46,0.004521948,0.000579797,0.003942151
180,768,47,0.004654919,0.000586525,0.004068394
180,768,48,0.00450026,0.000593526,0.003906734
180,768,49,0.004621702,0.000590698,0.004031004
180,768,50,0.004448544,0.0005496,0.003898944
180,768,51,0.004568154,0.000582823,0.003985331
180,768,52,0.004478996,0.000573084,0.003905912
180,768,53,0.00465592,0.000647564,0.004008356
180,768,54,0.004578667,0.000603071,0.003975596
180,768,55,0.004510285,0.000639686,0.003870599
180,768,56,0.00454574,0.000613755,0.003931985
180,768,57,0.004478795,0.000644393,0.003834402
180,768,58,0.004492896,0.000573447,0.003919449
180,768,59,0.004464625,0.00057065,0.003893975
180,768,60,0.004277808,0.000540231,0.003737577
180,768,61,0.004363623,0.000626303,0.00373732
180,768,62,0.004423767,0.000699694,0.003724073
180,768,63,0.004606205,0.000970776,0.003635429
180,768,64,0.004459522,0.000887656,0.003571866
180,768,65,0.005741913,0.002330025,0.003411888
180,768,66,0.004762139,0.001312271,0.003449868
180,768,67,0.004059089,0.00054818,0.003510909
180,768,68,0.006107625,0.002760423,0.003347202
180,768,69,0.004781385,0.001307991,0.003473394
180,768,70,0.004800869,0.001255051,0.003545818
180,768,71,0.00449735,0.000801417,0.003695933
180,768,72,0.004420853,0.000726836,0.003694017
180,768,73,0.004225327,0.000569802,0.003655525
180,768,74,0.004391723,0.000724021,0.003667702
180,768,75,0.004925938,0.001174875,0.003751063
180,768,76,0.004613739,0.000911924,0.003701815
180,768,77,0.004189965,0.000649314,0.003540651
180,768,78,0.004257462,0.000760733,0.003496729
180,768,79,0.005129737,0.001537459,0.003592278
180,768,80,0.005010688,0.001481796,0.003528892
180,768,81,0.005446275,0.002049489,0.003396786
180,768,82,0.005083031,0.001754922,0.003328109
180,768,83,0.005376495,0.001903019,0.003473476
180,768,84,0.004901433,0.001514908,0.003386525
180,768,85,0.004736125,0.001329761,0.003406364
180,768,86,0.004785729,0.001339992,0.003445737
180,768,87,0.005502123,0.002079119,0.003423004
180,768,88,0.004544904,0.001097661,0.003447243
180,768,89,0.004677786,0.000970031,0.003707755
180,768,90,0.004347875,0.000687921,0.003659954
180,768,91,0.006380572,0.00297997,0.003400602
180,768,92,0.00502623,0.001638014,0.003388216
180,768,93,0.004153189,0.000835527,0.003317662
180,768,94,0.00729366,0.003981511,0.003312149
180,768,95,0.005389437,0.002003982,0.003385455
180,768,96,0.004222601,0.000964136,0.003258465
180,768,97,0.004678541,0.001298965,0.003379576
180,768,98,0.004933086,0.001593335,0.003339751
180,768,99,0.004682704,0.001205381,0.003477323
180,768,100,0.005486027,0.002096432,0.003389595
180,768,101,0.004196074,0.000827314,0.00336876
180,768,102,0.006358321,0.003029454,0.003328867
180,768,103,0.00620861,0.002871771,0.003336839
180,768,104,0.005299451,0.002073883,0.003225568
180,768,105,0.004407564,0.001076746,0.003330818
180,768,106,0.00633116,0.003053931,0.003277229
180,768,107,0.004373141,0.000951751,0.00342139
180,768,108,0.00424699,0.000847469,0.003399521
180,768,109,0.004273548,0.000753443,0.003520105
180,768,110,0.006215636,0.00316136,0.003054276
181,768,1,0.754693109,0.631083938,0.123609171
181,768,2,0.03118599,0.028095983,0.003090007
181,768,3,0.023494692,0.020435919,0.003058773
181,768,4,0.01205677,0.008973545,0.003083225
181,768,5,0.003918191,0.00083298,0.003085211
181,768,6,0.003648207,0.000460972,0.003187235
181,768,7,0.064029057,0.060947482,0.003081575
181,768,8,0.0040196,0.00092724,0.00309236
181,768,9,0.003727938,0.000573103,0.003154835
181,768,10,0.004230041,0.000966147,0.003263894
181,768,11,0.004057515,0.000754962,0.003302553
181,768,12,0.004094005,0.000765496,0.003328509
181,768,13,0.00407743,0.000762681,0.003314749
181,768,14,0.00409159,0.000676363,0.003415227
181,768,15,0.004131246,0.000613995,0.003517251
181,768,16,0.004220888,0.000469001,0.003751887
181,768,17,0.004300469,0.000524729,0.00377574
181,768,18,0.004484884,0.000549301,0.003935583
181,768,19,0.004437185,0.000537095,0.00390009
181,768,20,0.004484848,0.0005528,0.003932048
181,768,21,0.004449437,0.000531719,0.003917718
181,768,22,0.0044507,0.0005455,0.0039052
181,768,23,0.004574801,0.000547637,0.004027164
181,768,24,0.004504757,0.00053604,0.003968717
181,768,25,0.004544597,0.000544482,0.004000115
181,768,26,0.004508842,0.000534584,0.003974258
181,768,27,0.004573193,0.000544654,0.004028539
181,768,28,0.004471614,0.000526297,0.003945317
181,768,29,0.004557601,0.000533464,0.004024137
181,768,30,0.004545594,0.000528515,0.004017079
181,768,31,0.004515543,0.000519781,0.003995762
181,768,32,0.004559954,0.000594314,0.00396564
181,768,33,0.004513599,0.000548498,0.003965101
181,768,34,0.004524195,0.000640527,0.003883668
181,768,35,0.004830125,0.000849022,0.003981103
181,768,36,0.004375733,0.000558111,0.003817622
181,768,37,0.005040652,0.001015867,0.004024785
181,768,38,0.004492796,0.000565386,0.00392741
181,768,39,0.004635808,0.000581342,0.004054466
181,768,40,0.004497058,0.000566056,0.003931002
181,768,41,0.004567081,0.000578453,0.003988628
181,768,42,0.004488712,0.000582449,0.003906263
181,768,43,0.00460894,0.000565574,0.004043366
181,768,44,0.004504088,0.000573259,0.003930829
181,768,45,0.004642181,0.000575032,0.004067149
181,768,46,0.004469442,0.000571586,0.003897856
181,768,47,0.004597631,0.000553821,0.00404381
181,768,48,0.004522487,0.000591763,0.003930724
181,768,49,0.00455758,0.000564248,0.003993332
181,768,50,0.004456976,0.000552669,0.003904307
181,768,51,0.004544682,0.000578312,0.00396637
181,768,52,0.004472686,0.000575107,0.003897579
181,768,53,0.004582803,0.000616814,0.003965989
181,768,54,0.004509065,0.000590287,0.003918778
181,768,55,0.004520487,0.000626999,0.003893488
181,768,56,0.004479585,0.000573112,0.003906473
181,768,57,0.004448072,0.000577902,0.00387017
181,768,58,0.00447288,0.000536657,0.003936223
181,768,59,0.00440507,0.00052885,0.00387622
181,768,60,0.004241428,0.000549717,0.003691711
181,768,61,0.005216238,0.001471527,0.003744711
181,768,62,0.004486587,0.000725196,0.003761391
181,768,63,0.004257069,0.000621999,0.00363507
181,768,64,0.004449917,0.000859011,0.003590906
181,768,65,0.004978035,0.001466966,0.003511069
181,768,66,0.004684555,0.001042847,0.003641708
181,768,67,0.004611142,0.001018414,0.003592728
181,768,68,0.00410534,0.00059893,0.00350641
181,768,69,0.006253307,0.002783535,0.003469772
181,768,70,0.005077463,0.001384736,0.003692727
181,768,71,0.004425066,0.000732623,0.003692443
181,768,72,0.004412534,0.000744687,0.003667847
181,768,73,0.004379813,0.000715051,0.003664762
181,768,74,0.005571571,0.0020523,0.003519271
181,768,75,0.004769349,0.001042825,0.003726524
181,768,76,0.004397884,0.000606574,0.00379131
181,768,77,0.004171587,0.000538784,0.003632803
181,768,78,0.005091122,0.001650668,0.003440454
181,768,79,0.00505074,0.001593844,0.003456896
181,768,80,0.005198202,0.001753502,0.0034447
181,768,81,0.004815624,0.001264399,0.003551225
181,768,82,0.004945949,0.001387134,0.003558815
181,768,83,0.004553587,0.001043939,0.003509648
181,768,84,0.00495534,0.001519977,0.003435363
181,768,85,0.005346251,0.00198578,0.003360471
181,768,86,0.005614963,0.002247138,0.003367825
181,768,87,0.004735974,0.001266377,0.003469597
181,768,88,0.004431232,0.000922647,0.003508585
181,768,89,0.004510028,0.000874935,0.003635093
181,768,90,0.006574266,0.003098994,0.003475272
181,768,91,0.005038671,0.001533279,0.003505392
181,768,92,0.004378928,0.000860271,0.003518657
181,768,93,0.007200981,0.003901991,0.00329899
181,768,94,0.00529568,0.001864898,0.003430782
181,768,95,0.004536598,0.001073427,0.003463171
181,768,96,0.004180509,0.000896097,0.003284412
181,768,97,0.004600915,0.001348419,0.003252496
181,768,98,0.0049097,0.001656215,0.003253485
181,768,99,0.005926859,0.002459792,0.003467067
181,768,100,0.004142119,0.000622168,0.003519951
181,768,101,0.006280681,0.00297541,0.003305271
181,768,102,0.006370481,0.003060651,0.00330983
181,768,103,0.005025472,0.00175341,0.003272062
181,768,104,0.004412886,0.001202913,0.003209973
181,768,105,0.006365113,0.00307242,0.003292693
181,768,106,0.004497612,0.001125921,0.003371691
181,768,107,0.00419913,0.000773515,0.003425615
181,768,108,0.004239899,0.000767191,0.003472708
181,768,109,0.006473164,0.003273725,0.003199439
181,768,110,0.005303554,0.002249279,0.003054275
182,768,1,0.754445146,0.630784815,0.123660331
182,768,2,0.023550181,0.020519418,0.003030763
182,768,3,0.012061218,0.009012966,0.003048252
182,768,4,0.003888745,0.000836075,0.00305267
182,768,5,0.003576212,0.000461824,0.003114388
182,768,6,0.06404939,0.061001721,0.003047669
182,768,7,0.004052617,0.000941089,0.003111528
182,768,8,0.003671002,0.000548473,0.003122529
182,768,9,0.003669127,0.000475871,0.003193256
182,768,10,0.004091469,0.000883807,0.003207662
182,768,11,0.004096872,0.000871436,0.003225436
182,768,12,0.004077483,0.000769794,0.003307689
182,768,13,0.004105718,0.00082698,0.003278738
182,768,14,0.004123094,0.000757458,0.003365636
182,768,15,0.004081934,0.000614142,0.003467792
182,768,16,0.004069364,0.000454182,0.003615182
182,768,17,0.00417684,0.000511662,0.003665178
182,768,18,0.004336908,0.000520908,0.003816
182,768,19,0.004441112,0.000606347,0.003834765
182,768,20,0.004425098,0.000575019,0.003850079
182,768,21,0.004396855,0.000562233,0.003834622
182,768,22,0.004518519,0.000694399,0.00382412
182,768,23,0.004502841,0.000582694,0.003920147
182,768,24,0.004522506,0.000641089,0.003881417
182,768,25,0.004637534,0.000730445,0.003907089
182,768,26,0.004664827,0.000737646,0.003927181
182,768,27,0.004566951,0.000626711,0.00394024
182,768,28,0.00470829,0.000777647,0.003930643
182,768,29,0.004470149,0.000569628,0.003900521
182,768,30,0.004665718,0.000783468,0.00388225
182,768,31,0.004603698,0.000722732,0.003880966
182,768,32,0.004585659,0.000738284,0.003847375
182,768,33,0.004533477,0.000678868,0.003854609
182,768,34,0.00470764,0.000853245,0.003854395
182,768,35,0.004537757,0.000697138,0.003840619
182,768,36,0.004819167,0.000911634,0.003907533
182,768,37,0.004465391,0.000630636,0.003834755
182,768,38,0.004666171,0.000742491,0.00392368
182,768,39,0.004451605,0.000565456,0.003886149
182,768,40,0.004614572,0.000714188,0.003900384
182,768,41,0.004591764,0.000643881,0.003947883
182,768,42,0.004429264,0.000562893,0.003866371
182,768,43,0.004560287,0.000615335,0.003944952
182,768,44,0.004468802,0.000644657,0.003824145
182,768,45,0.004587179,0.000644742,0.003942437
182,768,46,0.004407075,0.000552423,0.003854652
182,768,47,0.004534312,0.000622095,0.003912217
182,768,48,0.004520064,0.000653105,0.003866959
182,768,49,0.00441373,0.000573371,0.003840359
182,768,50,0.004453098,0.000643338,0.00380976
182,768,51,0.004571595,0.000757397,0.003814198
182,768,52,0.004386523,0.000585638,0.003800885
182,768,53,0.004571096,0.000811697,0.003759399
182,768,54,0.004546717,0.000784893,0.003761824
182,768,55,0.004388085,0.000622703,0.003765382
182,768,56,0.004493375,0.000669257,0.003824118
182,768,57,0.004561827,0.000744688,0.003817139
182,768,58,0.004422969,0.000628386,0.003794583
182,768,59,0.004651948,0.000765788,0.00388616
182,768,60,0.00453134,0.000733211,0.003798129
182,768,61,0.004458524,0.000701804,0.00375672
182,768,62,0.004515548,0.000822627,0.003692921
182,768,63,0.00530895,0.001674271,0.003634679
182,768,64,0.004839795,0.001253572,0.003586223
182,768,65,0.004267792,0.000735661,0.003532131
182,768,66,0.004213805,0.000618135,0.00359567
182,768,67,0.004279257,0.000694584,0.003584673
182,768,68,0.004305781,0.000825136,0.003480645
182,768,69,0.005432342,0.002079239,0.003353103
182,768,70,0.005206021,0.001674946,0.003531075
182,768,71,0.004953957,0.001309013,0.003644944
182,768,72,0.004387373,0.000754704,0.003632669
182,768,73,0.006586521,0.003093181,0.00349334
182,768,74,0.004608893,0.001022437,0.003586456
182,768,75,0.004366832,0.000545989,0.003820843
182,768,76,0.004382368,0.000622566,0.003759802
182,768,77,0.005289693,0.00183893,0.003450763
182,768,78,0.004899202,0.001519738,0.003379464
182,768,79,0.004843616,0.001370894,0.003472722
182,768,80,0.004754058,0.001219967,0.003534091
182,768,81,0.004715536,0.001140127,0.003575409
182,768,82,0.004839552,0.001264429,0.003575123
182,768,83,0.004725348,0.001280305,0.003445043
182,768,84,0.005359847,0.00205596,0.003303887
182,768,85,0.005756365,0.002432845,0.00332352
182,768,86,0.004783907,0.001281089,0.003502818
182,768,87,0.004566292,0.001070185,0.003496107
182,768,88,0.004321275,0.000927114,0.003394161
182,768,89,0.006792718,0.003229566,0.003563152
182,768,90,0.004908633,0.001424861,0.003483772
182,768,91,0.004174606,0.000803628,0.003370978
182,768,92,0.00736056,0.004170731,0.003189829
182,768,93,0.005262226,0.002031208,0.003231018
182,768,94,0.004625149,0.001230852,0.003394297
182,768,95,0.004376645,0.000865391,0.003511254
182,768,96,0.004180204,0.00097585,0.003204354
182,768,97,0.004861945,0.001689609,0.003172336
182,768,98,0.006016922,0.002755222,0.0032617
182,768,99,0.00451364,0.001044675,0.003468965
182,768,100,0.006299259,0.002993448,0.003305811
182,768,101,0.006494909,0.003209527,0.003285382
182,768,102,0.005083626,0.001797953,0.003285673
182,768,103,0.003951379,0.000632976,0.003318403
182,768,104,0.006271788,0.002967292,0.003304496
182,768,105,0.004760485,0.001369784,0.003390701
182,768,106,0.004367391,0.000978399,0.003388992
182,768,107,0.004105308,0.000688184,0.003417124
182,768,108,0.00651879,0.003202578,0.003316212
182,768,109,0.005309002,0.00223316,0.003075842
182,768,110,0.004219971,0.001111905,0.003108066
183,768,1,0.752604723,0.629691428,0.122913295
183,768,2,0.012071343,0.009010676,0.003060667
183,768,3,0.003863992,0.000673794,0.003190198
183,768,4,0.003502612,0.000365983,0.003136629
183,768,5,0.064113793,0.061058549,0.003055244
183,768,6,0.003973381,0.000926299,0.003047082
183,768,7,0.003708574,0.00055086,0.003157714
183,768,8,0.003500484,0.000374661,0.003125823
183,768,9,0.003920947,0.000758803,0.003162144
183,768,10,0.004032957,0.000853281,0.003179676
183,768,11,0.004005977,0.000779713,0.003226264
183,768,12,0.004106253,0.000814212,0.003292041
183,768,13,0.00404699,0.000751029,0.003295961
183,768,14,0.004150845,0.000754813,0.003396032
183,768,15,0.003994268,0.000494121,0.003500147
183,768,16,0.004086956,0.000444095,0.003642861
183,768,17,0.004209541,0.000453269,0.003756272
183,768,18,0.004409317,0.000476669,0.003932648
183,768,19,0.004428161,0.000523384,0.003904777
183,768,20,0.004458957,0.000519144,0.003939813
183,768,21,0.004520554,0.00058519,0.003935364
183,768,22,0.004497872,0.000581377,0.003916495
183,768,23,0.004572308,0.000609932,0.003962376
183,768,24,0.004602115,0.000685677,0.003916438
183,768,25,0.004620639,0.000633846,0.003986793
183,768,26,0.004565092,0.000639506,0.003925586
183,768,27,0.004716419,0.000742797,0.003973622
183,768,28,0.004480522,0.000603392,0.00387713
183,768,29,0.004686943,0.000753355,0.003933588
183,768,30,0.004615484,0.00069306,0.003922424
183,768,31,0.004547466,0.000683638,0.003863828
183,768,32,0.004590788,0.000767896,0.003822892
183,768,33,0.00464371,0.000789148,0.003854562
183,768,34,0.004555149,0.000774729,0.00378042
183,768,35,0.004764699,0.000854955,0.003909744
183,768,36,0.004530332,0.000689587,0.003840745
183,768,37,0.004586216,0.000687663,0.003898553
183,768,38,0.004531063,0.0006535,0.003877563
183,768,39,0.00459021,0.000659273,0.003930937
183,768,40,0.004543233,0.000604817,0.003938416
183,768,41,0.00448074,0.000592714,0.003888026
183,768,42,0.004545479,0.000630074,0.003915405
183,768,43,0.004502772,0.000545716,0.003957056
183,768,44,0.004541208,0.000628333,0.003912875
183,768,45,0.00451692,0.000556909,0.003960011
183,768,46,0.0044462,0.000539318,0.003906882
183,768,47,0.004543534,0.000585896,0.003957638
183,768,48,0.004477064,0.000537467,0.003939597
183,768,49,0.004445003,0.000560122,0.003884881
183,768,50,0.004584841,0.000697365,0.003887476
183,768,51,0.004400217,0.000561726,0.003838491
183,768,52,0.004566195,0.000698863,0.003867332
183,768,53,0.004565199,0.000698856,0.003866343
183,768,54,0.004452769,0.000657441,0.003795328
183,768,55,0.004427333,0.000677399,0.003749934
183,768,56,0.00452992,0.000666461,0.003863459
183,768,57,0.004441963,0.000689997,0.003751966
183,768,58,0.00447627,0.000638284,0.003837986
183,768,59,0.004560945,0.000709812,0.003851133
183,768,60,0.00449229,0.000784255,0.003708035
183,768,61,0.004382223,0.000638256,0.003743967
183,768,62,0.005411101,0.001837104,0.003573997
183,768,63,0.005209161,0.001558526,0.003650635
183,768,64,0.004163844,0.000538233,0.003625611
183,768,65,0.004324292,0.000591038,0.003733254
183,768,66,0.004078382,0.000439233,0.003639149
183,768,67,0.004181008,0.00054879,0.003632218
183,768,68,0.005653208,0.00228843,0.003364778
183,768,69,0.005082913,0.001553827,0.003529086
183,768,70,0.00457467,0.001040427,0.003534243
183,768,71,0.004611964,0.000858266,0.003753698
183,768,72,0.004472435,0.000789065,0.00368337
183,768,73,0.005356413,0.001724759,0.003631654
183,768,74,0.004988281,0.001414738,0.003573543
183,768,75,0.004609733,0.000894515,0.003715218
183,768,76,0.006369895,0.002881108,0.003488787
183,768,77,0.004947809,0.001423294,0.003524515
183,768,78,0.004524012,0.00100576,0.003518252
183,768,79,0.004634882,0.00106659,0.003568292
183,768,80,0.004564562,0.001023177,0.003541385
183,768,81,0.004504487,0.000897299,0.003607188
183,768,82,0.005016141,0.001524345,0.003491796
183,768,83,0.005178584,0.001826345,0.003352239
183,768,84,0.005844819,0.002550082,0.003294737
183,768,85,0.004793666,0.001373455,0.003420211
183,768,86,0.004605661,0.001181128,0.003424533
183,768,87,0.004487876,0.001036344,0.003451532
183,768,88,0.006684866,0.003144681,0.003540185
183,768,89,0.005340574,0.001618548,0.003722026
183,768,90,0.004165214,0.000621335,0.003543879
183,768,91,0.007303604,0.003997354,0.00330625
183,768,92,0.005272509,0.002003971,0.003268538
183,768,93,0.004494236,0.00109905,0.003395186
183,768,94,0.004292956,0.000849695,0.003443261
183,768,95,0.004662573,0.001215945,0.003446628
183,768,96,0.004346605,0.001087241,0.003259364
183,768,97,0.005702427,0.00248257,0.003219857
183,768,98,0.004780485,0.001488029,0.003292456
183,768,99,0.006500951,0.003175942,0.003325009
183,768,100,0.006605963,0.003287118,0.003318845
183,768,101,0.005082958,0.001737027,0.003345931
183,768,102,0.004071511,0.000697085,0.003374426
183,768,103,0.005737559,0.002491662,0.003245897
183,768,104,0.004674981,0.001302539,0.003372442
183,768,105,0.004786175,0.001246284,0.003539891
183,768,106,0.00406198,0.000683292,0.003378688
183,768,107,0.006624337,0.003278695,0.003345642
183,768,108,0.005612821,0.002208902,0.003403919
183,768,109,0.004026097,0.000754845,0.003271252
183,768,110,0.003896432,0.000788029,0.003108403
184,768,1,0.755979959,0.632456162,0.123523797
184,768,2,0.003664508,0.000459683,0.003204825
184,768,3,0.003611057,0.000364996,0.003246061
184,768,4,0.064192263,0.06102571,0.003166553
184,768,5,0.0039538,0.000739639,0.003214161
184,768,6,0.003586746,0.000371586,0.00321516
184,768,7,0.003617658,0.000386805,0.003230853
184,768,8,0.003802208,0.000572375,0.003229833
184,768,9,0.0040062,0.000737652,0.003268548
184,768,10,0.00392033,0.000634002,0.003286328
184,768,11,0.003920035,0.000573505,0.00334653
184,768,12,0.003810722,0.00042955,0.003381172
184,768,13,0.00378312,0.000410471,0.003372649
184,768,14,0.003970891,0.000504345,0.003466546
184,768,15,0.004048075,0.000491442,0.003556633
184,768,16,0.004128881,0.000460393,0.003668488
184,768,17,0.004440824,0.000484792,0.003956032
184,768,18,0.004454115,0.000492081,0.003962034
184,768,19,0.004612838,0.000473054,0.004139784
184,768,20,0.004550825,0.000480222,0.004070603
184,768,21,0.00456565,0.000539445,0.004026205
184,768,22,0.004487646,0.000557899,0.003929747
184,768,23,0.004656802,0.000582841,0.004073961
184,768,24,0.004561199,0.000618364,0.003942835
184,768,25,0.00464678,0.000650115,0.003996665
184,768,26,0.004625164,0.000640933,0.003984231
184,768,27,0.004585597,0.00065766,0.003927937
184,768,28,0.004597172,0.000611087,0.003986085
184,768,29,0.004600245,0.00063479,0.003965455
184,768,30,0.00460781,0.00066853,0.00393928
184,768,31,0.004647732,0.000635514,0.004012218
184,768,32,0.004621606,0.000652468,0.003969138
184,768,33,0.004620807,0.000661081,0.003959726
184,768,34,0.004614905,0.000633877,0.003981028
184,768,35,0.004621766,0.0006615,0.003960266
184,768,36,0.00453427,0.000658237,0.003876033
184,768,37,0.004589357,0.000627795,0.003961562
184,768,38,0.004491664,0.000603492,0.003888172
184,768,39,0.0045445,0.00062117,0.00392333
184,768,40,0.004508913,0.00060083,0.003908083
184,768,41,0.004589719,0.00059512,0.003994599
184,768,42,0.004428889,0.000583484,0.003845405
184,768,43,0.004549541,0.000593099,0.003956442
184,768,44,0.004427185,0.000580338,0.003846847
184,768,45,0.004555905,0.000557381,0.003998524
184,768,46,0.004479365,0.000565053,0.003914312
184,768,47,0.004544191,0.00055859,0.003985601
184,768,48,0.004482684,0.000573216,0.003909468
184,768,49,0.004552656,0.000597691,0.003954965
184,768,50,0.004515377,0.000600353,0.003915024
184,768,51,0.004504603,0.000562802,0.003941801
184,768,52,0.004569693,0.000592086,0.003977607
184,768,53,0.004530896,0.000592606,0.00393829
184,768,54,0.00444694,0.000582257,0.003864683
184,768,55,0.004434354,0.000590651,0.003843703
184,768,56,0.004528437,0.000609682,0.003918755
184,768,57,0.004446808,0.000618843,0.003827965
184,768,58,0.004522212,0.000659292,0.00386292
184,768,59,0.004617034,0.000651344,0.00396569
184,768,60,0.004365702,0.000577643,0.003788059
184,768,61,0.004448636,0.00060326,0.003845376
184,768,62,0.004392956,0.0006468,0.003746156
184,768,63,0.005238083,0.001447547,0.003790536
184,768,64,0.004416884,0.000771059,0.003645825
184,768,65,0.004499995,0.000805752,0.003694243
184,768,66,0.004304265,0.000610047,0.003694218
184,768,67,0.006001512,0.002516646,0.003484866
184,768,68,0.004717479,0.001266845,0.003450634
184,768,69,0.004100504,0.000472647,0.003627857
184,768,70,0.004892666,0.001092553,0.003800113
184,768,71,0.004649785,0.000812471,0.003837314
184,768,72,0.005544673,0.001949986,0.003594687
184,768,73,0.005021699,0.001398451,0.003623248
184,768,74,0.004549378,0.000875001,0.003674377
184,768,75,0.006538577,0.002858553,0.003680024
184,768,76,0.004967371,0.001278204,0.003689167
184,768,77,0.004457172,0.000889099,0.003568073
184,768,78,0.004556206,0.000930046,0.00362616
184,768,79,0.004644177,0.000961161,0.003683016
184,768,80,0.004321309,0.000727695,0.003593614
184,768,81,0.00457599,0.000968393,0.003607597
184,768,82,0.005759927,0.002311799,0.003448128
184,768,83,0.005444132,0.002060734,0.003383398
184,768,84,0.004894495,0.001460619,0.003433876
184,768,85,0.004513409,0.000987918,0.003525491
184,768,86,0.004082589,0.00051971,0.003562879
184,768,87,0.006874316,0.003366051,0.003508265
184,768,88,0.005543339,0.001870941,0.003672398
184,768,89,0.004369712,0.000666915,0.003702797
184,768,90,0.007238297,0.003760934,0.003477363
184,768,91,0.005464356,0.001986772,0.003477584
184,768,92,0.004541992,0.001016844,0.003525148
184,768,93,0.004063927,0.000590262,0.003473665
184,768,94,0.004684934,0.001212873,0.003472061
184,768,95,0.004447313,0.000905721,0.003541592
184,768,96,0.005533205,0.002175157,0.003358048
184,768,97,0.004757799,0.001456705,0.003301094
184,768,98,0.006674475,0.003229527,0.003444948
184,768,99,0.006315558,0.002826771,0.003488787
184,768,100,0.005316773,0.001867086,0.003449687
184,768,101,0.004178079,0.00069806,0.003480019
184,768,102,0.005867582,0.002503522,0.00336406
184,768,103,0.004431298,0.001061092,0.003370206
184,768,104,0.004700109,0.001198764,0.003501345
184,768,105,0.004230655,0.00070302,0.003527635
184,768,106,0.00657386,0.003083569,0.003490291
184,768,107,0.005448912,0.002065225,0.003383687
184,768,108,0.004351575,0.000840592,0.003510983
184,768,109,0.004023545,0.000709109,0.003314436
184,768,110,0.004135539,0.000901058,0.003234481
185,768,1,0.757119107,0.633868379,0.123250728
185,768,2,0.045675597,0.042639414,0.003036183
185,768,3,0.065002967,0.061954795,0.003048172
185,768,4,0.003859045,0.000691642,0.003167403
185,768,5,0.00349992,0.000396965,0.003102955
185,768,6,0.003546991,0.000366834,0.003180157
185,768,7,0.003544482,0.000434351,0.003110131
185,768,8,0.003767026,0.000620383,0.003146643
185,768,9,0.003841385,0.000678779,0.003162606
185,768,10,0.003830832,0.000613836,0.003216996
185,768,11,0.003834757,0.000624352,0.003210405
185,768,12,0.004009402,0.000731847,0.003277555
185,768,13,0.004050093,0.000768947,0.003281146
185,768,14,0.00418848,0.000763386,0.003425094
185,768,15,0.003962757,0.000488557,0.0034742
185,768,16,0.004030212,0.000433665,0.003596547
185,768,17,0.004199389,0.000456154,0.003743235
185,768,18,0.004385344,0.00049884,0.003886504
185,768,19,0.004427368,0.000507096,0.003920272
185,768,20,0.004455614,0.00056835,0.003887264
185,768,21,0.004532837,0.00061195,0.003920887
185,768,22,0.004514096,0.000611672,0.003902424
185,768,23,0.004525112,0.000623519,0.003901593
185,768,24,0.004716551,0.000780943,0.003935608
185,768,25,0.004506811,0.000573237,0.003933574
185,768,26,0.004641827,0.000742597,0.00389923
185,768,27,0.004694044,0.000761167,0.003932877
185,768,28,0.004480509,0.000587781,0.003892728
185,768,29,0.004679525,0.000778395,0.00390113
185,768,30,0.004602831,0.000693649,0.003909182
185,768,31,0.004600745,0.000679467,0.003921278
185,768,32,0.004693668,0.0007685,0.003925168
185,768,33,0.004627128,0.000689837,0.003937291
185,768,34,0.004617105,0.000711836,0.003905269
185,768,35,0.00457456,0.000678594,0.003895966
185,768,36,0.004595658,0.000710987,0.003884671
185,768,37,0.004512772,0.000598827,0.003913945
185,768,38,0.004714864,0.000705969,0.004008895
185,768,39,0.004469636,0.000582514,0.003887122
185,768,40,0.00449662,0.000564269,0.003932351
185,768,41,0.004511475,0.000571439,0.003940036
185,768,42,0.00457648,0.000641208,0.003935272
185,768,43,0.00447691,0.00055604,0.00392087
185,768,44,0.004502388,0.000531409,0.003970979
185,768,45,0.004489375,0.000568122,0.003921253
185,768,46,0.004496073,0.000536123,0.00395995
185,768,47,0.00444749,0.000571336,0.003876154
185,768,48,0.00454159,0.000610536,0.003931054
185,768,49,0.004488863,0.000569202,0.003919661
185,768,50,0.004524318,0.000620424,0.003903894
185,768,51,0.004475899,0.000579448,0.003896451
185,768,52,0.004601754,0.000674725,0.003927029
185,768,53,0.004429094,0.00060215,0.003826944
185,768,54,0.00451183,0.000687473,0.003824357
185,768,55,0.00451288,0.000686948,0.003825932
185,768,56,0.004398195,0.000627303,0.003770892
185,768,57,0.004397338,0.000738263,0.003659075
185,768,58,0.004636368,0.000813039,0.003823329
185,768,59,0.004422552,0.000660523,0.003762029
185,768,60,0.00451899,0.000803129,0.003715861
185,768,61,0.005303662,0.001616906,0.003686756
185,768,62,0.005049667,0.001357228,0.003692439
185,768,63,0.004296901,0.000615376,0.003681525
185,768,64,0.004187794,0.000592263,0.003595531
185,768,65,0.004277703,0.000788703,0.003489
185,768,66,0.004356824,0.000738204,0.00361862
185,768,67,0.004272027,0.00063732,0.003634707
185,768,68,0.005580291,0.002195846,0.003384445
185,768,69,0.004969714,0.001402702,0.003567012
185,768,70,0.004648291,0.001014567,0.003633724
185,768,71,0.006713101,0.003266151,0.00344695
185,768,72,0.005035487,0.001651946,0.003383541
185,768,73,0.004613099,0.001169878,0.003443221
185,768,74,0.006586956,0.002971189,0.003615767
185,768,75,0.004960727,0.001312973,0.003647754
185,768,76,0.004641029,0.000976726,0.003664303
185,768,77,0.004065505,0.000500928,0.003564577
185,768,78,0.004254644,0.000668212,0.003586432
185,768,79,0.004757313,0.00124515,0.003512163
185,768,80,0.004150764,0.00063657,0.003514194
185,768,81,0.005616589,0.002234095,0.003382494
185,768,82,0.005842771,0.00252373,0.003319041
185,768,83,0.004950522,0.001553436,0.003397086
185,768,84,0.004547026,0.001109358,0.003437668
185,768,85,0.004395773,0.000902427,0.003493346
185,768,86,0.006508117,0.003119954,0.003388163
185,768,87,0.005194177,0.001728249,0.003465928
185,768,88,0.004860321,0.001204239,0.003656082
185,768,89,0.004411718,0.00076359,0.003648128
185,768,90,0.00408464,0.000503484,0.003581156
185,768,91,0.008189963,0.004764597,0.003425366
185,768,92,0.00398465,0.00059349,0.00339116
185,768,93,0.004233366,0.000952915,0.003280451
185,768,94,0.005453379,0.002128106,0.003325273
185,768,95,0.005435783,0.002183508,0.003252275
185,768,96,0.004554612,0.001195992,0.00335862
185,768,97,0.006936974,0.003668199,0.003268775
185,768,98,0.00459782,0.001147557,0.003450263
185,768,99,0.006737143,0.00335511,0.003382033
185,768,100,0.004594319,0.00127417,0.003320149
185,768,101,0.005811381,0.00251827,0.003293111
185,768,102,0.004543866,0.001146644,0.003397222
185,768,103,0.004350487,0.001050838,0.003299649
185,768,104,0.004611376,0.001266717,0.003344659
185,768,105,0.0066167,0.003355467,0.003261233
185,768,106,0.005365839,0.002010468,0.003355371
185,768,107,0.004396328,0.001043472,0.003352856
185,768,108,0.004439996,0.001025973,0.003414023
185,768,109,0.003956431,0.000771205,0.003185226
185,768,110,0.004135643,0.001020838,0.003114805
186,768,1,0.760696376,0.636338445,0.124357931
186,768,2,0.089861029,0.086810307,0.003050722
186,768,3,0.003678385,0.000570923,0.003107462
186,768,4,0.003585308,0.000436859,0.003148449
186,768,5,0.003457531,0.000355469,0.003102062
186,768,6,0.003471709,0.000336026,0.003135683
186,768,7,0.003509535,0.000399752,0.003109783
186,768,8,0.003887516,0.000781427,0.003106089
186,768,9,0.003850121,0.000664808,0.003185313
186,768,10,0.00379226,0.000614956,0.003177304
186,768,11,0.003843911,0.000582046,0.003261865
186,768,12,0.003825776,0.000579782,0.003245994
186,768,13,0.004030306,0.000738041,0.003292265
186,768,14,0.004066882,0.000724067,0.003342815
186,768,15,0.003893741,0.000479744,0.003413997
186,768,16,0.004074358,0.000490769,0.003583589
186,768,17,0.00435085,0.000529318,0.003821532
186,768,18,0.004319859,0.000432738,0.003887121
186,768,19,0.004477362,0.00045952,0.004017842
186,768,20,0.00429451,0.000454438,0.003840072
186,768,21,0.004352675,0.000490758,0.003861917
186,768,22,0.00441429,0.000605982,0.003808308
186,768,23,0.00455385,0.000615378,0.003938472
186,768,24,0.004373795,0.000595247,0.003778548
186,768,25,0.004873804,0.000964677,0.003909127
186,768,26,0.004416892,0.000571716,0.003845176
186,768,27,0.004794189,0.000860736,0.003933453
186,768,28,0.004555854,0.000715045,0.003840809
186,768,29,0.004559233,0.000666089,0.003893144
186,768,30,0.004510157,0.000731398,0.003778759
186,768,31,0.004735662,0.000841639,0.003894023
186,768,32,0.004560408,0.00077157,0.003788838
186,768,33,0.004723699,0.000875603,0.003848096
186,768,34,0.004540062,0.000784764,0.003755298
186,768,35,0.00462792,0.000881996,0.003745924
186,768,36,0.004565805,0.000785882,0.003779923
186,768,37,0.004589768,0.000810647,0.003779121
186,768,38,0.004581805,0.000768452,0.003813353
186,768,39,0.004732704,0.000868051,0.003864653
186,768,40,0.004396586,0.000597012,0.003799574
186,768,41,0.004675727,0.000766733,0.003908994
186,768,42,0.004435861,0.000599239,0.003836622
186,768,43,0.004622747,0.000748319,0.003874428
186,768,44,0.004400091,0.000590505,0.003809586
186,768,45,0.004598236,0.000671141,0.003927095
186,768,46,0.00440732,0.000535047,0.003872273
186,768,47,0.004601885,0.000660637,0.003941248
186,768,48,0.004350297,0.000496759,0.003853538
186,768,49,0.004589316,0.000684661,0.003904655
186,768,50,0.004440539,0.000599426,0.003841113
186,768,51,0.004586364,0.000693769,0.003892595
186,768,52,0.004455385,0.000634044,0.003821341
186,768,53,0.004541669,0.000733745,0.003807924
186,768,54,0.004379974,0.000615972,0.003764002
186,768,55,0.004629831,0.00079626,0.003833571
186,768,56,0.004559898,0.00069757,0.003862328
186,768,57,0.004296916,0.000505003,0.003791913
186,768,58,0.004456817,0.000667344,0.003789473
186,768,59,0.004680604,0.00086801,0.003812594
186,768,60,0.006355342,0.002703454,0.003651888
186,768,61,0.004966149,0.001252151,0.003713998
186,768,62,0.004310127,0.000558842,0.003751285
186,768,63,0.004245986,0.00058383,0.003662156
186,768,64,0.004212468,0.000613638,0.00359883
186,768,65,0.004314043,0.000722805,0.003591238
186,768,66,0.004227906,0.000633897,0.003594009
186,768,67,0.00435431,0.000718119,0.003636191
186,768,68,0.004025154,0.000571294,0.00345386
186,768,69,0.006048293,0.00260192,0.003446373
186,768,70,0.007737425,0.004289933,0.003447492
186,768,71,0.005229426,0.001701468,0.003527958
186,768,72,0.004508032,0.001058014,0.003450018
186,768,73,0.00643831,0.002907509,0.003530801
186,768,74,0.004900728,0.001261481,0.003639247
186,768,75,0.004733381,0.000935367,0.003798014
186,768,76,0.004051945,0.00050552,0.003546425
186,768,77,0.003979628,0.000527189,0.003452439
186,768,78,0.00462552,0.001060584,0.003564936
186,768,79,0.004603062,0.001122603,0.003480459
186,768,80,0.005162209,0.001807633,0.003354576
186,768,81,0.005672643,0.002342447,0.003330196
186,768,82,0.005021807,0.001710259,0.003311548
186,768,83,0.004692832,0.00132382,0.003369012
186,768,84,0.004558814,0.001197732,0.003361082
186,768,85,0.006682492,0.003316824,0.003365668
186,768,86,0.004927107,0.001569431,0.003357676
186,768,87,0.004624398,0.001112747,0.003511651
186,768,88,0.004644365,0.001056617,0.003587748
186,768,89,0.004315793,0.000724091,0.003591702
186,768,90,0.004069254,0.000508463,0.003560791
186,768,91,0.003911222,0.000368587,0.003542635
186,768,92,0.007655036,0.004415849,0.003239187
186,768,93,0.006183225,0.002928916,0.003254309
186,768,94,0.005605794,0.002294004,0.00331179
186,768,95,0.00428924,0.000962342,0.003326898
186,768,96,0.006557577,0.003348798,0.003208779
186,768,97,0.00497537,0.001680912,0.003294458
186,768,98,0.007208517,0.003897064,0.003311453
186,768,99,0.004698423,0.001415396,0.003283027
186,768,100,0.005629872,0.002339906,0.003289966
186,768,101,0.004140438,0.000768937,0.003371501
186,768,102,0.004318148,0.000971512,0.003346636
186,768,103,0.00434197,0.001007031,0.003334939
186,768,104,0.004495355,0.001199234,0.003296121
186,768,105,0.004503242,0.001033682,0.00346956
186,768,106,0.005928575,0.002512049,0.003416526
186,768,107,0.005515047,0.002185682,0.003329365
186,768,108,0.004367235,0.000959518,0.003407717
186,768,109,0.004520606,0.001376656,0.00314395
186,768,110,0.00452197,0.001366385,0.003155585
187,768,1,0.758955775,0.632819845,0.12613593
187,768,2,0.003593046,0.000473506,0.00311954
187,768,3,0.00355414,0.000382736,0.003171404
187,768,4,0.003505626,0.000365286,0.00314034
187,768,5,0.003520506,0.000361434,0.003159072
187,768,6,0.003491878,0.000359213,0.003132665
187,768,7,0.003588741,0.000425016,0.003163725
187,768,8,0.003840903,0.000662342,0.003178561
187,768,9,0.003835259,0.000687803,0.003147456
187,768,10,0.003806004,0.000636807,0.003169197
187,768,11,0.003792204,0.00056935,0.003222854
187,768,12,0.00382008,0.000533051,0.003287029
187,768,13,0.003988773,0.000676225,0.003312548
187,768,14,0.004051939,0.000666003,0.003385936
187,768,15,0.004090091,0.000580512,0.003509579
187,768,16,0.004078975,0.000423891,0.003655084
187,768,17,0.004216814,0.000490551,0.003726263
187,768,18,0.004332521,0.000500344,0.003832177
187,768,19,0.004353426,0.000503935,0.003849491
187,768,20,0.00437246,0.00048705,0.00388541
187,768,21,0.004489265,0.000527348,0.003961917
187,768,22,0.004408173,0.00049904,0.003909133
187,768,23,0.004490871,0.000524205,0.003966666
187,768,24,0.004462582,0.000516361,0.003946221
187,768,25,0.004482042,0.00051019,0.003971852
187,768,26,0.004409855,0.000522632,0.003887223
187,768,27,0.004438607,0.000533896,0.003904711
187,768,28,0.004381771,0.000546905,0.003834866
187,768,29,0.00453391,0.000632871,0.003901039
187,768,30,0.004499839,0.000663442,0.003836397
187,768,31,0.004558553,0.000678171,0.003880382
187,768,32,0.004715066,0.000869003,0.003846063
187,768,33,0.004460806,0.000636855,0.003823951
187,768,34,0.004737134,0.000931476,0.003805658
187,768,35,0.004619011,0.000724228,0.003894783
187,768,36,0.004545921,0.000753036,0.003792885
187,768,37,0.004608082,0.000736924,0.003871158
187,768,38,0.004588953,0.000771847,0.003817106
187,768,39,0.004646721,0.000765273,0.003881448
187,768,40,0.004583039,0.000757712,0.003825327
187,768,41,0.004499791,0.000567019,0.003932772
187,768,42,0.004648631,0.000789924,0.003858707
187,768,43,0.004442887,0.00057546,0.003867427
187,768,44,0.0046284,0.000760796,0.003867604
187,768,45,0.00450917,0.000571231,0.003937939
187,768,46,0.004471163,0.000580955,0.003890208
187,768,47,0.004497115,0.000581116,0.003915999
187,768,48,0.004495158,0.000605055,0.003890103
187,768,49,0.004486923,0.000595971,0.003890952
187,768,50,0.004484062,0.000606248,0.003877814
187,768,51,0.004464095,0.000602191,0.003861904
187,768,52,0.004467305,0.000615554,0.003851751
187,768,53,0.004449711,0.000619995,0.003829716
187,768,54,0.004535847,0.000699198,0.003836649
187,768,55,0.004376673,0.000608431,0.003768242
187,768,56,0.004699827,0.000856262,0.003843565
187,768,57,0.004519763,0.000661144,0.003858619
187,768,58,0.00445411,0.000678306,0.003775804
187,768,59,0.005841149,0.001958529,0.00388262
187,768,60,0.004851739,0.001174894,0.003676845
187,768,61,0.004460108,0.000792984,0.003667124
187,768,62,0.004903597,0.001236805,0.003666792
187,768,63,0.004583306,0.000784608,0.003798698
187,768,64,0.004163636,0.000538954,0.003624682
187,768,65,0.00428456,0.000634922,0.003649638
187,768,66,0.004312369,0.000663968,0.003648401
187,768,67,0.004355369,0.000743739,0.00361163
187,768,68,0.006638368,0.003305287,0.003333081
187,768,69,0.007463637,0.004024657,0.00343898
187,768,70,0.00533223,0.001744731,0.003587499
187,768,71,0.004650955,0.000953181,0.003697774
187,768,72,0.006369952,0.002862309,0.003507643
187,768,73,0.004833096,0.001227097,0.003605999
187,768,74,0.004476492,0.00070635,0.003770142
187,768,75,0.004245016,0.00054994,0.003695076
187,768,76,0.004165324,0.000604787,0.003560537
187,768,77,0.004016008,0.00054276,0.003473248
187,768,78,0.004474609,0.000939341,0.003535268
187,768,79,0.005863719,0.00238993,0.003473789
187,768,80,0.005386985,0.001924264,0.003462721
187,768,81,0.004770491,0.001291777,0.003478714
187,768,82,0.004720458,0.001210067,0.003510391
187,768,83,0.004500879,0.001121495,0.003379384
187,768,84,0.004534654,0.001111755,0.003422899
187,768,85,0.004263907,0.000838126,0.003425781
187,768,86,0.006270922,0.002843097,0.003427825
187,768,87,0.005104723,0.001601871,0.003502852
187,768,88,0.004624016,0.001038291,0.003585725
187,768,89,0.004509096,0.000890209,0.003618887
187,768,90,0.004205589,0.000644667,0.003560922
187,768,91,0.006269227,0.002955526,0.003313701
187,768,92,0.007637112,0.004316599,0.003320513
187,768,93,0.005367709,0.002025204,0.003342505
187,768,94,0.004515186,0.00103035,0.003484836
187,768,95,0.006418727,0.003208751,0.003209976
187,768,96,0.004616719,0.001317782,0.003298937
187,768,97,0.00468747,0.001273454,0.003414016
187,768,98,0.004397138,0.000855029,0.003542109
187,768,99,0.009222877,0.005894335,0.003328542
187,768,100,0.004099898,0.000735119,0.003364779
187,768,101,0.003887268,0.000542135,0.003345133
187,768,102,0.004357419,0.00095891,0.003398509
187,768,103,0.004323312,0.001041381,0.003281931
187,768,104,0.004624122,0.001251017,0.003373105
187,768,105,0.004403874,0.000930132,0.003473742
187,768,106,0.003970925,0.000483937,0.003486988
187,768,107,0.005399918,0.002044418,0.0033555
187,768,108,0.006806553,0.003549182,0.003257371
187,768,109,0.004566709,0.001512371,0.003054338
187,768,110,0.004004129,0.000860288,0.003143841
188,768,1,0.767910709,0.642535566,0.125375143
188,768,2,0.124586936,0.121534819,0.003052117
188,768,3,0.003618126,0.000508896,0.00310923
188,768,4,0.003532491,0.000372553,0.003159938
188,768,5,0.003477978,0.000378192,0.003099786
188,768,6,0.003499978,0.000368548,0.00313143
188,768,7,0.0035561,0.000437754,0.003118346
188,768,8,0.003848713,0.000726965,0.003121748
188,768,9,0.003845113,0.00068589,0.003159223
188,768,10,0.003795599,0.000597343,0.003198256
188,768,11,0.003855848,0.000591143,0.003264705
188,768,12,0.003981543,0.000669107,0.003312436
188,768,13,0.003963175,0.000654678,0.003308497
188,768,14,0.004068121,0.000667244,0.003400877
188,768,15,0.003946373,0.000495246,0.003451127
188,768,16,0.004036892,0.000446225,0.003590667
188,768,17,0.004202581,0.000457517,0.003745064
188,768,18,0.004424974,0.000550035,0.003874939
188,768,19,0.004453654,0.000600305,0.003853349
188,768,20,0.004447397,0.000588456,0.003858941
188,768,21,0.004371994,0.00051565,0.003856344
188,768,22,0.00451084,0.000612724,0.003898116
188,768,23,0.004450394,0.000521202,0.003929192
188,768,24,0.004421323,0.000512371,0.003908952
188,768,25,0.004441559,0.00051607,0.003925489
188,768,26,0.004547071,0.000654181,0.00389289
188,768,27,0.004527613,0.000626924,0.003900689
188,768,28,0.004627553,0.000627444,0.004000109
188,768,29,0.004407807,0.000541906,0.003865901
188,768,30,0.004501041,0.000537726,0.003963315
188,768,31,0.004475522,0.000546605,0.003928917
188,768,32,0.004432396,0.000557704,0.003874692
188,768,33,0.004497909,0.000581961,0.003915948
188,768,34,0.004429161,0.000592229,0.003836932
188,768,35,0.004504889,0.000700569,0.00380432
188,768,36,0.004528909,0.000724542,0.003804367
188,768,37,0.00452896,0.00075383,0.00377513
188,768,38,0.004636239,0.000847851,0.003788388
188,768,39,0.004565237,0.000772771,0.003792466
188,768,40,0.004694366,0.000920127,0.003774239
188,768,41,0.004708646,0.000814328,0.003894318
188,768,42,0.00448171,0.000629851,0.003851859
188,768,43,0.004531515,0.00069295,0.003838565
188,768,44,0.004422082,0.000642134,0.003779948
188,768,45,0.004687182,0.000824279,0.003862903
188,768,46,0.004612929,0.00072067,0.003892259
188,768,47,0.004477512,0.000647547,0.003829965
188,768,48,0.00454142,0.000643711,0.003897709
188,768,49,0.004397206,0.000631579,0.003765627
188,768,50,0.004401873,0.000616572,0.003785301
188,768,51,0.004422434,0.000658135,0.003764299
188,768,52,0.004595445,0.000765458,0.003829987
188,768,53,0.004451006,0.000684736,0.00376627
188,768,54,0.004593343,0.000814705,0.003778638
188,768,55,0.004460418,0.000736484,0.003723934
188,768,56,0.004616338,0.00079348,0.003822858
188,768,57,0.004478074,0.000727261,0.003750813
188,768,58,0.004616587,0.000766237,0.00385035
188,768,59,0.004816779,0.000965569,0.00385121
188,768,60,0.005130861,0.001448965,0.003681896
188,768,61,0.004945122,0.001231217,0.003713905
188,768,62,0.004418645,0.000759333,0.003659312
188,768,63,0.004864942,0.001296632,0.00356831
188,768,64,0.004454829,0.000891188,0.003563641
188,768,65,0.004231631,0.000752433,0.003479198
188,768,66,0.00435699,0.000819027,0.003537963
188,768,67,0.007916558,0.004591989,0.003324569
188,768,68,0.006799189,0.00340084,0.003398349
188,768,69,0.005341255,0.001801405,0.00353985
188,768,70,0.004758718,0.001096855,0.003661863
188,768,71,0.006604854,0.0031974,0.003407454
188,768,72,0.004738779,0.001302173,0.003436606
188,768,73,0.004297167,0.000715857,0.00358131
188,768,74,0.004232849,0.000545826,0.003687023
188,768,75,0.004437568,0.000685136,0.003752432
188,768,76,0.004119431,0.000521382,0.003598049
188,768,77,0.004035317,0.000543706,0.003491611
188,768,78,0.005527787,0.002118682,0.003409105
188,768,79,0.005855022,0.002397369,0.003457653
188,768,80,0.00453649,0.000951285,0.003585205
188,768,81,0.004340561,0.000855978,0.003484583
188,768,82,0.004786998,0.001278034,0.003508964
188,768,83,0.00466045,0.001252079,0.003408371
188,768,84,0.004598538,0.001212572,0.003385966
188,768,85,0.004403591,0.000920576,0.003483015
188,768,86,0.006582086,0.003180766,0.00340132
188,768,87,0.004710231,0.001284309,0.003425922
188,768,88,0.004700511,0.001086437,0.003614074
188,768,89,0.004396717,0.000814597,0.00358212
188,768,90,0.006256911,0.002909713,0.003347198
188,768,91,0.005118034,0.001762421,0.003355613
188,768,92,0.004301908,0.00090124,0.003400668
188,768,93,0.006565239,0.003276637,0.003288602
188,768,94,0.008014933,0.004674208,0.003340725
188,768,95,0.004280101,0.000987035,0.003293066
188,768,96,0.004451696,0.001173918,0.003277778
188,768,97,0.004503041,0.001207753,0.003295288
188,768,98,0.004471592,0.000948322,0.00352327
188,768,99,0.004232275,0.000776525,0.00345575
188,768,100,0.00824522,0.004986693,0.003258527
188,768,101,0.004292485,0.000943128,0.003349357
188,768,102,0.004264322,0.000917347,0.003346975
188,768,103,0.004319253,0.000990156,0.003329097
188,768,104,0.004565839,0.001230747,0.003335092
188,768,105,0.004407872,0.000951062,0.00345681
188,768,106,0.005211764,0.001813423,0.003398341
188,768,107,0.004166524,0.000756301,0.003410223
188,768,108,0.004278539,0.000917996,0.003360543
188,768,109,0.006590535,0.003509483,0.003081052
188,768,110,0.004417602,0.001376757,0.003040845
189,768,1,0.752580968,0.629366603,0.123214365
189,768,2,0.003658624,0.000470884,0.00318774
189,768,3,0.106013856,0.102977843,0.003036013
189,768,4,0.003761155,0.000599616,0.003161539
189,768,5,0.003496002,0.000388921,0.003107081
189,768,6,0.003523283,0.000359567,0.003163716
189,768,7,0.003580047,0.000467514,0.003112533
189,768,8,0.003790461,0.0006394,0.003151061
189,768,9,0.003868392,0.000710002,0.00315839
189,768,10,0.003902344,0.000694997,0.003207347
189,768,11,0.003971402,0.000708518,0.003262884
189,768,12,0.004048666,0.000740795,0.003307871
189,768,13,0.004034996,0.000718517,0.003316479
189,768,14,0.004041836,0.000643681,0.003398155
189,768,15,0.00402828,0.000479591,0.003548689
189,768,16,0.004117609,0.000443354,0.003674255
189,768,17,0.004311517,0.000480706,0.003830811
189,768,18,0.00441362,0.000515817,0.003897803
189,768,19,0.004533154,0.00053227,0.004000884
189,768,20,0.004365673,0.000534328,0.003831345
189,768,21,0.004417562,0.000527228,0.003890334
189,768,22,0.00445217,0.00052737,0.0039248
189,768,23,0.00444513,0.00054089,0.00390424
189,768,24,0.004462845,0.000538825,0.00392402
189,768,25,0.004523101,0.000534936,0.003988165
189,768,26,0.004479231,0.000531694,0.003947537
189,768,27,0.00456121,0.000546268,0.004014942
189,768,28,0.004486848,0.000555084,0.003931764
189,768,29,0.004521196,0.000556195,0.003965001
189,768,30,0.004449844,0.000549276,0.003900568
189,768,31,0.004500686,0.000536545,0.003964141
189,768,32,0.004431479,0.000525192,0.003906287
189,768,33,0.004442124,0.000532205,0.003909919
189,768,34,0.0044632,0.000540114,0.003923086
189,768,35,0.004458552,0.000564138,0.003894414
189,768,36,0.004448115,0.000559108,0.003889007
189,768,37,0.004491007,0.000614081,0.003876926
189,768,38,0.004569161,0.000595461,0.0039737
189,768,39,0.004609237,0.000640474,0.003968763
189,768,40,0.004502167,0.00059814,0.003904027
189,768,41,0.004555645,0.000603977,0.003951668
189,768,42,0.004508986,0.00062128,0.003887706
189,768,43,0.004577953,0.000636352,0.003941601
189,768,44,0.004560145,0.000633716,0.003926429
189,768,45,0.004630121,0.000643345,0.003986776
189,768,46,0.00452437,0.00063429,0.00389008
189,768,47,0.004547946,0.000666305,0.003881641
189,768,48,0.004526965,0.000621596,0.003905369
189,768,49,0.004533904,0.0006514,0.003882504
189,768,50,0.004490383,0.000625897,0.003864486
189,768,51,0.004478705,0.000617842,0.003860863
189,768,52,0.004478239,0.000603273,0.003874966
189,768,53,0.004475324,0.000649156,0.003826168
189,768,54,0.004522772,0.00061732,0.003905452
189,768,55,0.004490666,0.000674534,0.003816132
189,768,56,0.004557536,0.000723338,0.003834198
189,768,57,0.004769375,0.000889954,0.003879421
189,768,58,0.004997271,0.001081155,0.003916116
189,768,59,0.004369366,0.000500002,0.003869364
189,768,60,0.004462731,0.00066589,0.003796841
189,768,61,0.004431242,0.000658059,0.003773183
189,768,62,0.00479076,0.001070958,0.003719802
189,768,63,0.004481199,0.000835799,0.0036454
189,768,64,0.005010687,0.001431936,0.003578751
189,768,65,0.004708247,0.001126088,0.003582159
189,768,66,0.008624374,0.005071973,0.003552401
189,768,67,0.006613272,0.003243139,0.003370133
189,768,68,0.004713246,0.00126291,0.003450336
189,768,69,0.004919895,0.001277791,0.003642104
189,768,70,0.004560761,0.000796639,0.003764122
189,768,71,0.004325847,0.000624932,0.003700915
189,768,72,0.005665701,0.002183718,0.003481983
189,768,73,0.004896786,0.001235636,0.00366115
189,768,74,0.004423503,0.000654656,0.003768847
189,768,75,0.004342109,0.000514722,0.003827387
189,768,76,0.004184274,0.000479326,0.003704948
189,768,77,0.005803293,0.002335205,0.003468088
189,768,78,0.005753499,0.002300153,0.003453346
189,768,79,0.004655078,0.001038999,0.003616079
189,768,80,0.004213201,0.000600027,0.003613174
189,768,81,0.004591068,0.000985179,0.003605889
189,768,82,0.004843345,0.001272637,0.003570708
189,768,83,0.004347308,0.00091733,0.003429978
189,768,84,0.004758384,0.001283889,0.003474495
189,768,85,0.006427897,0.003073502,0.003354395
189,768,86,0.00474681,0.001274016,0.003472794
189,768,87,0.004397707,0.000961503,0.003436204
189,768,88,0.004731576,0.001079311,0.003652265
189,768,89,0.006580919,0.00312735,0.003453569
189,768,90,0.004624266,0.001216858,0.003407408
189,768,91,0.0046647,0.001196337,0.003468363
189,768,92,0.006654039,0.003372126,0.003281913
189,768,93,0.004910388,0.001428953,0.003481435
189,768,94,0.004130316,0.000646216,0.0034841
189,768,95,0.00644951,0.003245437,0.003204073
189,768,96,0.004575597,0.001245254,0.003330343
189,768,97,0.004734081,0.001311316,0.003422765
189,768,98,0.004324685,0.00078783,0.003536855
189,768,99,0.004102554,0.000635226,0.003467328
189,768,100,0.00422828,0.000861314,0.003366966
189,768,101,0.008191782,0.00488639,0.003305392
189,768,102,0.004546412,0.001152162,0.00339425
189,768,103,0.004538858,0.001087357,0.003451501
189,768,104,0.004482799,0.001071586,0.003411213
189,768,105,0.004536631,0.001061568,0.003475063
189,768,106,0.003920112,0.000457801,0.003462311
189,768,107,0.005257231,0.001821131,0.0034361
189,768,108,0.004207147,0.000831231,0.003375916
189,768,109,0.006438279,0.003326268,0.003112011
189,768,110,0.004687374,0.001639584,0.00304779
190,768,1,0.753441273,0.630355248,0.123086025
190,768,2,0.006528791,0.003443609,0.003085182
190,768,3,0.015702034,0.012668809,0.003033225
190,768,4,0.093950408,0.090890852,0.003059556
190,768,5,0.003795227,0.00066842,0.003126807
190,768,6,0.003489157,0.000387631,0.003101526
190,768,7,0.003539858,0.000397238,0.00314262
190,768,8,0.003818722,0.000654307,0.003164415
190,768,9,0.003933626,0.000750805,0.003182821
190,768,10,0.003843316,0.000633939,0.003209377
190,768,11,0.003955194,0.000752375,0.003202819
190,768,12,0.00416785,0.000841807,0.003326043
190,768,13,0.004062519,0.000734465,0.003328054
190,768,14,0.004126444,0.000735752,0.003390692
190,768,15,0.003990793,0.000484571,0.003506222
190,768,16,0.004040163,0.00043693,0.003603233
190,768,17,0.004189368,0.000441732,0.003747636
190,768,18,0.00433425,0.00053936,0.00379489
190,768,19,0.004290206,0.00047648,0.003813726
190,768,20,0.00457745,0.000782882,0.003794568
190,768,21,0.004369444,0.000498522,0.003870922
190,768,22,0.004413684,0.000592368,0.003821316
190,768,23,0.004569457,0.000609434,0.003960023
190,768,24,0.004410463,0.000507318,0.003903145
190,768,25,0.004512518,0.000527408,0.00398511
190,768,26,0.004452639,0.000507306,0.003945333
190,768,27,0.004628373,0.000607023,0.00402135
190,768,28,0.004449485,0.000509271,0.003940214
190,768,29,0.004535141,0.000530225,0.004004916
190,768,30,0.004494309,0.000513449,0.00398086
190,768,31,0.00455975,0.000518986,0.004040764
190,768,32,0.004479292,0.000517102,0.00396219
190,768,33,0.004544696,0.000525746,0.00401895
190,768,34,0.004560406,0.000527263,0.004033143
190,768,35,0.00463185,0.000565798,0.004066052
190,768,36,0.004530378,0.000561882,0.003968496
190,768,37,0.004677366,0.000575573,0.004101793
190,768,38,0.004503288,0.00058759,0.003915698
190,768,39,0.004574792,0.000564212,0.00401058
190,768,40,0.004505148,0.0005957,0.003909448
190,768,41,0.004592227,0.000604173,0.003988054
190,768,42,0.004500225,0.00060917,0.003891055
190,768,43,0.004568177,0.000607395,0.003960782
190,768,44,0.004520332,0.000612384,0.003907948
190,768,45,0.004611152,0.000654676,0.003956476
190,768,46,0.004525922,0.000592544,0.003933378
190,768,47,0.004532932,0.000608752,0.00392418
190,768,48,0.004503063,0.000612143,0.00389092
190,768,49,0.004561219,0.000637061,0.003924158
190,768,50,0.004480606,0.000623555,0.003857051
190,768,51,0.004529072,0.000613149,0.003915923
190,768,52,0.004472829,0.000605463,0.003867366
190,768,53,0.004542016,0.000611895,0.003930121
190,768,54,0.004529302,0.000593658,0.003935644
190,768,55,0.004546505,0.000582847,0.003963658
190,768,56,0.004473159,0.000597624,0.003875535
190,768,57,0.004510803,0.000573033,0.00393777
190,768,58,0.004419566,0.000545143,0.003874423
190,768,59,0.004595849,0.000641388,0.003954461
190,768,60,0.004269798,0.000594837,0.003674961
190,768,61,0.004654943,0.000815444,0.003839499
190,768,62,0.00527763,0.00166765,0.00360998
190,768,63,0.005451246,0.001875279,0.003575967
190,768,64,0.004406043,0.000889373,0.00351667
190,768,65,0.006617283,0.003113671,0.003503612
190,768,66,0.004576008,0.000995522,0.003580486
190,768,67,0.005147905,0.001743733,0.003404172
190,768,68,0.006761408,0.003343103,0.003418305
190,768,69,0.005390296,0.001841822,0.003548474
190,768,70,0.00481033,0.001152252,0.003658078
190,768,71,0.004302318,0.0006443,0.003658018
190,768,72,0.004037908,0.000473658,0.00356425
190,768,73,0.005582089,0.002105979,0.00347611
190,768,74,0.005068099,0.001446458,0.003621641
190,768,75,0.004690358,0.000997283,0.003693075
190,768,76,0.006066645,0.00256192,0.003504725
190,768,77,0.005836366,0.002319096,0.00351727
190,768,78,0.004743259,0.0012878,0.003455459
190,768,79,0.004168058,0.000622182,0.003545876
190,768,80,0.004384249,0.000763739,0.00362051
190,768,81,0.004619504,0.001093143,0.003526361
190,768,82,0.004635714,0.001184572,0.003451142
190,768,83,0.004719778,0.001278314,0.003441464
190,768,84,0.00697253,0.003591833,0.003380697
190,768,85,0.004212395,0.000731462,0.003480933
190,768,86,0.004657481,0.001168102,0.003489379
190,768,87,0.004217967,0.000788683,0.003429284
190,768,88,0.004540966,0.000967215,0.003573751
190,768,89,0.004443817,0.000854415,0.003589402
190,768,90,0.005607583,0.002238083,0.0033695
190,768,91,0.00873975,0.005502084,0.003237666
190,768,92,0.004534524,0.001295515,0.003239009
190,768,93,0.004272257,0.000792316,0.003479941
190,768,94,0.004101109,0.000644949,0.00345616
190,768,95,0.004040185,0.000788609,0.003251576
190,768,96,0.006274526,0.003077057,0.003197469
190,768,97,0.004868686,0.001593637,0.003275049
190,768,98,0.00438876,0.000877056,0.003511704
190,768,99,0.004256559,0.000698036,0.003558523
190,768,100,0.004186501,0.000792089,0.003394412
190,768,101,0.004163021,0.000825412,0.003337609
190,768,102,0.008293783,0.004971039,0.003322744
190,768,103,0.00462294,0.001301893,0.003321047
190,768,104,0.004501253,0.001199044,0.003302209
190,768,105,0.004486001,0.001039301,0.0034467
190,768,106,0.0040049,0.000594252,0.003410648
190,768,107,0.004700906,0.00137351,0.003327396
190,768,108,0.004563846,0.001239559,0.003324287
190,768,109,0.006369215,0.003273316,0.003095899
190,768,110,0.004530547,0.001383746,0.003146801
191,768,1,0.625381643,0.499287134,0.126094509
191,768,2,0.150299261,0.147248794,0.003050467
191,768,3,0.006499118,0.003453435,0.003045683
191,768,4,0.015683376,0.012652802,0.003030574
191,768,5,0.09393816,0.090894876,0.003043284
191,768,6,0.003858574,0.000746123,0.003112451
191,768,7,0.003517546,0.000336197,0.003181349
191,768,8,0.00373213,0.000607982,0.003124148
191,768,9,0.00396554,0.000822198,0.003143342
191,768,10,0.003891892,0.000708121,0.003183771
191,768,11,0.0038746,0.00066334,0.00321126
191,768,12,0.004205465,0.000944244,0.003261221
191,768,13,0.004015516,0.000730773,0.003284743
191,768,14,0.004059576,0.000728548,0.003331028
191,768,15,0.004089757,0.000657145,0.003432612
191,768,16,0.004107128,0.000472013,0.003635115
191,768,17,0.004127895,0.000443446,0.003684449
191,768,18,0.004371582,0.000473353,0.003898229
191,768,19,0.004280596,0.000480578,0.003800018
191,768,20,0.004321327,0.000535047,0.00378628
191,768,21,0.004621211,0.000743239,0.003877972
191,768,22,0.004338012,0.000515182,0.00382283
191,768,23,0.004429246,0.000531754,0.003897492
191,768,24,0.004587193,0.000719908,0.003867285
191,768,25,0.004452824,0.000536852,0.003915972
191,768,26,0.0044517,0.000531044,0.003920656
191,768,27,0.004493299,0.000554705,0.003938594
191,768,28,0.004575912,0.000662876,0.003913036
191,768,29,0.004497059,0.00058735,0.003909709
191,768,30,0.004441302,0.000584293,0.003857009
191,768,31,0.00461267,0.000682011,0.003930659
191,768,32,0.004403648,0.000571599,0.003832049
191,768,33,0.004605142,0.00068435,0.003920792
191,768,34,0.004377023,0.000574285,0.003802738
191,768,35,0.004643348,0.000763225,0.003880123
191,768,36,0.00466365,0.000764813,0.003898837
191,768,37,0.004518154,0.000634616,0.003883538
191,768,38,0.004742853,0.000859551,0.003883302
191,768,39,0.004419823,0.000600242,0.003819581
191,768,40,0.004632836,0.000784929,0.003847907
191,768,41,0.004505995,0.000652244,0.003853751
191,768,42,0.004523513,0.000710211,0.003813302
191,768,43,0.004607722,0.000721591,0.003886131
191,768,44,0.004502619,0.000697166,0.003805453
191,768,45,0.004569353,0.000654488,0.003914865
191,768,46,0.004520723,0.000729255,0.003791468
191,768,47,0.004605503,0.000704785,0.003900718
191,768,48,0.0044059,0.000625553,0.003780347
191,768,49,0.004598923,0.000734503,0.00386442
191,768,50,0.004522863,0.000711195,0.003811668
191,768,51,0.004501342,0.000733366,0.003767976
191,768,52,0.004468181,0.000675099,0.003793082
191,768,53,0.004514535,0.000705382,0.003809153
191,768,54,0.004584887,0.000779689,0.003805198
191,768,55,0.004498549,0.000713108,0.003785441
191,768,56,0.004615306,0.000746606,0.0038687
191,768,57,0.004360832,0.000558544,0.003802288
191,768,58,0.00458262,0.000755252,0.003827368
191,768,59,0.004402457,0.00059366,0.003808797
191,768,60,0.004508358,0.000805129,0.003703229
191,768,61,0.004432377,0.000739712,0.003692665
191,768,62,0.004571624,0.000858142,0.003713482
191,768,63,0.005157066,0.001537425,0.003619641
191,768,64,0.008445533,0.005006378,0.003439155
191,768,65,0.004868804,0.001431662,0.003437142
191,768,66,0.004107651,0.000554766,0.003552885
191,768,67,0.004009897,0.000519629,0.003490268
191,768,68,0.004413335,0.001043171,0.003370164
191,768,69,0.007227486,0.003866326,0.00336116
191,768,70,0.005157692,0.001635975,0.003521717
191,768,71,0.004782762,0.001259328,0.003523434
191,768,72,0.004340236,0.000799018,0.003541218
191,768,73,0.004171578,0.000653653,0.003517925
191,768,74,0.005656117,0.002002746,0.003653371
191,768,75,0.004915192,0.001261683,0.003653509
191,768,76,0.004621956,0.00105398,0.003567976
191,768,77,0.00617298,0.002779212,0.003393768
191,768,78,0.005944061,0.002462747,0.003481314
191,768,79,0.004606281,0.001040818,0.003565463
191,768,80,0.004183033,0.000609447,0.003573586
191,768,81,0.004612126,0.001094836,0.00351729
191,768,82,0.004950106,0.001427197,0.003522909
191,768,83,0.007895713,0.004533904,0.003361809
191,768,84,0.004432929,0.00097644,0.003456489
191,768,85,0.004007074,0.000529215,0.003477859
191,768,86,0.004582044,0.001057239,0.003524805
191,768,87,0.004080417,0.000668946,0.003411471
191,768,88,0.004518266,0.000938392,0.003579874
191,768,89,0.004423198,0.000849255,0.003573943
191,768,90,0.00406548,0.000554902,0.003510578
191,768,91,0.005588029,0.002283743,0.003304286
191,768,92,0.008285058,0.005012208,0.00327285
191,768,93,0.004857857,0.001508934,0.003348923
191,768,94,0.00423122,0.000760174,0.003471046
191,768,95,0.004029217,0.00068909,0.003340127
191,768,96,0.004042951,0.000671866,0.003371085
191,768,97,0.006844592,0.003560943,0.003283649
191,768,98,0.004590375,0.001125198,0.003465177
191,768,99,0.004065062,0.000644587,0.003420475
191,768,100,0.00418385,0.000793927,0.003389923
191,768,101,0.004164355,0.000821979,0.003342376
191,768,102,0.004359872,0.001020122,0.00333975
191,768,103,0.008392142,0.005149044,0.003243098
191,768,104,0.004888055,0.001595484,0.003292571
191,768,105,0.004385854,0.00091887,0.003466984
191,768,106,0.003975301,0.000583098,0.003392203
191,768,107,0.004226718,0.000798169,0.003428549
191,768,108,0.008217062,0.004849941,0.003367121
191,768,109,0.004432672,0.001340039,0.003092633
191,768,110,0.003993094,0.000856718,0.003136376
192,768,1,0.62645326,0.500610926,0.125842334
192,768,2,0.148827276,0.14578859,0.003038686
192,768,3,0.062541417,0.059507471,0.003033946
192,768,4,0.00391221,0.000788055,0.003124155
192,768,5,0.003742121,0.000508024,0.003234097
192,768,6,0.022562341,0.019548864,0.003013477
192,768,7,0.004131934,0.001007474,0.00312446
192,768,8,0.003795691,0.000661913,0.003133778
192,768,9,0.003499197,0.000424491,0.003074706
192,768,10,0.025704033,0.022647089,0.003056944
192,768,11,0.004166857,0.001117851,0.003049006
192,768,12,0.004020566,0.000804456,0.00321611
192,768,13,0.003647638,0.000336532,0.003311106
192,768,14,0.003575153,0.000367198,0.003207955
192,768,15,0.027959403,0.024924071,0.003035332
192,768,16,0.004510755,0.001357112,0.003153643
192,768,17,0.004802382,0.001604124,0.003198258
192,768,18,0.004420952,0.001366956,0.003053996
192,768,19,0.004443252,0.001318402,0.00312485
192,768,20,0.004157325,0.000944729,0.003212596
192,768,21,0.004165762,0.001055171,0.003110591
192,768,22,0.003981429,0.000779906,0.003201523
192,768,23,0.00416058,0.000977318,0.003183262
192,768,24,0.004300423,0.001155265,0.003145158
192,768,25,0.004223272,0.001056468,0.003166804
192,768,26,0.017596537,0.014438764,0.003157773
192,768,27,0.005010377,0.001849342,0.003161035
192,768,28,0.004946898,0.001768552,0.003178346
192,768,29,0.018219371,0.014899453,0.003319918
192,768,30,0.005866052,0.002440405,0.003425647
192,768,31,0.005505065,0.00204628,0.003458785
192,768,32,0.006019409,0.002500206,0.003519203
192,768,33,0.005722471,0.002256992,0.003465479
192,768,34,0.00531708,0.001792765,0.003524315
192,768,35,0.005340902,0.001783975,0.003556927
192,768,36,0.005250909,0.001597381,0.003653528
192,768,37,0.005410267,0.001715881,0.003694386
192,768,38,0.004827039,0.001031162,0.003795877
192,768,39,0.00503442,0.001305999,0.003728421
192,768,40,0.004806206,0.00101922,0.003786986
192,768,41,0.004869974,0.00103863,0.003831344
192,768,42,0.004291927,0.000600925,0.003691002
192,768,43,0.004953842,0.001270759,0.003683083
192,768,44,0.004664625,0.000908023,0.003756602
192,768,45,0.004590999,0.000884753,0.003706246
192,768,46,0.004754811,0.000942472,0.003812339
192,768,47,0.00460309,0.000879271,0.003723819
192,768,48,0.004570707,0.000775647,0.00379506
192,768,49,0.004749389,0.000989037,0.003760352
192,768,50,0.0047958,0.001147794,0.003648006
192,768,51,0.004834248,0.001168328,0.00366592
192,768,52,0.004361563,0.000719842,0.003641721
192,768,53,0.004730187,0.001158223,0.003571964
192,768,54,0.004914271,0.00125192,0.003662351
192,768,55,0.0048553,0.001211956,0.003643344
192,768,56,0.004456791,0.000801651,0.00365514
192,768,57,0.004882641,0.001268473,0.003614168
192,768,58,0.004830919,0.001090049,0.00374087
192,768,59,0.004888675,0.001073553,0.003815122
192,768,60,0.004596029,0.000802764,0.003793265
192,768,61,0.004849494,0.001096823,0.003752671
192,768,62,0.004430157,0.000741509,0.003688648
192,768,63,0.00461082,0.0009325,0.00367832
192,768,64,0.00460039,0.000922003,0.003678387
192,768,65,0.004761597,0.001309077,0.00345252
192,768,66,0.004677378,0.00120784,0.003469538
192,768,67,0.004456647,0.000987471,0.003469176
192,768,68,0.004908702,0.001377398,0.003531304
192,768,69,0.004673376,0.001012098,0.003661278
192,768,70,0.00439032,0.000644988,0.003745332
192,768,71,0.004335366,0.000697667,0.003637699
192,768,72,0.004497732,0.000831511,0.003666221
192,768,73,0.004341133,0.000583366,0.003757767
192,768,74,0.004490126,0.000755672,0.003734454
192,768,75,0.004249143,0.00047081,0.003778333
192,768,76,0.004434547,0.000711684,0.003722863
192,768,77,0.004269107,0.000673938,0.003595169
192,768,78,0.006748037,0.003375597,0.00337244
192,768,79,0.004826264,0.001322002,0.003504262
192,768,80,0.004712068,0.001163852,0.003548216
192,768,81,0.004588776,0.001010011,0.003578765
192,768,82,0.006376949,0.002955776,0.003421173
192,768,83,0.005921751,0.002372569,0.003549182
192,768,84,0.00482137,0.001163346,0.003658024
192,768,85,0.004813131,0.000927993,0.003885138
192,768,86,0.004542529,0.000578156,0.003964373
192,768,87,0.004567276,0.000541897,0.004025379
192,768,88,0.00445685,0.000548995,0.003907855
192,768,89,0.004339936,0.000526843,0.003813093
192,768,90,0.004292325,0.000535861,0.003756464
192,768,91,0.004299927,0.000571274,0.003728653
192,768,92,0.004586369,0.0007848,0.003801569
192,768,93,0.004713139,0.000930653,0.003782486
192,768,94,0.005494185,0.001688494,0.003805691
192,768,95,0.004205632,0.000489634,0.003715998
192,768,96,0.007033428,0.00334732,0.003686108
192,768,97,0.004512773,0.000830718,0.003682055
192,768,98,0.007041881,0.003247377,0.003794504
192,768,99,0.004440175,0.000785366,0.003654809
192,768,100,0.004510809,0.00083517,0.003675639
192,768,101,0.004190274,0.000522381,0.003667893
192,768,102,0.004389038,0.000742575,0.003646463
192,768,103,0.006991938,0.003368187,0.003623751
192,768,104,0.0093318,0.005799074,0.003532726
192,768,105,0.007675043,0.004128252,0.003546791
192,768,106,0.004553685,0.000869945,0.00368374
192,768,107,0.005179281,0.001584475,0.003594806
192,768,108,0.004508092,0.000821294,0.003686798
192,768,109,0.004678996,0.0009621,0.003716896
192,768,110,0.005861212,0.002216724,0.003644488
193,768,1,0.755230134,0.631246491,0.123983643
193,768,2,0.062620755,0.0595862,0.003034555
193,768,3,0.003783567,0.000648418,0.003135149
193,768,4,0.003657736,0.00050095,0.003156786
193,768,5,0.022780836,0.019766387,0.003014449
193,768,6,0.003898665,0.000807152,0.003091513
193,768,7,0.003636652,0.000548423,0.003088229
193,768,8,0.003762366,0.000657216,0.00310515
193,768,9,0.025763036,0.022707514,0.003055522
193,768,10,0.004252319,0.001087396,0.003164923
193,768,11,0.003814784,0.000624992,0.003189792
193,768,12,0.003603004,0.000412021,0.003190983
193,768,13,0.003666806,0.000401961,0.003264845
193,768,14,0.02790176,0.024879879,0.003021881
193,768,15,0.004123497,0.001099438,0.003024059
193,768,16,0.004302531,0.001285754,0.003016777
193,768,17,0.004536084,0.001498509,0.003037575
193,768,18,0.004339367,0.001295755,0.003043612
193,768,19,0.004407662,0.001229748,0.003177914
193,768,20,0.004047887,0.000968003,0.003079884
193,768,21,0.004214381,0.001144678,0.003069703
193,768,22,0.00425939,0.001147757,0.003111633
193,768,23,0.003974366,0.000812845,0.003161521
193,768,24,0.004177134,0.0009835,0.003193634
193,768,25,0.017021372,0.013862798,0.003158574
193,768,26,0.005770576,0.00263063,0.003139946
193,768,27,0.004890127,0.001723584,0.003166543
193,768,28,0.018447638,0.015155882,0.003291756
193,768,29,0.005906807,0.00251131,0.003395497
193,768,30,0.005477585,0.002046178,0.003431407
193,768,31,0.005909359,0.002400379,0.00350898
193,768,32,0.005877721,0.002400158,0.003477563
193,768,33,0.005220139,0.001690157,0.003529982
193,768,34,0.005323773,0.001719638,0.003604135
193,768,35,0.005124092,0.001416701,0.003707391
193,768,36,0.0054068,0.001746274,0.003660526
193,768,37,0.004781334,0.000993383,0.003787951
193,768,38,0.004980921,0.00134249,0.003638431
193,768,39,0.004816978,0.001086195,0.003730783
193,768,40,0.004791529,0.001031974,0.003759555
193,768,41,0.00448354,0.000728701,0.003754839
193,768,42,0.004911759,0.00120434,0.003707419
193,768,43,0.004607836,0.00088076,0.003727076
193,768,44,0.004668401,0.000903281,0.00376512
193,768,45,0.004587969,0.000827402,0.003760567
193,768,46,0.004797095,0.000963026,0.003834069
193,768,47,0.004471234,0.000676991,0.003794243
193,768,48,0.00486317,0.001075993,0.003787177
193,768,49,0.004769595,0.001085812,0.003683783
193,768,50,0.004824202,0.00106495,0.003759252
193,768,51,0.004435228,0.000783541,0.003651687
193,768,52,0.004764651,0.00112895,0.003635701
193,768,53,0.004658204,0.001024464,0.00363374
193,768,54,0.004944567,0.001278599,0.003665968
193,768,55,0.004457499,0.000845641,0.003611858
193,768,56,0.004964427,0.001296018,0.003668409
193,768,57,0.004623108,0.001012786,0.003610322
193,768,58,0.00476733,0.001053462,0.003713868
193,768,59,0.004738539,0.00099376,0.003744779
193,768,60,0.004828375,0.001058547,0.003769828
193,768,61,0.004569818,0.000817486,0.003752332
193,768,62,0.004624932,0.00098114,0.003643792
193,768,63,0.00461949,0.000891194,0.003728296
193,768,64,0.004917836,0.001326413,0.003591423
193,768,65,0.004538779,0.000985513,0.003553266
193,768,66,0.004499933,0.001019707,0.003480226
193,768,67,0.004727576,0.001236005,0.003491571
193,768,68,0.004794251,0.001155439,0.003638812
193,768,69,0.004428657,0.000769373,0.003659284
193,768,70,0.004396189,0.000701155,0.003695034
193,768,71,0.004473065,0.000681733,0.003791332
193,768,72,0.004297072,0.00067609,0.003620982
193,768,73,0.004471908,0.000768374,0.003703534
193,768,74,0.004283862,0.000542423,0.003741439
193,768,75,0.004481469,0.00056727,0.003914199
193,768,76,0.0043651,0.000572311,0.003792789
193,768,77,0.006326074,0.002853819,0.003472255
193,768,78,0.004800342,0.00137212,0.003428222
193,768,79,0.004645421,0.00110063,0.003544791
193,768,80,0.00457697,0.00103479,0.00354218
193,768,81,0.004679351,0.001208502,0.003470849
193,768,82,0.004369839,0.000827041,0.003542798
193,768,83,0.005807092,0.002158168,0.003648924
193,768,84,0.006243332,0.002597997,0.003645335
193,768,85,0.004851779,0.000998865,0.003852914
193,768,86,0.004683833,0.000756744,0.003927089
193,768,87,0.004602775,0.000626039,0.003976736
193,768,88,0.004531149,0.000618194,0.003912955
193,768,89,0.004396592,0.000582278,0.003814314
193,768,90,0.004394459,0.000598556,0.003795903
193,768,91,0.004694227,0.000898527,0.0037957
193,768,92,0.004810565,0.000933232,0.003877333
193,768,93,0.00540147,0.001547236,0.003854234
193,768,94,0.004330212,0.000551387,0.003778825
193,768,95,0.007097258,0.003398445,0.003698813
193,768,96,0.004518308,0.000822611,0.003695697
193,768,97,0.006529633,0.002961204,0.003568429
193,768,98,0.004862489,0.001206984,0.003655505
193,768,99,0.004336712,0.000644912,0.0036918
193,768,100,0.004379848,0.000692689,0.003687159
193,768,101,0.004474728,0.000866745,0.003607983
193,768,102,0.007020391,0.003420181,0.00360021
193,768,103,0.007208877,0.003603711,0.003605166
193,768,104,0.008868455,0.005236687,0.003631768
193,768,105,0.005180274,0.001516722,0.003663552
193,768,106,0.005450599,0.001732023,0.003718576
193,768,107,0.004298496,0.000716795,0.003581701
193,768,108,0.004301618,0.00055235,0.003749268
193,768,109,0.006192187,0.002570464,0.003621723
193,768,110,0.0081894,0.004811289,0.003378111
194,768,1,0.759648109,0.636046299,0.12360181
194,768,2,0.058590153,0.055555292,0.003034861
194,768,3,0.003715321,0.000605957,0.003109364
194,768,4,0.003667928,0.000520891,0.003147037
194,768,5,0.003682589,0.000409187,0.003273402
194,768,6,0.022063106,0.019040766,0.00302234
194,768,7,0.004137459,0.001031657,0.003105802
194,768,8,0.026422187,0.023388749,0.003033438
194,768,9,0.004071836,0.00101622,0.003055616
194,768,10,0.003911049,0.000776616,0.003134433
194,768,11,0.003572361,0.000406628,0.003165733
194,768,12,0.003657382,0.000406001,0.003251381
194,768,13,0.028061472,0.025031157,0.003030315
194,768,14,0.004045263,0.001015473,0.00302979
194,768,15,0.004085288,0.001059554,0.003025734
194,768,16,0.004015114,0.000982628,0.003032486
194,768,17,0.004031527,0.000987378,0.003044149
194,768,18,0.00434939,0.001297187,0.003052203
194,768,19,0.004276886,0.001223122,0.003053764
194,768,20,0.004220787,0.00106101,0.003159777
194,768,21,0.004078006,0.000995496,0.00308251
194,768,22,0.004074712,0.000897415,0.003177297
194,768,23,0.004080462,0.000900229,0.003180233
194,768,24,0.016681315,0.013575382,0.003105933
194,768,25,0.005668643,0.002556004,0.003112639
194,768,26,0.005494319,0.002378911,0.003115408
194,768,27,0.01875645,0.015529482,0.003226968
194,768,28,0.005921231,0.002551847,0.003369384
194,768,29,0.005447572,0.001999455,0.003448117
194,768,30,0.005869158,0.002477366,0.003391792
194,768,31,0.005890924,0.002458543,0.003432381
194,768,32,0.005143655,0.001741044,0.003402611
194,768,33,0.00539385,0.001742738,0.003651112
194,768,34,0.004923241,0.00128827,0.003634971
194,768,35,0.005371057,0.001744422,0.003626635
194,768,36,0.004752158,0.001024637,0.003727521
194,768,37,0.005022863,0.001267526,0.003755337
194,768,38,0.004803811,0.001087546,0.003716265
194,768,39,0.004821437,0.00101812,0.003803317
194,768,40,0.004481297,0.000733638,0.003747659
194,768,41,0.004838781,0.001117387,0.003721394
194,768,42,0.004578695,0.000881968,0.003696727
194,768,43,0.004612791,0.000914429,0.003698362
194,768,44,0.004727005,0.001012439,0.003714566
194,768,45,0.004734948,0.000993739,0.003741209
194,768,46,0.004513089,0.000867807,0.003645282
194,768,47,0.004864131,0.001160875,0.003703256
194,768,48,0.004802767,0.001151267,0.0036515
194,768,49,0.004705678,0.001057337,0.003648341
194,768,50,0.004607784,0.000949173,0.003658611
194,768,51,0.004709675,0.001035832,0.003673843
194,768,52,0.004690722,0.001041702,0.00364902
194,768,53,0.004640051,0.001046542,0.003593509
194,768,54,0.00477221,0.001163709,0.003608501
194,768,55,0.00483008,0.001148918,0.003681162
194,768,56,0.004710119,0.001028534,0.003681585
194,768,57,0.004734217,0.001019571,0.003714646
194,768,58,0.004678341,0.000982043,0.003696298
194,768,59,0.00476458,0.000983872,0.003780708
194,768,60,0.004681827,0.00089351,0.003788317
194,768,61,0.004588569,0.000869953,0.003718616
194,768,62,0.004700703,0.001024032,0.003676671
194,768,63,0.004975016,0.001232652,0.003742364
194,768,64,0.004431694,0.000856932,0.003574762
194,768,65,0.004525318,0.001021366,0.003503952
194,768,66,0.004754149,0.001228789,0.00352536
194,768,67,0.00459476,0.001038155,0.003556605
194,768,68,0.004680162,0.001025034,0.003655128
194,768,69,0.004469885,0.000703671,0.003766214
194,768,70,0.004374359,0.000580961,0.003793398
194,768,71,0.00446351,0.000670909,0.003792601
194,768,72,0.004424445,0.000664746,0.003759699
194,768,73,0.004323221,0.000700548,0.003622673
194,768,74,0.004240002,0.00059976,0.003640242
194,768,75,0.004466524,0.00072034,0.003746184
194,768,76,0.006165466,0.002730757,0.003434709
194,768,77,0.004757593,0.001356521,0.003401072
194,768,78,0.004623756,0.001137466,0.00348629
194,768,79,0.004708485,0.001128936,0.003579549
194,768,80,0.004639549,0.001077915,0.003561634
194,768,81,0.004499445,0.000978533,0.003520912
194,768,82,0.004627092,0.001081033,0.003546059
194,768,83,0.005404816,0.001859959,0.003544857
194,768,84,0.005842423,0.002214519,0.003627904
194,768,85,0.005097574,0.001193704,0.00390387
194,768,86,0.004809453,0.000834182,0.003975271
194,768,87,0.004631409,0.000586226,0.004045183
194,768,88,0.004562188,0.00058015,0.003982038
194,768,89,0.004392191,0.000564922,0.003827269
194,768,90,0.004881948,0.001066238,0.00381571
194,768,91,0.004710679,0.000953532,0.003757147
194,768,92,0.005442171,0.001654634,0.003787537
194,768,93,0.004447667,0.00069144,0.003756227
194,768,94,0.00718003,0.003451486,0.003728544
194,768,95,0.004501754,0.000851493,0.003650261
194,768,96,0.006613912,0.002916489,0.003697423
194,768,97,0.004530291,0.000933135,0.003597156
194,768,98,0.004337079,0.00063989,0.003697189
194,768,99,0.004356029,0.000642881,0.003713148
194,768,100,0.004827852,0.001147427,0.003680425
194,768,101,0.006977563,0.003312653,0.00366491
194,768,102,0.0072719,0.003659236,0.003612664
194,768,103,0.00502399,0.001431178,0.003592812
194,768,104,0.008486263,0.00482432,0.003661943
194,768,105,0.005732668,0.002023764,0.003708904
194,768,106,0.004564289,0.000797037,0.003767252
194,768,107,0.004109193,0.00050673,0.003602463
194,768,108,0.006239728,0.002599572,0.003640156
194,768,109,0.008218366,0.004603278,0.003615088
194,768,110,0.004850785,0.001477664,0.003373121
195,768,1,0.75509794,0.631239932,0.123858008
195,768,2,0.060203646,0.057167718,0.003035928
195,768,3,0.00610884,0.003084154,0.003024686
195,768,4,0.003876371,0.000709278,0.003167093
195,768,5,0.003666935,0.000441153,0.003225782
195,768,6,0.004304136,0.001257658,0.003046478
195,768,7,0.045463896,0.042425855,0.003038041
195,768,8,0.004017975,0.000898176,0.003119799
195,768,9,0.003878713,0.000745532,0.003133181
195,768,10,0.003538202,0.000362752,0.00317545
195,768,11,0.003514782,0.000380392,0.00313439
195,768,12,0.003682039,0.000476759,0.00320528
195,768,13,0.003576326,0.00036947,0.003206856
195,768,14,0.027441173,0.024405727,0.003035446
195,768,15,0.004453822,0.001429704,0.003024118
195,768,16,0.004386625,0.001246902,0.003139723
195,768,17,0.004036025,0.000986889,0.003049136
195,768,18,0.004445175,0.001389377,0.003055798
195,768,19,0.004485247,0.001323282,0.003161965
195,768,20,0.004046247,0.00088392,0.003162327
195,768,21,0.004058202,0.000987554,0.003070648
195,768,22,0.004088321,0.000980278,0.003108043
195,768,23,0.016963861,0.013877256,0.003086605
195,768,24,0.005368019,0.002303186,0.003064833
195,768,25,0.005275979,0.002180821,0.003095158
195,768,26,0.019272839,0.016082878,0.003189961
195,768,27,0.005709487,0.002415075,0.003294412
195,768,28,0.005540662,0.00219317,0.003347492
195,768,29,0.006046209,0.002639053,0.003407156
195,768,30,0.005670766,0.002274025,0.003396741
195,768,31,0.005317246,0.001749466,0.00356778
195,768,32,0.004935258,0.00137961,0.003555648
195,768,33,0.005012514,0.001472673,0.003539841
195,768,34,0.005401045,0.00187899,0.003522055
195,768,35,0.004656785,0.000958645,0.00369814
195,768,36,0.005019102,0.001268756,0.003750346
195,768,37,0.005015112,0.001279458,0.003735654
195,768,38,0.004645182,0.000933995,0.003711187
195,768,39,0.004589509,0.000809462,0.003780047
195,768,40,0.00485173,0.0010887,0.00376303
195,768,41,0.00447541,0.000801479,0.003673931
195,768,42,0.004699295,0.001048705,0.00365059
195,768,43,0.004693664,0.000975878,0.003717786
195,768,44,0.004403002,0.000714402,0.0036886
195,768,45,0.004772489,0.001118786,0.003653703
195,768,46,0.004958437,0.001258057,0.00370038
195,768,47,0.004927165,0.001173917,0.003753248
195,768,48,0.004416274,0.000738739,0.003677535
195,768,49,0.004494329,0.000853566,0.003640763
195,768,50,0.004603819,0.000914834,0.003688985
195,768,51,0.004486585,0.000846855,0.00363973
195,768,52,0.004895524,0.001279466,0.003616058
195,768,53,0.004492836,0.000891306,0.00360153
195,768,54,0.004478313,0.000921109,0.003557204
195,768,55,0.005062274,0.001436626,0.003625648
195,768,56,0.004815184,0.001167221,0.003647963
195,768,57,0.005062246,0.001355474,0.003706772
195,768,58,0.004424059,0.000745795,0.003678264
195,768,59,0.004807346,0.001028124,0.003779222
195,768,60,0.004685149,0.000958519,0.00372663
195,768,61,0.004811772,0.001098631,0.003713141
195,768,62,0.005013381,0.001295461,0.00371792
195,768,63,0.004364481,0.000714213,0.003650268
195,768,64,0.004516972,0.000952855,0.003564117
195,768,65,0.00479003,0.001247267,0.003542763
195,768,66,0.004377347,0.000848111,0.003529236
195,768,67,0.00467614,0.001086949,0.003589191
195,768,68,0.004356715,0.000751225,0.00360549
195,768,69,0.004864193,0.001106977,0.003757216
195,768,70,0.004317184,0.000594543,0.003722641
195,768,71,0.004591235,0.000776455,0.00381478
195,768,72,0.004288721,0.00064046,0.003648261
195,768,73,0.004349444,0.000767949,0.003581495
195,768,74,0.004341728,0.00067908,0.003662648
195,768,75,0.005481475,0.001794638,0.003686837
195,768,76,0.004659862,0.001179255,0.003480607
195,768,77,0.004965594,0.001541031,0.003424563
195,768,78,0.004818421,0.001333763,0.003484658
195,768,79,0.004860585,0.001213911,0.003646674
195,768,80,0.004506042,0.000960035,0.003546007
195,768,81,0.004797415,0.001324193,0.003473222
195,768,82,0.005491861,0.002064718,0.003427143
195,768,83,0.005352982,0.001782465,0.003570517
195,768,84,0.004958827,0.001300661,0.003658166
195,768,85,0.005133705,0.001241376,0.003892329
195,768,86,0.004636389,0.0007124,0.003923989
195,768,87,0.004714201,0.000730521,0.00398368
195,768,88,0.004461059,0.000576544,0.003884515
195,768,89,0.004970319,0.001067821,0.003902498
195,768,90,0.004707979,0.000895686,0.003812293
195,768,91,0.005441509,0.001568573,0.003872936
195,768,92,0.004419464,0.000616598,0.003802866
195,768,93,0.00731104,0.003580293,0.003730747
195,768,94,0.004526257,0.000861246,0.003665011
195,768,95,0.006430747,0.002702488,0.003728259
195,768,96,0.004666179,0.00098005,0.003686129
195,768,97,0.004145608,0.000528541,0.003617067
195,768,98,0.004321385,0.000640124,0.003681261
195,768,99,0.004893047,0.00118117,0.003711877
195,768,100,0.004796275,0.001096431,0.003699844
195,768,101,0.009510128,0.005890771,0.003619357
195,768,102,0.005225267,0.001644914,0.003580353
195,768,103,0.00777518,0.004278779,0.003496401
195,768,104,0.005904055,0.002303676,0.003600379
195,768,105,0.004805211,0.001032249,0.003772962
195,768,106,0.004462159,0.000732193,0.003729966
195,768,107,0.006244598,0.002530063,0.003714535
195,768,108,0.008228725,0.004641986,0.003586739
195,768,109,0.005134238,0.001566375,0.003567863
195,768,110,0.003733231,0.000359882,0.003373349
196,768,1,0.750724729,0.627775168,0.122949561
196,768,2,0.064742418,0.061709164,0.003033254
196,768,3,0.003970261,0.000819928,0.003150333
196,768,4,0.005225613,0.002185919,0.003039694
196,768,5,0.005447823,0.002300711,0.003147112
196,768,6,0.045548235,0.042496663,0.003051572
196,768,7,0.003929515,0.00079673,0.003132785
196,768,8,0.003872144,0.000721848,0.003150296
196,768,9,0.003521378,0.000370849,0.003150529
196,768,10,0.003544165,0.000385752,0.003158413
196,768,11,0.003564773,0.000372238,0.003192535
196,768,12,0.003652267,0.00047455,0.003177717
196,768,13,0.008149308,0.005018372,0.003130936
196,768,14,0.004369119,0.001183881,0.003185238
196,768,15,0.021528941,0.018502502,0.003026439
196,768,16,0.004584632,0.001442317,0.003142315
196,768,17,0.004489086,0.001457052,0.003032034
196,768,18,0.004625446,0.001581048,0.003044398
196,768,19,0.004427803,0.001300064,0.003127739
196,768,20,0.004336846,0.001140173,0.003196673
196,768,21,0.004075952,0.000988677,0.003087275
196,768,22,0.017296886,0.01422373,0.003073156
196,768,23,0.005281522,0.002217265,0.003064257
196,768,24,0.005233458,0.002117747,0.003115711
196,768,25,0.019712943,0.01652777,0.003185173
196,768,26,0.005519036,0.002314065,0.003204971
196,768,27,0.005491815,0.002200313,0.003291502
196,768,28,0.006034495,0.002676472,0.003358023
196,768,29,0.005737843,0.002259352,0.003478491
196,768,30,0.005081218,0.001523987,0.003557231
196,768,31,0.00504621,0.001571156,0.003475054
196,768,32,0.004977194,0.001493157,0.003484037
196,768,33,0.00545917,0.001918407,0.003540763
196,768,34,0.004419794,0.000807551,0.003612243
196,768,35,0.004946204,0.001315608,0.003630596
196,768,36,0.005098816,0.001303429,0.003795387
196,768,37,0.004714439,0.00096872,0.003745719
196,768,38,0.004545065,0.000772811,0.003772254
196,768,39,0.004862993,0.001074796,0.003788197
196,768,40,0.004579488,0.000781879,0.003797609
196,768,41,0.004625758,0.000957952,0.003667806
196,768,42,0.004745617,0.000944468,0.003801149
196,768,43,0.004338433,0.000688999,0.003649434
196,768,44,0.004797289,0.001063831,0.003733458
196,768,45,0.004939198,0.001256877,0.003682321
196,768,46,0.004860391,0.001066594,0.003793797
196,768,47,0.004408747,0.000687126,0.003721621
196,768,48,0.004606916,0.000877291,0.003729625
196,768,49,0.004352638,0.000713042,0.003639596
196,768,50,0.00470545,0.001070693,0.003634757
196,768,51,0.004891754,0.001222119,0.003669635
196,768,52,0.00447747,0.000842303,0.003635167
196,768,53,0.004449291,0.000896162,0.003553129
196,768,54,0.004943381,0.001383861,0.00355952
196,768,55,0.004743455,0.001083629,0.003659826
196,768,56,0.005096119,0.001422487,0.003673632
196,768,57,0.004365731,0.000761616,0.003604115
196,768,58,0.004865594,0.001185097,0.003680497
196,768,59,0.004882645,0.001161041,0.003721604
196,768,60,0.004743539,0.001084252,0.003659287
196,768,61,0.005070892,0.001439324,0.003631568
196,768,62,0.004429832,0.000787544,0.003642288
196,768,63,0.004718295,0.001061661,0.003656634
196,768,64,0.004675471,0.001048028,0.003627443
196,768,65,0.00431207,0.000776721,0.003535349
196,768,66,0.004598526,0.000984765,0.003613761
196,768,67,0.004392157,0.000823448,0.003568709
196,768,68,0.004911999,0.001173086,0.003738913
196,768,69,0.004228473,0.00048938,0.003739093
196,768,70,0.00464226,0.000864511,0.003777749
196,768,71,0.004426901,0.00060955,0.003817351
196,768,72,0.004381085,0.000636777,0.003744308
196,768,73,0.004241934,0.000673156,0.003568778
196,768,74,0.005358689,0.001710047,0.003648642
196,768,75,0.00472825,0.000991859,0.003736391
196,768,76,0.005016194,0.001508603,0.003507591
196,768,77,0.004637086,0.001106692,0.003530394
196,768,78,0.004793036,0.001268435,0.003524601
196,768,79,0.004433606,0.000833174,0.003600432
196,768,80,0.004922815,0.001393208,0.003529607
196,768,81,0.005740688,0.00238348,0.003357208
196,768,82,0.005050541,0.001602179,0.003448362
196,768,83,0.004671742,0.001097614,0.003574128
196,768,84,0.005065251,0.001405326,0.003659925
196,768,85,0.004783024,0.000916555,0.003866469
196,768,86,0.004840715,0.000788542,0.004052173
196,768,87,0.004550362,0.000572179,0.003978183
196,768,88,0.005033664,0.001147805,0.003885859
196,768,89,0.004795377,0.000960768,0.003834609
196,768,90,0.005419045,0.001557212,0.003861833
196,768,91,0.004461979,0.000577935,0.003884044
196,768,92,0.007425369,0.003601372,0.003823997
196,768,93,0.004490505,0.000596864,0.003893641
196,768,94,0.005703132,0.002040669,0.003662463
196,768,95,0.005112976,0.00137727,0.003735706
196,768,96,0.004422507,0.000710741,0.003711766
196,768,97,0.004201241,0.000583588,0.003617653
196,768,98,0.004963102,0.001271197,0.003691905
196,768,99,0.00477425,0.001001002,0.003773248
196,768,100,0.007175379,0.003581706,0.003593673
196,768,101,0.007114682,0.003524079,0.003590603
196,768,102,0.008435811,0.004818091,0.00361772
196,768,103,0.005314397,0.001733313,0.003581084
196,768,104,0.004636653,0.001050278,0.003586375
196,768,105,0.004755163,0.001004599,0.003750564
196,768,106,0.006532207,0.002875598,0.003656609
196,768,107,0.005435525,0.001742068,0.003693457
196,768,108,0.004425851,0.000717498,0.003708353
196,768,109,0.006063804,0.002423002,0.003640802
196,768,110,0.007177655,0.003844984,0.003332671
197,768,1,0.759397635,0.635049705,0.12434793
197,768,2,0.056697727,0.053669916,0.003027811
197,768,3,0.003646768,0.00053873,0.003108038
197,768,4,0.003652799,0.000439134,0.003213665
197,768,5,0.049020742,0.045986782,0.00303396
197,768,6,0.003945034,0.000920612,0.003024422
197,768,7,0.003810849,0.000642531,0.003168318
197,768,8,0.003523942,0.000417736,0.003106206
197,768,9,0.003578706,0.000399951,0.003178755
197,768,10,0.003551304,0.000423622,0.003127682
197,768,11,0.003639751,0.000489937,0.003149814
197,768,12,0.008169132,0.004991171,0.003177961
197,768,13,0.004352406,0.00127298,0.003079426
197,768,14,0.009487913,0.006470311,0.003017602
197,768,15,0.004368559,0.001346456,0.003022103
197,768,16,0.014363064,0.011311081,0.003051983
197,768,17,0.00480451,0.001779181,0.003025329
197,768,18,0.005266381,0.002118686,0.003147695
197,768,19,0.004297937,0.001240519,0.003057418
197,768,20,0.004217205,0.001072088,0.003145117
197,768,21,0.018015921,0.014918337,0.003097584
197,768,22,0.005404478,0.002321314,0.003083164
197,768,23,0.004915783,0.001816062,0.003099721
197,768,24,0.020291756,0.01711672,0.003175036
197,768,25,0.005361425,0.002227111,0.003134314
197,768,26,0.005460986,0.002207918,0.003253068
197,768,27,0.005970347,0.002617246,0.003353101
197,768,28,0.005688599,0.00228619,0.003402409
197,768,29,0.005018375,0.001636175,0.0033822
197,768,30,0.005000737,0.001585555,0.003415182
197,768,31,0.00497116,0.001538062,0.003433098
197,768,32,0.005288491,0.001828941,0.00345955
197,768,33,0.004585579,0.000960784,0.003624795
197,768,34,0.004871673,0.00128113,0.003590543
197,768,35,0.004823025,0.001244197,0.003578828
197,768,36,0.005013241,0.001228583,0.003784658
197,768,37,0.004440261,0.000734943,0.003705318
197,768,38,0.004913505,0.001143265,0.00377024
197,768,39,0.004478494,0.000702676,0.003775818
197,768,40,0.004736801,0.000996999,0.003739802
197,768,41,0.004625204,0.000881403,0.003743801
197,768,42,0.004465357,0.000777193,0.003688164
197,768,43,0.004738188,0.001061129,0.003677059
197,768,44,0.004983025,0.001274895,0.00370813
197,768,45,0.004654338,0.000886481,0.003767857
197,768,46,0.004433171,0.000699788,0.003733383
197,768,47,0.004752676,0.000984014,0.003768662
197,768,48,0.004431806,0.000743246,0.00368856
197,768,49,0.004591475,0.000890217,0.003701258
197,768,50,0.00481927,0.001175637,0.003643633
197,768,51,0.004519027,0.000866768,0.003652259
197,768,52,0.004618897,0.001048805,0.003570092
197,768,53,0.004937006,0.001352454,0.003584552
197,768,54,0.004640267,0.0010577,0.003582567
197,768,55,0.005014872,0.001364005,0.003650867
197,768,56,0.004419779,0.000844514,0.003575265
197,768,57,0.004822498,0.001218559,0.003603939
197,768,58,0.004878603,0.001199385,0.003679218
197,768,59,0.004849494,0.001114313,0.003735181
197,768,60,0.005073599,0.001323858,0.003749741
197,768,61,0.004495123,0.000902622,0.003592501
197,768,62,0.004690099,0.000995016,0.003695083
197,768,63,0.004792388,0.001093156,0.003699232
197,768,64,0.004268783,0.000765232,0.003503551
197,768,65,0.004514688,0.000941995,0.003572693
197,768,66,0.004406946,0.000856295,0.003550651
197,768,67,0.004669495,0.001075869,0.003593626
197,768,68,0.004478764,0.000805608,0.003673156
197,768,69,0.004616551,0.000762264,0.003854287
197,768,70,0.004340881,0.000628447,0.003712434
197,768,71,0.004537322,0.000736409,0.003800913
197,768,72,0.004388634,0.000601968,0.003786666
197,768,73,0.004771665,0.001144941,0.003626724
197,768,74,0.004998714,0.001325133,0.003673581
197,768,75,0.004767633,0.001052,0.003715633
197,768,76,0.004701719,0.001139107,0.003562612
197,768,77,0.004700308,0.001226709,0.003473599
197,768,78,0.004610156,0.001084273,0.003525883
197,768,79,0.00488694,0.001249742,0.003637198
197,768,80,0.006294435,0.002880722,0.003413713
197,768,81,0.004955499,0.001516193,0.003439306
197,768,82,0.004400139,0.000868559,0.00353158
197,768,83,0.004456247,0.000878691,0.003577556
197,768,84,0.005090149,0.001392251,0.003697898
197,768,85,0.004853259,0.000930138,0.003923121
197,768,86,0.004645784,0.000652772,0.003993012
197,768,87,0.005226513,0.001295556,0.003930957
197,768,88,0.004796844,0.000976534,0.00382031
197,768,89,0.005223455,0.001382163,0.003841292
197,768,90,0.004572295,0.000697932,0.003874363
197,768,91,0.007576578,0.003744294,0.003832284
197,768,92,0.004354671,0.000492908,0.003861763
197,768,93,0.004267454,0.000506277,0.003761177
197,768,94,0.004138102,0.000478567,0.003659535
197,768,95,0.005252576,0.0015653,0.003687276
197,768,96,0.005264171,0.001581756,0.003682415
197,768,97,0.005574278,0.001878982,0.003695296
197,768,98,0.004619665,0.00090883,0.003710835
197,768,99,0.007604065,0.003909712,0.003694353
197,768,100,0.007113661,0.003487174,0.003626487
197,768,101,0.007961928,0.004363424,0.003598504
197,768,102,0.005203306,0.001618689,0.003584617
197,768,103,0.004520588,0.000931428,0.00358916
197,768,104,0.004633372,0.001053826,0.003579546
197,768,105,0.004941643,0.001199027,0.003742616
197,768,106,0.004314477,0.000531167,0.00378331
197,768,107,0.005745987,0.002014857,0.00373113
197,768,108,0.005590031,0.00188045,0.003709581
197,768,109,0.004292904,0.000719973,0.003572931
197,768,110,0.005615759,0.002215885,0.003399874
198,768,1,0.761319289,0.637204685,0.124114604
198,768,2,0.054124878,0.051071482,0.003053396
198,768,3,0.004095099,0.000964114,0.003130985
198,768,4,0.04974722,0.046711469,0.003035751
198,768,5,0.003956731,0.000793534,0.003163197
198,768,6,0.003655994,0.00053446,0.003121534
198,768,7,0.003551594,0.000406243,0.003145351
198,768,8,0.003521369,0.00040907,0.003112299
198,768,9,0.003672073,0.000528867,0.003143206
198,768,10,0.003565822,0.000381062,0.00318476
198,768,11,0.008199141,0.005083771,0.00311537
198,768,12,0.004400618,0.001257895,0.003142723
198,768,13,0.009456026,0.006406312,0.003049714
198,768,14,0.004301212,0.001279236,0.003021976
198,768,15,0.004054346,0.0009534,0.003100946
198,768,16,0.003644259,0.00051115,0.003133109
198,768,17,0.013740928,0.010708116,0.003032812
198,768,18,0.005273948,0.002229273,0.003044675
198,768,19,0.00477206,0.001724005,0.003048055
198,768,20,0.01901906,0.015889462,0.003129598
198,768,21,0.005331052,0.002268981,0.003062071
198,768,22,0.004893722,0.001801918,0.003091804
198,768,23,0.020761781,0.017623658,0.003138123
198,768,24,0.005344343,0.002178753,0.00316559
198,768,25,0.005284957,0.002089949,0.003195008
198,768,26,0.005777023,0.00245561,0.003321413
198,768,27,0.005824481,0.002445019,0.003379462
198,768,28,0.004923418,0.001519589,0.003403829
198,768,29,0.005029497,0.001636279,0.003393218
198,768,30,0.004961468,0.001468079,0.003493389
198,768,31,0.0050535,0.001625065,0.003428435
198,768,32,0.004637704,0.001125843,0.003511861
198,768,33,0.004916171,0.001282683,0.003633488
198,768,34,0.00482027,0.001183465,0.003636805
198,768,35,0.004761643,0.001045699,0.003715944
198,768,36,0.004599436,0.000901887,0.003697549
198,768,37,0.004799627,0.001052095,0.003747532
198,768,38,0.004463226,0.000778495,0.003684731
198,768,39,0.004765898,0.001023669,0.003742229
198,768,40,0.00461333,0.000911731,0.003701599
198,768,41,0.004510258,0.000793827,0.003716431
198,768,42,0.004738243,0.001040018,0.003698225
198,768,43,0.004863646,0.001165176,0.00369847
198,768,44,0.004674156,0.000929926,0.00374423
198,768,45,0.004487493,0.000799953,0.00368754
198,768,46,0.004760114,0.000968908,0.003791206
198,768,47,0.004404901,0.000717022,0.003687879
198,768,48,0.004642474,0.000910989,0.003731485
198,768,49,0.004837712,0.001027208,0.003810504
198,768,50,0.004525903,0.000817597,0.003708306
198,768,51,0.004688306,0.000997931,0.003690375
198,768,52,0.004822091,0.001164551,0.00365754
198,768,53,0.004677757,0.001036305,0.003641452
198,768,54,0.00491246,0.001253558,0.003658902
198,768,55,0.004539623,0.000918443,0.00362118
198,768,56,0.004807378,0.001184101,0.003623277
198,768,57,0.004802495,0.001131097,0.003671398
198,768,58,0.004884846,0.00109775,0.003787096
198,768,59,0.005131508,0.001290813,0.003840695
198,768,60,0.004627368,0.000875102,0.003752266
198,768,61,0.004717489,0.0009212,0.003796289
198,768,62,0.004634718,0.000866335,0.003768383
198,768,63,0.004416086,0.0007261,0.003689986
198,768,64,0.00439741,0.000889442,0.003507968
198,768,65,0.004454629,0.000948193,0.003506436
198,768,66,0.00451079,0.000941118,0.003569672
198,768,67,0.004468244,0.000856115,0.003612129
198,768,68,0.004557204,0.000864297,0.003692907
198,768,69,0.004363388,0.000619339,0.003744049
198,768,70,0.00461523,0.000812632,0.003802598
198,768,71,0.004348603,0.000694305,0.003654298
198,768,72,0.004868498,0.001072907,0.003795591
198,768,73,0.004804502,0.001107476,0.003697026
198,768,74,0.005028852,0.001220733,0.003808119
198,768,75,0.004546023,0.000723575,0.003822448
198,768,76,0.00459087,0.001046937,0.003543933
198,768,77,0.004763247,0.001316116,0.003447131
198,768,78,0.004592665,0.001099895,0.00349277
198,768,79,0.006816807,0.003341499,0.003475308
198,768,80,0.004918388,0.001506273,0.003412115
198,768,81,0.004491443,0.000889878,0.003601565
198,768,82,0.00401286,0.000493354,0.003519506
198,768,83,0.004690163,0.001113746,0.003576417
198,768,84,0.004928713,0.001233674,0.003695039
198,768,85,0.004825527,0.000879858,0.003945669
198,768,86,0.005463056,0.001434038,0.004029018
198,768,87,0.004914518,0.000967653,0.003946865
198,768,88,0.005118265,0.001322733,0.003795532
198,768,89,0.004388538,0.000594251,0.003794287
198,768,90,0.007826229,0.003989203,0.003837026
198,768,91,0.004318203,0.00045565,0.003862553
198,768,92,0.004275985,0.000508432,0.003767553
198,768,93,0.004380368,0.000622635,0.003757733
198,768,94,0.004197895,0.000494969,0.003702926
198,768,95,0.004093912,0.000451851,0.003642061
198,768,96,0.007471113,0.003812647,0.003658466
198,768,97,0.004769233,0.001097922,0.003671311
198,768,98,0.007402886,0.003700726,0.00370216
198,768,99,0.007543999,0.003929766,0.003614233
198,768,100,0.004921831,0.001293826,0.003628005
198,768,101,0.004225972,0.000615826,0.003610146
198,768,102,0.006712464,0.003096471,0.003615993
198,768,103,0.005354551,0.001739703,0.003614848
198,768,104,0.004643083,0.001083783,0.0035593
198,768,105,0.004836042,0.001019509,0.003816533
198,768,106,0.004393985,0.000625328,0.003768657
198,768,107,0.004132389,0.000456141,0.003676248
198,768,108,0.006870312,0.003179528,0.003690784
198,768,109,0.005277449,0.001651371,0.003626078
198,768,110,0.004185705,0.000790032,0.003395673
199,768,1,0.756515994,0.632814867,0.123701127
199,768,2,0.058809119,0.055771593,0.003037526
199,768,3,0.05068923,0.047662125,0.003027105
199,768,4,0.003867837,0.000765677,0.00310216
199,768,5,0.00366131,0.000542438,0.003118872
199,768,6,0.00358002,0.000417578,0.003162442
199,768,7,0.003533267,0.000420156,0.003113111
199,768,8,0.003601933,0.000444926,0.003157007
199,768,9,0.00353079,0.000395835,0.003134955
199,768,10,0.008330575,0.005223657,0.003106918
199,768,11,0.004386616,0.001242589,0.003144027
199,768,12,0.009146399,0.006072715,0.003073684
199,768,13,0.00456526,0.001542974,0.003022286
199,768,14,0.004031296,0.000894142,0.003137154
199,768,15,0.00356241,0.000463002,0.003099408
199,768,16,0.00363588,0.000520248,0.003115632
199,768,17,0.003780316,0.000597377,0.003182939
199,768,18,0.014026077,0.010979649,0.003046428
199,768,19,0.02105442,0.017948175,0.003106245
199,768,20,0.005493558,0.002316934,0.003176624
199,768,21,0.004901895,0.001764498,0.003137397
199,768,22,0.020801072,0.01770232,0.003098752
199,768,23,0.005382323,0.002235159,0.003147164
199,768,24,0.005197713,0.002031501,0.003166212
199,768,25,0.005688745,0.002490246,0.003198499
199,768,26,0.005623578,0.002336038,0.00328754
199,768,27,0.00512371,0.00173093,0.00339278
199,768,28,0.004999352,0.001479957,0.003519395
199,768,29,0.004819814,0.001350649,0.003469165
199,768,30,0.005099297,0.001474412,0.003624885
199,768,31,0.004654914,0.001050407,0.003604507
199,768,32,0.004708374,0.001067629,0.003640745
199,768,33,0.004758603,0.001019129,0.003739474
199,768,34,0.004628362,0.000891962,0.0037364
199,768,35,0.004708512,0.000890579,0.003817933
199,768,36,0.004784772,0.000932233,0.003852539
199,768,37,0.004514196,0.000700274,0.003813922
199,768,38,0.004717639,0.000891317,0.003826322
199,768,39,0.004666181,0.000795714,0.003870467
199,768,40,0.004401158,0.000667713,0.003733445
199,768,41,0.004776675,0.000969893,0.003806782
199,768,42,0.004836115,0.001012094,0.003824021
199,768,43,0.0045893,0.000807643,0.003781657
199,768,44,0.004628341,0.000815897,0.003812444
199,768,45,0.00469982,0.00085276,0.00384706
199,768,46,0.004513593,0.000644139,0.003869454
199,768,47,0.004663709,0.000872353,0.003791356
199,768,48,0.004758923,0.000970956,0.003787967
199,768,49,0.00461989,0.000853355,0.003766535
199,768,50,0.004761579,0.000992684,0.003768895
199,768,51,0.004752492,0.001052489,0.003700003
199,768,52,0.004663849,0.001005499,0.00365835
199,768,53,0.004918855,0.001230024,0.003688831
199,768,54,0.004476707,0.000847009,0.003629698
199,768,55,0.004907148,0.001206617,0.003700531
199,768,56,0.004765558,0.001059341,0.003706217
199,768,57,0.004857251,0.001106355,0.003750896
199,768,58,0.004994411,0.001229867,0.003764544
199,768,59,0.004815049,0.00092634,0.003888709
199,768,60,0.004534664,0.00080162,0.003733044
199,768,61,0.004781766,0.000987748,0.003794018
199,768,62,0.004417807,0.000694211,0.003723596
199,768,63,0.004622045,0.000836124,0.003785921
199,768,64,0.004194389,0.000672626,0.003521763
199,768,65,0.004560666,0.00102614,0.003534526
199,768,66,0.004339155,0.000849793,0.003489362
199,768,67,0.004564482,0.000980001,0.003584481
199,768,68,0.004560919,0.000827008,0.003733911
199,768,69,0.004518165,0.00065933,0.003858835
199,768,70,0.004408822,0.000619463,0.003789359
199,768,71,0.004757894,0.000933874,0.00382402
199,768,72,0.004832614,0.001004867,0.003827747
199,768,73,0.004933429,0.001149731,0.003783698
199,768,74,0.004616543,0.000797406,0.003819137
199,768,75,0.004531993,0.000743949,0.003788044
199,768,76,0.004722526,0.001090297,0.003632229
199,768,77,0.004510927,0.001108336,0.003402591
199,768,78,0.007435969,0.003884325,0.003551644
199,768,79,0.004947265,0.001319947,0.003627318
199,768,80,0.004227189,0.000633512,0.003593677
199,768,81,0.004092103,0.000503351,0.003588752
199,768,82,0.004245312,0.00065072,0.003594592
199,768,83,0.004475193,0.000894711,0.003580482
199,768,84,0.005091867,0.001341762,0.003750105
199,768,85,0.005713819,0.001779229,0.00393459
199,768,86,0.004924522,0.0009943,0.003930222
199,768,87,0.00527264,0.001330302,0.003942338
199,768,88,0.004417837,0.000635534,0.003782303
199,768,89,0.007775996,0.003807313,0.003968683
199,768,90,0.004349918,0.000445853,0.003904065
199,768,91,0.004326597,0.00047063,0.003855967
199,768,92,0.004329535,0.000524177,0.003805358
199,768,93,0.004285585,0.000513158,0.003772427
199,768,94,0.00416395,0.000494107,0.003669843
199,768,95,0.007383657,0.003705373,0.003678284
199,768,96,0.004536849,0.000945558,0.003591291
199,768,97,0.007543893,0.00381912,0.003724773
199,768,98,0.005089532,0.001369896,0.003719636
199,768,99,0.004370213,0.000655262,0.003714951
199,768,100,0.005795684,0.002175352,0.003620332
199,768,101,0.005171033,0.001566566,0.003604467
199,768,102,0.006264006,0.002631971,0.003632035
199,768,103,0.006255574,0.00266026,0.003595314
199,768,104,0.004520095,0.000970229,0.003549866
199,768,105,0.004939868,0.001191701,0.003748167
199,768,106,0.004384964,0.000627613,0.003757351
199,768,107,0.007020151,0.003278485,0.003741666
199,768,108,0.005186783,0.001501773,0.00368501
199,768,109,0.004490999,0.000863746,0.003627253
199,768,110,0.003988191,0.000586724,0.003401467
200,768,1,0.756405137,0.632554594,0.123850543
200,768,2,0.10515144,0.102135156,0.003016284
200,768,3,0.003749923,0.000642138,0.003107785
200,768,4,0.00365448,0.000517149,0.003137331
200,768,5,0.003553089,0.000453807,0.003099282
200,768,6,0.003623457,0.000492542,0.003130915
200,768,7,0.00352983,0.00041728,0.00311255
200,768,8,0.003567924,0.000443855,0.003124069
200,768,9,0.008298253,0.005242966,0.003055287
200,768,10,0.004373076,0.001134193,0.003238883
200,768,11,0.009161656,0.006047186,0.00311447
200,768,12,0.004446112,0.001401065,0.003045047
200,768,13,0.00402921,0.000932849,0.003096361
200,768,14,0.003756003,0.000657634,0.003098369
200,768,15,0.003665783,0.000537209,0.003128574
200,768,16,0.003554973,0.000462729,0.003092244
200,768,17,0.003750653,0.000663111,0.003087542
200,768,18,0.031361985,0.028286253,0.003075732
200,768,19,0.004963066,0.001875412,0.003087654
200,768,20,0.004909241,0.001707691,0.00320155
200,768,21,0.021401582,0.018275655,0.003125927
200,768,22,0.005220453,0.002069161,0.003151292
200,768,23,0.005313649,0.002144018,0.003169631
200,768,24,0.005516465,0.002374334,0.003142131
200,768,25,0.005516314,0.002311526,0.003204788
200,768,26,0.004965248,0.001637322,0.003327926
200,768,27,0.004992923,0.001575073,0.00341785
200,768,28,0.004836669,0.001340531,0.003496138
200,768,29,0.004891399,0.001335162,0.003556237
200,768,30,0.004756036,0.001088256,0.00366778
200,768,31,0.004644681,0.000996028,0.003648653
200,768,32,0.004673986,0.000964246,0.00370974
200,768,33,0.004508255,0.000853756,0.003654499
200,768,34,0.004677615,0.000893613,0.003784002
200,768,35,0.004707725,0.000918355,0.00378937
200,768,36,0.004641546,0.000797905,0.003843641
200,768,37,0.004575443,0.000786021,0.003789422
200,768,38,0.004608314,0.000777659,0.003830655
200,768,39,0.004662147,0.000856386,0.003805761
200,768,40,0.004752914,0.00089755,0.003855364
200,768,41,0.004718497,0.000897479,0.003821018
200,768,42,0.004613998,0.000814808,0.00379919
200,768,43,0.00462887,0.000835926,0.003792944
200,768,44,0.004608427,0.000836985,0.003771442
200,768,45,0.004616008,0.000865094,0.003750914
200,768,46,0.004763946,0.001024689,0.003739257
200,768,47,0.004720362,0.001006693,0.003713669
200,768,48,0.004721016,0.001002268,0.003718748
200,768,49,0.004659218,0.000988232,0.003670986
200,768,50,0.004865465,0.001137427,0.003728038
200,768,51,0.004734794,0.001055189,0.003679605
200,768,52,0.004731704,0.001071444,0.00366026
200,768,53,0.004619466,0.001028058,0.003591408
200,768,54,0.004829144,0.00113551,0.003693634
200,768,55,0.004813856,0.001104588,0.003709268
200,768,56,0.004846472,0.001098267,0.003748205
200,768,57,0.004886827,0.001160282,0.003726545
200,768,58,0.004864113,0.000995736,0.003868377
200,768,59,0.00463867,0.000760784,0.003877886
200,768,60,0.004618739,0.000779771,0.003838968
200,768,61,0.004362605,0.000634143,0.003728462
200,768,62,0.004655704,0.000893982,0.003761722
200,768,63,0.004468632,0.000773807,0.003694825
200,768,64,0.004381374,0.000792839,0.003588535
200,768,65,0.004281604,0.000770627,0.003510977
200,768,66,0.004351956,0.000813969,0.003537987
200,768,67,0.004364448,0.000738476,0.003625972
200,768,68,0.004362015,0.000674201,0.003687814
200,768,69,0.004938065,0.001052428,0.003885637
200,768,70,0.004935852,0.0009923,0.003943552
200,768,71,0.004552386,0.000756788,0.003795598
200,768,72,0.004725108,0.000893851,0.003831257
200,768,73,0.004603957,0.000914108,0.003689849
200,768,74,0.005046507,0.001143504,0.003903003
200,768,75,0.004510456,0.00083054,0.003679916
200,768,76,0.004701087,0.001119859,0.003581228
200,768,77,0.007644079,0.004189965,0.003454114
200,768,78,0.004713343,0.001097272,0.003616071
200,768,79,0.00413386,0.000581008,0.003552852
200,768,80,0.004142866,0.000623876,0.00351899
200,768,81,0.004226053,0.000573214,0.003652839
200,768,82,0.004437227,0.000787688,0.003649539
200,768,83,0.004017208,0.000468952,0.003548256
200,768,84,0.006652572,0.002798284,0.003854288
200,768,85,0.005058053,0.001141904,0.003916149
200,768,86,0.005164372,0.001180527,0.003983845
200,768,87,0.004625322,0.00071383,0.003911492
200,768,88,0.007651176,0.003793227,0.003857949
200,768,89,0.004337452,0.00044295,0.003894502
200,768,90,0.00430045,0.000440599,0.003859851
200,768,91,0.004496999,0.000654945,0.003842054
200,768,92,0.004334661,0.000494282,0.003840379
200,768,93,0.00428224,0.000519391,0.003762849
200,768,94,0.007373591,0.003702355,0.003671236
200,768,95,0.004611719,0.000964135,0.003647584
200,768,96,0.007328305,0.003647352,0.003680953
200,768,97,0.005029705,0.001356859,0.003672846
200,768,98,0.004374473,0.000665854,0.003708619
200,768,99,0.004342314,0.00063089,0.003711424
200,768,100,0.004325543,0.000683305,0.003642238
200,768,101,0.00510814,0.001526929,0.003581211
200,768,102,0.005261723,0.00173828,0.003523443
200,768,103,0.006149969,0.002638968,0.003511001
200,768,104,0.006719919,0.003140309,0.00357961
200,768,105,0.004529698,0.00081855,0.003711148
200,768,106,0.004541114,0.000745874,0.00379524
200,768,107,0.004268476,0.000604528,0.003663948
200,768,108,0.006983839,0.003285541,0.003698298
200,768,109,0.0051445,0.001523804,0.003620696
200,768,110,0.004294965,0.00089875,0.003396215
201,768,1,0.749215778,0.626576469,0.122639309
201,768,2,0.056625818,0.053579863,0.003045955
201,768,3,0.060212192,0.057173049,0.003039143
201,768,4,0.003784886,0.000664465,0.003120421
201,768,5,0.003709683,0.000540041,0.003169642
201,768,6,0.00358624,0.000402326,0.003183914
201,768,7,0.003553279,0.000422231,0.003131048
201,768,8,0.008894734,0.005824984,0.00306975
201,768,9,0.004096958,0.001031076,0.003065882
201,768,10,0.009369074,0.006188741,0.003180333
201,768,11,0.004302399,0.001192486,0.003109913
201,768,12,0.004018209,0.000828279,0.00318993
201,768,13,0.003835412,0.000673554,0.003161858
201,768,14,0.003571547,0.000444023,0.003127524
201,768,15,0.003739829,0.000605951,0.003133878
201,768,16,0.003702477,0.000559476,0.003143001
201,768,17,0.031058182,0.027979684,0.003078498
201,768,18,0.004775883,0.001669869,0.003106014
201,768,19,0.004777226,0.001668186,0.00310904
201,768,20,0.021241621,0.018067538,0.003174083
201,768,21,0.005190738,0.002027162,0.003163576
201,768,22,0.005379365,0.00221273,0.003166635
201,768,23,0.005542191,0.002377557,0.003164634
201,768,24,0.005335289,0.002112375,0.003222914
201,768,25,0.004865962,0.001484844,0.003381118
201,768,26,0.004491776,0.001074579,0.003417197
201,768,27,0.004785335,0.001285696,0.003499639
201,768,28,0.004841167,0.001278486,0.003562681
201,768,29,0.004505187,0.000932617,0.00357257
201,768,30,0.004932195,0.001335158,0.003597037
201,768,31,0.004547497,0.000899872,0.003647625
201,768,32,0.004475168,0.000835594,0.003639574
201,768,33,0.004741098,0.00102677,0.003714328
201,768,34,0.004465962,0.000754817,0.003711145
201,768,35,0.004751385,0.000989117,0.003762268
201,768,36,0.004572463,0.000781274,0.003791189
201,768,37,0.004602865,0.000864149,0.003738716
201,768,38,0.004672068,0.000831312,0.003840756
201,768,39,0.004594601,0.000750726,0.003843875
201,768,40,0.004538577,0.000761468,0.003777109
201,768,41,0.004886266,0.001079088,0.003807178
201,768,42,0.004714041,0.000867324,0.003846717
201,768,43,0.004499097,0.000709041,0.003790056
201,768,44,0.004739212,0.000873428,0.003865784
201,768,45,0.004738523,0.000839281,0.003899242
201,768,46,0.004466949,0.000593869,0.00387308
201,768,47,0.00477357,0.000931203,0.003842367
201,768,48,0.004709963,0.000922969,0.003786994
201,768,49,0.004846812,0.001050549,0.003796263
201,768,50,0.004459318,0.00079368,0.003665638
201,768,51,0.004802306,0.001133545,0.003668761
201,768,52,0.004733883,0.001056062,0.003677821
201,768,53,0.004854909,0.001174201,0.003680708
201,768,54,0.004606791,0.000953461,0.00365333
201,768,55,0.004743065,0.001023663,0.003719402
201,768,56,0.004803769,0.001138182,0.003665587
201,768,57,0.004833879,0.001117293,0.003716586
201,768,58,0.005060869,0.001267648,0.003793221
201,768,59,0.004781908,0.000978265,0.003803643
201,768,60,0.004663459,0.000887448,0.003776011
201,768,61,0.004501763,0.000738037,0.003763726
201,768,62,0.004398907,0.000582664,0.003816243
201,768,63,0.004605803,0.000843678,0.003762125
201,768,64,0.004203851,0.000702314,0.003501537
201,768,65,0.004490118,0.000949875,0.003540243
201,768,66,0.004269509,0.000685244,0.003584265
201,768,67,0.004876096,0.001231835,0.003644261
201,768,68,0.005354399,0.001635979,0.00371842
201,768,69,0.004858706,0.001060649,0.003798057
201,768,70,0.004419574,0.000620436,0.003799138
201,768,71,0.004664902,0.000913501,0.003751401
201,768,72,0.004573163,0.000798896,0.003774267
201,768,73,0.004657304,0.000904211,0.003753093
201,768,74,0.004903273,0.001074978,0.003828295
201,768,75,0.004465268,0.000761857,0.003703411
201,768,76,0.004524403,0.000960034,0.003564369
201,768,77,0.004858705,0.001454869,0.003403836
201,768,78,0.006571862,0.003034881,0.003536981
201,768,79,0.004775851,0.001218674,0.003557177
201,768,80,0.004218729,0.000650162,0.003568567
201,768,81,0.004224338,0.000615268,0.00360907
201,768,82,0.004212283,0.000650714,0.003561569
201,768,83,0.007115352,0.003496919,0.003618433
201,768,84,0.004979908,0.001084831,0.003895077
201,768,85,0.005132262,0.001151142,0.00398112
201,768,86,0.004647566,0.000644843,0.004002723
201,768,87,0.007735393,0.003903161,0.003832232
201,768,88,0.004306787,0.000476821,0.003829966
201,768,89,0.004369581,0.000487158,0.003882423
201,768,90,0.004494931,0.000563734,0.003931197
201,768,91,0.004334377,0.000479583,0.003854794
201,768,92,0.004326855,0.000484406,0.003842449
201,768,93,0.007203673,0.003515642,0.003688031
201,768,94,0.004510458,0.000816952,0.003693506
201,768,95,0.004373091,0.000664357,0.003708734
201,768,96,0.004197754,0.000561311,0.003636443
201,768,97,0.006930194,0.003199653,0.003730541
201,768,98,0.005046961,0.001308032,0.003738929
201,768,99,0.004327776,0.000622104,0.003705672
201,768,100,0.004294781,0.000616131,0.00367865
201,768,101,0.004319463,0.000669701,0.003649762
201,768,102,0.005209065,0.001595581,0.003613484
201,768,103,0.005196202,0.001596507,0.003599695
201,768,104,0.006548114,0.002892644,0.00365547
201,768,105,0.006578562,0.002859368,0.003719194
201,768,106,0.004442677,0.000621366,0.003821311
201,768,107,0.004301697,0.000668288,0.003633409
201,768,108,0.004354424,0.000662367,0.003692057
201,768,109,0.006791068,0.003220266,0.003570802
201,768,110,0.006182516,0.002738757,0.003443759
202,768,1,0.756998618,0.633014371,0.123984247
202,768,2,0.052903409,0.049882858,0.003020551
202,768,3,0.018545576,0.015429874,0.003115702
202,768,4,0.04077449,0.037744105,0.003030385
202,768,5,0.003998991,0.000852435,0.003146556
202,768,6,0.00358743,0.000476031,0.003111399
202,768,7,0.009541617,0.00648716,0.003054457
202,768,8,0.004055648,0.000997855,0.003057793
202,768,9,0.009338625,0.006225533,0.003113092
202,768,10,0.004371417,0.001111973,0.003259444
202,768,11,0.003728831,0.000597425,0.003131406
202,768,12,0.003832989,0.000712887,0.003120102
202,768,13,0.00376255,0.000645495,0.003117055
202,768,14,0.003827152,0.00068072,0.003146432
202,768,15,0.003627381,0.000531204,0.003096177
202,768,16,0.030273962,0.027225772,0.00304819
202,768,17,0.005346499,0.002291829,0.00305467
202,768,18,0.004715358,0.001618932,0.003096426
202,768,19,0.020922223,0.01782586,0.003096363
202,768,20,0.005130306,0.001982099,0.003148207
202,768,21,0.005536299,0.002423294,0.003113005
202,768,22,0.005524262,0.002363399,0.003160863
202,768,23,0.00526532,0.002096046,0.003169274
202,768,24,0.00472395,0.001382961,0.003340989
202,768,25,0.004582197,0.001229343,0.003352854
202,768,26,0.004679123,0.001159983,0.00351914
202,768,27,0.004874279,0.001308765,0.003565514
202,768,28,0.00455484,0.001042652,0.003512188
202,768,29,0.004791833,0.001277217,0.003514616
202,768,30,0.004577854,0.000939023,0.003638831
202,768,31,0.00450754,0.000908139,0.003599401
202,768,32,0.00476574,0.001116475,0.003649265
202,768,33,0.004422079,0.00077606,0.003646019
202,768,34,0.004798438,0.001105279,0.003693159
202,768,35,0.004555959,0.000815292,0.003740667
202,768,36,0.004508491,0.000740379,0.003768112
202,768,37,0.004615397,0.00088919,0.003726207
202,768,38,0.004567985,0.000737697,0.003830288
202,768,39,0.004654027,0.000838123,0.003815904
202,768,40,0.004479804,0.000710238,0.003769566
202,768,41,0.004578515,0.000817212,0.003761303
202,768,42,0.004608846,0.000766227,0.003842619
202,768,43,0.004414128,0.000703011,0.003711117
202,768,44,0.004693661,0.000825267,0.003868394
202,768,45,0.004388485,0.000653049,0.003735436
202,768,46,0.004750534,0.000832183,0.003918351
202,768,47,0.004388088,0.000655204,0.003732884
202,768,48,0.004731921,0.000932059,0.003799862
202,768,49,0.004603602,0.000871728,0.003731874
202,768,50,0.004907517,0.001171884,0.003735633
202,768,51,0.00437465,0.000749615,0.003625035
202,768,52,0.004840612,0.001174483,0.003666129
202,768,53,0.004608195,0.00105442,0.003553775
202,768,54,0.004896837,0.001357148,0.003539689
202,768,55,0.004552152,0.000989647,0.003562505
202,768,56,0.004842956,0.001096339,0.003746617
202,768,57,0.004757102,0.001113798,0.003643304
202,768,58,0.004947616,0.001202066,0.00374555
202,768,59,0.005139457,0.001327731,0.003811726
202,768,60,0.004673571,0.000886786,0.003786785
202,768,61,0.004468519,0.000820938,0.003647581
202,768,62,0.004700474,0.000901071,0.003799403
202,768,63,0.004542334,0.000882563,0.003659771
202,768,64,0.00422751,0.000685208,0.003542302
202,768,65,0.004166376,0.000656703,0.003509673
202,768,66,0.006027106,0.002607046,0.00342006
202,768,67,0.005304504,0.001822194,0.00348231
202,768,68,0.004792813,0.001079014,0.003713799
202,768,69,0.004353078,0.000666933,0.003686145
202,768,70,0.004652501,0.000934635,0.003717866
202,768,71,0.004427033,0.000763724,0.003663309
202,768,72,0.004361383,0.00067474,0.003686643
202,768,73,0.004665689,0.000953879,0.00371181
202,768,74,0.004782179,0.001012385,0.003769794
202,768,75,0.005157117,0.001602913,0.003554204
202,768,76,0.005100258,0.001555708,0.00354455
202,768,77,0.004483448,0.001006162,0.003477286
202,768,78,0.004853045,0.001276281,0.003576764
202,768,79,0.004625071,0.001052589,0.003572482
202,768,80,0.004806519,0.001260534,0.003545985
202,768,81,0.00457651,0.001025895,0.003550615
202,768,82,0.007534185,0.004003946,0.003530239
202,768,83,0.004713942,0.00109576,0.003618182
202,768,84,0.005021428,0.00111275,0.003908678
202,768,85,0.004603155,0.000614057,0.003989098
202,768,86,0.00457885,0.00058284,0.00399601
202,768,87,0.004491521,0.000554908,0.003936613
202,768,88,0.007194891,0.003418077,0.003776814
202,768,89,0.004529909,0.00070107,0.003828839
202,768,90,0.004509399,0.00066832,0.003841079
202,768,91,0.004344698,0.000509421,0.003835277
202,768,92,0.004305672,0.000488799,0.003816873
202,768,93,0.004281062,0.00050021,0.003780852
202,768,94,0.006714631,0.003036577,0.003678054
202,768,95,0.004670705,0.000998134,0.003672571
202,768,96,0.004118681,0.000532568,0.003586113
202,768,97,0.004587058,0.000927965,0.003659093
202,768,98,0.00658549,0.002885811,0.003699679
202,768,99,0.005163017,0.001439908,0.003723109
202,768,100,0.004204833,0.000557221,0.003647612
202,768,101,0.004396242,0.000724061,0.003672181
202,768,102,0.004257036,0.000604205,0.003652831
202,768,103,0.005118189,0.001497116,0.003621073
202,768,104,0.005590421,0.002008972,0.003581449
202,768,105,0.006343091,0.002809573,0.003533518
202,768,106,0.006495861,0.002740819,0.003755042
202,768,107,0.00429132,0.000655818,0.003635502
202,768,108,0.004406636,0.00073987,0.003666766
202,768,109,0.004581374,0.000857385,0.003723989
202,768,110,0.006408997,0.002829913,0.003579084
203,768,1,0.757384037,0.633168558,0.124215479
203,768,2,0.067751238,0.064712638,0.0030386
203,768,3,0.003797674,0.000567194,0.00323048
203,768,4,0.00356309,0.000427504,0.003135586
203,768,5,0.03985025,0.036819262,0.003030988
203,768,6,0.010727893,0.007686393,0.0030415
203,768,7,0.004121919,0.000941986,0.003179933
203,768,8,0.009246519,0.006144656,0.003101863
203,768,9,0.004227828,0.00108432,0.003143508
203,768,10,0.003812574,0.000586566,0.003226008
203,768,11,0.003739817,0.000571949,0.003167868
203,768,12,0.003787516,0.00060811,0.003179406
203,768,13,0.003742785,0.000646345,0.00309644
203,768,14,0.003746472,0.000638573,0.003107899
203,768,15,0.030019867,0.026963933,0.003055934
203,768,16,0.005038416,0.001983744,0.003054672
203,768,17,0.00493046,0.001780912,0.003149548
203,768,18,0.020757103,0.017680549,0.003076554
203,768,19,0.004980317,0.001907597,0.00307272
203,768,20,0.005568493,0.002483635,0.003084858
203,768,21,0.00556404,0.002436057,0.003127983
203,768,22,0.005186323,0.002039503,0.00314682
203,768,23,0.00468468,0.001421504,0.003263176
203,768,24,0.004534601,0.001218245,0.003316356
203,768,25,0.004616257,0.001214426,0.003401831
203,768,26,0.004806817,0.001346698,0.003460119
203,768,27,0.004657061,0.001220049,0.003437012
203,768,28,0.004747602,0.001272197,0.003475405
203,768,29,0.004563374,0.001042564,0.00352081
203,768,30,0.004609676,0.001041939,0.003567737
203,768,31,0.004737079,0.001156101,0.003580978
203,768,32,0.004489328,0.000955143,0.003534185
203,768,33,0.004658359,0.001068658,0.003589701
203,768,34,0.004470202,0.000859579,0.003610623
203,768,35,0.004623212,0.000929221,0.003693991
203,768,36,0.004687018,0.000976967,0.003710051
203,768,37,0.004453029,0.000729288,0.003723741
203,768,38,0.004779627,0.001038383,0.003741244
203,768,39,0.004532407,0.000736545,0.003795862
203,768,40,0.004543881,0.000765789,0.003778092
203,768,41,0.004440769,0.000676057,0.003764712
203,768,42,0.004589166,0.000823904,0.003765262
203,768,43,0.004454732,0.00068213,0.003772602
203,768,44,0.004470928,0.000670104,0.003800824
203,768,45,0.004468344,0.000704557,0.003763787
203,768,46,0.004804744,0.000928266,0.003876478
203,768,47,0.004367647,0.000640725,0.003726922
203,768,48,0.004615556,0.000904524,0.003711032
203,768,49,0.004642548,0.000871086,0.003771462
203,768,50,0.004747002,0.000960426,0.003786576
203,768,51,0.004357204,0.000750007,0.003607197
203,768,52,0.00475776,0.001111893,0.003645867
203,768,53,0.004735519,0.001143039,0.00359248
203,768,54,0.004730295,0.001110351,0.003619944
203,768,55,0.004607285,0.001043736,0.003563549
203,768,56,0.004626102,0.000989773,0.003636329
203,768,57,0.004408422,0.000844086,0.003564336
203,768,58,0.004893612,0.001205165,0.003688447
203,768,59,0.004695824,0.000972849,0.003722975
203,768,60,0.005044623,0.001293644,0.003750979
203,768,61,0.005441366,0.001744166,0.0036972
203,768,62,0.005188063,0.001515805,0.003672258
203,768,63,0.004284417,0.000564989,0.003719428
203,768,64,0.00411523,0.00059609,0.00351914
203,768,65,0.006153417,0.002734201,0.003419216
203,768,66,0.00541258,0.001961296,0.003451284
203,768,67,0.004450892,0.000800912,0.00364998
203,768,68,0.004358007,0.000610716,0.003747291
203,768,69,0.004357909,0.000618829,0.00373908
203,768,70,0.004618015,0.000865762,0.003752253
203,768,71,0.004381201,0.00073942,0.003641781
203,768,72,0.004349227,0.000713201,0.003636026
203,768,73,0.004697355,0.001051366,0.003645989
203,768,74,0.00582385,0.002213089,0.003610761
203,768,75,0.005102587,0.001604827,0.00349776
203,768,76,0.004120224,0.000610335,0.003509889
203,768,77,0.004572051,0.001119406,0.003452645
203,768,78,0.004855608,0.001303199,0.003552409
203,768,79,0.004634753,0.001068027,0.003566726
203,768,80,0.004762325,0.001150618,0.003611707
203,768,81,0.004356576,0.000795623,0.003560953
203,768,82,0.004451011,0.000811859,0.003639152
203,768,83,0.007842157,0.004207142,0.003635015
203,768,84,0.00499059,0.001110642,0.003879948
203,768,85,0.004687156,0.000695431,0.003991725
203,768,86,0.004579407,0.00057081,0.004008597
203,768,87,0.004482051,0.000550722,0.003931329
203,768,88,0.004378862,0.000547861,0.003831001
203,768,89,0.006543423,0.002655763,0.00388766
203,768,90,0.004899249,0.000986883,0.003912366
203,768,91,0.004344951,0.000510524,0.003834427
203,768,92,0.004350819,0.000492892,0.003857927
203,768,93,0.004289913,0.000494847,0.003795066
203,768,94,0.004171248,0.00051578,0.003655468
203,768,95,0.00644315,0.002781052,0.003662098
203,768,96,0.00470801,0.0011086,0.00359941
203,768,97,0.004419508,0.000754408,0.0036651
203,768,98,0.004551474,0.00084962,0.003701854
203,768,99,0.006412126,0.002735759,0.003676367
203,768,100,0.005039246,0.001435065,0.003604181
203,768,101,0.004756556,0.001111806,0.00364475
203,768,102,0.004242036,0.000599077,0.003642959
203,768,103,0.004209033,0.000609407,0.003599626
203,768,104,0.004880915,0.001374087,0.003506828
203,768,105,0.005717549,0.00211441,0.003603139
203,768,106,0.006404055,0.002652931,0.003751124
203,768,107,0.00620035,0.002620803,0.003579547
203,768,108,0.004505477,0.000760181,0.003745296
203,768,109,0.004673576,0.000954329,0.003719247
203,768,110,0.004494154,0.000834761,0.003659393
204,768,1,0.758524404,0.634718588,0.123805816
204,768,2,0.06855018,0.065537889,0.003012291
204,768,3,0.016058756,0.012909085,0.003149671
204,768,4,0.004251477,0.001134144,0.003117333
204,768,5,0.011805697,0.008789089,0.003016608
204,768,6,0.031064985,0.028036807,0.003028178
204,768,7,0.017643868,0.014588655,0.003055213
204,768,8,0.004136281,0.000921189,0.003215092
204,768,9,0.003650283,0.000431257,0.003219026
204,768,10,0.003799405,0.000603201,0.003196204
204,768,11,0.003697834,0.000527542,0.003170292
204,768,12,0.003842201,0.000697983,0.003144218
204,768,13,0.003897702,0.000765654,0.003132048
204,768,14,0.029832713,0.026770395,0.003062318
204,768,15,0.004825766,0.0017989,0.003026866
204,768,16,0.00493824,0.001888058,0.003050182
204,768,17,0.020736192,0.017679023,0.003057169
204,768,18,0.004939024,0.001854833,0.003084191
204,768,19,0.005380668,0.00227717,0.003103498
204,768,20,0.005563247,0.002427848,0.003135399
204,768,21,0.005182189,0.001953915,0.003228274
204,768,22,0.004604367,0.001317463,0.003286904
204,768,23,0.00438175,0.001175774,0.003205976
204,768,24,0.004638729,0.00135535,0.003283379
204,768,25,0.004750368,0.001426288,0.00332408
204,768,26,0.004754793,0.001335067,0.003419726
204,768,27,0.004761933,0.001314989,0.003446944
204,768,28,0.004461125,0.001023516,0.003437609
204,768,29,0.004713116,0.001216433,0.003496683
204,768,30,0.004682617,0.001158691,0.003523926
204,768,31,0.004525385,0.001000219,0.003525166
204,768,32,0.004656803,0.001090352,0.003566451
204,768,33,0.004531395,0.00094955,0.003581845
204,768,34,0.004608421,0.000951536,0.003656885
204,768,35,0.004708719,0.000941369,0.00376735
204,768,36,0.004442251,0.000744383,0.003697868
204,768,37,0.004713721,0.00094876,0.003764961
204,768,38,0.004520903,0.000816165,0.003704738
204,768,39,0.004538759,0.000772398,0.003766361
204,768,40,0.004318529,0.000598276,0.003720253
204,768,41,0.004743023,0.001007386,0.003735637
204,768,42,0.004290062,0.00058346,0.003706602
204,768,43,0.00462728,0.000874494,0.003752786
204,768,44,0.00453631,0.000846079,0.003690231
204,768,45,0.004634438,0.000926464,0.003707974
204,768,46,0.004616155,0.000814914,0.003801241
204,768,47,0.004536642,0.000765926,0.003770716
204,768,48,0.004632746,0.000919464,0.003713282
204,768,49,0.004879044,0.00111725,0.003761794
204,768,50,0.004474996,0.000802886,0.00367211
204,768,51,0.00465509,0.00102354,0.00363155
204,768,52,0.004803639,0.001101794,0.003701845
204,768,53,0.004668493,0.001021303,0.00364719
204,768,54,0.004711494,0.001106215,0.003605279
204,768,55,0.004480661,0.000839615,0.003641046
204,768,56,0.004552301,0.000969593,0.003582708
204,768,57,0.004638985,0.001018188,0.003620797
204,768,58,0.004647457,0.000953123,0.003694334
204,768,59,0.004564577,0.000837838,0.003726739
204,768,60,0.006150328,0.002414568,0.00373576
204,768,61,0.005235596,0.001659827,0.003575769
204,768,62,0.004238854,0.000556597,0.003682257
204,768,63,0.004328128,0.000690644,0.003637484
204,768,64,0.006248672,0.002823526,0.003425146
204,768,65,0.005341452,0.001768755,0.003572697
204,768,66,0.004252452,0.000710111,0.003542341
204,768,67,0.004195025,0.000555373,0.003639652
204,768,68,0.004233634,0.000546961,0.003686673
204,768,69,0.004487929,0.000754669,0.00373326
204,768,70,0.004472943,0.00077465,0.003698293
204,768,71,0.004590836,0.000984953,0.003605883
204,768,72,0.004687833,0.001147575,0.003540258
204,768,73,0.005974211,0.002396448,0.003577763
204,768,74,0.005154959,0.001452125,0.003702834
204,768,75,0.004045177,0.00059331,0.003451867
204,768,76,0.004354247,0.000864606,0.003489641
204,768,77,0.004526742,0.001081289,0.003445453
204,768,78,0.004800952,0.001205315,0.003595637
204,768,79,0.004540575,0.001045215,0.00349536
204,768,80,0.00462962,0.001179403,0.003450217
204,768,81,0.004569681,0.001040132,0.003529549
204,768,82,0.004593677,0.000973514,0.003620163
204,768,83,0.004512639,0.000907099,0.00360554
204,768,84,0.007305586,0.003451485,0.003854101
204,768,85,0.004887166,0.000904448,0.003982718
204,768,86,0.004549174,0.000592397,0.003956777
204,768,87,0.004461848,0.000571566,0.003890282
204,768,88,0.004484787,0.000691041,0.003793746
204,768,89,0.00458154,0.000760802,0.003820738
204,768,90,0.005993553,0.002186116,0.003807437
204,768,91,0.004967354,0.00115664,0.003810714
204,768,92,0.004404597,0.000591996,0.003812601
204,768,93,0.004256012,0.00048957,0.003766442
204,768,94,0.00422489,0.000555823,0.003669067
204,768,95,0.004187433,0.000452518,0.003734915
204,768,96,0.006482722,0.002834349,0.003648373
204,768,97,0.004966154,0.001280217,0.003685937
204,768,98,0.00444337,0.000744849,0.003698521
204,768,99,0.007003542,0.003325219,0.003678323
204,768,100,0.005459141,0.001847401,0.00361174
204,768,101,0.004232602,0.000588246,0.003644356
204,768,102,0.004423666,0.000782006,0.00364166
204,768,103,0.004216457,0.000589994,0.003626463
204,768,104,0.004198457,0.00069545,0.003503007
204,768,105,0.004679184,0.001052661,0.003626523
204,768,106,0.005779441,0.002064988,0.003714453
204,768,107,0.006058987,0.002314753,0.003744234
204,768,108,0.006537492,0.002830001,0.003707491
204,768,109,0.004563411,0.00087199,0.003691421
204,768,110,0.004829032,0.000778025,0.004051007
205,768,1,0.757018974,0.633192832,0.123826142
205,768,2,0.064336682,0.061306559,0.003030123
205,768,3,0.011952904,0.008812212,0.003140692
205,768,4,0.00377737,0.000601894,0.003175476
205,768,5,0.003522886,0.000403948,0.003118938
205,768,6,0.053304999,0.050251004,0.003053995
205,768,7,0.003938928,0.000816706,0.003122222
205,768,8,0.00373928,0.000554616,0.003184664
205,768,9,0.003761077,0.000429299,0.003331778
205,768,10,0.003668791,0.000413999,0.003254792
205,768,11,0.003699525,0.000557102,0.003142423
205,768,12,0.003947464,0.000831414,0.00311605
205,768,13,0.029898295,0.026844139,0.003054156
205,768,14,0.004573696,0.001493094,0.003080602
205,768,15,0.005079459,0.002028556,0.003050903
205,768,16,0.020853809,0.017796952,0.003056857
205,768,17,0.004790539,0.001672088,0.003118451
205,768,18,0.005226733,0.00211215,0.003114583
205,768,19,0.005406461,0.002240828,0.003165633
205,768,20,0.00498597,0.001831119,0.003154851
205,768,21,0.004638886,0.001379017,0.003259869
205,768,22,0.004457872,0.001268751,0.003189121
205,768,23,0.004562062,0.001341624,0.003220438
205,768,24,0.004672146,0.001440353,0.003231793
205,768,25,0.004678725,0.001419897,0.003258828
205,768,26,0.004818085,0.001388291,0.003429794
205,768,27,0.004606785,0.001127749,0.003479036
205,768,28,0.004583188,0.001155588,0.0034276
205,768,29,0.004727391,0.001242634,0.003484757
205,768,30,0.00454104,0.001049135,0.003491905
205,768,31,0.004669404,0.001127098,0.003542306
205,768,32,0.004452708,0.000905751,0.003546957
205,768,33,0.004760993,0.001214892,0.003546101
205,768,34,0.004498589,0.000877616,0.003620973
205,768,35,0.004629698,0.000997061,0.003632637
205,768,36,0.004589506,0.000904056,0.00368545
205,768,37,0.004782206,0.000899269,0.003882937
205,768,38,0.004388526,0.000645071,0.003743455
205,768,39,0.00440229,0.000687885,0.003714405
205,768,40,0.004636292,0.000756384,0.003879908
205,768,41,0.004386833,0.000682935,0.003703898
205,768,42,0.004562079,0.000770773,0.003791306
205,768,43,0.004532637,0.000778477,0.00375416
205,768,44,0.004549298,0.000723368,0.00382593
205,768,45,0.004693039,0.000788149,0.00390489
205,768,46,0.004479593,0.000679564,0.003800029
205,768,47,0.004711655,0.00097858,0.003733075
205,768,48,0.004915468,0.001046489,0.003868979
205,768,49,0.004463169,0.000788823,0.003674346
205,768,50,0.004697665,0.001005773,0.003691892
205,768,51,0.004673036,0.001016431,0.003656605
205,768,52,0.004791857,0.00110752,0.003684337
205,768,53,0.004590175,0.000988392,0.003601783
205,768,54,0.004590864,0.000886877,0.003703987
205,768,55,0.004653262,0.000945704,0.003707558
205,768,56,0.004579076,0.000829435,0.003749641
205,768,57,0.004635824,0.000900455,0.003735369
205,768,58,0.004576844,0.000893924,0.00368292
205,768,59,0.004409683,0.00061937,0.003790313
205,768,60,0.004318178,0.000622154,0.003696024
205,768,61,0.005164409,0.001509634,0.003654775
205,768,62,0.005368339,0.001615142,0.003753197
205,768,63,0.007230144,0.003809416,0.003420728
205,768,64,0.004970503,0.001525579,0.003444924
205,768,65,0.004471362,0.000968978,0.003502384
205,768,66,0.004119781,0.00056994,0.003549841
205,768,67,0.004289037,0.000622308,0.003666729
205,768,68,0.004307491,0.000484929,0.003822562
205,768,69,0.004406984,0.000671086,0.003735898
205,768,70,0.004755776,0.00104214,0.003713636
205,768,71,0.004827441,0.001066187,0.003761254
205,768,72,0.005997808,0.002415151,0.003582657
205,768,73,0.005001866,0.001181846,0.00382002
205,768,74,0.004187292,0.000523174,0.003664118
205,768,75,0.00447773,0.000904382,0.003573348
205,768,76,0.004116724,0.000604933,0.003511791
205,768,77,0.004664096,0.001208563,0.003455533
205,768,78,0.004688457,0.001139109,0.003549348
205,768,79,0.00476488,0.001253658,0.003511222
205,768,80,0.004587744,0.00109079,0.003496954
205,768,81,0.004622629,0.00113823,0.003484399
205,768,82,0.004468928,0.000878887,0.003590041
205,768,83,0.005637602,0.001997709,0.003639893
205,768,84,0.005246219,0.001360631,0.003885588
205,768,85,0.005143418,0.001191874,0.003951544
205,768,86,0.004872092,0.000879693,0.003992399
205,768,87,0.004715819,0.000844098,0.003871721
205,768,88,0.004518447,0.000603473,0.003914974
205,768,89,0.005611879,0.001720343,0.003891536
205,768,90,0.005305155,0.001406097,0.003899058
205,768,91,0.004322471,0.000512712,0.003809759
205,768,92,0.004364262,0.000492079,0.003872183
205,768,93,0.004287389,0.000495134,0.003792255
205,768,94,0.004126544,0.000501687,0.003624857
205,768,95,0.004176564,0.00045677,0.003719794
205,768,96,0.004284455,0.000574947,0.003709508
205,768,97,0.006290004,0.002590887,0.003699117
205,768,98,0.004981852,0.001300837,0.003681015
205,768,99,0.004475189,0.000793464,0.003681725
205,768,100,0.006850437,0.003275117,0.00357532
205,768,101,0.005444831,0.001818194,0.003626637
205,768,102,0.004467231,0.00086904,0.003598191
205,768,103,0.004283002,0.000662846,0.003620156
205,768,104,0.004305194,0.000753661,0.003551533
205,768,105,0.004753118,0.001042219,0.003710899
205,768,106,0.004528339,0.00079769,0.003730649
205,768,107,0.005209961,0.00148623,0.003723731
205,768,108,0.006177499,0.002465921,0.003711578
205,768,109,0.006646624,0.00296287,0.003683754
205,768,110,0.004622658,0.000900141,0.003722517
206,768,1,0.756713453,0.633250447,0.123463006
206,768,2,0.074660164,0.071620333,0.003039831
206,768,3,0.003827643,0.000631107,0.003196536
206,768,4,0.003523825,0.000390686,0.003133139
206,768,5,0.053315117,0.050263718,0.003051399
206,768,6,0.003915026,0.000772809,0.003142217
206,768,7,0.003678252,0.000514691,0.003163561
206,768,8,0.003583029,0.000400338,0.003182691
206,768,9,0.003674572,0.000424977,0.003249595
206,768,10,0.003833711,0.000613188,0.003220523
206,768,11,0.003810706,0.000629672,0.003181034
206,768,12,0.029706438,0.026667227,0.003039211
206,768,13,0.004585014,0.001539299,0.003045715
206,768,14,0.004700706,0.001515599,0.003185107
206,768,15,0.021704297,0.018537921,0.003166376
206,768,16,0.004458047,0.001378458,0.003079589
206,768,17,0.005123713,0.002024059,0.003099654
206,768,18,0.005113543,0.001986118,0.003127425
206,768,19,0.004843265,0.001748307,0.003094958
206,768,20,0.00470684,0.00148865,0.00321819
206,768,21,0.004439291,0.001295968,0.003143323
206,768,22,0.004635531,0.001390106,0.003245425
206,768,23,0.00455723,0.001401554,0.003155676
206,768,24,0.004660847,0.001460338,0.003200509
206,768,25,0.004878958,0.001471879,0.003407079
206,768,26,0.004562051,0.001140555,0.003421496
206,768,27,0.004666313,0.001169659,0.003496654
206,768,28,0.004523203,0.001130722,0.003392481
206,768,29,0.004653558,0.001202534,0.003451024
206,768,30,0.004753926,0.001168871,0.003585055
206,768,31,0.004458794,0.000914232,0.003544562
206,768,32,0.004771977,0.001162858,0.003609119
206,768,33,0.004654838,0.000980162,0.003674676
206,768,34,0.004514846,0.000845716,0.00366913
206,768,35,0.004584207,0.000889252,0.003694955
206,768,36,0.004442887,0.000806679,0.003636208
206,768,37,0.004606918,0.000870634,0.003736284
206,768,38,0.004411011,0.000667622,0.003743389
206,768,39,0.004537494,0.000784826,0.003752668
206,768,40,0.004395424,0.000690897,0.003704527
206,768,41,0.004478672,0.000771028,0.003707644
206,768,42,0.004394207,0.000766182,0.003628025
206,768,43,0.004618186,0.000881154,0.003737032
206,768,44,0.004372761,0.000728238,0.003644523
206,768,45,0.004647392,0.000893546,0.003753846
206,768,46,0.004456447,0.000704253,0.003752194
206,768,47,0.004626759,0.000808732,0.003818027
206,768,48,0.004397958,0.000701843,0.003696115
206,768,49,0.004711193,0.000918618,0.003792575
206,768,50,0.004594174,0.000833031,0.003761143
206,768,51,0.004548335,0.000868585,0.00367975
206,768,52,0.00470685,0.000954386,0.003752464
206,768,53,0.004553034,0.000909494,0.00364354
206,768,54,0.004711637,0.001040605,0.003671032
206,768,55,0.004587989,0.000875633,0.003712356
206,768,56,0.004665445,0.000988001,0.003677444
206,768,57,0.004599979,0.000864518,0.003735461
206,768,58,0.004691879,0.000927843,0.003764036
206,768,59,0.004960192,0.001078279,0.003881913
206,768,60,0.004546932,0.000803404,0.003743528
206,768,61,0.004481988,0.000717581,0.003764407
206,768,62,0.004339873,0.000641825,0.003698048
206,768,63,0.005382183,0.001601055,0.003781128
206,768,64,0.006965659,0.003512107,0.003453552
206,768,65,0.00515145,0.001598019,0.003553431
206,768,66,0.004393385,0.000831446,0.003561939
206,768,67,0.004246939,0.000612278,0.003634661
206,768,68,0.004309916,0.000564282,0.003745634
206,768,69,0.004358319,0.000574558,0.003783761
206,768,70,0.004636089,0.000768769,0.00386732
206,768,71,0.007679104,0.003965998,0.003713106
206,768,72,0.004730188,0.00109503,0.003635158
206,768,73,0.00427681,0.000490776,0.003786034
206,768,74,0.004251336,0.000516236,0.0037351
206,768,75,0.003991813,0.000432103,0.00355971
206,768,76,0.004100447,0.000630283,0.003470164
206,768,77,0.005486562,0.002099689,0.003386873
206,768,78,0.004748632,0.001314442,0.00343419
206,768,79,0.004371973,0.000833367,0.003538606
206,768,80,0.004217837,0.000771313,0.003446524
206,768,81,0.00450903,0.001034519,0.003474511
206,768,82,0.006496565,0.002993459,0.003503106
206,768,83,0.0049765,0.001300532,0.003675968
206,768,84,0.00502037,0.00116043,0.00385994
206,768,85,0.004886635,0.000927353,0.003959282
206,768,86,0.004775666,0.000861211,0.003914455
206,768,87,0.004487436,0.000613939,0.003873497
206,768,88,0.004466731,0.000626789,0.003839942
206,768,89,0.004386668,0.000519942,0.003866726
206,768,90,0.004884375,0.001018665,0.00386571
206,768,91,0.005203439,0.001381544,0.003821895
206,768,92,0.004290311,0.000500195,0.003790116
206,768,93,0.00431939,0.000579826,0.003739564
206,768,94,0.004244551,0.000568572,0.003675979
206,768,95,0.004143306,0.000455969,0.003687337
206,768,96,0.004180071,0.000547488,0.003632583
206,768,97,0.005896943,0.002228471,0.003668472
206,768,98,0.005099451,0.001399748,0.003699703
206,768,99,0.007461882,0.003779335,0.003682547
206,768,100,0.004239288,0.000656602,0.003582686
206,768,101,0.004216649,0.000646403,0.003570246
206,768,102,0.005483482,0.00185441,0.003629072
206,768,103,0.004342156,0.000723276,0.00361888
206,768,104,0.004196048,0.000714618,0.00348143
206,768,105,0.004726958,0.001084399,0.003642559
206,768,106,0.004606684,0.001046708,0.003559976
206,768,107,0.006698482,0.002922487,0.003775995
206,768,108,0.006106605,0.002406146,0.003700459
206,768,109,0.005313469,0.001620808,0.003692661
206,768,110,0.004407861,0.000844285,0.003563576
207,768,1,0.748964768,0.624572728,0.12439204
207,768,2,0.09439242,0.091369597,0.003022823
207,768,3,0.037262321,0.034123342,0.003138979
207,768,4,0.003792073,0.000637692,0.003154381
207,768,5,0.0035149,0.000408299,0.003106601
207,768,6,0.053275448,0.050226768,0.00304868
207,768,7,0.004094286,0.000901462,0.003192824
207,768,8,0.003601442,0.000417737,0.003183705
207,768,9,0.003711333,0.00045627,0.003255063
207,768,10,0.003608518,0.000395555,0.003212963
207,768,11,0.030712565,0.02768269,0.003029875
207,768,12,0.004494468,0.00135668,0.003137788
207,768,13,0.004546898,0.001437362,0.003109536
207,768,14,0.021805158,0.018709945,0.003095213
207,768,15,0.004424464,0.001297946,0.003126518
207,768,16,0.004880717,0.00181285,0.003067867
207,768,17,0.004911135,0.001844517,0.003066618
207,768,18,0.004771681,0.001695274,0.003076407
207,768,19,0.004514127,0.001295672,0.003218455
207,768,20,0.004418883,0.001207186,0.003211697
207,768,21,0.004648886,0.001404489,0.003244397
207,768,22,0.004419904,0.001209175,0.003210729
207,768,23,0.004774731,0.001529798,0.003244933
207,768,24,0.004557483,0.001285794,0.003271689
207,768,25,0.004598568,0.001240645,0.003357923
207,768,26,0.004708432,0.001261865,0.003446567
207,768,27,0.004518688,0.001033314,0.003485374
207,768,28,0.004783723,0.001277063,0.00350666
207,768,29,0.004363458,0.000921058,0.0034424
207,768,30,0.004722091,0.001204101,0.00351799
207,768,31,0.004640714,0.001073064,0.00356765
207,768,32,0.004450452,0.00086613,0.003584322
207,768,33,0.004471257,0.000916083,0.003555174
207,768,34,0.004529542,0.000856305,0.003673237
207,768,35,0.004499035,0.000882922,0.003616113
207,768,36,0.004591897,0.000818879,0.003773018
207,768,37,0.004366473,0.000676227,0.003690246
207,768,38,0.00465321,0.000896863,0.003756347
207,768,39,0.004393678,0.000690798,0.00370288
207,768,40,0.004466357,0.00068986,0.003776497
207,768,41,0.004472011,0.00076364,0.003708371
207,768,42,0.004473503,0.000763704,0.003709799
207,768,43,0.004619185,0.000864523,0.003754662
207,768,44,0.004584329,0.000852025,0.003732304
207,768,45,0.004734919,0.000927455,0.003807464
207,768,46,0.004537137,0.000773716,0.003763421
207,768,47,0.004671334,0.000948416,0.003722918
207,768,48,0.004625238,0.000805673,0.003819565
207,768,49,0.004508023,0.000801025,0.003706998
207,768,50,0.004742269,0.001030057,0.003712212
207,768,51,0.004623677,0.000946278,0.003677399
207,768,52,0.004776274,0.001144064,0.00363221
207,768,53,0.004588017,0.001009241,0.003578776
207,768,54,0.004676529,0.001029626,0.003646903
207,768,55,0.004795424,0.001114947,0.003680477
207,768,56,0.004495934,0.00092893,0.003567004
207,768,57,0.004766099,0.001061306,0.003704793
207,768,58,0.00488286,0.001152264,0.003730596
207,768,59,0.004653273,0.000875575,0.003777698
207,768,60,0.004488732,0.000750308,0.003738424
207,768,61,0.004371397,0.000743081,0.003628316
207,768,62,0.004381822,0.000661223,0.003720599
207,768,63,0.004221229,0.000572886,0.003648343
207,768,64,0.004274522,0.000800333,0.003474189
207,768,65,0.00902897,0.005622814,0.003406156
207,768,66,0.004222512,0.000599469,0.003623043
207,768,67,0.004147897,0.000443964,0.003703933
207,768,68,0.004272438,0.000486477,0.003785961
207,768,69,0.004269203,0.000558048,0.003711155
207,768,70,0.005274279,0.001546896,0.003727383
207,768,71,0.004631475,0.000956781,0.003674694
207,768,72,0.005998381,0.002435419,0.003562962
207,768,73,0.004877675,0.001133369,0.003744306
207,768,74,0.004169718,0.000521577,0.003648141
207,768,75,0.004194755,0.000605126,0.003589629
207,768,76,0.006240679,0.002927019,0.00331366
207,768,77,0.004740414,0.001287247,0.003453167
207,768,78,0.004295453,0.00077482,0.003520633
207,768,79,0.004208742,0.000733899,0.003474843
207,768,80,0.004085224,0.000689287,0.003395937
207,768,81,0.006994495,0.003488218,0.003506277
207,768,82,0.004842683,0.001298561,0.003544122
207,768,83,0.004733581,0.001008148,0.003725433
207,768,84,0.004859521,0.001007326,0.003852195
207,768,85,0.004809959,0.000780912,0.004029047
207,768,86,0.004520143,0.000601055,0.003919088
207,768,87,0.004434713,0.000628851,0.003805862
207,768,88,0.004437939,0.000542661,0.003895278
207,768,89,0.004381632,0.000544952,0.00383668
207,768,90,0.004354153,0.000537666,0.003816487
207,768,91,0.004383832,0.000565507,0.003818325
207,768,92,0.00494759,0.001145783,0.003801807
207,768,93,0.004230575,0.00052583,0.003704745
207,768,94,0.00418113,0.000515596,0.003665534
207,768,95,0.005005485,0.001309904,0.003695581
207,768,96,0.005734687,0.002063367,0.00367132
207,768,97,0.005025337,0.001353828,0.003671509
207,768,98,0.007682346,0.00399138,0.003690966
207,768,99,0.004296249,0.000621192,0.003675057
207,768,100,0.004102885,0.000545209,0.003557676
207,768,101,0.004222444,0.00063531,0.003587134
207,768,102,0.004379846,0.000786514,0.003593332
207,768,103,0.004570447,0.001028087,0.00354236
207,768,104,0.005408222,0.001926847,0.003481375
207,768,105,0.004777366,0.001120465,0.003656901
207,768,106,0.006571217,0.002837493,0.003733724
207,768,107,0.006256472,0.00264569,0.003610782
207,768,108,0.005298169,0.001569393,0.003728776
207,768,109,0.004171726,0.000480826,0.0036909
207,768,110,0.006035508,0.002402815,0.003632693
208,768,1,0.761037842,0.637522341,0.123515501
208,768,2,0.050012916,0.0469949,0.003018016
208,768,3,0.012825867,0.00979577,0.003030097
208,768,4,0.011883541,0.008842677,0.003040864
208,768,5,0.003866129,0.000764005,0.003102124
208,768,6,0.01242192,0.009404082,0.003017838
208,768,7,0.043999385,0.040938785,0.0030606
208,768,8,0.004161716,0.001054603,0.003107113
208,768,9,0.003702802,0.000413238,0.003289564
208,768,10,0.031395742,0.028375101,0.003020641
208,768,11,0.00413404,0.001114237,0.003019803
208,768,12,0.004340175,0.001321925,0.00301825
208,768,13,0.022337909,0.019203141,0.003134768
208,768,14,0.004306838,0.001175632,0.003131206
208,768,15,0.004815636,0.001662976,0.00315266
208,768,16,0.004948564,0.001772394,0.00317617
208,768,17,0.004497701,0.001327922,0.003169779
208,768,18,0.004299948,0.001086277,0.003213671
208,768,19,0.004359408,0.001161483,0.003197925
208,768,20,0.004686931,0.001483813,0.003203118
208,768,21,0.004466137,0.001281947,0.00318419
208,768,22,0.004615864,0.001372498,0.003243366
208,768,23,0.004395191,0.001222644,0.003172547
208,768,24,0.004722359,0.001397686,0.003324673
208,768,25,0.004726436,0.001307476,0.00341896
208,768,26,0.004496405,0.001085905,0.0034105
208,768,27,0.004753861,0.001279044,0.003474817
208,768,28,0.004534033,0.00105922,0.003474813
208,768,29,0.004643864,0.001115257,0.003528607
208,768,30,0.004533071,0.001044314,0.003488757
208,768,31,0.00449577,0.000970531,0.003525239
208,768,32,0.004566466,0.000993932,0.003572534
208,768,33,0.004524828,0.000933264,0.003591564
208,768,34,0.004519082,0.000886919,0.003632163
208,768,35,0.004448529,0.000801465,0.003647064
208,768,36,0.004377339,0.000767787,0.003609552
208,768,37,0.004679952,0.00099046,0.003689492
208,768,38,0.004362439,0.0006687,0.003693739
208,768,39,0.004493175,0.000811024,0.003682151
208,768,40,0.004531744,0.00082197,0.003709774
208,768,41,0.004439091,0.000744516,0.003694575
208,768,42,0.004709068,0.000976312,0.003732756
208,768,43,0.004647702,0.000998548,0.003649154
208,768,44,0.004512919,0.000846639,0.00366628
208,768,45,0.004665346,0.00095798,0.003707366
208,768,46,0.004735978,0.001026276,0.003709702
208,768,47,0.00453575,0.000855129,0.003680621
208,768,48,0.004686912,0.001056345,0.003630567
208,768,49,0.004730702,0.001098091,0.003632611
208,768,50,0.004589936,0.000924952,0.003664984
208,768,51,0.00477556,0.001171982,0.003603578
208,768,52,0.004738727,0.001137825,0.003600902
208,768,53,0.004631268,0.001046175,0.003585093
208,768,54,0.004715101,0.00101174,0.003703361
208,768,55,0.004595916,0.000927263,0.003668653
208,768,56,0.004648311,0.000925334,0.003722977
208,768,57,0.004806207,0.00103853,0.003767677
208,768,58,0.00464397,0.0008187,0.00382527
208,768,59,0.004536236,0.000712968,0.003823268
208,768,60,0.004478549,0.000608406,0.003870143
208,768,61,0.00425528,0.000538127,0.003717153
208,768,62,0.004276062,0.000553701,0.003722361
208,768,63,0.004206059,0.00057601,0.003630049
208,768,64,0.004257379,0.000717154,0.003540225
208,768,65,0.004450545,0.000992137,0.003458408
208,768,66,0.007904465,0.004382339,0.003522126
208,768,67,0.004355626,0.000677136,0.00367849
208,768,68,0.004268038,0.000519294,0.003748744
208,768,69,0.006044496,0.002386342,0.003658154
208,768,70,0.004663201,0.001000615,0.003662586
208,768,71,0.004761724,0.001062537,0.003699187
208,768,72,0.00415488,0.000595374,0.003559506
208,768,73,0.004700672,0.001051439,0.003649233
208,768,74,0.004918951,0.001186004,0.003732947
208,768,75,0.007331359,0.003845105,0.003486254
208,768,76,0.004471853,0.001018546,0.003453307
208,768,77,0.004264674,0.000771751,0.003492923
208,768,78,0.004277056,0.000720637,0.003556419
208,768,79,0.00412039,0.000644093,0.003476297
208,768,80,0.006977861,0.003490855,0.003487006
208,768,81,0.004795264,0.001182435,0.003612829
208,768,82,0.004585693,0.000963389,0.003622304
208,768,83,0.00465742,0.000863421,0.003793999
208,768,84,0.004667252,0.000748688,0.003918564
208,768,85,0.00457408,0.000572317,0.004001763
208,768,86,0.004552691,0.000563573,0.003989118
208,768,87,0.004369848,0.000558577,0.003811271
208,768,88,0.004395866,0.000534431,0.003861435
208,768,89,0.004354414,0.000527686,0.003826728
208,768,90,0.004385313,0.000573205,0.003812108
208,768,91,0.004356085,0.000539906,0.003816179
208,768,92,0.00435167,0.000557828,0.003793842
208,768,93,0.004345012,0.000606768,0.003738244
208,768,94,0.005574966,0.001917261,0.003657705
208,768,95,0.004733551,0.001032609,0.003700942
208,768,96,0.004221109,0.000544978,0.003676131
208,768,97,0.009430991,0.005749617,0.003681374
208,768,98,0.004299881,0.000588887,0.003710994
208,768,99,0.00430065,0.000627811,0.003672839
208,768,100,0.004120563,0.000491677,0.003628886
208,768,101,0.004409339,0.000780568,0.003628771
208,768,102,0.00460329,0.000941117,0.003662173
208,768,103,0.005532959,0.001914587,0.003618372
208,768,104,0.004613763,0.001085569,0.003528194
208,768,105,0.006468294,0.00293359,0.003534704
208,768,106,0.006379233,0.002670795,0.003708438
208,768,107,0.005161521,0.00158039,0.003581131
208,768,108,0.004289127,0.00063537,0.003653757
208,768,109,0.005997935,0.002409534,0.003588401
208,768,110,0.004237859,0.000628482,0.003609377
209,768,1,0.759715173,0.635549582,0.124165591
209,768,2,0.067333492,0.064313648,0.003019844
209,768,3,0.018919251,0.0157986,0.003120651
209,768,4,0.00379308,0.000661018,0.003132062
209,768,5,0.012514567,0.009483579,0.003030988
209,768,6,0.00403173,0.000886439,0.003145291
209,768,7,0.003429537,0.000340114,0.003089423
209,768,8,0.042951287,0.039837277,0.00311401
209,768,9,0.00421806,0.001078069,0.003139991
209,768,10,0.00383457,0.000601368,0.003233202
209,768,11,0.031508619,0.02847401,0.003034609
209,768,12,0.023984871,0.020927443,0.003057428
209,768,13,0.004305813,0.001206822,0.003098991
209,768,14,0.004407678,0.00126203,0.003145648
209,768,15,0.004983979,0.001853258,0.003130721
209,768,16,0.004408907,0.001203636,0.003205271
209,768,17,0.004149743,0.000948965,0.003200778
209,768,18,0.004348149,0.00116187,0.003186279
209,768,19,0.004536055,0.001340145,0.00319591
209,768,20,0.004489546,0.001316066,0.00317348
209,768,21,0.004636705,0.001395289,0.003241416
209,768,22,0.004354796,0.001118182,0.003236614
209,768,23,0.004682436,0.001395461,0.003286975
209,768,24,0.004737955,0.001369369,0.003368586
209,768,25,0.004496038,0.001086441,0.003409597
209,768,26,0.004810313,0.001283596,0.003526717
209,768,27,0.004387656,0.000937897,0.003449759
209,768,28,0.004728316,0.001178531,0.003549785
209,768,29,0.004426517,0.000931174,0.003495343
209,768,30,0.004556747,0.00103665,0.003520097
209,768,31,0.004503931,0.000997247,0.003506684
209,768,32,0.004589097,0.001008369,0.003580728
209,768,33,0.004667027,0.001021018,0.003646009
209,768,34,0.004479253,0.000807288,0.003671965
209,768,35,0.0044841,0.000779103,0.003704997
209,768,36,0.00453092,0.000809552,0.003721368
209,768,37,0.004397687,0.00070229,0.003695397
209,768,38,0.004471221,0.00073528,0.003735941
209,768,39,0.004446479,0.000725253,0.003721226
209,768,40,0.004522718,0.000873827,0.003648891
209,768,41,0.004647769,0.000907415,0.003740354
209,768,42,0.004545745,0.00091177,0.003633975
209,768,43,0.004702213,0.000982821,0.003719392
209,768,44,0.004497574,0.000851357,0.003646217
209,768,45,0.004757916,0.001035873,0.003722043
209,768,46,0.004637846,0.000944806,0.00369304
209,768,47,0.004663956,0.001002395,0.003661561
209,768,48,0.004547382,0.000875328,0.003672054
209,768,49,0.004828092,0.00114456,0.003683532
209,768,50,0.004537029,0.000920962,0.003616067
209,768,51,0.004683066,0.001117935,0.003565131
209,768,52,0.004577689,0.000979973,0.003597716
209,768,53,0.004765642,0.001175246,0.003590396
209,768,54,0.004571529,0.000941483,0.003630046
209,768,55,0.004786753,0.001141366,0.003645387
209,768,56,0.004634478,0.000975416,0.003659062
209,768,57,0.004755136,0.00108382,0.003671316
209,768,58,0.004683498,0.000856856,0.003826642
209,768,59,0.004458316,0.000707147,0.003751169
209,768,60,0.004377849,0.000581445,0.003796404
209,768,61,0.004237987,0.000546048,0.003691939
209,768,62,0.004275762,0.00056109,0.003714672
209,768,63,0.004461132,0.000744485,0.003716647
209,768,64,0.004229798,0.000760556,0.003469242
209,768,65,0.004483909,0.000962201,0.003521708
209,768,66,0.004122365,0.000569309,0.003553056
209,768,67,0.007891088,0.004284973,0.003606115
209,768,68,0.006109942,0.002371646,0.003738296
209,768,69,0.004552734,0.000815566,0.003737168
209,768,70,0.004807555,0.001085478,0.003722077
209,768,71,0.004323476,0.000606846,0.00371663
209,768,72,0.004314009,0.000617534,0.003696475
209,768,73,0.004570416,0.000830274,0.003740142
209,768,74,0.004749343,0.001071731,0.003677612
209,768,75,0.004490005,0.000886519,0.003603486
209,768,76,0.006073274,0.002761987,0.003311287
209,768,77,0.004804477,0.001325668,0.003478809
209,768,78,0.004318835,0.000790588,0.003528247
209,768,79,0.007529659,0.004198281,0.003331378
209,768,80,0.004612543,0.001163338,0.003449205
209,768,81,0.00470684,0.001064821,0.003642019
209,768,82,0.004503928,0.000914039,0.003589889
209,768,83,0.004673847,0.000850955,0.003822892
209,768,84,0.004575942,0.000635742,0.0039402
209,768,85,0.004556166,0.000498077,0.004058089
209,768,86,0.004572249,0.000565137,0.004007112
209,768,87,0.004385651,0.000539287,0.003846364
209,768,88,0.004394538,0.000526738,0.0038678
209,768,89,0.004376153,0.000496424,0.003879729
209,768,90,0.004311703,0.000472873,0.00383883
209,768,91,0.004287383,0.000499436,0.003787947
209,768,92,0.004358929,0.000519681,0.003839248
209,768,93,0.005804207,0.002039282,0.003764925
209,768,94,0.004732778,0.001093546,0.003639232
209,768,95,0.004238304,0.000507551,0.003730753
209,768,96,0.009410663,0.005718089,0.003692574
209,768,97,0.00429009,0.000575884,0.003714206
209,768,98,0.004267852,0.00055384,0.003714012
209,768,99,0.004241295,0.00053891,0.003702385
209,768,100,0.004234806,0.000647278,0.003587528
209,768,101,0.00466694,0.001030191,0.003636749
209,768,102,0.005523532,0.001928561,0.003594971
209,768,103,0.0044649,0.000880617,0.003584283
209,768,104,0.00655554,0.002932692,0.003622848
209,768,105,0.006313694,0.002625023,0.003688671
209,768,106,0.005405054,0.001671745,0.003733309
209,768,107,0.004233453,0.000578779,0.003654674
209,768,108,0.005855898,0.002233586,0.003622312
209,768,109,0.004301422,0.00069792,0.003603502
209,768,110,0.004303453,0.000694605,0.003608848
210,768,1,0.760554574,0.636446958,0.124107616
210,768,2,0.07043062,0.067383455,0.003047165
210,768,3,0.003849719,0.000615833,0.003233886
210,768,4,0.012499953,0.009476285,0.003023668
210,768,5,0.003836114,0.000803526,0.003032588
210,768,6,0.003561019,0.000433892,0.003127127
210,768,7,0.022706804,0.019677146,0.003029658
210,768,8,0.012085719,0.009036929,0.00304879
210,768,9,0.01475718,0.011629593,0.003127587
210,768,10,0.020734454,0.017703257,0.003031197
210,768,11,0.036260407,0.033194167,0.00306624
210,768,12,0.004363047,0.001283598,0.003079449
210,768,13,0.004338906,0.001144839,0.003194067
210,768,14,0.00456496,0.001310028,0.003254932
210,768,15,0.004317548,0.001146628,0.00317092
210,768,16,0.004145253,0.000975326,0.003169927
210,768,17,0.004338217,0.001176268,0.003161949
210,768,18,0.004397435,0.001161406,0.003236029
210,768,19,0.004580275,0.001397053,0.003183222
210,768,20,0.004547153,0.001323786,0.003223367
210,768,21,0.004429898,0.001201059,0.003228839
210,768,22,0.00446021,0.001296784,0.003163426
210,768,23,0.004614801,0.001415191,0.00319961
210,768,24,0.004577901,0.001322684,0.003255217
210,768,25,0.004890881,0.001389407,0.003501474
210,768,26,0.004421826,0.000968469,0.003453357
210,768,27,0.00467595,0.001133403,0.003542547
210,768,28,0.004491115,0.000918034,0.003573081
210,768,29,0.004591667,0.001025679,0.003565988
210,768,30,0.004530606,0.00098817,0.003542436
210,768,31,0.004570999,0.000953406,0.003617593
210,768,32,0.00463478,0.000980615,0.003654165
210,768,33,0.00448726,0.000774843,0.003712417
210,768,34,0.004537072,0.000793325,0.003743747
210,768,35,0.004455891,0.000658484,0.003797407
210,768,36,0.00430695,0.000632779,0.003674171
210,768,37,0.004462845,0.000703171,0.003759674
210,768,38,0.004428121,0.000671414,0.003756707
210,768,39,0.00466873,0.000905332,0.003763398
210,768,40,0.004473805,0.000756739,0.003717066
210,768,41,0.004715066,0.001046407,0.003668659
210,768,42,0.004628302,0.000916518,0.003711784
210,768,43,0.004510749,0.000793509,0.00371724
210,768,44,0.004609427,0.000881457,0.00372797
210,768,45,0.004817406,0.001017583,0.003799823
210,768,46,0.004485167,0.000778773,0.003706394
210,768,47,0.00460165,0.000908647,0.003693003
210,768,48,0.004858499,0.001148087,0.003710412
210,768,49,0.004371218,0.000706125,0.003665093
210,768,50,0.004653951,0.000958315,0.003695636
210,768,51,0.004284801,0.000722034,0.003562767
210,768,52,0.004620717,0.001042866,0.003577851
210,768,53,0.004471098,0.00087718,0.003593918
210,768,54,0.004647134,0.001012966,0.003634168
210,768,55,0.004771624,0.001087537,0.003684087
210,768,56,0.004655529,0.001052143,0.003603386
210,768,57,0.004796595,0.00110268,0.003693915
210,768,58,0.004614379,0.000842337,0.003772042
210,768,59,0.004532319,0.00069477,0.003837549
210,768,60,0.004186792,0.000456514,0.003730278
210,768,61,0.00433762,0.000560045,0.003777575
210,768,62,0.004319703,0.000541493,0.00377821
210,768,63,0.004708567,0.001003198,0.003705369
210,768,64,0.004491719,0.000986584,0.003505135
210,768,65,0.004390623,0.000892971,0.003497652
210,768,66,0.008043775,0.004514435,0.00352934
210,768,67,0.005968751,0.002279293,0.003689458
210,768,68,0.004464392,0.000644871,0.003819521
210,768,69,0.004810419,0.000877969,0.00393245
210,768,70,0.004308913,0.0005507,0.003758213
210,768,71,0.00442765,0.000563868,0.003863782
210,768,72,0.004356183,0.000515706,0.003840477
210,768,73,0.004432469,0.000529886,0.003902583
210,768,74,0.004497863,0.000695337,0.003802526
210,768,75,0.004236281,0.000694914,0.003541367
210,768,76,0.004262267,0.000741008,0.003521259
210,768,77,0.005758778,0.002356705,0.003402073
210,768,78,0.005010401,0.001424618,0.003585783
210,768,79,0.004162333,0.000661971,0.003500362
210,768,80,0.007705666,0.004201344,0.003504322
210,768,81,0.004798858,0.001240083,0.003558775
210,768,82,0.004705386,0.001112648,0.003592738
210,768,83,0.004700653,0.000860718,0.003839935
210,768,84,0.004621587,0.000621807,0.00399978
210,768,85,0.004603817,0.000518516,0.004085301
210,768,86,0.004544842,0.000578115,0.003966727
210,768,87,0.004418418,0.000540557,0.003877861
210,768,88,0.004376403,0.000542963,0.00383344
210,768,89,0.004411304,0.000492189,0.003919115
210,768,90,0.004412892,0.000495999,0.003916893
210,768,91,0.004329413,0.000507097,0.003822316
210,768,92,0.006233921,0.00246033,0.003773591
210,768,93,0.004940716,0.001215213,0.003725503
210,768,94,0.004148202,0.000509876,0.003638326
210,768,95,0.007416671,0.003718531,0.00369814
210,768,96,0.005445543,0.001784768,0.003660775
210,768,97,0.004739452,0.001033085,0.003706367
210,768,98,0.004588872,0.000862952,0.00372592
210,768,99,0.004369257,0.000666089,0.003703168
210,768,100,0.004535173,0.000890531,0.003644642
210,768,101,0.00549644,0.001901159,0.003595281
210,768,102,0.00443898,0.000879379,0.003559601
210,768,103,0.006233482,0.002739986,0.003493496
210,768,104,0.006385633,0.002779777,0.003605856
210,768,105,0.005734829,0.001971739,0.00376309
210,768,106,0.004314967,0.000519457,0.00379551
210,768,107,0.005802529,0.002058876,0.003743653
210,768,108,0.004257565,0.000597499,0.003660066
210,768,109,0.004176201,0.000603188,0.003573013
210,768,110,0.004307298,0.000734188,0.00357311
211,768,1,0.757381782,0.633671141,0.123710641
211,768,2,0.069520229,0.066494653,0.003025576
211,768,3,0.016769962,0.013629732,0.00314023
211,768,4,0.003753977,0.000625992,0.003127985
211,768,5,0.012708057,0.009689723,0.003018334
211,768,6,0.023509919,0.020489534,0.003020385
211,768,7,0.01207344,0.009044354,0.003029086
211,768,8,0.004313121,0.001133454,0.003179667
211,768,9,0.003550757,0.000420869,0.003129888
211,768,10,0.063909387,0.060849582,0.003059805
211,768,11,0.004318277,0.00125732,0.003060957
211,768,12,0.004217178,0.001004683,0.003212495
211,768,13,0.004282829,0.001094552,0.003188277
211,768,14,0.004328896,0.001118623,0.003210273
211,768,15,0.004236402,0.001040717,0.003195685
211,768,16,0.004200623,0.001000677,0.003199946
211,768,17,0.00419891,0.001016131,0.003182779
211,768,18,0.00442454,0.001202771,0.003221769
211,768,19,0.004428945,0.001198696,0.003230249
211,768,20,0.004415325,0.001196893,0.003218432
211,768,21,0.004515019,0.001238008,0.003277011
211,768,22,0.004342693,0.001104054,0.003238639
211,768,23,0.004615444,0.001275917,0.003339527
211,768,24,0.004601567,0.001222965,0.003378602
211,768,25,0.004775264,0.001259051,0.003516213
211,768,26,0.004543304,0.00108046,0.003462844
211,768,27,0.004585403,0.00103846,0.003546943
211,768,28,0.004583065,0.00098235,0.003600715
211,768,29,0.004575035,0.000968426,0.003606609
211,768,30,0.004592598,0.000972945,0.003619653
211,768,31,0.004487789,0.000853304,0.003634485
211,768,32,0.00457927,0.000913293,0.003665977
211,768,33,0.004439577,0.000770794,0.003668783
211,768,34,0.004663973,0.000885371,0.003778602
211,768,35,0.004316667,0.000649864,0.003666803
211,768,36,0.004618161,0.000876125,0.003742036
211,768,37,0.004378474,0.000679206,0.003699268
211,768,38,0.00465442,0.000911312,0.003743108
211,768,39,0.004431594,0.000753321,0.003678273
211,768,40,0.004922628,0.001262986,0.003659642
211,768,41,0.004567366,0.000900258,0.003667108
211,768,42,0.004505522,0.000870926,0.003634596
211,768,43,0.004627885,0.00098788,0.003640005
211,768,44,0.004708064,0.001024035,0.003684029
211,768,45,0.004540426,0.00083156,0.003708866
211,768,46,0.004691188,0.000992333,0.003698855
211,768,47,0.004815473,0.001005239,0.003810234
211,768,48,0.004373107,0.000688578,0.003684529
211,768,49,0.004523217,0.000835665,0.003687552
211,768,50,0.004392697,0.000738732,0.003653965
211,768,51,0.004624248,0.001013153,0.003611095
211,768,52,0.004408433,0.000837731,0.003570702
211,768,53,0.004599731,0.000990591,0.00360914
211,768,54,0.004539822,0.000876318,0.003663504
211,768,55,0.00459413,0.00092662,0.00366751
211,768,56,0.004606427,0.000919546,0.003686881
211,768,57,0.004488625,0.000779413,0.003709212
211,768,58,0.00473876,0.000940962,0.003797798
211,768,59,0.004358585,0.000623455,0.00373513
211,768,60,0.004643988,0.000875473,0.003768515
211,768,61,0.004261811,0.000604321,0.00365749
211,768,62,0.004945558,0.001332446,0.003613112
211,768,63,0.004553956,0.000886551,0.003667405
211,768,64,0.004186369,0.000695223,0.003491146
211,768,65,0.0064387,0.002985999,0.003452701
211,768,66,0.007404523,0.003924322,0.003480201
211,768,67,0.004557912,0.00090399,0.003653922
211,768,68,0.004394597,0.000590535,0.003804062
211,768,69,0.004436711,0.000692415,0.003744296
211,768,70,0.004630123,0.000850236,0.003779887
211,768,71,0.004319034,0.00053994,0.003779094
211,768,72,0.004171158,0.00047563,0.003695528
211,768,73,0.004697981,0.000865087,0.003832894
211,768,74,0.004501578,0.000700987,0.003800591
211,768,75,0.004503436,0.000964238,0.003539198
211,768,76,0.004048489,0.000546664,0.003501825
211,768,77,0.00460667,0.001186674,0.003419996
211,768,78,0.004773305,0.001177819,0.003595486
211,768,79,0.004705693,0.001222327,0.003483366
211,768,80,0.004306926,0.000856817,0.003450109
211,768,81,0.008011733,0.004431474,0.003580259
211,768,82,0.004966838,0.001389749,0.003577089
211,768,83,0.004754609,0.000925533,0.003829076
211,768,84,0.004595718,0.000658038,0.00393768
211,768,85,0.004644306,0.000578587,0.004065719
211,768,86,0.004527115,0.000583284,0.003943831
211,768,87,0.00475701,0.000899665,0.003857345
211,768,88,0.004560076,0.000722271,0.003837805
211,768,89,0.00440739,0.000491513,0.003915877
211,768,90,0.004363482,0.000465836,0.003897646
211,768,91,0.006517969,0.002695649,0.00382232
211,768,92,0.004991292,0.001245443,0.003745849
211,768,93,0.004235918,0.000538165,0.003697753
211,768,94,0.007418412,0.003714568,0.003703844
211,768,95,0.005359778,0.001716419,0.003643359
211,768,96,0.00445298,0.000786779,0.003666201
211,768,97,0.004773054,0.00109789,0.003675164
211,768,98,0.004571655,0.00089056,0.003681095
211,768,99,0.004471881,0.000809646,0.003662235
211,768,100,0.005559033,0.001941544,0.003617489
211,768,101,0.004337612,0.0007444,0.003593212
211,768,102,0.006302454,0.002675231,0.003627223
211,768,103,0.006179799,0.002594307,0.003585492
211,768,104,0.005463267,0.00194265,0.003520617
211,768,105,0.004705953,0.000958776,0.003747177
211,768,106,0.005834823,0.002184323,0.0036505
211,768,107,0.004348326,0.000589091,0.003759235
211,768,108,0.004120946,0.000498834,0.003622112
211,768,109,0.004189762,0.000643548,0.003546214
211,768,110,0.006624027,0.00324725,0.003376777
212,768,1,0.759716274,0.635753758,0.123962516
212,768,2,0.066941812,0.063889018,0.003052794
212,768,3,0.003858129,0.000620864,0.003237265
212,768,4,0.014380377,0.011349283,0.003031094
212,768,5,0.023548051,0.020514644,0.003033407
212,768,6,0.012068899,0.009029776,0.003039123
212,768,7,0.004104037,0.000986336,0.003117701
212,768,8,0.00368249,0.00053192,0.00315057
212,768,9,0.063890747,0.060833142,0.003057605
212,768,10,0.004338158,0.001270173,0.003067985
212,768,11,0.004097242,0.000956038,0.003141204
212,768,12,0.004062387,0.000881199,0.003181188
212,768,13,0.004255424,0.001013568,0.003241856
212,768,14,0.004217861,0.0010171,0.003200761
212,768,15,0.004138121,0.000975429,0.003162692
212,768,16,0.004214182,0.001041733,0.003172449
212,768,17,0.004151345,0.000962853,0.003188492
212,768,18,0.004351977,0.001095415,0.003256562
212,768,19,0.004275495,0.001136041,0.003139454
212,768,20,0.004613372,0.001328089,0.003285283
212,768,21,0.004390327,0.001182148,0.003208179
212,768,22,0.004648036,0.001354808,0.003293228
212,768,23,0.004465999,0.001199011,0.003266988
212,768,24,0.00474483,0.001341528,0.003403302
212,768,25,0.00455176,0.001161158,0.003390602
212,768,26,0.004621475,0.001129443,0.003492032
212,768,27,0.004511627,0.00097753,0.003534097
212,768,28,0.004608748,0.0010155,0.003593248
212,768,29,0.004622772,0.000872726,0.003750046
212,768,30,0.004427185,0.000764641,0.003662544
212,768,31,0.004479,0.000822522,0.003656478
212,768,32,0.004517158,0.000843332,0.003673826
212,768,33,0.004626557,0.000853574,0.003772983
212,768,34,0.004481036,0.000738413,0.003742623
212,768,35,0.004598149,0.000727027,0.003871122
212,768,36,0.004290766,0.000606451,0.003684315
212,768,37,0.004745394,0.00094763,0.003797764
212,768,38,0.004424349,0.000708874,0.003715475
212,768,39,0.00510541,0.00126525,0.00384016
212,768,40,0.004500718,0.000714195,0.003786523
212,768,41,0.004432723,0.000684191,0.003748532
212,768,42,0.004809866,0.001001314,0.003808552
212,768,43,0.004673681,0.000795999,0.003877682
212,768,44,0.004477963,0.00074276,0.003735203
212,768,45,0.004772183,0.000846464,0.003925719
212,768,46,0.004595637,0.000746131,0.003849506
212,768,47,0.00445322,0.000672228,0.003780992
212,768,48,0.004642868,0.000872881,0.003769987
212,768,49,0.004458008,0.000720679,0.003737329
212,768,50,0.004554719,0.000858613,0.003696106
212,768,51,0.004418283,0.000771968,0.003646315
212,768,52,0.004499133,0.000918187,0.003580946
212,768,53,0.004557265,0.000935857,0.003621408
212,768,54,0.004668694,0.001021492,0.003647202
212,768,55,0.004606318,0.000924096,0.003682222
212,768,56,0.004443067,0.000807016,0.003636051
212,768,57,0.004642153,0.000922854,0.003719299
212,768,58,0.004466946,0.000726216,0.00374073
212,768,59,0.004514517,0.000757559,0.003756958
212,768,60,0.004451928,0.000679974,0.003771954
212,768,61,0.005004853,0.001361084,0.003643769
212,768,62,0.004474355,0.000858221,0.003616134
212,768,63,0.004294224,0.000710719,0.003583505
212,768,64,0.00655085,0.00307855,0.0034723
212,768,65,0.004710186,0.001144091,0.003566095
212,768,66,0.004033678,0.000438816,0.003594862
212,768,67,0.006198573,0.002488372,0.003710201
212,768,68,0.004615871,0.000830329,0.003785542
212,768,69,0.004736696,0.000801525,0.003935171
212,768,70,0.004375659,0.000589816,0.003785843
212,768,71,0.004407153,0.000591132,0.003816021
212,768,72,0.00427775,0.000540436,0.003737314
212,768,73,0.004346659,0.000592298,0.003754361
212,768,74,0.004902937,0.001207598,0.003695339
212,768,75,0.004659964,0.001075138,0.003584826
212,768,76,0.004010054,0.000549263,0.003460791
212,768,77,0.004635085,0.001080766,0.003554319
212,768,78,0.004945109,0.001389472,0.003555637
212,768,79,0.005130807,0.001709289,0.003421518
212,768,80,0.005544477,0.002190969,0.003353508
212,768,81,0.005178999,0.001592998,0.003586001
212,768,82,0.005267663,0.001689097,0.003578566
212,768,83,0.004958632,0.001177418,0.003781214
212,768,84,0.004658005,0.00077846,0.003879545
212,768,85,0.004769811,0.000681566,0.004088245
212,768,86,0.005546086,0.001551793,0.003994293
212,768,87,0.004554177,0.000728245,0.003825932
212,768,88,0.004435001,0.000560115,0.003874886
212,768,89,0.004383833,0.000464887,0.003918946
212,768,90,0.006598243,0.002789722,0.003808521
212,768,91,0.005049723,0.001218808,0.003830915
212,768,92,0.004251244,0.000537111,0.003714133
212,768,93,0.007290388,0.00363673,0.003653658
212,768,94,0.005310917,0.001642161,0.003668756
212,768,95,0.004383651,0.000791586,0.003592065
212,768,96,0.004548774,0.000881552,0.003667222
212,768,97,0.004932858,0.001242846,0.003690012
212,768,98,0.004556311,0.000899767,0.003656544
212,768,99,0.005579269,0.001996009,0.00358326
212,768,100,0.004204655,0.000626616,0.003578039
212,768,101,0.006450185,0.002822574,0.003627611
212,768,102,0.006205998,0.002651545,0.003554453
212,768,103,0.005348397,0.001736974,0.003611423
212,768,104,0.004342291,0.000808412,0.003533879
212,768,105,0.006334269,0.002591428,0.003742841
212,768,106,0.004265454,0.000676638,0.003588816
212,768,107,0.004261566,0.000531778,0.003729788
212,768,108,0.004160677,0.000490025,0.003670652
212,768,109,0.006713128,0.00310199,0.003611138
212,768,110,0.005386207,0.002010119,0.003376088
213,768,1,0.756171425,0.632918674,0.123252751
213,768,2,0.068526276,0.065509727,0.003016549
213,768,3,0.031158817,0.028130582,0.003028235
213,768,4,0.023543494,0.020530035,0.003013459
213,768,5,0.012069524,0.009036483,0.003033041
213,768,6,0.00402314,0.000997367,0.003025773
213,768,7,0.003661703,0.00051069,0.003151013
213,768,8,0.063936311,0.060900135,0.003036176
213,768,9,0.004377144,0.001346277,0.003030867
213,768,10,0.004053535,0.000931731,0.003121804
213,768,11,0.004027076,0.000904743,0.003122333
213,768,12,0.004007998,0.000827192,0.003180806
213,768,13,0.003891161,0.000684059,0.003207102
213,768,14,0.003937221,0.000762836,0.003174385
213,768,15,0.004061064,0.000912861,0.003148203
213,768,16,0.004155133,0.000990039,0.003165094
213,768,17,0.004318403,0.001096311,0.003222092
213,768,18,0.004308204,0.001075426,0.003232778
213,768,19,0.004491859,0.001274625,0.003217234
213,768,20,0.004502492,0.001234368,0.003268124
213,768,21,0.004486935,0.001214062,0.003272873
213,768,22,0.004428959,0.00117813,0.003250829
213,768,23,0.004449164,0.001216302,0.003232862
213,768,24,0.004705716,0.001330186,0.00337553
213,768,25,0.004598764,0.001127548,0.003471216
213,768,26,0.004587692,0.001087437,0.003500255
213,768,27,0.004536676,0.001002946,0.00353373
213,768,28,0.004738177,0.001046534,0.003691643
213,768,29,0.00444903,0.000781534,0.003667496
213,768,30,0.004512788,0.000896452,0.003616336
213,768,31,0.004584053,0.000913869,0.003670184
213,768,32,0.004497862,0.000874088,0.003623774
213,768,33,0.004640087,0.000921882,0.003718205
213,768,34,0.004444082,0.000794945,0.003649137
213,768,35,0.004654874,0.000906341,0.003748533
213,768,36,0.004801234,0.001057244,0.00374399
213,768,37,0.004460668,0.000630049,0.003830619
213,768,38,0.004964255,0.001224001,0.003740254
213,768,39,0.004541283,0.000745646,0.003795637
213,768,40,0.004543709,0.000838986,0.003704723
213,768,41,0.004565833,0.000800681,0.003765152
213,768,42,0.004542631,0.000799927,0.003742704
213,768,43,0.004517401,0.000732164,0.003785237
213,768,44,0.004565996,0.000840905,0.003725091
213,768,45,0.004643292,0.000781037,0.003862255
213,768,46,0.004610797,0.00077859,0.003832207
213,768,47,0.004484705,0.000637887,0.003846818
213,768,48,0.004555708,0.000740801,0.003814907
213,768,49,0.004379335,0.000693662,0.003685673
213,768,50,0.004584125,0.000877678,0.003706447
213,768,51,0.004426768,0.000760261,0.003666507
213,768,52,0.004528108,0.000867405,0.003660703
213,768,53,0.00447685,0.000830833,0.003646017
213,768,54,0.004622757,0.000934539,0.003688218
213,768,55,0.004535448,0.000838599,0.003696849
213,768,56,0.004505481,0.00080571,0.003699771
213,768,57,0.004521945,0.000778571,0.003743374
213,768,58,0.004521187,0.000688463,0.003832724
213,768,59,0.00446042,0.000647373,0.003813047
213,768,60,0.005890122,0.002276258,0.003613864
213,768,61,0.004434138,0.000743457,0.003690681
213,768,62,0.004254187,0.000626157,0.00362803
213,768,63,0.004576264,0.000994283,0.003581981
213,768,64,0.005166256,0.001660454,0.003505802
213,768,65,0.004566844,0.001039254,0.00352759
213,768,66,0.004679055,0.001051439,0.003627616
213,768,67,0.004153189,0.00045701,0.003696179
213,768,68,0.006205065,0.002434936,0.003770129
213,768,69,0.004897119,0.001031729,0.00386539
213,768,70,0.00445717,0.000688584,0.003768586
213,768,71,0.004443345,0.000603025,0.00384032
213,768,72,0.004325017,0.000534932,0.003790085
213,768,73,0.00576036,0.002090569,0.003669791
213,768,74,0.004522298,0.000864549,0.003657749
213,768,75,0.004161125,0.000653514,0.003507611
213,768,76,0.004387114,0.000906824,0.00348029
213,768,77,0.005112327,0.001727944,0.003384383
213,768,78,0.005338688,0.001860948,0.00347774
213,768,79,0.005238623,0.00176189,0.003476733
213,768,80,0.00469349,0.001173032,0.003520458
213,768,81,0.004974158,0.001439168,0.00353499
213,768,82,0.004611622,0.001037731,0.003573891
213,768,83,0.004972831,0.001223955,0.003748876
213,768,84,0.005431855,0.001477475,0.00395438
213,768,85,0.005570827,0.001616379,0.003954448
213,768,86,0.00466898,0.000795016,0.003873964
213,768,87,0.004430074,0.000615743,0.003814331
213,768,88,0.004384403,0.000590464,0.003793939
213,768,89,0.006665647,0.002820744,0.003844903
213,768,90,0.005048109,0.001195428,0.003852681
213,768,91,0.004373338,0.000543613,0.003829725
213,768,92,0.007416387,0.003689682,0.003726705
213,768,93,0.005159585,0.001515239,0.003644346
213,768,94,0.004511994,0.000866608,0.003645386
213,768,95,0.004377812,0.00077648,0.003601332
213,768,96,0.004593026,0.000912067,0.003680959
213,768,97,0.004930832,0.001237359,0.003693473
213,768,98,0.005698842,0.00199731,0.003701532
213,768,99,0.004116918,0.000554102,0.003562816
213,768,100,0.006473099,0.002865331,0.003607768
213,768,101,0.006344041,0.002824559,0.003519482
213,768,102,0.005059966,0.001577908,0.003482058
213,768,103,0.004483158,0.000857184,0.003625974
213,768,104,0.006286909,0.002607759,0.00367915
213,768,105,0.004366326,0.000594595,0.003771731
213,768,106,0.004216717,0.000609486,0.003607231
213,768,107,0.004200997,0.000468316,0.003732681
213,768,108,0.006698035,0.003050422,0.003647613
213,768,109,0.005510718,0.001973497,0.003537221
213,768,110,0.004057309,0.000673205,0.003384104
214,768,1,0.76261962,0.63827118,0.12434844
214,768,2,0.063478931,0.060455885,0.003023046
214,768,3,0.023530644,0.020515952,0.003014692
214,768,4,0.012127367,0.009110771,0.003016596
214,768,5,0.004022002,0.000892094,0.003129908
214,768,6,0.003570247,0.000400272,0.003169975
214,768,7,0.06397057,0.06093156,0.00303901
214,768,8,0.004395568,0.001358129,0.003037439
214,768,9,0.003972902,0.000830254,0.003142648
214,768,10,0.004073797,0.000930833,0.003142964
214,768,11,0.003914056,0.000738175,0.003175881
214,768,12,0.003892608,0.000679935,0.003212673
214,768,13,0.003851705,0.000589938,0.003261767
214,768,14,0.003760652,0.000618355,0.003142297
214,768,15,0.004078066,0.000882805,0.003195261
214,768,16,0.004108902,0.000905363,0.003203539
214,768,17,0.004087769,0.000892649,0.00319512
214,768,18,0.00442652,0.001211008,0.003215512
214,768,19,0.004328989,0.001115501,0.003213488
214,768,20,0.004317214,0.00105514,0.003262074
214,768,21,0.004421803,0.001165894,0.003255909
214,768,22,0.004345881,0.001174543,0.003171338
214,768,23,0.004612134,0.001328151,0.003283983
214,768,24,0.004654332,0.001233326,0.003421006
214,768,25,0.004551951,0.001097595,0.003454356
214,768,26,0.00467846,0.001200589,0.003477871
214,768,27,0.004730553,0.001180889,0.003549664
214,768,28,0.004542587,0.001010643,0.003531944
214,768,29,0.004840777,0.00120862,0.003632157
214,768,30,0.004380919,0.000808322,0.003572597
214,768,31,0.004709215,0.001095953,0.003613262
214,768,32,0.004673421,0.000996771,0.00367665
214,768,33,0.004544354,0.000916041,0.003628313
214,768,34,0.004588433,0.000918805,0.003669628
214,768,35,0.004744621,0.001054459,0.003690162
214,768,36,0.004537565,0.000825923,0.003711642
214,768,37,0.004942545,0.001130874,0.003811671
214,768,38,0.00440491,0.000648027,0.003756883
214,768,39,0.004733884,0.000894732,0.003839152
214,768,40,0.004330237,0.000597863,0.003732374
214,768,41,0.004709839,0.000903953,0.003805886
214,768,42,0.004593585,0.000791589,0.003801996
214,768,43,0.004435548,0.000614938,0.00382061
214,768,44,0.004526341,0.00074849,0.003777851
214,768,45,0.004500135,0.000691485,0.00380865
214,768,46,0.004541465,0.00078442,0.003757045
214,768,47,0.004335879,0.000628911,0.003706968
214,768,48,0.004591013,0.000850936,0.003740077
214,768,49,0.004466137,0.000781879,0.003684258
214,768,50,0.004458432,0.000758452,0.00369998
214,768,51,0.004376391,0.000730853,0.003645538
214,768,52,0.004502016,0.000923652,0.003578364
214,768,53,0.004502342,0.000874744,0.003627598
214,768,54,0.004662008,0.000934129,0.003727879
214,768,55,0.004534725,0.000851164,0.003683561
214,768,56,0.004549719,0.000874274,0.003675445
214,768,57,0.004629053,0.000861133,0.00376792
214,768,58,0.004475156,0.000649936,0.00382522
214,768,59,0.004386555,0.000635792,0.003750763
214,768,60,0.004492631,0.000696117,0.003796514
214,768,61,0.005243211,0.001651175,0.003592036
214,768,62,0.005673319,0.001967504,0.003705815
214,768,63,0.004934925,0.001527279,0.003407646
214,768,64,0.004355887,0.000837061,0.003518826
214,768,65,0.004170267,0.000604141,0.003566126
214,768,66,0.004111703,0.00050915,0.003602553
214,768,67,0.004328959,0.000740185,0.003588774
214,768,68,0.005725219,0.00202658,0.003698639
214,768,69,0.005026683,0.00126571,0.003760973
214,768,70,0.004827126,0.001056724,0.003770402
214,768,71,0.004441973,0.000629749,0.003812224
214,768,72,0.006726477,0.003118526,0.003607951
214,768,73,0.00451185,0.000784711,0.003727139
214,768,74,0.004192129,0.000567404,0.003624725
214,768,75,0.004408812,0.000785373,0.003623439
214,768,76,0.005153664,0.001827877,0.003325787
214,768,77,0.005144819,0.001751493,0.003393326
214,768,78,0.005005495,0.001453665,0.00355183
214,768,79,0.004701001,0.001168153,0.003532848
214,768,80,0.004699399,0.001164541,0.003534858
214,768,81,0.004862089,0.001233132,0.003628957
214,768,82,0.004846791,0.001279652,0.003567139
214,768,83,0.005466666,0.001649631,0.003817035
214,768,84,0.005665924,0.001751382,0.003914542
214,768,85,0.004619842,0.000643629,0.003976213
214,768,86,0.004589159,0.0007014,0.003887759
214,768,87,0.004422593,0.000604224,0.003818369
214,768,88,0.006619547,0.002760452,0.003859095
214,768,89,0.005031875,0.001233257,0.003798618
214,768,90,0.00428755,0.000503843,0.003783707
214,768,91,0.007543736,0.003803882,0.003739854
214,768,92,0.005237283,0.001555931,0.003681352
214,768,93,0.004465584,0.000794532,0.003671052
214,768,94,0.004247843,0.00059465,0.003653193
214,768,95,0.004490414,0.000931045,0.003559369
214,768,96,0.00487227,0.001233623,0.003638647
214,768,97,0.005955434,0.002255499,0.003699935
214,768,98,0.004290161,0.000627182,0.003662979
214,768,99,0.006422018,0.002788988,0.00363303
214,768,100,0.006572702,0.00294409,0.003628612
214,768,101,0.005090311,0.001443679,0.003646632
214,768,102,0.003921144,0.000442197,0.003478947
214,768,103,0.006251505,0.002636284,0.003615221
214,768,104,0.004702843,0.001016811,0.003686032
214,768,105,0.004341721,0.000581967,0.003759754
214,768,106,0.004103045,0.000486281,0.003616764
214,768,107,0.006600157,0.0029997,0.003600457
214,768,108,0.005555188,0.002024344,0.003530844
214,768,109,0.004244971,0.000775416,0.003469555
214,768,110,0.004130699,0.000749182,0.003381517
215,768,1,0.754469254,0.629209271,0.125259983
215,768,2,0.171573095,0.168554464,0.003018631
215,768,3,0.012154176,0.009129247,0.003024929
215,768,4,0.003877232,0.000724154,0.003153078
215,768,5,0.003563536,0.000454498,0.003109038
215,768,6,0.064086935,0.061061672,0.003025263
215,768,7,0.004415357,0.001262626,0.003152731
215,768,8,0.003905936,0.000734521,0.003171415
215,768,9,0.00406912,0.000903751,0.003165369
215,768,10,0.003910874,0.000719777,0.003191097
215,768,11,0.003868506,0.000655877,0.003212629
215,768,12,0.003735669,0.000557748,0.003177921
215,768,13,0.003810695,0.000573409,0.003237286
215,768,14,0.003619658,0.000451707,0.003167951
215,768,15,0.004120686,0.000961846,0.00315884
215,768,16,0.004023334,0.000848792,0.003174542
215,768,17,0.004097128,0.000919798,0.00317733
215,768,18,0.004264094,0.001053112,0.003210982
215,768,19,0.004454306,0.001214202,0.003240104
215,768,20,0.004448846,0.001198999,0.003249847
215,768,21,0.004502501,0.001207415,0.003295086
215,768,22,0.004444486,0.001225923,0.003218563
215,768,23,0.004590352,0.001280486,0.003309866
215,768,24,0.004589886,0.001274326,0.00331556
215,768,25,0.004759169,0.001285765,0.003473404
215,768,26,0.004607919,0.001162387,0.003445532
215,768,27,0.004591209,0.00113169,0.003459519
215,768,28,0.004778779,0.001282036,0.003496743
215,768,29,0.004487042,0.000973239,0.003513803
215,768,30,0.004760571,0.0011923,0.003568271
215,768,31,0.004661872,0.00106005,0.003601822
215,768,32,0.00452784,0.000933486,0.003594354
215,768,33,0.004725675,0.001011329,0.003714346
215,768,34,0.004647834,0.000931549,0.003716285
215,768,35,0.004592637,0.000830884,0.003761753
215,768,36,0.004752081,0.000995791,0.00375629
215,768,37,0.004543747,0.000777659,0.003766088
215,768,38,0.004597981,0.000809645,0.003788336
215,768,39,0.004530994,0.000776749,0.003754245
215,768,40,0.004527746,0.000833086,0.00369466
215,768,41,0.004643572,0.000843819,0.003799753
215,768,42,0.004369124,0.000678571,0.003690553
215,768,43,0.004644013,0.000840074,0.003803939
215,768,44,0.004502587,0.000780577,0.00372201
215,768,45,0.004659312,0.000830489,0.003828823
215,768,46,0.004340462,0.000599304,0.003741158
215,768,47,0.004532476,0.000779969,0.003752507
215,768,48,0.004456702,0.000724447,0.003732255
215,768,49,0.004503926,0.000791806,0.00371212
215,768,50,0.004262515,0.000691847,0.003570668
215,768,51,0.004617605,0.001017657,0.003599948
215,768,52,0.004357365,0.00084128,0.003516085
215,768,53,0.004626439,0.001059618,0.003566821
215,768,54,0.004536823,0.000975533,0.00356129
215,768,55,0.00457713,0.000965756,0.003611374
215,768,56,0.004476621,0.000799151,0.00367747
215,768,57,0.004503584,0.000797924,0.00370566
215,768,58,0.004557918,0.000784588,0.00377333
215,768,59,0.004362972,0.000642442,0.00372053
215,768,60,0.004634523,0.000844973,0.00378955
215,768,61,0.006492567,0.002977473,0.003515094
215,768,62,0.005171441,0.001640334,0.003531107
215,768,63,0.004218952,0.000710181,0.003508771
215,768,64,0.004232154,0.000674083,0.003558071
215,768,65,0.004051131,0.000498107,0.003553024
215,768,66,0.004017414,0.000426366,0.003591048
215,768,67,0.006161915,0.002563924,0.003597991
215,768,68,0.004931316,0.001140286,0.00379103
215,768,69,0.004585181,0.000921474,0.003663707
215,768,70,0.004372395,0.000660694,0.003711701
215,768,71,0.004561657,0.000823904,0.003737753
215,768,72,0.005390798,0.001751496,0.003639302
215,768,73,0.005050218,0.001367564,0.003682654
215,768,74,0.004422198,0.000831366,0.003590832
215,768,75,0.006275202,0.002831737,0.003443465
215,768,76,0.005084467,0.00161013,0.003474337
215,768,77,0.004751482,0.001176481,0.003575001
215,768,78,0.004577822,0.001006242,0.00357158
215,768,79,0.004455677,0.000918615,0.003537062
215,768,80,0.004641194,0.001097011,0.003544183
215,768,81,0.005121595,0.001533888,0.003587707
215,768,82,0.005282839,0.001704768,0.003578071
215,768,83,0.005892599,0.002022006,0.003870593
215,768,84,0.004663175,0.000730095,0.00393308
215,768,85,0.004594554,0.000582773,0.004011781
215,768,86,0.004460629,0.000561717,0.003898912
215,768,87,0.006615788,0.002745874,0.003869914
215,768,88,0.00519786,0.001324659,0.003873201
215,768,89,0.004328918,0.000472257,0.003856661
215,768,90,0.007525978,0.003729088,0.00379689
215,768,91,0.005331567,0.001615029,0.003716538
215,768,92,0.004386753,0.000746652,0.003640101
215,768,93,0.004238121,0.00052207,0.003716051
215,768,94,0.004630639,0.000970381,0.003660258
215,768,95,0.004534814,0.000943952,0.003590862
215,768,96,0.005759164,0.002075725,0.003683439
215,768,97,0.00469713,0.000954173,0.003742957
215,768,98,0.006468134,0.002857319,0.003610815
215,768,99,0.006649625,0.003017975,0.00363165
215,768,100,0.005076496,0.001424167,0.003652329
215,768,101,0.004054012,0.000414096,0.003639916
215,768,102,0.005839555,0.002258734,0.003580821
215,768,103,0.004557247,0.000963389,0.003593858
215,768,104,0.004603164,0.000831268,0.003771896
215,768,105,0.004210188,0.00043816,0.003772028
215,768,106,0.006643841,0.002909827,0.003734014
215,768,107,0.005595652,0.001872783,0.003722869
215,768,108,0.004155037,0.000556051,0.003598986
215,768,109,0.004088259,0.000616666,0.003471593
215,768,110,0.004171775,0.000786343,0.003385432
216,768,1,0.797414785,0.668081484,0.129333301
216,768,2,0.059248938,0.056177872,0.003071066
216,768,3,0.00369599,0.000562046,0.003133944
216,768,4,0.003607237,0.000443506,0.003163731
216,768,5,0.064264888,0.061094775,0.003170113
216,768,6,0.004251175,0.000876853,0.003374322
216,768,7,0.003910135,0.000499832,0.003410303
216,768,8,0.00399248,0.000510382,0.003482098
216,768,9,0.003899664,0.000485318,0.003414346
216,768,10,0.003873965,0.000494095,0.00337987
216,768,11,0.003779802,0.00046486,0.003314942
216,768,12,0.0037346,0.000443966,0.003290634
216,768,13,0.003665007,0.000448873,0.003216134
216,768,14,0.003698507,0.00043622,0.003262287
216,768,15,0.003785144,0.000544231,0.003240913
216,768,16,0.004113149,0.000823088,0.003290061
216,768,17,0.004246945,0.000936836,0.003310109
216,768,18,0.004383966,0.001021372,0.003362594
216,768,19,0.004280481,0.000908322,0.003372159
216,768,20,0.004563836,0.001232706,0.00333113
216,768,21,0.004557318,0.001230815,0.003326503
216,768,22,0.004683953,0.001254999,0.003428954
216,768,23,0.004422422,0.001095089,0.003327333
216,768,24,0.00471867,0.001321687,0.003396983
216,768,25,0.004640799,0.001170799,0.00347
216,768,26,0.004674408,0.001173676,0.003500732
216,768,27,0.004781419,0.001152143,0.003629276
216,768,28,0.004506552,0.000924494,0.003582058
216,768,29,0.00457593,0.001019886,0.003556044
216,768,30,0.004605897,0.001072024,0.003533873
216,768,31,0.004721881,0.00106446,0.003657421
216,768,32,0.004670361,0.000986238,0.003684123
216,768,33,0.004635699,0.000944292,0.003691407
216,768,34,0.004599687,0.000930694,0.003668993
216,768,35,0.004631671,0.000940909,0.003690762
216,768,36,0.004569663,0.000938653,0.00363101
216,768,37,0.004605425,0.000860727,0.003744698
216,768,38,0.004576387,0.000845861,0.003730526
216,768,39,0.004588701,0.000757377,0.003831324
216,768,40,0.004526747,0.000707084,0.003819663
216,768,41,0.00446596,0.000686021,0.003779939
216,768,42,0.004569056,0.00078932,0.003779736
216,768,43,0.004515798,0.000652332,0.003863466
216,768,44,0.00457502,0.000677802,0.003897218
216,768,45,0.004391203,0.000682817,0.003708386
216,768,46,0.004549994,0.000723243,0.003826751
216,768,47,0.004457549,0.000741654,0.003715895
216,768,48,0.004490283,0.000718246,0.003772037
216,768,49,0.004399339,0.000728353,0.003670986
216,768,50,0.00455051,0.00083012,0.00372039
216,768,51,0.004473085,0.00081088,0.003662205
216,768,52,0.004538637,0.000814476,0.003724161
216,768,53,0.004507854,0.000844688,0.003663166
216,768,54,0.004544415,0.00086525,0.003679165
216,768,55,0.004380776,0.000785767,0.003595009
216,768,56,0.004514663,0.000821408,0.003693255
216,768,57,0.004469303,0.000851383,0.00361792
216,768,58,0.004453385,0.000826928,0.003626457
216,768,59,0.004295134,0.000899982,0.003395152
216,768,60,0.004750568,0.001180079,0.003570489
216,768,61,0.005339054,0.001809569,0.003529485
216,768,62,0.005311876,0.001644283,0.003667593
216,768,63,0.004589246,0.001030782,0.003558464
216,768,64,0.004391762,0.00070875,0.003683012
216,768,65,0.004318292,0.000577149,0.003741143
216,768,66,0.006160978,0.002624142,0.003536836
216,768,67,0.004807165,0.001361403,0.003445762
216,768,68,0.003932236,0.000524599,0.003407637
216,768,69,0.004693453,0.001167479,0.003525974
216,768,70,0.004616335,0.001053044,0.003563291
216,768,71,0.00576682,0.002239365,0.003527455
216,768,72,0.004967783,0.001377249,0.003590534
216,768,73,0.004519924,0.001038595,0.003481329
216,768,74,0.006421893,0.002954217,0.003467676
216,768,75,0.005056906,0.001534467,0.003522439
216,768,76,0.004557067,0.000929714,0.003627353
216,768,77,0.004531736,0.000871322,0.003660414
216,768,78,0.004590016,0.000791791,0.003798225
216,768,79,0.004417785,0.000708458,0.003709327
216,768,80,0.004575844,0.001032281,0.003543563
216,768,81,0.005784672,0.002324196,0.003460476
216,768,82,0.005547463,0.001873968,0.003673495
216,768,83,0.004868265,0.001058434,0.003809831
216,768,84,0.00437838,0.000660211,0.003718169
216,768,85,0.004107281,0.000607682,0.003499599
216,768,86,0.006887024,0.003510944,0.00337608
216,768,87,0.005397353,0.00189599,0.003501363
216,768,88,0.004347283,0.000732941,0.003614342
216,768,89,0.007447253,0.004065349,0.003381904
216,768,90,0.005488043,0.002130567,0.003357476
216,768,91,0.004502491,0.001083722,0.003418769
216,768,92,0.004118072,0.00073293,0.003385142
216,768,93,0.004640926,0.00118788,0.003453046
216,768,94,0.00438806,0.001095049,0.003293011
216,768,95,0.005748716,0.00241405,0.003334666
216,768,96,0.00478809,0.001400517,0.003387573
216,768,97,0.00652721,0.003262385,0.003264825
216,768,98,0.006294104,0.00304739,0.003246714
216,768,99,0.005376391,0.002133578,0.003242813
216,768,100,0.004149055,0.000749862,0.003399193
216,768,101,0.005924265,0.002421722,0.003502543
216,768,102,0.00445123,0.000895514,0.003555716
216,768,103,0.004549741,0.000818177,0.003731564
216,768,104,0.004218445,0.0006071,0.003611345
216,768,105,0.006578157,0.003153778,0.003424379
216,768,106,0.005573704,0.002046814,0.00352689
216,768,107,0.004153892,0.000653397,0.003500495
216,768,108,0.004255855,0.000810298,0.003445557
216,768,109,0.004268396,0.000974802,0.003293594
216,768,110,0.004007093,0.000859391,0.003147702
217,768,1,0.760301021,0.636289124,0.124011897
217,768,2,0.067639548,0.064610407,0.003029141
217,768,3,0.04569183,0.042670125,0.003021705
217,768,4,0.065015382,0.061981349,0.003034033
217,768,5,0.004069789,0.000816972,0.003252817
217,768,6,0.003786681,0.000388413,0.003398268
217,768,7,0.003820836,0.000419221,0.003401615
217,768,8,0.00382473,0.000444509,0.003380221
217,768,9,0.003780381,0.000430774,0.003349607
217,768,10,0.003728592,0.00043284,0.003295752
217,768,11,0.003775463,0.000509562,0.003265901
217,768,12,0.003667274,0.000488417,0.003178857
217,768,13,0.003672468,0.000470304,0.003202164
217,768,14,0.003846642,0.000644331,0.003202311
217,768,15,0.004115984,0.000908202,0.003207782
217,768,16,0.004056724,0.000760472,0.003296252
217,768,17,0.004167313,0.000911868,0.003255445
217,768,18,0.004492658,0.001166829,0.003325829
217,768,19,0.004271388,0.001008948,0.00326244
217,768,20,0.004172016,0.000898033,0.003273983
217,768,21,0.0045021,0.001151613,0.003350487
217,768,22,0.004517087,0.001195508,0.003321579
217,768,23,0.004567307,0.001175716,0.003391591
217,768,24,0.00446991,0.0011374,0.00333251
217,768,25,0.0048476,0.001416057,0.003431543
217,768,26,0.004537724,0.001064092,0.003473632
217,768,27,0.004717018,0.001201216,0.003515802
217,768,28,0.004688416,0.001174744,0.003513672
217,768,29,0.004452972,0.000969713,0.003483259
217,768,30,0.004736809,0.001206157,0.003530652
217,768,31,0.004660559,0.001070784,0.003589775
217,768,32,0.004560822,0.001007844,0.003552978
217,768,33,0.004688736,0.001137841,0.003550895
217,768,34,0.004693315,0.001103061,0.003590254
217,768,35,0.004547965,0.001018783,0.003529182
217,768,36,0.004664398,0.001045724,0.003618674
217,768,37,0.004543887,0.000960309,0.003583578
217,768,38,0.004611028,0.000942837,0.003668191
217,768,39,0.004729539,0.001063562,0.003665977
217,768,40,0.004511241,0.000775839,0.003735402
217,768,41,0.004461335,0.000759693,0.003701642
217,768,42,0.004475442,0.000812299,0.003663143
217,768,43,0.004641253,0.00090445,0.003736803
217,768,44,0.004410369,0.000747371,0.003662998
217,768,45,0.004584692,0.000879897,0.003704795
217,768,46,0.004378099,0.000751137,0.003626962
217,768,47,0.004577397,0.000884329,0.003693068
217,768,48,0.004379998,0.000733591,0.003646407
217,768,49,0.00453406,0.00090325,0.00363081
217,768,50,0.004441067,0.000835433,0.003605634
217,768,51,0.004520939,0.000939413,0.003581526
217,768,52,0.004493134,0.00091897,0.003574164
217,768,53,0.004593314,0.001041291,0.003552023
217,768,54,0.004470659,0.000951755,0.003518904
217,768,55,0.004560585,0.000987154,0.003573431
217,768,56,0.004473028,0.000876468,0.00359656
217,768,57,0.004666078,0.000937712,0.003728366
217,768,58,0.004193075,0.000732724,0.003460351
217,768,59,0.004418881,0.001052403,0.003366478
217,768,60,0.006552484,0.003152272,0.003400212
217,768,61,0.005116104,0.001650605,0.003465499
217,768,62,0.004424351,0.000889444,0.003534907
217,768,63,0.004265567,0.00073665,0.003528917
217,768,64,0.004340556,0.000743291,0.003597265
217,768,65,0.004190896,0.00051466,0.003676236
217,768,66,0.004180334,0.00052824,0.003652094
217,768,67,0.005783807,0.002452212,0.003331595
217,768,68,0.004964837,0.001509355,0.003455482
217,768,69,0.004597075,0.001202278,0.003394797
217,768,70,0.006902085,0.003552342,0.003349743
217,768,71,0.005032542,0.001665661,0.003366881
217,768,72,0.004614607,0.00114123,0.003473377
217,768,73,0.006409826,0.002977266,0.00343256
217,768,74,0.004889377,0.001510129,0.003379248
217,768,75,0.004624217,0.00111068,0.003513537
217,768,76,0.004104474,0.000646244,0.00345823
217,768,77,0.004378866,0.000780997,0.003597869
217,768,78,0.004846277,0.00123002,0.003616257
217,768,79,0.004164122,0.000542006,0.003622116
217,768,80,0.005663548,0.002356705,0.003306843
217,768,81,0.005917479,0.002457248,0.003460231
217,768,82,0.004904167,0.001254301,0.003649866
217,768,83,0.004499821,0.000839403,0.003660418
217,768,84,0.004351668,0.000698736,0.003652932
217,768,85,0.00658707,0.003313788,0.003273282
217,768,86,0.005102319,0.001733154,0.003369165
217,768,87,0.004728113,0.001239381,0.003488732
217,768,88,0.004401069,0.000824636,0.003576433
217,768,89,0.004145856,0.000613933,0.003531923
217,768,90,0.00837855,0.005099092,0.003279458
217,768,91,0.004033182,0.000705262,0.00332792
217,768,92,0.004255945,0.000875659,0.003380286
217,768,93,0.005463425,0.002127086,0.003336339
217,768,94,0.005512895,0.002278648,0.003234247
217,768,95,0.004466033,0.001184459,0.003281574
217,768,96,0.006977434,0.003642462,0.003334972
217,768,97,0.004460534,0.001111271,0.003349263
217,768,98,0.006798144,0.003571434,0.00322671
217,768,99,0.004644987,0.001452325,0.003192662
217,768,100,0.005856266,0.002660615,0.003195651
217,768,101,0.004454888,0.001029947,0.003424941
217,768,102,0.0044505,0.000876226,0.003574274
217,768,103,0.00456205,0.000916469,0.003645581
217,768,104,0.006668777,0.003409369,0.003259408
217,768,105,0.005313589,0.001971828,0.003341761
217,768,106,0.004411142,0.00086681,0.003544332
217,768,107,0.004352295,0.000839386,0.003512909
217,768,108,0.004176551,0.000832729,0.003343822
217,768,109,0.004244832,0.000965601,0.003279231
217,768,110,0.004088158,0.000961373,0.003126785
218,768,1,0.754352076,0.631110573,0.123241503
218,768,2,0.076847594,0.073830794,0.0030168
218,768,3,0.089926608,0.086904701,0.003021907
218,768,4,0.003816453,0.000636148,0.003180305
218,768,5,0.003622242,0.000431512,0.00319073
218,768,6,0.003730341,0.000361336,0.003369005
218,768,7,0.003912876,0.000466185,0.003446691
218,768,8,0.00377877,0.000399729,0.003379041
218,768,9,0.003783787,0.000484178,0.003299609
218,768,10,0.003767209,0.000489867,0.003277342
218,768,11,0.003620538,0.000385526,0.003235012
218,768,12,0.003642467,0.000476928,0.003165539
218,768,13,0.003641428,0.000473893,0.003167535
218,768,14,0.003802684,0.000614873,0.003187811
218,768,15,0.003982959,0.000775594,0.003207365
218,768,16,0.004134941,0.000884879,0.003250062
218,768,17,0.004220322,0.000974931,0.003245391
218,768,18,0.004508843,0.001203969,0.003304874
218,768,19,0.004294504,0.001016546,0.003277958
218,768,20,0.004086049,0.000810664,0.003275385
218,768,21,0.00423515,0.000971273,0.003263877
218,768,22,0.004424171,0.001087951,0.00333622
218,768,23,0.004422897,0.00110851,0.003314387
218,768,24,0.004592161,0.001219001,0.00337316
218,768,25,0.004393736,0.001001833,0.003391903
218,768,26,0.00499052,0.001478039,0.003512481
218,768,27,0.00436357,0.000887148,0.003476422
218,768,28,0.00479354,0.001312943,0.003480597
218,768,29,0.004592445,0.001085627,0.003506818
218,768,30,0.004579293,0.001051757,0.003527536
218,768,31,0.004639086,0.000978542,0.003660544
218,768,32,0.004743957,0.001086177,0.00365778
218,768,33,0.004435163,0.000900981,0.003534182
218,768,34,0.004806913,0.001217555,0.003589358
218,768,35,0.00453151,0.000935768,0.003595742
218,768,36,0.00473563,0.001045019,0.003690611
218,768,37,0.004535636,0.00085949,0.003676146
218,768,38,0.004576483,0.000921936,0.003654547
218,768,39,0.004638371,0.000924149,0.003714222
218,768,40,0.004812465,0.001008399,0.003804066
218,768,41,0.004378207,0.000714006,0.003664201
218,768,42,0.004637535,0.000893214,0.003744321
218,768,43,0.004342674,0.000671524,0.00367115
218,768,44,0.004647326,0.000958761,0.003688565
218,768,45,0.00435941,0.000710439,0.003648971
218,768,46,0.004713521,0.000977843,0.003735678
218,768,47,0.004294164,0.000639306,0.003654858
218,768,48,0.004657858,0.000947107,0.003710751
218,768,49,0.004255135,0.000638961,0.003616174
218,768,50,0.004634548,0.000971987,0.003662561
218,768,51,0.004414953,0.000770365,0.003644588
218,768,52,0.00457877,0.000955507,0.003623263
218,768,53,0.004461311,0.000891914,0.003569397
218,768,54,0.004559968,0.000976167,0.003583801
218,768,55,0.004634469,0.00106451,0.003569959
218,768,56,0.004539766,0.000999621,0.003540145
218,768,57,0.004753293,0.001123921,0.003629372
218,768,58,0.004310747,0.000858069,0.003452678
218,768,59,0.007391912,0.003973504,0.003418408
218,768,60,0.004906855,0.001484756,0.003422099
218,768,61,0.004302794,0.000772106,0.003530688
218,768,62,0.004346748,0.000848446,0.003498302
218,768,63,0.004266244,0.000728149,0.003538095
218,768,64,0.004285586,0.000653962,0.003631624
218,768,65,0.00412264,0.00048903,0.00363361
218,768,66,0.004106612,0.000538193,0.003568419
218,768,67,0.003993123,0.000540826,0.003452297
218,768,68,0.006276144,0.003009381,0.003266763
218,768,69,0.007981614,0.004659418,0.003322196
218,768,70,0.005065509,0.001814482,0.003251027
218,768,71,0.004546061,0.001172435,0.003373626
218,768,72,0.006444744,0.003084802,0.003359942
218,768,73,0.004822561,0.001450434,0.003372127
218,768,74,0.004651111,0.00119782,0.003453291
218,768,75,0.004209323,0.000733291,0.003476032
218,768,76,0.004135213,0.000648349,0.003486864
218,768,77,0.004554467,0.001053792,0.003500675
218,768,78,0.004664163,0.001039116,0.003625047
218,768,79,0.005232135,0.001819602,0.003412533
218,768,80,0.005753714,0.002516773,0.003236941
218,768,81,0.005050287,0.001577074,0.003473213
218,768,82,0.004620502,0.001040862,0.00357964
218,768,83,0.004555222,0.000847951,0.003707271
218,768,84,0.006603323,0.003304064,0.003299259
218,768,85,0.004997791,0.001720335,0.003277456
218,768,86,0.004506679,0.001166716,0.003339963
218,768,87,0.004561883,0.001079746,0.003482137
218,768,88,0.004301081,0.00074526,0.003555821
218,768,89,0.004096857,0.000616563,0.003480294
218,768,90,0.003853471,0.000506535,0.003346936
218,768,91,0.008016888,0.004795683,0.003221205
218,768,92,0.006162988,0.002908428,0.00325456
218,768,93,0.005581491,0.002332152,0.003249339
218,768,94,0.004229087,0.00091006,0.003319027
218,768,95,0.006678577,0.003485801,0.003192776
218,768,96,0.004918215,0.001465515,0.0034527
218,768,97,0.007158194,0.004017063,0.003141131
218,768,98,0.004761991,0.001493629,0.003268362
218,768,99,0.005614129,0.002473498,0.003140631
218,768,100,0.004079823,0.000893269,0.003186554
218,768,101,0.00436659,0.000936793,0.003429797
218,768,102,0.004340024,0.00082688,0.003513144
218,768,103,0.004535416,0.000958638,0.003576778
218,768,104,0.004308141,0.0008098,0.003498341
218,768,105,0.00595647,0.002624205,0.003332265
218,768,106,0.005605416,0.00217477,0.003430646
218,768,107,0.004275532,0.000793504,0.003482028
218,768,108,0.004229507,0.000872681,0.003356826
218,768,109,0.00412529,0.000894575,0.003230715
218,768,110,0.004287659,0.001086758,0.003200901
219,768,1,0.757652076,0.633005433,0.124646643
219,768,2,0.187937519,0.184891783,0.003045736
219,768,3,0.003645192,0.000521872,0.00312332
219,768,4,0.003601166,0.000375016,0.00322615
219,768,5,0.003653944,0.000424414,0.00322953
219,768,6,0.003817373,0.000426686,0.003390687
219,768,7,0.003805291,0.000380083,0.003425208
219,768,8,0.003855151,0.000410518,0.003444633
219,768,9,0.003800525,0.000428884,0.003371641
219,768,10,0.003733133,0.00045866,0.003274473
219,768,11,0.003654483,0.000413769,0.003240714
219,768,12,0.003647145,0.000393844,0.003253301
219,768,13,0.003604542,0.0003815,0.003223042
219,768,14,0.003763516,0.000555778,0.003207738
219,768,15,0.003999999,0.000784064,0.003215935
219,768,16,0.004137932,0.000867901,0.003270031
219,768,17,0.004211267,0.000936797,0.00327447
219,768,18,0.004522266,0.001188151,0.003334115
219,768,19,0.004259775,0.000993761,0.003266014
219,768,20,0.004087525,0.000789511,0.003298014
219,768,21,0.004332212,0.000971512,0.0033607
219,768,22,0.004393408,0.001129437,0.003263971
219,768,23,0.004527073,0.001147906,0.003379167
219,768,24,0.004400498,0.001110763,0.003289735
219,768,25,0.004660596,0.001186307,0.003474289
219,768,26,0.004570372,0.001022045,0.003548327
219,768,27,0.004387032,0.000864157,0.003522875
219,768,28,0.004489259,0.000928298,0.003560961
219,768,29,0.004346829,0.000846054,0.003500775
219,768,30,0.004668062,0.001048871,0.003619191
219,768,31,0.004483446,0.000881606,0.00360184
219,768,32,0.004634295,0.00095689,0.003677405
219,768,33,0.004702649,0.00102123,0.003681419
219,768,34,0.004466005,0.000787532,0.003678473
219,768,35,0.004742411,0.001062744,0.003679667
219,768,36,0.004723946,0.000941984,0.003781962
219,768,37,0.004483872,0.0007674,0.003716472
219,768,38,0.004679524,0.000902553,0.003776971
219,768,39,0.004582816,0.000821425,0.003761391
219,768,40,0.004692502,0.00087645,0.003816052
219,768,41,0.004586758,0.000823295,0.003763463
219,768,42,0.004444801,0.000701129,0.003743672
219,768,43,0.004676329,0.00090726,0.003769069
219,768,44,0.00443238,0.00067719,0.00375519
219,768,45,0.004595715,0.000885056,0.003710659
219,768,46,0.004513717,0.000802398,0.003711319
219,768,47,0.004476683,0.000768786,0.003707897
219,768,48,0.004469479,0.000797472,0.003672007
219,768,49,0.004518498,0.000823657,0.003694841
219,768,50,0.004423518,0.0008014,0.003622118
219,768,51,0.00453174,0.000844985,0.003686755
219,768,52,0.004438525,0.000790574,0.003647951
219,768,53,0.004517046,0.000885513,0.003631533
219,768,54,0.004456926,0.00087594,0.003580986
219,768,55,0.004645132,0.0010197,0.003625432
219,768,56,0.004712553,0.001052772,0.003659781
219,768,57,0.004666871,0.001005923,0.003660948
219,768,58,0.006375175,0.003013868,0.003361307
219,768,59,0.005043253,0.00160653,0.003436723
219,768,60,0.004388953,0.000899718,0.003489235
219,768,61,0.004943852,0.001519386,0.003424466
219,768,62,0.004587843,0.001011573,0.00357627
219,768,63,0.004166378,0.000605725,0.003560653
219,768,64,0.004390122,0.000777687,0.003612435
219,768,65,0.004248073,0.000565922,0.003682151
219,768,66,0.004119244,0.000525987,0.003593257
219,768,67,0.007063434,0.003728364,0.00333507
219,768,68,0.007525126,0.004133281,0.003391845
219,768,69,0.005162211,0.001725261,0.00343695
219,768,70,0.004550088,0.001122236,0.003427852
219,768,71,0.006597181,0.003152761,0.00344442
219,768,72,0.004749065,0.001327976,0.003421089
219,768,73,0.004284564,0.00078494,0.003499624
219,768,74,0.004341862,0.000913385,0.003428477
219,768,75,0.004164756,0.000655484,0.003509272
219,768,76,0.004138983,0.000576314,0.003562669
219,768,77,0.004523038,0.000971147,0.003551891
219,768,78,0.005854745,0.002401532,0.003453213
219,768,79,0.005455808,0.002117241,0.003338567
219,768,80,0.004797739,0.00144327,0.003354469
219,768,81,0.004683128,0.001205322,0.003477806
219,768,82,0.00464244,0.000993557,0.003648883
219,768,83,0.004469747,0.000785022,0.003684725
219,768,84,0.004274936,0.00068057,0.003594366
219,768,85,0.006214281,0.002919604,0.003294677
219,768,86,0.005054666,0.001643101,0.003411565
219,768,87,0.00455393,0.001083829,0.003470101
219,768,88,0.004454136,0.000814908,0.003639228
219,768,89,0.004288846,0.000736913,0.003551933
219,768,90,0.006475895,0.003199385,0.00327651
219,768,91,0.007637176,0.004421488,0.003215688
219,768,92,0.005356017,0.002125444,0.003230573
219,768,93,0.004405488,0.001117223,0.003288265
219,768,94,0.006684648,0.003444248,0.0032404
219,768,95,0.004547692,0.001221527,0.003326165
219,768,96,0.00457465,0.001202688,0.003371962
219,768,97,0.004273393,0.000955783,0.00331761
219,768,98,0.009417577,0.006233764,0.003183813
219,768,99,0.004067962,0.000796362,0.0032716
219,768,100,0.003941976,0.000703907,0.003238069
219,768,101,0.004301198,0.000899761,0.003401437
219,768,102,0.004435128,0.000937579,0.003497549
219,768,103,0.004517283,0.000905592,0.003611691
219,768,104,0.004312343,0.000743219,0.003569124
219,768,105,0.003897664,0.000557768,0.003339896
219,768,106,0.005495057,0.002186621,0.003308436
219,768,107,0.00574756,0.002376607,0.003370953
219,768,108,0.004354219,0.000956481,0.003397738
219,768,109,0.004268345,0.000956516,0.003311829
219,768,110,0.00407228,0.000925653,0.003146627
220,768,1,0.757293146,0.633503596,0.12378955
220,768,2,0.048658746,0.045625166,0.00303358
220,768,3,0.12456851,0.121544483,0.003024027
220,768,4,0.003830323,0.00065809,0.003172233
220,768,5,0.003608193,0.00041732,0.003190873
220,768,6,0.003765727,0.000383712,0.003382015
220,768,7,0.003881203,0.000475647,0.003405556
220,768,8,0.003812644,0.000405187,0.003407457
220,768,9,0.003743768,0.000403816,0.003339952
220,768,10,0.003788759,0.000497788,0.003290971
220,768,11,0.003634634,0.000402702,0.003231932
220,768,12,0.003556103,0.000386923,0.00316918
220,768,13,0.003728527,0.000560374,0.003168153
220,768,14,0.003843445,0.000651445,0.003192
220,768,15,0.004025863,0.000835542,0.003190321
220,768,16,0.004133767,0.000906995,0.003226772
220,768,17,0.004247743,0.001020442,0.003227301
220,768,18,0.004462579,0.001167049,0.00329553
220,768,19,0.00430303,0.001028798,0.003274232
220,768,20,0.004084416,0.000823865,0.003260551
220,768,21,0.004464197,0.001106375,0.003357822
220,768,22,0.004338224,0.00102898,0.003309244
220,768,23,0.004495928,0.001194357,0.003301571
220,768,24,0.004422873,0.001158692,0.003264181
220,768,25,0.004583333,0.00116188,0.003421453
220,768,26,0.004541361,0.001045268,0.003496093
220,768,27,0.004544922,0.001036764,0.003508158
220,768,28,0.004585079,0.00103525,0.003549829
220,768,29,0.004642145,0.001072231,0.003569914
220,768,30,0.004402986,0.000848627,0.003554359
220,768,31,0.004590997,0.00095489,0.003636107
220,768,32,0.004478152,0.000842636,0.003635516
220,768,33,0.004445233,0.00080322,0.003642013
220,768,34,0.004558606,0.000874915,0.003683691
220,768,35,0.004384007,0.00073305,0.003650957
220,768,36,0.004534383,0.000867873,0.00366651
220,768,37,0.004617689,0.000901906,0.003715783
220,768,38,0.004476136,0.000793401,0.003682735
220,768,39,0.004700446,0.000975082,0.003725364
220,768,40,0.004493561,0.000817945,0.003675616
220,768,41,0.004759567,0.001014009,0.003745558
220,768,42,0.004645221,0.000963995,0.003681226
220,768,43,0.004470892,0.000780154,0.003690738
220,768,44,0.004547448,0.000850961,0.003696487
220,768,45,0.004347173,0.000738545,0.003608628
220,768,46,0.004713254,0.00107305,0.003640204
220,768,47,0.00464655,0.000977639,0.003668911
220,768,48,0.004409907,0.000792166,0.003617741
220,768,49,0.004591329,0.00092483,0.003666499
220,768,50,0.004333917,0.000729719,0.003604198
220,768,51,0.004494304,0.000886004,0.0036083
220,768,52,0.004646497,0.001058669,0.003587828
220,768,53,0.004587335,0.000994817,0.003592518
220,768,54,0.004781137,0.001202939,0.003578198
220,768,55,0.004644312,0.001095456,0.003548856
220,768,56,0.004799322,0.001235529,0.003563793
220,768,57,0.004736407,0.001114005,0.003622402
220,768,58,0.004700505,0.00118254,0.003517965
220,768,59,0.005392636,0.002012464,0.003380172
220,768,60,0.004993284,0.001513194,0.00348009
220,768,61,0.004421399,0.000957106,0.003464293
220,768,62,0.00498118,0.001563003,0.003418177
220,768,63,0.004439653,0.000936132,0.003503521
220,768,64,0.004355899,0.000798567,0.003557332
220,768,65,0.004310948,0.000674643,0.003636305
220,768,66,0.008029166,0.004616736,0.00341243
220,768,67,0.006840843,0.003534767,0.003306076
220,768,68,0.005248385,0.001837356,0.003411029
220,768,69,0.004642615,0.001186446,0.003456169
220,768,70,0.006840098,0.00346617,0.003373928
220,768,71,0.004736087,0.001359302,0.003376785
220,768,72,0.00413892,0.000714645,0.003424275
220,768,73,0.004121677,0.000689928,0.003431749
220,768,74,0.004397455,0.000948341,0.003449114
220,768,75,0.004152077,0.0006318,0.003520277
220,768,76,0.004103824,0.000586008,0.003517816
220,768,77,0.005704659,0.002358511,0.003346148
220,768,78,0.005794083,0.002306807,0.003487276
220,768,79,0.004485188,0.001119194,0.003365994
220,768,80,0.004462556,0.001229818,0.003232738
220,768,81,0.004752346,0.001325159,0.003427187
220,768,82,0.004768822,0.001199295,0.003569527
220,768,83,0.004586964,0.000907018,0.003679946
220,768,84,0.004335426,0.000751772,0.003583654
220,768,85,0.006580873,0.003317637,0.003263236
220,768,86,0.004758503,0.001368256,0.003390247
220,768,87,0.004506984,0.001010495,0.003496489
220,768,88,0.004446641,0.000897594,0.003549047
220,768,89,0.00643961,0.003084018,0.003355592
220,768,90,0.005155679,0.001872951,0.003282728
220,768,91,0.004273924,0.000956185,0.003317739
220,768,92,0.006659015,0.003437433,0.003221582
220,768,93,0.007936543,0.004734251,0.003202292
220,768,94,0.00437643,0.00111721,0.00325922
220,768,95,0.004472503,0.00117897,0.003293533
220,768,96,0.004490269,0.0011634,0.003326869
220,768,97,0.004243235,0.000916757,0.003326478
220,768,98,0.004288576,0.001096689,0.003191887
220,768,99,0.008439489,0.005296081,0.003143408
220,768,100,0.004228313,0.000960027,0.003268286
220,768,101,0.00426452,0.000833591,0.003430929
220,768,102,0.004340127,0.000809864,0.003530263
220,768,103,0.004555169,0.000870888,0.003684281
220,768,104,0.004260895,0.00072328,0.003537615
220,768,105,0.003909157,0.000578977,0.00333018
220,768,106,0.004111731,0.000777991,0.00333374
220,768,107,0.005627511,0.002381525,0.003245986
220,768,108,0.005713817,0.002514974,0.003198843
220,768,109,0.004390434,0.001087459,0.003302975
220,768,110,0.00408008,0.000955799,0.003124281
221,768,1,0.754037133,0.630694244,0.123342889
221,768,2,0.068894062,0.065850395,0.003043667
221,768,3,0.003734653,0.000595962,0.003138691
221,768,4,0.105938795,0.102916314,0.003022481
221,768,5,0.00401508,0.000783529,0.003231551
221,768,6,0.003803182,0.000375924,0.003427258
221,768,7,0.00380499,0.000407062,0.003397928
221,768,8,0.003855703,0.000430101,0.003425602
221,768,9,0.0037654,0.000415459,0.003349941
221,768,10,0.00374014,0.000433841,0.003306299
221,768,11,0.003659925,0.000411474,0.003248451
221,768,12,0.00355894,0.00038981,0.00316913
221,768,13,0.003816421,0.000616692,0.003199729
221,768,14,0.004034183,0.000855942,0.003178241
221,768,15,0.004043651,0.000862382,0.003181269
221,768,16,0.004091952,0.000888423,0.003203529
221,768,17,0.004426684,0.001156581,0.003270103
221,768,18,0.004493495,0.001212472,0.003281023
221,768,19,0.004460652,0.001159222,0.00330143
221,768,20,0.004138098,0.00085516,0.003282938
221,768,21,0.004346173,0.001039175,0.003306998
221,768,22,0.00438739,0.001103055,0.003284335
221,768,23,0.004400945,0.001181879,0.003219066
221,768,24,0.00446742,0.001229161,0.003238259
221,768,25,0.004548442,0.001212301,0.003336141
221,768,26,0.004657127,0.001195796,0.003461331
221,768,27,0.004555207,0.001037454,0.003517753
221,768,28,0.004531376,0.001050517,0.003480859
221,768,29,0.004524171,0.001023105,0.003501066
221,768,30,0.004537931,0.001003405,0.003534526
221,768,31,0.00452852,0.000912796,0.003615724
221,768,32,0.0044686,0.000893533,0.003575067
221,768,33,0.004493186,0.000878035,0.003615151
221,768,34,0.004492759,0.000829268,0.003663491
221,768,35,0.004439674,0.000813898,0.003625776
221,768,36,0.004516192,0.000840616,0.003675576
221,768,37,0.004518336,0.000791933,0.003726403
221,768,38,0.004423217,0.000746541,0.003676676
221,768,39,0.00459954,0.000914415,0.003685125
221,768,40,0.00470971,0.000927057,0.003782653
221,768,41,0.004416249,0.00073369,0.003682559
221,768,42,0.004619518,0.000871009,0.003748509
221,768,43,0.004427799,0.000762684,0.003665115
221,768,44,0.004667381,0.000908739,0.003758642
221,768,45,0.004452586,0.00082546,0.003627126
221,768,46,0.004692306,0.000994715,0.003697591
221,768,47,0.004463324,0.000812753,0.003650571
221,768,48,0.004564618,0.00090163,0.003662988
221,768,49,0.004599904,0.000965994,0.00363391
221,768,50,0.004594527,0.000977912,0.003616615
221,768,51,0.004721053,0.001114461,0.003606592
221,768,52,0.00467082,0.001004421,0.003666399
221,768,53,0.00470029,0.001131247,0.003569043
221,768,54,0.004586403,0.001040373,0.00354603
221,768,55,0.004748063,0.00125023,0.003497833
221,768,56,0.004795962,0.001226023,0.003569939
221,768,57,0.004948768,0.001283067,0.003665701
221,768,58,0.004423744,0.000981748,0.003441996
221,768,59,0.004542718,0.001135172,0.003407546
221,768,60,0.004347395,0.000958908,0.003388487
221,768,61,0.00490284,0.001452903,0.003449937
221,768,62,0.004597748,0.001071063,0.003526685
221,768,63,0.005075459,0.001734193,0.003341266
221,768,64,0.004697041,0.001138352,0.003558689
221,768,65,0.008672356,0.005213888,0.003458468
221,768,66,0.006815348,0.003491055,0.003324293
221,768,67,0.00464876,0.001367128,0.003281632
221,768,68,0.004741615,0.001412861,0.003328754
221,768,69,0.004453262,0.001079967,0.003373295
221,768,70,0.004351252,0.000960466,0.003390786
221,768,71,0.005886805,0.002495236,0.003391569
221,768,72,0.004737849,0.001341589,0.00339626
221,768,73,0.004333896,0.000906432,0.003427464
221,768,74,0.004286411,0.000849002,0.003437409
221,768,75,0.004228302,0.000739464,0.003488838
221,768,76,0.006050102,0.002644843,0.003405259
221,768,77,0.005794052,0.002265921,0.003528131
221,768,78,0.004485921,0.000892238,0.003593683
221,768,79,0.004268915,0.000901745,0.00336717
221,768,80,0.004593487,0.001317126,0.003276361
221,768,81,0.004872639,0.001408986,0.003463653
221,768,82,0.004505363,0.000966744,0.003538619
221,768,83,0.004656813,0.001059508,0.003597305
221,768,84,0.006545011,0.003262238,0.003282773
221,768,85,0.004693321,0.001325223,0.003368098
221,768,86,0.004451209,0.001009156,0.003442053
221,768,87,0.004506648,0.001081071,0.003425577
221,768,88,0.006742811,0.003367422,0.003375389
221,768,89,0.004697256,0.001438088,0.003259168
221,768,90,0.004633251,0.001286694,0.003346557
221,768,91,0.006766793,0.003562784,0.003204009
221,768,92,0.004758392,0.001446211,0.003312181
221,768,93,0.004151979,0.000852446,0.003299533
221,768,94,0.006696942,0.003458242,0.0032387
221,768,95,0.004480469,0.001208739,0.00327173
221,768,96,0.004634553,0.001273353,0.0033612
221,768,97,0.004224686,0.000914321,0.003310365
221,768,98,0.004152632,0.000910424,0.003242208
221,768,99,0.004305822,0.001040496,0.003265326
221,768,100,0.008279524,0.005110582,0.003168942
221,768,101,0.00446912,0.001069802,0.003399318
221,768,102,0.004494903,0.000962591,0.003532312
221,768,103,0.004505443,0.000913165,0.003592278
221,768,104,0.004451995,0.000897149,0.003554846
221,768,105,0.003937337,0.000615513,0.003321824
221,768,106,0.004121377,0.000797971,0.003323406
221,768,107,0.004502756,0.001115887,0.003386869
221,768,108,0.005271374,0.001928189,0.003343185
221,768,109,0.00561214,0.002344538,0.003267602
221,768,110,0.004120784,0.000973603,0.003147181
222,768,1,0.758001741,0.63437528,0.123626461
222,768,2,0.065981486,0.062945689,0.003035797
222,768,3,0.006495785,0.00345829,0.003037495
222,768,4,0.01566572,0.012643428,0.003022292
222,768,5,0.094108874,0.090990384,0.00311849
222,768,6,0.004138405,0.000790163,0.003348242
222,768,7,0.003849476,0.000436286,0.00341319
222,768,8,0.003907875,0.000468434,0.003439441
222,768,9,0.003798064,0.000468417,0.003329647
222,768,10,0.003788986,0.000463285,0.003325701
222,768,11,0.003672865,0.000437915,0.00323495
222,768,12,0.003590738,0.000408314,0.003182424
222,768,13,0.003778986,0.000589738,0.003189248
222,768,14,0.004088779,0.00088433,0.003204449
222,768,15,0.004122365,0.000933365,0.003189
222,768,16,0.004035757,0.000813457,0.0032223
222,768,17,0.004111852,0.000872377,0.003239475
222,768,18,0.004644476,0.001340618,0.003303858
222,768,19,0.004325738,0.00106534,0.003260398
222,768,20,0.004126275,0.000859797,0.003266478
222,768,21,0.004394177,0.001038809,0.003355368
222,768,22,0.00435711,0.001028327,0.003328783
222,768,23,0.004410606,0.001105114,0.003305492
222,768,24,0.00457657,0.001275038,0.003301532
222,768,25,0.004502211,0.001097861,0.00340435
222,768,26,0.004635291,0.001120408,0.003514883
222,768,27,0.004435067,0.000941381,0.003493686
222,768,28,0.004669098,0.001141049,0.003528049
222,768,29,0.004490705,0.000923711,0.003566994
222,768,30,0.00452976,0.000963322,0.003566438
222,768,31,0.004579006,0.00093467,0.003644336
222,768,32,0.004534515,0.000930399,0.003604116
222,768,33,0.004546875,0.000878828,0.003668047
222,768,34,0.004479262,0.000869435,0.003609827
222,768,35,0.00464418,0.000975211,0.003668969
222,768,36,0.004658685,0.000967674,0.003691011
222,768,37,0.004574451,0.000849281,0.00372517
222,768,38,0.004651303,0.000954282,0.003697021
222,768,39,0.004542405,0.000812644,0.003729761
222,768,40,0.004632918,0.000858007,0.003774911
222,768,41,0.004450187,0.000748509,0.003701678
222,768,42,0.004642213,0.00088559,0.003756623
222,768,43,0.004433288,0.000749032,0.003684256
222,768,44,0.004616794,0.000901462,0.003715332
222,768,45,0.004504986,0.000815609,0.003689377
222,768,46,0.004526653,0.000904236,0.003622417
222,768,47,0.004625069,0.000930961,0.003694108
222,768,48,0.004475098,0.000844762,0.003630336
222,768,49,0.004527584,0.000873352,0.003654232
222,768,50,0.004453183,0.000907401,0.003545782
222,768,51,0.004584949,0.000937236,0.003647713
222,768,52,0.004493863,0.000872876,0.003620987
222,768,53,0.004496603,0.00093975,0.003556853
222,768,54,0.004626682,0.001077102,0.00354958
222,768,55,0.004638909,0.001111209,0.0035277
222,768,56,0.004886804,0.001280953,0.003605851
222,768,57,0.004726104,0.001075934,0.00365017
222,768,58,0.004682976,0.001174887,0.003508089
222,768,59,0.004375804,0.001018187,0.003357617
222,768,60,0.004546208,0.001056853,0.003489355
222,768,61,0.005622971,0.002220063,0.003402908
222,768,62,0.005558221,0.002157224,0.003400997
222,768,63,0.004471896,0.000914486,0.00355741
222,768,64,0.006548256,0.003006979,0.003541277
222,768,65,0.004519483,0.001011398,0.003508085
222,768,66,0.005279736,0.001759788,0.003519948
222,768,67,0.006850387,0.003562132,0.003288255
222,768,68,0.005264577,0.001888296,0.003376281
222,768,69,0.004719991,0.001200599,0.003519392
222,768,70,0.004255381,0.000760845,0.003494536
222,768,71,0.004126963,0.000715166,0.003411797
222,768,72,0.005734392,0.002372921,0.003361471
222,768,73,0.004903737,0.001351794,0.003551943
222,768,74,0.004635091,0.001210588,0.003424503
222,768,75,0.006177633,0.002791893,0.00338574
222,768,76,0.005901918,0.002399562,0.003502356
222,768,77,0.004814833,0.001157096,0.003657737
222,768,78,0.004078223,0.000457118,0.003621105
222,768,79,0.004323262,0.000907176,0.003416086
222,768,80,0.004698045,0.001367362,0.003330683
222,768,81,0.004709057,0.00131024,0.003398817
222,768,82,0.004682511,0.001150943,0.003531568
222,768,83,0.007058418,0.003456094,0.003602324
222,768,84,0.004161568,0.000740784,0.003420784
222,768,85,0.004635026,0.001159918,0.003475108
222,768,86,0.004249692,0.000838136,0.003411556
222,768,87,0.004405177,0.001014372,0.003390805
222,768,88,0.004440562,0.000940756,0.003499806
222,768,89,0.005811029,0.002476992,0.003334037
222,768,90,0.008869962,0.00567344,0.003196522
222,768,91,0.004552214,0.001325057,0.003227157
222,768,92,0.004072507,0.000815484,0.003257023
222,768,93,0.004143754,0.000867574,0.00327618
222,768,94,0.004233167,0.000856085,0.003377082
222,768,95,0.006299538,0.003071755,0.003227783
222,768,96,0.004809701,0.001357943,0.003451758
222,768,97,0.004151039,0.000823978,0.003327061
222,768,98,0.004213458,0.000963383,0.003250075
222,768,99,0.00433219,0.00104919,0.003283
222,768,100,0.004237789,0.000995124,0.003242665
222,768,101,0.008267658,0.004880635,0.003387023
222,768,102,0.004655637,0.001109431,0.003546206
222,768,103,0.004527051,0.00086929,0.003657761
222,768,104,0.004331673,0.000836365,0.003495308
222,768,105,0.004008639,0.000636895,0.003371744
222,768,106,0.004083132,0.000699205,0.003383927
222,768,107,0.004481423,0.000984252,0.003497171
222,768,108,0.004420679,0.00096339,0.003457289
222,768,109,0.006837578,0.002732629,0.004104949
222,768,110,0.003797525,0.000667586,0.003129939
223,768,1,0.616948049,0.491682841,0.125265208
223,768,2,0.192466414,0.189444947,0.003021467
223,768,3,0.065945324,0.062903805,0.003041519
223,768,4,0.006529246,0.003483236,0.00304601
223,768,5,0.015633944,0.012624,0.003009944
223,768,6,0.094346676,0.091094789,0.003251887
223,768,7,0.004265221,0.000833474,0.003431747
223,768,8,0.003922807,0.000439259,0.003483548
223,768,9,0.003851133,0.000474598,0.003376535
223,768,10,0.003716884,0.00045342,0.003263464
223,768,11,0.003667598,0.000431015,0.003236583
223,768,12,0.003662006,0.000461487,0.003200519
223,768,13,0.00376839,0.000514901,0.003253489
223,768,14,0.00399463,0.000758312,0.003236318
223,768,15,0.004059985,0.000829119,0.003230866
223,768,16,0.004138669,0.000878347,0.003260322
223,768,17,0.004121523,0.000866661,0.003254862
223,768,18,0.004467405,0.001196458,0.003270947
223,768,19,0.00439431,0.001093901,0.003300409
223,768,20,0.00415418,0.000869214,0.003284966
223,768,21,0.004200337,0.000886373,0.003313964
223,768,22,0.004619838,0.00129409,0.003325748
223,768,23,0.004353958,0.001033636,0.003320322
223,768,24,0.00449214,0.001123725,0.003368415
223,768,25,0.004577865,0.001213265,0.0033646
223,768,26,0.004618377,0.001081923,0.003536454
223,768,27,0.004411674,0.00093468,0.003476994
223,768,28,0.004550892,0.001022265,0.003528627
223,768,29,0.004554082,0.001071856,0.003482226
223,768,30,0.004606103,0.001019608,0.003586495
223,768,31,0.004478158,0.000870211,0.003607947
223,768,32,0.00457975,0.000991975,0.003587775
223,768,33,0.004373547,0.000808458,0.003565089
223,768,34,0.00469002,0.001054647,0.003635373
223,768,35,0.004316936,0.00073316,0.003583776
223,768,36,0.004710992,0.001061245,0.003649747
223,768,37,0.004728541,0.001031746,0.003696795
223,768,38,0.004487626,0.000822156,0.00366547
223,768,39,0.004821493,0.001086515,0.003734978
223,768,40,0.004348444,0.000659661,0.003688783
223,768,41,0.004688207,0.000969271,0.003718936
223,768,42,0.00443784,0.000783738,0.003654102
223,768,43,0.004566491,0.000903884,0.003662607
223,768,44,0.004592303,0.000901354,0.003690949
223,768,45,0.004421722,0.000835477,0.003586245
223,768,46,0.004654648,0.000984748,0.0036699
223,768,47,0.004499364,0.000844067,0.003655297
223,768,48,0.004674952,0.00100085,0.003674102
223,768,49,0.004332271,0.000728841,0.00360343
223,768,50,0.004618914,0.001021212,0.003597702
223,768,51,0.004528234,0.000932503,0.003595731
223,768,52,0.004493895,0.000902974,0.003590921
223,768,53,0.004563616,0.00100094,0.003562676
223,768,54,0.004619019,0.001059548,0.003559471
223,768,55,0.004727204,0.001140119,0.003587085
223,768,56,0.004604973,0.001035986,0.003568987
223,768,57,0.004903293,0.001263981,0.003639312
223,768,58,0.004346657,0.000864206,0.003482451
223,768,59,0.004664769,0.001276153,0.003388616
223,768,60,0.004589137,0.0011668,0.003422337
223,768,61,0.004228421,0.000770593,0.003457828
223,768,62,0.005725508,0.002300564,0.003424944
223,768,63,0.008665112,0.005303008,0.003362104
223,768,64,0.004885827,0.001228388,0.003657439
223,768,65,0.004012159,0.000445208,0.003566951
223,768,66,0.004037091,0.000477017,0.003560074
223,768,67,0.004482168,0.00106277,0.003419398
223,768,68,0.007346175,0.00397976,0.003366415
223,768,69,0.004968881,0.00158937,0.003379511
223,768,70,0.004660969,0.001347199,0.00331377
223,768,71,0.004430595,0.000969939,0.003460656
223,768,72,0.004198104,0.000759839,0.003438265
223,768,73,0.005550539,0.002151437,0.003399102
223,768,74,0.004873712,0.001494133,0.003379579
223,768,75,0.004673761,0.001244248,0.003429513
223,768,76,0.006350289,0.002968865,0.003381424
223,768,77,0.00590552,0.002374028,0.003531492
223,768,78,0.004532375,0.001010597,0.003521778
223,768,79,0.004224702,0.000846156,0.003378546
223,768,80,0.004672638,0.001323484,0.003349154
223,768,81,0.004934984,0.001402706,0.003532278
223,768,82,0.008035224,0.004386011,0.003649213
223,768,83,0.004364981,0.000729228,0.003635753
223,768,84,0.004004151,0.000606953,0.003397198
223,768,85,0.004523322,0.0010704,0.003452922
223,768,86,0.004193227,0.000790978,0.003402249
223,768,87,0.004346749,0.000923478,0.003423271
223,768,88,0.004425739,0.000877167,0.003548572
223,768,89,0.00400203,0.000519404,0.003482626
223,768,90,0.005920351,0.00261747,0.003302881
223,768,91,0.008298988,0.005098611,0.003200377
223,768,92,0.004822455,0.001545034,0.003277421
223,768,93,0.004125646,0.00077435,0.003351296
223,768,94,0.00413165,0.000805462,0.003326188
223,768,95,0.004032117,0.000750214,0.003281903
223,768,96,0.006891073,0.00358913,0.003301943
223,768,97,0.004445188,0.001067847,0.003377341
223,768,98,0.004041215,0.00075769,0.003283525
223,768,99,0.004253848,0.001004529,0.003249319
223,768,100,0.004252057,0.0010335,0.003218557
223,768,101,0.004375743,0.001089557,0.003286186
223,768,102,0.008406447,0.005013479,0.003392968
223,768,103,0.004891135,0.001219163,0.003671972
223,768,104,0.004211835,0.000721586,0.003490249
223,768,105,0.004033585,0.000725399,0.003308186
223,768,106,0.00411947,0.000775576,0.003343894
223,768,107,0.004459938,0.000879934,0.003580004
223,768,108,0.004317015,0.000783439,0.003533576
223,768,109,0.006564625,0.00327276,0.003291865
223,768,110,0.00413952,0.001093939,0.003045581
224,768,1,0.622164142,0.497211536,0.124952606
224,768,2,0.053330935,0.050256742,0.003074193
224,768,3,0.075993623,0.072921008,0.003072615
224,768,4,0.062620563,0.05953598,0.003084583
224,768,5,0.003944913,0.000728413,0.0032165
224,768,6,0.003683195,0.000517281,0.003165914
224,768,7,0.022509857,0.019443323,0.003066534
224,768,8,0.004113329,0.001063389,0.00304994
224,768,9,0.003891349,0.000747688,0.003143661
224,768,10,0.003404621,0.00029322,0.003111401
224,768,11,0.025784075,0.022699925,0.00308415
224,768,12,0.004140744,0.001065614,0.00307513
224,768,13,0.004018912,0.000945563,0.003073349
224,768,14,0.028737265,0.02566624,0.003071025
224,768,15,0.00442662,0.00135485,0.00307177
224,768,16,0.004695185,0.001487663,0.003207522
224,768,17,0.004628415,0.001174331,0.003454084
224,768,18,0.004329087,0.000854326,0.003474761
224,768,19,0.004041533,0.000539296,0.003502237
224,768,20,0.004204315,0.000842383,0.003361932
224,768,21,0.003971403,0.000680651,0.003290752
224,768,22,0.004140602,0.000908818,0.003231784
224,768,23,0.004311579,0.001171202,0.003140377
224,768,24,0.004236412,0.000977912,0.0032585
224,768,25,0.017574642,0.014309941,0.003264701
224,768,26,0.00504653,0.001821565,0.003224965
224,768,27,0.004918401,0.001727904,0.003190497
224,768,28,0.004775281,0.001485467,0.003289814
224,768,29,0.004640562,0.001420785,0.003219777
224,768,30,0.015758476,0.012338391,0.003420085
224,768,31,0.005932915,0.00248508,0.003447835
224,768,32,0.005461383,0.002029076,0.003432307
224,768,33,0.006106416,0.002655346,0.00345107
224,768,34,0.005832252,0.002239103,0.003593149
224,768,35,0.005369332,0.001748705,0.003620627
224,768,36,0.005275524,0.001732303,0.003543221
224,768,37,0.005247963,0.00169902,0.003548943
224,768,38,0.005389347,0.001860787,0.00352856
224,768,39,0.004810653,0.001243028,0.003567625
224,768,40,0.005156339,0.001510161,0.003646178
224,768,41,0.004898574,0.001138404,0.00376017
224,768,42,0.004966415,0.001117268,0.003849147
224,768,43,0.004228987,0.000470104,0.003758883
224,768,44,0.004860777,0.00117698,0.003683797
224,768,45,0.004638368,0.000925247,0.003713121
224,768,46,0.004581987,0.000895254,0.003686733
224,768,47,0.00475134,0.001089178,0.003662162
224,768,48,0.004739981,0.000980042,0.003759939
224,768,49,0.004438995,0.000735229,0.003703766
224,768,50,0.004776707,0.001108914,0.003667793
224,768,51,0.00478193,0.001122483,0.003659447
224,768,52,0.004807758,0.001123774,0.003683984
224,768,53,0.004284157,0.000666245,0.003617912
224,768,54,0.004845227,0.001189503,0.003655724
224,768,55,0.00480688,0.001182031,0.003624849
224,768,56,0.004921781,0.001301352,0.003620429
224,768,57,0.004372163,0.000829789,0.003542374
224,768,58,0.004914715,0.001288015,0.0036267
224,768,59,0.004859369,0.001221092,0.003638277
224,768,60,0.004747006,0.00129883,0.003448176
224,768,61,0.004532886,0.001056644,0.003476242
224,768,62,0.004972915,0.001431182,0.003541733
224,768,63,0.004505366,0.000895697,0.003609669
224,768,64,0.004489225,0.000943998,0.003545227
224,768,65,0.004664908,0.001100872,0.003564036
224,768,66,0.00490692,0.001223911,0.003683009
224,768,67,0.004630948,0.00095627,0.003674678
224,768,68,0.004395265,0.000812859,0.003582406
224,768,69,0.004841917,0.001343579,0.003498338
224,768,70,0.004577358,0.001188155,0.003389203
224,768,71,0.004434548,0.000889263,0.003545285
224,768,72,0.004364128,0.000868062,0.003496066
224,768,73,0.004516835,0.000981893,0.003534942
224,768,74,0.004588462,0.001087573,0.003500889
224,768,75,0.00438691,0.000887622,0.003499288
224,768,76,0.004946635,0.001332939,0.003613696
224,768,77,0.007216479,0.003795078,0.003421401
224,768,78,0.0047479,0.001210517,0.003537383
224,768,79,0.004684491,0.001126605,0.003557886
224,768,80,0.004543664,0.000917926,0.003625738
224,768,81,0.006552532,0.003068515,0.003484017
224,768,82,0.005812455,0.00248304,0.003329415
224,768,83,0.004682387,0.001220666,0.003461721
224,768,84,0.004597198,0.001006364,0.003590834
224,768,85,0.004417842,0.000739691,0.003678151
224,768,86,0.004307734,0.000684875,0.003622859
224,768,87,0.004360785,0.000882817,0.003477968
224,768,88,0.004314282,0.000861759,0.003452523
224,768,89,0.004356297,0.000887642,0.003468655
224,768,90,0.00444592,0.000922153,0.003523767
224,768,91,0.004892264,0.001355027,0.003537237
224,768,92,0.003997044,0.000518658,0.003478386
224,768,93,0.005305723,0.002032598,0.003273125
224,768,94,0.004151927,0.00087998,0.003271947
224,768,95,0.006813395,0.003489168,0.003324227
224,768,96,0.004034712,0.000682965,0.003351747
224,768,97,0.008785891,0.005515758,0.003270133
224,768,98,0.00459122,0.001218608,0.003372612
224,768,99,0.004492784,0.001047146,0.003445638
224,768,100,0.004174644,0.000821942,0.003352702
224,768,101,0.004349206,0.001049844,0.003299362
224,768,102,0.006704238,0.003463769,0.003240469
224,768,103,0.009893836,0.006611412,0.003282424
224,768,104,0.007534412,0.004092412,0.003442
224,768,105,0.00446987,0.001026191,0.003443679
224,768,106,0.005075726,0.00178297,0.003292756
224,768,107,0.004679024,0.001174358,0.003504666
224,768,108,0.004710436,0.001178591,0.003531845
224,768,109,0.005872763,0.002416783,0.00345598
224,768,110,0.007602319,0.004400636,0.003201683
225,768,1,0.751199658,0.62715364,0.124046018
225,768,2,0.076031082,0.073009189,0.003021893
225,768,3,0.062605304,0.059557288,0.003048016
225,768,4,0.003835488,0.000727567,0.003107921
225,768,5,0.00368102,0.000548186,0.003132834
225,768,6,0.022666025,0.019649903,0.003016122
225,768,7,0.004065966,0.000932075,0.003133891
225,768,8,0.003501684,0.000432113,0.003069571
225,768,9,0.003748835,0.000674774,0.003074061
225,768,10,0.025794912,0.022775219,0.003019693
225,768,11,0.004185701,0.001167492,0.003018209
225,768,12,0.004070414,0.000958287,0.003112127
225,768,13,0.028589035,0.025571647,0.003017388
225,768,14,0.004149053,0.001129821,0.003019232
225,768,15,0.004276488,0.001245301,0.003031187
225,768,16,0.004535567,0.00127037,0.003265197
225,768,17,0.004285338,0.000876953,0.003408385
225,768,18,0.004317202,0.000915073,0.003402129
225,768,19,0.004113719,0.000721048,0.003392671
225,768,20,0.004195923,0.000859483,0.00333644
225,768,21,0.004220948,0.00094992,0.003271028
225,768,22,0.003918044,0.00070558,0.003212464
225,768,23,0.004225143,0.001145012,0.003080131
225,768,24,0.016971154,0.013799888,0.003171266
225,768,25,0.005827007,0.002659965,0.003167042
225,768,26,0.004864204,0.001598194,0.00326601
225,768,27,0.00473964,0.001487575,0.003252065
225,768,28,0.004466067,0.001282326,0.003183741
225,768,29,0.016168231,0.012823021,0.00334521
225,768,30,0.005889851,0.002545624,0.003344227
225,768,31,0.005492743,0.002144408,0.003348335
225,768,32,0.005950257,0.00254113,0.003409127
225,768,33,0.005943877,0.002474052,0.003469825
225,768,34,0.005219593,0.001719208,0.003500385
225,768,35,0.005365743,0.001858692,0.003507051
225,768,36,0.005222692,0.001642633,0.003580059
225,768,37,0.00540732,0.001856084,0.003551236
225,768,38,0.004899978,0.001238947,0.003661031
225,768,39,0.004935058,0.00125168,0.003683378
225,768,40,0.004855803,0.001189191,0.003666612
225,768,41,0.004835517,0.001114797,0.00372072
225,768,42,0.004493924,0.0007808,0.003713124
225,768,43,0.004876376,0.001145527,0.003730849
225,768,44,0.004567575,0.000897768,0.003669807
225,768,45,0.004703428,0.001007996,0.003695432
225,768,46,0.00452917,0.000893904,0.003635266
225,768,47,0.00487413,0.001177206,0.003696924
225,768,48,0.004404205,0.000742982,0.003661223
225,768,49,0.00489871,0.001260659,0.003638051
225,768,50,0.004690653,0.001086484,0.003604169
225,768,51,0.004806602,0.001207999,0.003598603
225,768,52,0.004394518,0.000837886,0.003556632
225,768,53,0.004815957,0.001196163,0.003619794
225,768,54,0.004629431,0.001042423,0.003587008
225,768,55,0.004935589,0.001352545,0.003583044
225,768,56,0.004492775,0.000958113,0.003534662
225,768,57,0.004912063,0.001399544,0.003512519
225,768,58,0.004667698,0.001099339,0.003568359
225,768,59,0.004699249,0.001159476,0.003539773
225,768,60,0.004676248,0.001286517,0.003389731
225,768,61,0.004769053,0.001343629,0.003425424
225,768,62,0.004734427,0.001196018,0.003538409
225,768,63,0.004588847,0.001093496,0.003495351
225,768,64,0.004531403,0.001081916,0.003449487
225,768,65,0.004945963,0.001522059,0.003423904
225,768,66,0.004663295,0.001063855,0.00359944
225,768,67,0.004532635,0.000986829,0.003545806
225,768,68,0.004642093,0.001105701,0.003536392
225,768,69,0.004665561,0.001276347,0.003389214
225,768,70,0.004463543,0.001127329,0.003336214
225,768,71,0.004426453,0.001006575,0.003419878
225,768,72,0.004531141,0.001004633,0.003526508
225,768,73,0.004446375,0.000951481,0.003494894
225,768,74,0.004471839,0.000965039,0.0035068
225,768,75,0.004775786,0.001311154,0.003464632
225,768,76,0.007055874,0.003765759,0.003290115
225,768,77,0.004789655,0.00130614,0.003483515
225,768,78,0.004622953,0.001127454,0.003495499
225,768,79,0.004592071,0.000961306,0.003630765
225,768,80,0.004636134,0.001030251,0.003605883
225,768,81,0.004396101,0.000762113,0.003633988
225,768,82,0.005717301,0.002469104,0.003248197
225,768,83,0.006222288,0.002765792,0.003456496
225,768,84,0.004689812,0.001137961,0.003551851
225,768,85,0.004555287,0.000890117,0.00366517
225,768,86,0.004333618,0.000780673,0.003552945
225,768,87,0.004333937,0.000907855,0.003426082
225,768,88,0.004466392,0.001087601,0.003378791
225,768,89,0.00450329,0.001077668,0.003425622
225,768,90,0.004953894,0.001555623,0.003398271
225,768,91,0.004397504,0.000949959,0.003447545
225,768,92,0.005261149,0.0019513,0.003309849
225,768,93,0.004266326,0.000906265,0.003360061
225,768,94,0.006571723,0.003361956,0.003209767
225,768,95,0.004182087,0.000827065,0.003355022
225,768,96,0.008377549,0.00523181,0.003145739
225,768,97,0.004853369,0.001506803,0.003346566
225,768,98,0.004325827,0.001032682,0.003293145
225,768,99,0.004422783,0.00099029,0.003432493
225,768,100,0.004470306,0.001158328,0.003311978
225,768,101,0.00678268,0.003593715,0.003188965
225,768,102,0.007406536,0.004231156,0.00317538
225,768,103,0.008872008,0.005563091,0.003308917
225,768,104,0.005111252,0.001632721,0.003478531
225,768,105,0.005463724,0.002114624,0.0033491
225,768,106,0.004201971,0.000875102,0.003326869
225,768,107,0.004350196,0.000923813,0.003426383
225,768,108,0.006285597,0.003094321,0.003191276
225,768,109,0.008325271,0.004263089,0.004062182
225,768,110,0.004185301,0.001033036,0.003152265
226,768,1,0.759008597,0.635240532,0.123768065
226,768,2,0.077409306,0.074358161,0.003051145
226,768,3,0.006266148,0.003226928,0.00303922
226,768,4,0.003890138,0.00073323,0.003156908
226,768,5,0.003593681,0.000459336,0.003134345
226,768,6,0.00365219,0.000535018,0.003117172
226,768,7,0.02196224,0.018956405,0.003005835
226,768,8,0.004157385,0.001151975,0.00300541
226,768,9,0.026461461,0.023436458,0.003025003
226,768,10,0.004184255,0.001036498,0.003147757
226,768,11,0.00400518,0.000867767,0.003137413
226,768,12,0.028683384,0.025665142,0.003018242
226,768,13,0.00408617,0.00107212,0.00301405
226,768,14,0.004099661,0.000952716,0.003146945
226,768,15,0.003942625,0.000785966,0.003156659
226,768,16,0.004071408,0.000806369,0.003265039
226,768,17,0.004314746,0.000921845,0.003392901
226,768,18,0.004259445,0.000909839,0.003349606
226,768,19,0.004114653,0.000706151,0.003408502
226,768,20,0.004176851,0.000878269,0.003298582
226,768,21,0.003931498,0.00067306,0.003258438
226,768,22,0.004164533,0.000938484,0.003226049
226,768,23,0.01673001,0.013584794,0.003145216
226,768,24,0.005627448,0.00247214,0.003155308
226,768,25,0.005533289,0.002275074,0.003258215
226,768,26,0.00466449,0.00139988,0.00326461
226,768,27,0.004560233,0.001276924,0.003283309
226,768,28,0.016226226,0.013013938,0.003212288
226,768,29,0.006016285,0.002710531,0.003305754
226,768,30,0.005520793,0.002142508,0.003378285
226,768,31,0.005928176,0.002475455,0.003452721
226,768,32,0.005865997,0.002518218,0.003347779
226,768,33,0.005118465,0.001719698,0.003398767
226,768,34,0.00544421,0.002056134,0.003388076
226,768,35,0.005156317,0.001556997,0.00359932
226,768,36,0.005383243,0.001694519,0.003688724
226,768,37,0.004777786,0.001091107,0.003686679
226,768,38,0.004989272,0.001334205,0.003655067
226,768,39,0.004863056,0.001212907,0.003650149
226,768,40,0.004799076,0.001134165,0.003664911
226,768,41,0.004468028,0.000799749,0.003668279
226,768,42,0.004846541,0.001169059,0.003677482
226,768,43,0.004611778,0.000913196,0.003698582
226,768,44,0.004682377,0.000981608,0.003700769
226,768,45,0.004733129,0.00099319,0.003739939
226,768,46,0.004737104,0.001006299,0.003730805
226,768,47,0.004494297,0.000829137,0.00366516
226,768,48,0.004855601,0.001166215,0.003689386
226,768,49,0.004747243,0.001108735,0.003638508
226,768,50,0.004696183,0.001020545,0.003675638
226,768,51,0.004585783,0.000973704,0.003612079
226,768,52,0.004758098,0.001081927,0.003676171
226,768,53,0.004672594,0.001015619,0.003656975
226,768,54,0.004564306,0.000936643,0.003627663
226,768,55,0.004739797,0.001236587,0.00350321
226,768,56,0.004814483,0.001320113,0.00349437
226,768,57,0.004791311,0.001196444,0.003594867
226,768,58,0.004651937,0.001092761,0.003559176
226,768,59,0.004586956,0.001116654,0.003470302
226,768,60,0.004611964,0.001330859,0.003281105
226,768,61,0.004810286,0.001341074,0.003469212
226,768,62,0.00464484,0.001166425,0.003478415
226,768,63,0.004733463,0.001252401,0.003481062
226,768,64,0.004884735,0.001510633,0.003374102
226,768,65,0.00441087,0.001001874,0.003408996
226,768,66,0.004824974,0.001173482,0.003651492
226,768,67,0.004654864,0.001084396,0.003570468
226,768,68,0.004498406,0.001000289,0.003498117
226,768,69,0.004568753,0.001244394,0.003324359
226,768,70,0.004397915,0.001085638,0.003312277
226,768,71,0.004511509,0.00110653,0.003404979
226,768,72,0.004596327,0.001080584,0.003515743
226,768,73,0.004391289,0.000878427,0.003512862
226,768,74,0.00466087,0.001177194,0.003483676
226,768,75,0.007067816,0.003745446,0.00332237
226,768,76,0.004847472,0.001517979,0.003329493
226,768,77,0.004545371,0.001043547,0.003501824
226,768,78,0.004540346,0.000983957,0.003556389
226,768,79,0.004685151,0.001024456,0.003660695
226,768,80,0.004592704,0.000856006,0.003736698
226,768,81,0.004678491,0.001006226,0.003672265
226,768,82,0.005340307,0.002045799,0.003294508
226,768,83,0.005722737,0.002307214,0.003415523
226,768,84,0.004825205,0.001285773,0.003539432
226,768,85,0.004725436,0.000957629,0.003767807
226,768,86,0.00446554,0.000795776,0.003669764
226,768,87,0.00423887,0.00076698,0.00347189
226,768,88,0.004457637,0.001065382,0.003392255
226,768,89,0.005151253,0.001824164,0.003327089
226,768,90,0.004508794,0.001103422,0.003405372
226,768,91,0.005650538,0.002283902,0.003366636
226,768,92,0.00414876,0.00072613,0.00342263
226,768,93,0.006667019,0.003468419,0.0031986
226,768,94,0.004096407,0.000797463,0.003298944
226,768,95,0.008299657,0.005024888,0.003274769
226,768,96,0.004648987,0.001358089,0.003290898
226,768,97,0.004319282,0.000951091,0.003368191
226,768,98,0.004302154,0.001014136,0.003288018
226,768,99,0.004861107,0.001414774,0.003446333
226,768,100,0.006953572,0.003828227,0.003125345
226,768,101,0.00741766,0.004191039,0.003226621
226,768,102,0.004957378,0.001718643,0.003238735
226,768,103,0.008388984,0.004974205,0.003414779
226,768,104,0.005724478,0.002203463,0.003521015
226,768,105,0.004491231,0.000899081,0.00359215
226,768,106,0.003987657,0.000692091,0.003295566
226,768,107,0.006402962,0.003138489,0.003264473
226,768,108,0.00798812,0.004610197,0.003377923
226,768,109,0.00520082,0.00193167,0.00326915
226,768,110,0.003702901,0.000509074,0.003193827
227,768,1,0.756134343,0.63307275,0.123061593
227,768,2,0.003556137,0.000441903,0.003114234
227,768,3,0.003450377,0.000361304,0.003089073
227,768,4,0.005636833,0.002613458,0.003023375
227,768,5,0.004000751,0.000878264,0.003122487
227,768,6,0.003658206,0.000515878,0.003142328
227,768,7,0.004166392,0.001155213,0.003011179
227,768,8,0.045552789,0.042530292,0.003022497
227,768,9,0.004032993,0.001004864,0.003028129
227,768,10,0.004028782,0.000860847,0.003167935
227,768,11,0.003538872,0.000422381,0.003116491
227,768,12,0.003527932,0.00036236,0.003165572
227,768,13,0.028115094,0.025090368,0.003024726
227,768,14,0.004450787,0.001428976,0.003021811
227,768,15,0.004328136,0.001136667,0.003191469
227,768,16,0.004125359,0.000869873,0.003255486
227,768,17,0.004408009,0.001002056,0.003405953
227,768,18,0.004336155,0.000940377,0.003395778
227,768,19,0.004078872,0.000661656,0.003417216
227,768,20,0.004123706,0.000800274,0.003323432
227,768,21,0.004075608,0.000782594,0.003293014
227,768,22,0.016958917,0.013851835,0.003107082
227,768,23,0.005403574,0.002278361,0.003125213
227,768,24,0.005233854,0.002053436,0.003180418
227,768,25,0.004953494,0.001726633,0.003226861
227,768,26,0.004438492,0.001139121,0.003299371
227,768,27,0.016557218,0.013377775,0.003179443
227,768,28,0.005736339,0.002530959,0.00320538
227,768,29,0.005765603,0.002356183,0.00340942
227,768,30,0.006129816,0.002647546,0.00348227
227,768,31,0.005590958,0.002216324,0.003374634
227,768,32,0.005281701,0.00194081,0.003340891
227,768,33,0.005203301,0.001577249,0.003626052
227,768,34,0.004968862,0.001369801,0.003599061
227,768,35,0.005356401,0.001794071,0.00356233
227,768,36,0.004731647,0.001099427,0.00363222
227,768,37,0.005034218,0.001459846,0.003574372
227,768,38,0.005047094,0.001397253,0.003649841
227,768,39,0.004670415,0.000999703,0.003670712
227,768,40,0.00453831,0.000879002,0.003659308
227,768,41,0.004977899,0.001278423,0.003699476
227,768,42,0.004540623,0.000821203,0.00371942
227,768,43,0.004565229,0.000933153,0.003632076
227,768,44,0.004703921,0.001010984,0.003692937
227,768,45,0.004408651,0.000748168,0.003660483
227,768,46,0.004754813,0.001110821,0.003643992
227,768,47,0.004883723,0.001288645,0.003595078
227,768,48,0.005001283,0.001403265,0.003598018
227,768,49,0.004346856,0.000770557,0.003576299
227,768,50,0.004538975,0.000931667,0.003607308
227,768,51,0.004700411,0.001054464,0.003645947
227,768,52,0.004374581,0.000791638,0.003582943
227,768,53,0.004910373,0.001321361,0.003589012
227,768,54,0.004483109,0.000924219,0.00355889
227,768,55,0.004536767,0.000951341,0.003585426
227,768,56,0.004914014,0.001378334,0.00353568
227,768,57,0.004839993,0.001284953,0.00355504
227,768,58,0.005078366,0.001506988,0.003571378
227,768,59,0.004343486,0.000867232,0.003476254
227,768,60,0.004705105,0.001336208,0.003368897
227,768,61,0.004825155,0.001321012,0.003504143
227,768,62,0.00480666,0.001331068,0.003475592
227,768,63,0.00499942,0.001514244,0.003485176
227,768,64,0.004247413,0.000851592,0.003395821
227,768,65,0.004665211,0.001185344,0.003479867
227,768,66,0.004924429,0.001281466,0.003642963
227,768,67,0.00432329,0.000716302,0.003606988
227,768,68,0.004517331,0.001076831,0.0034405
227,768,69,0.004330686,0.000948863,0.003381823
227,768,70,0.004809423,0.001470075,0.003339348
227,768,71,0.004369412,0.000995494,0.003373918
227,768,72,0.004651253,0.001190179,0.003461074
227,768,73,0.004635222,0.001130181,0.003505041
227,768,74,0.006167749,0.002799968,0.003367781
227,768,75,0.004915223,0.001550578,0.003364645
227,768,76,0.00500742,0.001656725,0.003350695
227,768,77,0.004778562,0.001281921,0.003496641
227,768,78,0.004731852,0.001211274,0.003520578
227,768,79,0.004577899,0.001018899,0.003559
227,768,80,0.004917944,0.001270982,0.003646962
227,768,81,0.005489586,0.00205328,0.003436306
227,768,82,0.005175916,0.001931136,0.00324478
227,768,83,0.004949642,0.001511094,0.003438548
227,768,84,0.004814417,0.001158347,0.00365607
227,768,85,0.004633371,0.000988354,0.003645017
227,768,86,0.004401083,0.000771861,0.003629222
227,768,87,0.004307603,0.000951147,0.003356456
227,768,88,0.005195673,0.001894833,0.00330084
227,768,89,0.004465963,0.001094926,0.003371037
227,768,90,0.005943798,0.002504578,0.00343922
227,768,91,0.004256641,0.00081142,0.003445221
227,768,92,0.006587231,0.003374635,0.003212596
227,768,93,0.004125622,0.000882578,0.003243044
227,768,94,0.007936176,0.004662576,0.0032736
227,768,95,0.004719175,0.001321882,0.003397293
227,768,96,0.004205614,0.000898756,0.003306858
227,768,97,0.004360177,0.001052976,0.003307201
227,768,98,0.004754299,0.001573125,0.003181174
227,768,99,0.00489291,0.001531382,0.003361528
227,768,100,0.009548938,0.006364757,0.003184181
227,768,101,0.005272161,0.002081954,0.003190207
227,768,102,0.007900407,0.004626739,0.003273668
227,768,103,0.00577137,0.002295538,0.003475832
227,768,104,0.004634795,0.001022171,0.003612624
227,768,105,0.004456922,0.000952759,0.003504163
227,768,106,0.006240179,0.002868345,0.003371834
227,768,107,0.007975358,0.002195764,0.005779594
227,768,108,0.005502534,0.001270046,0.004232488
227,768,109,0.003858707,0.000539426,0.003319281
227,768,110,0.005371642,0.002317207,0.003054435
228,768,1,0.75810274,0.633783614,0.124319126
228,768,2,0.068628235,0.065581351,0.003046884
228,768,3,0.003635143,0.000537314,0.003097829
228,768,4,0.003799531,0.000676545,0.003122986
228,768,5,0.005182468,0.002152304,0.003030164
228,768,6,0.00544823,0.002412611,0.003035619
228,768,7,0.045534233,0.042509428,0.003024805
228,768,8,0.004053622,0.000953065,0.003100557
228,768,9,0.003880381,0.000774379,0.003106002
228,768,10,0.003581935,0.000443774,0.003138161
228,768,11,0.003488312,0.000388914,0.003099398
228,768,12,0.008337382,0.005301739,0.003035643
228,768,13,0.004312918,0.001288269,0.003024649
228,768,14,0.022093402,0.019067478,0.003025924
228,768,15,0.004485839,0.001457042,0.003028797
228,768,16,0.00458115,0.001444011,0.003137139
228,768,17,0.004677305,0.001293253,0.003384052
228,768,18,0.004305434,0.000930946,0.003374488
228,768,19,0.004231485,0.000840588,0.003390897
228,768,20,0.004209701,0.000880991,0.00332871
228,768,21,0.017289688,0.014202928,0.00308676
228,768,22,0.005311599,0.002225778,0.003085821
228,768,23,0.005114704,0.001929836,0.003184868
228,768,24,0.004813177,0.00160117,0.003212007
228,768,25,0.004683616,0.001430143,0.003253473
228,768,26,0.017050053,0.013859601,0.003190452
228,768,27,0.005375418,0.002178415,0.003197003
228,768,28,0.005681291,0.002358641,0.00332265
228,768,29,0.006134611,0.002769771,0.00336484
228,768,30,0.005703109,0.002330679,0.00337243
228,768,31,0.005094187,0.001673472,0.003420715
228,768,32,0.005087889,0.001624597,0.003463292
228,768,33,0.00514695,0.001532587,0.003614363
228,768,34,0.005468056,0.001904629,0.003563427
228,768,35,0.00445421,0.000850412,0.003603798
228,768,36,0.00496557,0.001345123,0.003620447
228,768,37,0.005095326,0.001501483,0.003593843
228,768,38,0.004653161,0.00110073,0.003552431
228,768,39,0.004595715,0.000977995,0.00361772
228,768,40,0.004861757,0.001251848,0.003609909
228,768,41,0.004710659,0.000992731,0.003717928
228,768,42,0.004461129,0.000880534,0.003580595
228,768,43,0.004817508,0.001201106,0.003616402
228,768,44,0.004320594,0.00067676,0.003643834
228,768,45,0.004801097,0.001226187,0.00357491
228,768,46,0.004851946,0.001296951,0.003554995
228,768,47,0.004919488,0.001304256,0.003615232
228,768,48,0.004410421,0.000784864,0.003625557
228,768,49,0.004650831,0.001025953,0.003624878
228,768,50,0.004237217,0.000650891,0.003586326
228,768,51,0.004724615,0.001143955,0.00358066
228,768,52,0.004985375,0.001345372,0.003640003
228,768,53,0.004353296,0.000799394,0.003553902
228,768,54,0.004533796,0.000988997,0.003544799
228,768,55,0.004742211,0.001268382,0.003473829
228,768,56,0.004831204,0.0012754,0.003555804
228,768,57,0.005165037,0.001560141,0.003604896
228,768,58,0.004321783,0.000770837,0.003550946
228,768,59,0.004750759,0.001268712,0.003482047
228,768,60,0.004804765,0.001462191,0.003342574
228,768,61,0.004863356,0.001414428,0.003448928
228,768,62,0.00513305,0.001638596,0.003494454
228,768,63,0.004459447,0.000962122,0.003497325
228,768,64,0.004670047,0.001223986,0.003446061
228,768,65,0.004709847,0.001180411,0.003529436
228,768,66,0.004396521,0.000803518,0.003593003
228,768,67,0.004582917,0.000990065,0.003592852
228,768,68,0.004288171,0.000777188,0.003510983
228,768,69,0.004860783,0.001435734,0.003425049
228,768,70,0.004127435,0.000747399,0.003380036
228,768,71,0.004669491,0.001287017,0.003382474
228,768,72,0.004569524,0.001196801,0.003372723
228,768,73,0.006327221,0.00300512,0.003322101
228,768,74,0.004685242,0.001320223,0.003365019
228,768,75,0.005239127,0.001695724,0.003543403
228,768,76,0.004664936,0.001234457,0.003430479
228,768,77,0.004812253,0.00120782,0.003604433
228,768,78,0.004371419,0.000838434,0.003532985
228,768,79,0.004940068,0.001376572,0.003563496
228,768,80,0.005892651,0.002433372,0.003459279
228,768,81,0.004949417,0.001607337,0.00334208
228,768,82,0.004608248,0.001184132,0.003424116
228,768,83,0.004981619,0.001466085,0.003515534
228,768,84,0.004635528,0.001067604,0.003567924
228,768,85,0.004663478,0.001012789,0.003650689
228,768,86,0.004332076,0.000798022,0.003534054
228,768,87,0.004987866,0.001618144,0.003369722
228,768,88,0.0045935,0.001233763,0.003359737
228,768,89,0.005951545,0.002545016,0.003406529
228,768,90,0.004409766,0.000941832,0.003467934
228,768,91,0.006675918,0.003358261,0.003317657
228,768,92,0.004125129,0.000818591,0.003306538
228,768,93,0.007159555,0.003915064,0.003244491
228,768,94,0.005043609,0.001824289,0.00321932
228,768,95,0.004436313,0.001182006,0.003254307
228,768,96,0.004282982,0.000976009,0.003306973
228,768,97,0.004889295,0.001553039,0.003336256
228,768,98,0.004705939,0.001462934,0.003243005
228,768,99,0.007337849,0.004094094,0.003243755
228,768,100,0.007122632,0.003967251,0.003155381
228,768,101,0.008423203,0.005154617,0.003268586
228,768,102,0.005383867,0.002003771,0.003380096
228,768,103,0.004618797,0.001047818,0.003570979
228,768,104,0.004574426,0.000924435,0.003649991
228,768,105,0.00663232,0.003393965,0.003238355
228,768,106,0.005380852,0.00209844,0.003282412
228,768,107,0.004536442,0.001042736,0.003493706
228,768,108,0.005670931,0.002310982,0.003359949
228,768,109,0.007725442,0.003337842,0.0043876
228,768,110,0.003693732,0.000592024,0.003101708
229,768,1,0.761684756,0.637556328,0.124128428
229,768,2,0.003565296,0.000444072,0.003121224
229,768,3,0.042852638,0.039818276,0.003034362
229,768,4,0.003660587,0.000536793,0.003123794
229,768,5,0.003663367,0.000528015,0.003135352
229,768,6,0.048982961,0.045969875,0.003013086
229,768,7,0.004016888,0.000990733,0.003026155
229,768,8,0.00385923,0.000737794,0.003121436
229,768,9,0.00356957,0.000401798,0.003167772
229,768,10,0.003485142,0.00036003,0.003125112
229,768,11,0.008496382,0.00547736,0.003019022
229,768,12,0.004319776,0.001299269,0.003020507
229,768,13,0.003933255,0.000794757,0.003138498
229,768,14,0.00356934,0.000474146,0.003095194
229,768,15,0.021171539,0.018152395,0.003019144
229,768,16,0.004745004,0.001668788,0.003076216
229,768,17,0.005181811,0.001903671,0.00327814
229,768,18,0.004344545,0.000923409,0.003421136
229,768,19,0.004168302,0.000739751,0.003428551
229,768,20,0.018075457,0.014995321,0.003080136
229,768,21,0.00538841,0.002308211,0.003080199
229,768,22,0.004831986,0.001723212,0.003108774
229,768,23,0.004826262,0.001593702,0.00323256
229,768,24,0.00467511,0.001383367,0.003291743
229,768,25,0.017628012,0.014424793,0.003203219
229,768,26,0.00527495,0.002024993,0.003249957
229,768,27,0.005434105,0.002235253,0.003198852
229,768,28,0.006154818,0.002836734,0.003318084
229,768,29,0.005757838,0.002331098,0.00342674
229,768,30,0.005183589,0.001586883,0.003596706
229,768,31,0.004963783,0.00146175,0.003502033
229,768,32,0.004943872,0.001419711,0.003524161
229,768,33,0.005364536,0.001800185,0.003564351
229,768,34,0.00459343,0.001008442,0.003584988
229,768,35,0.004846095,0.001263228,0.003582867
229,768,36,0.004885946,0.001326947,0.003558999
229,768,37,0.005039096,0.001446115,0.003592981
229,768,38,0.004327585,0.00078855,0.003539035
229,768,39,0.004966417,0.001403027,0.00356339
229,768,40,0.004436694,0.000920417,0.003516277
229,768,41,0.004861313,0.001222257,0.003639056
229,768,42,0.004674108,0.001017751,0.003656357
229,768,43,0.004382248,0.000814525,0.003567723
229,768,44,0.004764112,0.00116797,0.003596142
229,768,45,0.004962966,0.001354067,0.003608899
229,768,46,0.004731242,0.001084114,0.003647128
229,768,47,0.004390149,0.000810139,0.00358001
229,768,48,0.004785284,0.001117874,0.00366741
229,768,49,0.004351173,0.000791818,0.003559355
229,768,50,0.004578052,0.000985139,0.003592913
229,768,51,0.004892778,0.001260886,0.003631892
229,768,52,0.004484241,0.00084221,0.003642031
229,768,53,0.004638648,0.000984107,0.003654541
229,768,54,0.004927478,0.001327648,0.00359983
229,768,55,0.004612779,0.001045178,0.003567601
229,768,56,0.004990679,0.001426761,0.003563918
229,768,57,0.004446843,0.000850681,0.003596162
229,768,58,0.004926099,0.00121664,0.003709459
229,768,59,0.004750646,0.001241213,0.003509433
229,768,60,0.004735939,0.001298071,0.003437868
229,768,61,0.005125104,0.001657913,0.003467191
229,768,62,0.004445824,0.000980808,0.003465016
229,768,63,0.0047807,0.001248996,0.003531704
229,768,64,0.004757073,0.001244926,0.003512147
229,768,65,0.004294312,0.0007678,0.003526512
229,768,66,0.004577683,0.00095378,0.003623903
229,768,67,0.004418716,0.000759854,0.003658862
229,768,68,0.004524482,0.001031213,0.003493269
229,768,69,0.004410406,0.000997785,0.003412621
229,768,70,0.00461044,0.001208934,0.003401506
229,768,71,0.004313811,0.000938759,0.003375052
229,768,72,0.006253986,0.002950291,0.003303695
229,768,73,0.0049521,0.001509283,0.003442817
229,768,74,0.004688222,0.001282865,0.003405357
229,768,75,0.004908003,0.001354427,0.003553576
229,768,76,0.004786073,0.001308315,0.003477758
229,768,77,0.004637299,0.001059898,0.003577401
229,768,78,0.004712106,0.001205362,0.003506744
229,768,79,0.006440892,0.002916275,0.003524617
229,768,80,0.004927913,0.001455661,0.003472252
229,768,81,0.004237433,0.000799744,0.003437689
229,768,82,0.004636122,0.001341325,0.003294797
229,768,83,0.004886184,0.00142249,0.003463694
229,768,84,0.004692302,0.001078929,0.003613373
229,768,85,0.004553191,0.0009456,0.003607591
229,768,86,0.004906295,0.001442948,0.003463347
229,768,87,0.004525172,0.001191373,0.003333799
229,768,88,0.005936155,0.002590599,0.003345556
229,768,89,0.004584457,0.001102276,0.003482181
229,768,90,0.006929709,0.003539161,0.003390548
229,768,91,0.004014926,0.000630797,0.003384129
229,768,92,0.004815801,0.001502206,0.003313595
229,768,93,0.004434388,0.001111786,0.003322602
229,768,94,0.00556192,0.002293606,0.003268314
229,768,95,0.005251556,0.001969223,0.003282333
229,768,96,0.005548974,0.002216265,0.003332709
229,768,97,0.004688223,0.001363749,0.003324474
229,768,98,0.007574201,0.004283975,0.003290226
229,768,99,0.007021758,0.003895211,0.003126547
229,768,100,0.008125697,0.004974186,0.003151511
229,768,101,0.005283304,0.002087873,0.003195431
229,768,102,0.004563789,0.001154162,0.003409627
229,768,103,0.004600497,0.001035183,0.003565314
229,768,104,0.004795616,0.001141148,0.003654468
229,768,105,0.004266562,0.000817703,0.003448859
229,768,106,0.005718074,0.002379973,0.003338101
229,768,107,0.005638345,0.002244786,0.003393559
229,768,108,0.004439396,0.000844557,0.003594839
229,768,109,0.005100265,0.001792951,0.003307314
229,768,110,0.007534177,0.004472633,0.003061544
230,768,1,0.757782691,0.633527594,0.124255097
230,768,2,0.039441483,0.036394206,0.003047277
230,768,3,0.042528159,0.039511086,0.003017073
230,768,4,0.004186945,0.001076076,0.003110869
230,768,5,0.049704542,0.046688309,0.003016233
230,768,6,0.00395157,0.000938911,0.003012659
230,768,7,0.003767228,0.000615939,0.003151289
230,768,8,0.003540373,0.000437665,0.003102708
230,768,9,0.003510152,0.000362167,0.003147985
230,768,10,0.00870225,0.005681664,0.003020586
230,768,11,0.004326991,0.00130196,0.003025031
230,768,12,0.003810108,0.000649491,0.003160617
230,768,13,0.003589477,0.000356296,0.003233181
230,768,14,0.008727114,0.005714277,0.003012837
230,768,15,0.004308434,0.001297045,0.003011389
230,768,16,0.015081809,0.012012104,0.003069705
230,768,17,0.00516337,0.001917391,0.003245979
230,768,18,0.004799999,0.001428168,0.003371831
230,768,19,0.018934525,0.015841959,0.003092566
230,768,20,0.005416052,0.002340402,0.00307565
230,768,21,0.004876765,0.001798289,0.003078476
230,768,22,0.004574162,0.001362427,0.003211735
230,768,23,0.004607309,0.001334484,0.003272825
230,768,24,0.018348318,0.015114592,0.003233726
230,768,25,0.005143025,0.001979808,0.003163217
230,768,26,0.005330588,0.002177739,0.003152849
230,768,27,0.00580642,0.002592691,0.003213729
230,768,28,0.005984326,0.002597891,0.003386435
230,768,29,0.004977221,0.001574391,0.00340283
230,768,30,0.005064447,0.001661908,0.003402539
230,768,31,0.00484225,0.001532525,0.003309725
230,768,32,0.005158942,0.001780211,0.003378731
230,768,33,0.004745175,0.001312527,0.003432648
230,768,34,0.0049468,0.001419506,0.003527294
230,768,35,0.004817783,0.001289018,0.003528765
230,768,36,0.00475715,0.001243949,0.003513201
230,768,37,0.00465609,0.001107721,0.003548369
230,768,38,0.004854672,0.00124065,0.003614022
230,768,39,0.004486622,0.000887032,0.00359959
230,768,40,0.004755104,0.001152305,0.003602799
230,768,41,0.004754733,0.001050997,0.003703736
230,768,42,0.004445298,0.000789975,0.003655323
230,768,43,0.004671344,0.001057956,0.003613388
230,768,44,0.004949668,0.001265013,0.003684655
230,768,45,0.004674739,0.000944459,0.00373028
230,768,46,0.004374623,0.000754726,0.003619897
230,768,47,0.004818751,0.001178709,0.003640042
230,768,48,0.004383862,0.000747607,0.003636255
230,768,49,0.004648442,0.000992165,0.003656277
230,768,50,0.004894082,0.001252858,0.003641224
230,768,51,0.004372247,0.000798986,0.003573261
230,768,52,0.004735843,0.001166033,0.00356981
230,768,53,0.004850526,0.001240899,0.003609627
230,768,54,0.004643513,0.001049601,0.003593912
230,768,55,0.004927478,0.001396734,0.003530744
230,768,56,0.004533259,0.000936816,0.003596443
230,768,57,0.004835481,0.001284306,0.003551175
230,768,58,0.004908431,0.001287098,0.003621333
230,768,59,0.004552774,0.001193939,0.003358835
230,768,60,0.005036515,0.00172508,0.003311435
230,768,61,0.004716082,0.001314746,0.003401336
230,768,62,0.004911288,0.001403008,0.00350828
230,768,63,0.004659775,0.001120458,0.003539317
230,768,64,0.004396941,0.000885672,0.003511269
230,768,65,0.004510712,0.000891704,0.003619008
230,768,66,0.004343176,0.000747681,0.003595495
230,768,67,0.004572194,0.001009067,0.003563127
230,768,68,0.004311394,0.00085254,0.003458854
230,768,69,0.004522503,0.001085686,0.003436817
230,768,70,0.00446623,0.001033595,0.003432635
230,768,71,0.006008038,0.002636314,0.003371724
230,768,72,0.005002172,0.001639042,0.00336313
230,768,73,0.004886747,0.001418141,0.003468606
230,768,74,0.004591424,0.00111349,0.003477934
230,768,75,0.004820148,0.001354584,0.003465564
230,768,76,0.004844323,0.001411118,0.003433205
230,768,77,0.004610279,0.001121219,0.00348906
230,768,78,0.006669282,0.00322474,0.003444542
230,768,79,0.005016632,0.001505929,0.003510703
230,768,80,0.004372878,0.000753725,0.003619153
230,768,81,0.004037224,0.000681511,0.003355713
230,768,82,0.004721413,0.001357724,0.003363689
230,768,83,0.004794308,0.001286077,0.003508231
230,768,84,0.00457676,0.000957506,0.003619254
230,768,85,0.005270195,0.001747515,0.00352268
230,768,86,0.004513784,0.001030749,0.003483035
230,768,87,0.005694453,0.002425999,0.003268454
230,768,88,0.004594981,0.001189665,0.003405316
230,768,89,0.007219608,0.003809738,0.00340987
230,768,90,0.004295921,0.000797729,0.003498192
230,768,91,0.004390299,0.001086286,0.003304013
230,768,92,0.004823312,0.001484225,0.003339087
230,768,93,0.003981659,0.000697904,0.003283755
230,768,94,0.004276622,0.000924275,0.003352347
230,768,95,0.007657602,0.004422448,0.003235154
230,768,96,0.004805125,0.001475438,0.003329687
230,768,97,0.007400032,0.00421363,0.003186402
230,768,98,0.007587783,0.004347229,0.003240554
230,768,99,0.005014511,0.001819699,0.003194812
230,768,100,0.004191514,0.000958034,0.00323348
230,768,101,0.006751526,0.003546764,0.003204762
230,768,102,0.005292556,0.001952675,0.003339881
230,768,103,0.004690924,0.001113329,0.003577595
230,768,104,0.004593957,0.00096427,0.003629687
230,768,105,0.004489135,0.001013984,0.003475151
230,768,106,0.004001028,0.000689093,0.003311935
230,768,107,0.006891372,0.003523611,0.003367761
230,768,108,0.005476586,0.002064914,0.003411672
230,768,109,0.004360492,0.001001537,0.003358955
230,768,110,0.00430317,0.001059692,0.003243478
231,768,1,0.754982829,0.631757202,0.123225627
231,768,2,0.003650811,0.00045088,0.003199931
231,768,3,0.054176062,0.051088777,0.003087285
231,768,4,0.050688223,0.047613212,0.003075011
231,768,5,0.003940163,0.000866006,0.003074157
231,768,6,0.003709191,0.000555408,0.003153783
231,768,7,0.003535307,0.000353099,0.003182208
231,768,8,0.003516539,0.000355444,0.003161095
231,768,9,0.008877514,0.005787899,0.003089615
231,768,10,0.004308725,0.00108128,0.003227445
231,768,11,0.003586288,0.000417171,0.003169117
231,768,12,0.003579092,0.000378473,0.003200619
231,768,13,0.008561269,0.005480902,0.003080367
231,768,14,0.004642273,0.001473899,0.003168374
231,768,15,0.004049146,0.000876203,0.003172943
231,768,16,0.003610296,0.000412286,0.00319801
231,768,17,0.014865039,0.011596574,0.003268465
231,768,18,0.020985664,0.017793255,0.003192409
231,768,19,0.00539914,0.002259985,0.003139155
231,768,20,0.004993789,0.001728483,0.003265306
231,768,21,0.00438541,0.001148818,0.003236592
231,768,22,0.004439895,0.001115595,0.0033243
231,768,23,0.01879663,0.01556144,0.00323519
231,768,24,0.005253236,0.002021679,0.003231557
231,768,25,0.00522317,0.001979277,0.003243893
231,768,26,0.005717118,0.002424787,0.003292331
231,768,27,0.005715755,0.002344596,0.003371159
231,768,28,0.005192288,0.001781388,0.0034109
231,768,29,0.004968447,0.00158133,0.003387117
231,768,30,0.004819171,0.001404521,0.00341465
231,768,31,0.005204965,0.001770435,0.00343453
231,768,32,0.004741065,0.001201707,0.003539358
231,768,33,0.004838311,0.001183745,0.003654566
231,768,34,0.004745592,0.001112536,0.003633056
231,768,35,0.004633064,0.000983933,0.003649131
231,768,36,0.004696465,0.001031406,0.003665059
231,768,37,0.004776876,0.001073449,0.003703427
231,768,38,0.004620537,0.000916572,0.003703965
231,768,39,0.004713052,0.000986658,0.003726394
231,768,40,0.004693527,0.000967428,0.003726099
231,768,41,0.004405373,0.000622964,0.003782409
231,768,42,0.004788256,0.001033836,0.00375442
231,768,43,0.004808638,0.001020795,0.003787843
231,768,44,0.004539315,0.000802858,0.003736457
231,768,45,0.004659949,0.00087502,0.003784929
231,768,46,0.004711934,0.000983445,0.003728489
231,768,47,0.004524425,0.000800486,0.003723939
231,768,48,0.00460987,0.000892351,0.003717519
231,768,49,0.004777032,0.001072873,0.003704159
231,768,50,0.004539462,0.000906707,0.003632755
231,768,51,0.004737221,0.001074557,0.003662664
231,768,52,0.004737009,0.001087089,0.00364992
231,768,53,0.00476579,0.001088614,0.003677176
231,768,54,0.004814317,0.001181512,0.003632805
231,768,55,0.004465853,0.000878068,0.003587785
231,768,56,0.004874557,0.001341924,0.003532633
231,768,57,0.004874556,0.001251332,0.003623224
231,768,58,0.004870612,0.001198228,0.003672384
231,768,59,0.00481625,0.001335171,0.003481079
231,768,60,0.004818423,0.001295648,0.003522775
231,768,61,0.004582907,0.001015099,0.003567808
231,768,62,0.004836387,0.001252008,0.003584379
231,768,63,0.004318661,0.000800793,0.003517868
231,768,64,0.004710961,0.001134549,0.003576412
231,768,65,0.004282709,0.000604356,0.003678353
231,768,66,0.004596195,0.000893979,0.003702216
231,768,67,0.004216352,0.000602195,0.003614157
231,768,68,0.004480218,0.000960919,0.003519299
231,768,69,0.004525567,0.001184757,0.00334081
231,768,70,0.005696813,0.002158497,0.003538316
231,768,71,0.005152861,0.001673552,0.003479309
231,768,72,0.004897843,0.001278653,0.00361919
231,768,73,0.004613517,0.00107659,0.003536927
231,768,74,0.004539266,0.001067044,0.003472222
231,768,75,0.004875529,0.001260554,0.003614975
231,768,76,0.004793026,0.001255436,0.00353759
231,768,77,0.007217807,0.00366687,0.003550937
231,768,78,0.0049381,0.00125145,0.00368665
231,768,79,0.004265663,0.000500693,0.00376497
231,768,80,0.004091014,0.00041992,0.003671094
231,768,81,0.004273808,0.000787689,0.003486119
231,768,82,0.004466792,0.001147745,0.003319047
231,768,83,0.004882322,0.001288699,0.003593623
231,768,84,0.005433455,0.001892379,0.003541076
231,768,85,0.00473954,0.001148089,0.003591451
231,768,86,0.005550187,0.002196487,0.0033537
231,768,87,0.004570919,0.001144568,0.003426351
231,768,88,0.007313937,0.00390187,0.003412067
231,768,89,0.004435671,0.000831729,0.003603942
231,768,90,0.004570731,0.001007716,0.003563015
231,768,91,0.004324081,0.000879006,0.003445075
231,768,92,0.004347236,0.000968586,0.00337865
231,768,93,0.004270897,0.000761685,0.003509212
231,768,94,0.007446755,0.004205694,0.003241061
231,768,95,0.004665289,0.001315986,0.003349303
231,768,96,0.007404606,0.004127969,0.003276637
231,768,97,0.005052281,0.001807351,0.00324493
231,768,98,0.004437133,0.001038569,0.003398564
231,768,99,0.005805081,0.002606295,0.003198786
231,768,100,0.005254696,0.00203163,0.003223066
231,768,101,0.006322045,0.002994619,0.003327426
231,768,102,0.006299539,0.002942607,0.003356932
231,768,103,0.004568679,0.001042067,0.003526612
231,768,104,0.004694515,0.001056818,0.003637697
231,768,105,0.004431874,0.000880118,0.003551756
231,768,106,0.006933737,0.003548541,0.003385196
231,768,107,0.005329111,0.00186959,0.003459521
231,768,108,0.004570741,0.000953081,0.00361766
231,768,109,0.004195348,0.000792696,0.003402652
231,768,110,0.004275772,0.000979968,0.003295804
232,768,1,0.757743821,0.633462824,0.124280997
232,768,2,0.041970664,0.038914657,0.003056007
232,768,3,0.087451556,0.084392501,0.003059055
232,768,4,0.003886359,0.000751852,0.003134507
232,768,5,0.003666611,0.000518069,0.003148542
232,768,6,0.003527811,0.00033609,0.003191721
232,768,7,0.003569153,0.000433764,0.003135389
232,768,8,0.008948794,0.0058905,0.003058294
232,768,9,0.004088009,0.001030245,0.003057764
232,768,10,0.003733485,0.000569559,0.003163926
232,768,11,0.003516389,0.000377828,0.003138561
232,768,12,0.008636723,0.005581681,0.003055042
232,768,13,0.004393133,0.001319867,0.003073266
232,768,14,0.004151887,0.000975643,0.003176244
232,768,15,0.003724523,0.000605489,0.003119034
232,768,16,0.003632742,0.000490532,0.00314221
232,768,17,0.032137171,0.028914656,0.003222515
232,768,18,0.004975522,0.001831696,0.003143826
232,768,19,0.0047666,0.001617363,0.003149237
232,768,20,0.00451419,0.001302178,0.003212012
232,768,21,0.004418209,0.001166326,0.003251883
232,768,22,0.019267862,0.01606062,0.003207242
232,768,23,0.005170311,0.00198295,0.003187361
232,768,24,0.005357815,0.002098753,0.003259062
232,768,25,0.005598837,0.002362146,0.003236691
232,768,26,0.005616199,0.002287483,0.003328716
232,768,27,0.005059134,0.001632486,0.003426648
232,768,28,0.004984733,0.001533048,0.003451685
232,768,29,0.004966486,0.001442085,0.003524401
232,768,30,0.004806537,0.001324287,0.00348225
232,768,31,0.004774253,0.001320343,0.00345391
232,768,32,0.004659345,0.001135366,0.003523979
232,768,33,0.004768234,0.001175105,0.003593129
232,768,34,0.00452542,0.000905721,0.003619699
232,768,35,0.004724133,0.001068897,0.003655236
232,768,36,0.00477524,0.001077664,0.003697576
232,768,37,0.004656512,0.000952347,0.003704165
232,768,38,0.004641672,0.000870536,0.003771136
232,768,39,0.004565525,0.000853009,0.003712516
232,768,40,0.004671965,0.000950752,0.003721213
232,768,41,0.004818069,0.001038448,0.003779621
232,768,42,0.004767536,0.000969016,0.00379852
232,768,43,0.004463623,0.000741962,0.003721661
232,768,44,0.00469058,0.000944739,0.003745841
232,768,45,0.004581474,0.000866244,0.00371523
232,768,46,0.004602932,0.000865535,0.003737397
232,768,47,0.004770109,0.001031209,0.0037389
232,768,48,0.004818889,0.001056974,0.003761915
232,768,49,0.004563918,0.000883224,0.003680694
232,768,50,0.004694351,0.001053437,0.003640914
232,768,51,0.00479862,0.001175813,0.003622807
232,768,52,0.004857722,0.001178376,0.003679346
232,768,53,0.004590162,0.001015363,0.003574799
232,768,54,0.004684141,0.001070155,0.003613986
232,768,55,0.004684634,0.001181987,0.003502647
232,768,56,0.004924489,0.001358612,0.003565877
232,768,57,0.004798534,0.001194113,0.003604421
232,768,58,0.004978132,0.001368291,0.003609841
232,768,59,0.004576183,0.001215281,0.003360902
232,768,60,0.004671182,0.001237169,0.003434013
232,768,61,0.004789896,0.00121035,0.003579546
232,768,62,0.00438643,0.000810857,0.003575573
232,768,63,0.004592827,0.001076785,0.003516042
232,768,64,0.004380345,0.00088336,0.003496985
232,768,65,0.004518527,0.000891819,0.003626708
232,768,66,0.004277624,0.000717474,0.00356015
232,768,67,0.004549207,0.001030345,0.003518862
232,768,68,0.005047294,0.001567271,0.003480023
232,768,69,0.00499607,0.001549904,0.003446166
232,768,70,0.005096252,0.001632326,0.003463926
232,768,71,0.004674463,0.001132254,0.003542209
232,768,72,0.004783988,0.001224343,0.003559645
232,768,73,0.004803181,0.001361627,0.003441554
232,768,74,0.00472976,0.001240468,0.003489292
232,768,75,0.004841121,0.00135609,0.003485031
232,768,76,0.007720475,0.004202093,0.003518382
232,768,77,0.00462783,0.001120085,0.003507745
232,768,78,0.004154839,0.000643557,0.003511282
232,768,79,0.004173344,0.000493186,0.003680158
232,768,80,0.00418981,0.000573595,0.003616215
232,768,81,0.004359167,0.000942505,0.003416662
232,768,82,0.004167728,0.000855295,0.003312433
232,768,83,0.00611646,0.00274697,0.00336949
232,768,84,0.004952666,0.001412378,0.003540288
232,768,85,0.005224503,0.001653616,0.003570887
232,768,86,0.004491756,0.001019397,0.003472359
232,768,87,0.00771324,0.004310722,0.003402518
232,768,88,0.004187514,0.000667671,0.003519843
232,768,89,0.004626054,0.001068137,0.003557917
232,768,90,0.004589617,0.001084234,0.003505383
232,768,91,0.00421602,0.000825756,0.003390264
232,768,92,0.004530977,0.001147062,0.003383915
232,768,93,0.007447095,0.004139052,0.003308043
232,768,94,0.004635864,0.001281571,0.003354293
232,768,95,0.007352044,0.004007986,0.003344058
232,768,96,0.005032798,0.001785733,0.003247065
232,768,97,0.004382817,0.001022088,0.003360729
232,768,98,0.004303268,0.000978424,0.003324844
232,768,99,0.004442878,0.001148381,0.003294497
232,768,100,0.005125445,0.001945377,0.003180068
232,768,101,0.005287814,0.002088787,0.003199027
232,768,102,0.006193549,0.002966476,0.003227073
232,768,103,0.006647828,0.003083993,0.003563835
232,768,104,0.004401401,0.000745756,0.003655645
232,768,105,0.00436248,0.000842471,0.003520009
232,768,106,0.004514874,0.001111225,0.003403649
232,768,107,0.006765591,0.003330876,0.003434715
232,768,108,0.005409335,0.001950145,0.00345919
232,768,109,0.004429362,0.000988137,0.003441225
232,768,110,0.004323864,0.000959516,0.003364348
233,768,1,0.759307893,0.635956296,0.123351597
233,768,2,0.003576918,0.000473672,0.003103246
233,768,3,0.048162538,0.045148623,0.003013915
233,768,4,0.060253218,0.057237718,0.0030155
233,768,5,0.003961788,0.000815687,0.003146101
233,768,6,0.003648617,0.000560025,0.003088592
233,768,7,0.009528718,0.006502607,0.003026111
233,768,8,0.00402297,0.00089356,0.00312941
233,768,9,0.003681936,0.000519689,0.003162247
233,768,10,0.003507744,0.000411162,0.003096582
233,768,11,0.008608201,0.005583865,0.003024336
233,768,12,0.004343791,0.001327817,0.003015974
233,768,13,0.004054958,0.000964176,0.003090782
233,768,14,0.003871261,0.000770199,0.003101062
233,768,15,0.003620614,0.000481399,0.003139215
233,768,16,0.031969954,0.028728449,0.003241505
233,768,17,0.004731037,0.00154358,0.003187457
233,768,18,0.00480148,0.001686131,0.003115349
233,768,19,0.004640368,0.00143926,0.003201108
233,768,20,0.004437633,0.001268598,0.003169035
233,768,21,0.018789289,0.015632591,0.003156698
233,768,22,0.0051632,0.002014633,0.003148567
233,768,23,0.005351487,0.002157627,0.00319386
233,768,24,0.005600132,0.002419855,0.003180277
233,768,25,0.005261997,0.002123028,0.003138969
233,768,26,0.00501373,0.001756014,0.003257716
233,768,27,0.004558521,0.001210463,0.003348058
233,768,28,0.004906493,0.001475084,0.003431409
233,768,29,0.004876973,0.00140091,0.003476063
233,768,30,0.004472842,0.001062531,0.003410311
233,768,31,0.005050483,0.001473822,0.003576661
233,768,32,0.004566068,0.001059774,0.003506294
233,768,33,0.004394802,0.00087758,0.003517222
233,768,34,0.004857936,0.001285178,0.003572758
233,768,35,0.004424232,0.000888715,0.003535517
233,768,36,0.004778125,0.001175956,0.003602169
233,768,37,0.004648719,0.001013463,0.003635256
233,768,38,0.004564004,0.000932436,0.003631568
233,768,39,0.00474278,0.001102749,0.003640031
233,768,40,0.004628163,0.000945204,0.003682959
233,768,41,0.004570774,0.000882349,0.003688425
233,768,42,0.004845991,0.001152763,0.003693228
233,768,43,0.00465788,0.000985737,0.003672143
233,768,44,0.004491712,0.00083999,0.003651722
233,768,45,0.004763982,0.001106033,0.003657949
233,768,46,0.004774218,0.001105623,0.003668595
233,768,47,0.004421128,0.000782377,0.003638751
233,768,48,0.004803825,0.001121641,0.003682184
233,768,49,0.004646953,0.000995278,0.003651675
233,768,50,0.00490447,0.001276158,0.003628312
233,768,51,0.004367309,0.000776556,0.003590753
233,768,52,0.004859254,0.001262324,0.00359693
233,768,53,0.004771902,0.001168564,0.003603338
233,768,54,0.004835645,0.0012293,0.003606345
233,768,55,0.004464527,0.000959435,0.003505092
233,768,56,0.004784163,0.001272344,0.003511819
233,768,57,0.004746872,0.001218049,0.003528823
233,768,58,0.004901782,0.001388383,0.003513399
233,768,59,0.004827229,0.00152137,0.003305859
233,768,60,0.00487605,0.001443301,0.003432749
233,768,61,0.004748803,0.00126561,0.003483193
233,768,62,0.0045848,0.001019265,0.003565535
233,768,63,0.004416763,0.00088669,0.003530073
233,768,64,0.004571605,0.001023,0.003548605
233,768,65,0.004555393,0.00098866,0.003566733
233,768,66,0.005562658,0.002074136,0.003488522
233,768,67,0.005150024,0.001646489,0.003503535
233,768,68,0.004491758,0.001057908,0.00343385
233,768,69,0.004847198,0.001530276,0.003316922
233,768,70,0.004759447,0.001409398,0.003350049
233,768,71,0.004609303,0.001124309,0.003484994
233,768,72,0.004710641,0.001155598,0.003555043
233,768,73,0.004806521,0.001328134,0.003478387
233,768,74,0.00460834,0.001250774,0.003357566
233,768,75,0.004627419,0.001263189,0.00336423
233,768,76,0.004609176,0.001189918,0.003419258
233,768,77,0.006837876,0.003402766,0.00343511
233,768,78,0.004771228,0.001207566,0.003563662
233,768,79,0.004217515,0.000554608,0.003662907
233,768,80,0.004181041,0.000590735,0.003590306
233,768,81,0.004302082,0.000874643,0.003427439
233,768,82,0.006918797,0.003544891,0.003373906
233,768,83,0.004813155,0.001371245,0.00344191
233,768,84,0.005082255,0.001474346,0.003607909
233,768,85,0.004561797,0.000944191,0.003617606
233,768,86,0.007944202,0.004647174,0.003297028
233,768,87,0.004156052,0.00077522,0.003380832
233,768,88,0.00432064,0.000874773,0.003445867
233,768,89,0.004655471,0.001129438,0.003526033
233,768,90,0.004255703,0.000796758,0.003458945
233,768,91,0.004456421,0.001084992,0.003371429
233,768,92,0.007410544,0.004160829,0.003249715
233,768,93,0.00452877,0.001280666,0.003248104
233,768,94,0.004309374,0.001103264,0.00320611
233,768,95,0.00431056,0.001037802,0.003272758
233,768,96,0.006815599,0.003604951,0.003210648
233,768,97,0.00499388,0.001811147,0.003182733
233,768,98,0.004424473,0.001079205,0.003345268
233,768,99,0.004323861,0.001111364,0.003212497
233,768,100,0.004332444,0.001061685,0.003270759
233,768,101,0.005261909,0.002089355,0.003172554
233,768,102,0.00527718,0.002078682,0.003198498
233,768,103,0.006331842,0.002991606,0.003340236
233,768,104,0.00657556,0.003055558,0.003520002
233,768,105,0.004374577,0.000935793,0.003438784
233,768,106,0.004444208,0.001139743,0.003304465
233,768,107,0.004341747,0.001015606,0.003326141
233,768,108,0.006492172,0.003281544,0.003210628
233,768,109,0.006631251,0.002722378,0.003908873
233,768,110,0.00375567,0.000514584,0.003241086
234,768,1,0.757822533,0.63422529,0.123597243
234,768,2,0.02384487,0.020820884,0.003023986
234,768,3,0.052646889,0.049623792,0.003023097
234,768,4,0.018538792,0.015488838,0.003049954
234,768,5,0.040805911,0.037783999,0.003021912
234,768,6,0.010672966,0.007638312,0.003034654
234,768,7,0.003910296,0.000878654,0.003031642
234,768,8,0.003638452,0.000526736,0.003111716
234,768,9,0.003596485,0.000449655,0.00314683
234,768,10,0.008700267,0.005677999,0.003022268
234,768,11,0.004430768,0.001306282,0.003124486
234,768,12,0.003770405,0.000616782,0.003153623
234,768,13,0.003708117,0.000618168,0.003089949
234,768,14,0.003786148,0.000691927,0.003094221
234,768,15,0.031250182,0.027884328,0.003365854
234,768,16,0.005361997,0.00206943,0.003292567
234,768,17,0.004686512,0.001538634,0.003147878
234,768,18,0.004497079,0.001387782,0.003109297
234,768,19,0.004349928,0.001152151,0.003197777
234,768,20,0.018637841,0.015513435,0.003124406
234,768,21,0.005108971,0.00196048,0.003148491
234,768,22,0.005594699,0.002381171,0.003213528
234,768,23,0.005555863,0.002384304,0.003171559
234,768,24,0.00528285,0.002039306,0.003243544
234,768,25,0.00468812,0.001472121,0.003215999
234,768,26,0.004682197,0.001367519,0.003314678
234,768,27,0.004791895,0.001369504,0.003422391
234,768,28,0.004926636,0.001479584,0.003447052
234,768,29,0.004567482,0.001084175,0.003483307
234,768,30,0.004857703,0.001351407,0.003506296
234,768,31,0.00450513,0.001018957,0.003486173
234,768,32,0.004704411,0.001082725,0.003621686
234,768,33,0.004783434,0.001156674,0.00362676
234,768,34,0.004405683,0.000787581,0.003618102
234,768,35,0.004857842,0.001186568,0.003671274
234,768,36,0.004525211,0.000846542,0.003678669
234,768,37,0.004576198,0.000865103,0.003711095
234,768,38,0.004695084,0.000944616,0.003750468
234,768,39,0.0044858,0.000774129,0.003711671
234,768,40,0.004675285,0.000984325,0.00369096
234,768,41,0.004483548,0.000748007,0.003735541
234,768,42,0.004649684,0.000900983,0.003748701
234,768,43,0.004531051,0.000782168,0.003748883
234,768,44,0.004703192,0.000969964,0.003733228
234,768,45,0.0046583,0.000917938,0.003740362
234,768,46,0.004609378,0.000904482,0.003704896
234,768,47,0.004682314,0.000949311,0.003733003
234,768,48,0.004792723,0.00107804,0.003714683
234,768,49,0.004627396,0.000864296,0.0037631
234,768,50,0.004519264,0.000894908,0.003624356
234,768,51,0.004794428,0.001195772,0.003598656
234,768,52,0.004600264,0.000983719,0.003616545
234,768,53,0.004836303,0.001195601,0.003640702
234,768,54,0.004579012,0.001009127,0.003569885
234,768,55,0.004769132,0.001269014,0.003500118
234,768,56,0.004461636,0.000908012,0.003553624
234,768,57,0.004554317,0.000998558,0.003555759
234,768,58,0.004818271,0.001128057,0.003690214
234,768,59,0.004464693,0.000996224,0.003468469
234,768,60,0.005186044,0.001713216,0.003472828
234,768,61,0.004944755,0.001363318,0.003581437
234,768,62,0.005480443,0.002075113,0.00340533
234,768,63,0.004372638,0.000883711,0.003488927
234,768,64,0.004321915,0.000821984,0.003499931
234,768,65,0.006221982,0.002630546,0.003591436
234,768,66,0.005201308,0.001738511,0.003462797
234,768,67,0.004468758,0.000895076,0.003573682
234,768,68,0.004258082,0.000875359,0.003382723
234,768,69,0.004909828,0.001553214,0.003356614
234,768,70,0.004533243,0.001147148,0.003386095
234,768,71,0.004384597,0.000954161,0.003430436
234,768,72,0.004699509,0.001219425,0.003480084
234,768,73,0.004624419,0.001132938,0.003491481
234,768,74,0.004833844,0.001482469,0.003351375
234,768,75,0.005048705,0.001721818,0.003326887
234,768,76,0.00516989,0.001702011,0.003467879
234,768,77,0.004726245,0.001217604,0.003508641
234,768,78,0.004679593,0.001065167,0.003614426
234,768,79,0.004802931,0.001108931,0.003694
234,768,80,0.004553687,0.00089379,0.003659897
234,768,81,0.007558412,0.004289277,0.003269135
234,768,82,0.004683753,0.001162275,0.003521478
234,768,83,0.004672884,0.001032241,0.003640643
234,768,84,0.004541456,0.000811267,0.003730189
234,768,85,0.004379227,0.000719193,0.003660034
234,768,86,0.004432794,0.001000047,0.003432747
234,768,87,0.007720511,0.004342098,0.003378413
234,768,88,0.004515184,0.001138601,0.003376583
234,768,89,0.00446135,0.000932211,0.003529139
234,768,90,0.004250071,0.000773276,0.003476795
234,768,91,0.004292627,0.000931689,0.003360938
234,768,92,0.004247929,0.000942218,0.003305711
234,768,93,0.006932804,0.003697816,0.003234988
234,768,94,0.004721967,0.001519429,0.003202538
234,768,95,0.004199521,0.000981826,0.003217695
234,768,96,0.004548663,0.00122161,0.003327053
234,768,97,0.006555584,0.003360572,0.003195012
234,768,98,0.005150501,0.001839576,0.003310925
234,768,99,0.004308951,0.001025522,0.003283429
234,768,100,0.004330101,0.001046638,0.003283463
234,768,101,0.004298764,0.001006439,0.003292325
234,768,102,0.005151597,0.001925125,0.003226472
234,768,103,0.005599061,0.002211146,0.003387915
234,768,104,0.006288216,0.002902405,0.003385811
234,768,105,0.006330551,0.002936365,0.003394186
234,768,106,0.004418977,0.001092756,0.003326221
234,768,107,0.00441543,0.000950016,0.003465414
234,768,108,0.004583952,0.001094752,0.0034892
234,768,109,0.006301606,0.002977337,0.003324269
234,768,110,0.006027546,0.002845361,0.003182185
235,768,1,0.756714833,0.633273803,0.12344103
235,768,2,0.033380337,0.030323306,0.003057031
235,768,3,0.037876569,0.034832456,0.003044113
235,768,4,0.003933733,0.000786031,0.003147702
235,768,5,0.047621075,0.044586174,0.003034901
235,768,6,0.003905509,0.000798104,0.003107405
235,768,7,0.003508741,0.000369153,0.003139588
235,768,8,0.003533188,0.000429064,0.003104124
235,768,9,0.008780098,0.005746765,0.003033333
235,768,10,0.004224171,0.001188865,0.003035306
235,768,11,0.003917872,0.000818817,0.003099055
235,768,12,0.003724976,0.000612585,0.003112391
235,768,13,0.003811605,0.000696552,0.003115053
235,768,14,0.030978615,0.0276603,0.003318315
235,768,15,0.005070273,0.001759448,0.003310825
235,768,16,0.004785285,0.001534113,0.003251172
235,768,17,0.00437681,0.001251925,0.003124885
235,768,18,0.004636691,0.001421,0.003215691
235,768,19,0.018728127,0.015585962,0.003142165
235,768,20,0.005328475,0.002127907,0.003200568
235,768,21,0.00501246,0.001849117,0.003163343
235,768,22,0.005466755,0.002298103,0.003168652
235,768,23,0.005187935,0.002018281,0.003169654
235,768,24,0.004791102,0.001545667,0.003245435
235,768,25,0.004596191,0.001301574,0.003294617
235,768,26,0.004653213,0.00133791,0.003315303
235,768,27,0.00485168,0.00145763,0.00339405
235,768,28,0.004723986,0.00122019,0.003503796
235,768,29,0.004797951,0.001245819,0.003552132
235,768,30,0.004580734,0.001070304,0.00351043
235,768,31,0.004672293,0.001100212,0.003572081
235,768,32,0.004786254,0.001129114,0.00365714
235,768,33,0.004503704,0.000850636,0.003653068
235,768,34,0.004676324,0.001037259,0.003639065
235,768,35,0.004448109,0.000825797,0.003622312
235,768,36,0.004602972,0.000952097,0.003650875
235,768,37,0.004857541,0.001126297,0.003731244
235,768,38,0.004364007,0.000655462,0.003708545
235,768,39,0.004847607,0.001150272,0.003697335
235,768,40,0.00442419,0.000755509,0.003668681
235,768,41,0.004714633,0.000922906,0.003791727
235,768,42,0.004544774,0.000777358,0.003767416
235,768,43,0.004695942,0.001009964,0.003685978
235,768,44,0.00469695,0.001049457,0.003647493
235,768,45,0.00468826,0.000979029,0.003709231
235,768,46,0.004551058,0.000945354,0.003605704
235,768,47,0.004924019,0.001279495,0.003644524
235,768,48,0.00463042,0.001026819,0.003603601
235,768,49,0.004616346,0.001014124,0.003602222
235,768,50,0.004693465,0.001140138,0.003553327
235,768,51,0.004769071,0.001216718,0.003552353
235,768,52,0.004725877,0.0011596,0.003566277
235,768,53,0.00469759,0.001111731,0.003585859
235,768,54,0.004678909,0.001173792,0.003505117
235,768,55,0.004546091,0.001031416,0.003514675
235,768,56,0.004527964,0.001068958,0.003459006
235,768,57,0.004696556,0.001232242,0.003464314
235,768,58,0.004353558,0.000796933,0.003556625
235,768,59,0.004287676,0.000848616,0.00343906
235,768,60,0.006227324,0.002857688,0.003369636
235,768,61,0.00553794,0.002128156,0.003409784
235,768,62,0.004308303,0.000834026,0.003474277
235,768,63,0.00415128,0.000773263,0.003378017
235,768,64,0.006311873,0.002967975,0.003343898
235,768,65,0.005413632,0.001913469,0.003500163
235,768,66,0.004345054,0.000811963,0.003533091
235,768,67,0.004010345,0.000521534,0.003488811
235,768,68,0.004580125,0.001240488,0.003339637
235,768,69,0.004696201,0.00126513,0.003431071
235,768,70,0.004479232,0.001115031,0.003364201
235,768,71,0.004298902,0.000895948,0.003402954
235,768,72,0.004745865,0.001342582,0.003403283
235,768,73,0.005379291,0.002058088,0.003321203
235,768,74,0.00517711,0.001827546,0.003349564
235,768,75,0.004498022,0.001202308,0.003295714
235,768,76,0.004776297,0.001259904,0.003516393
235,768,77,0.004776669,0.001153981,0.003622688
235,768,78,0.004592493,0.001049282,0.003543211
235,768,79,0.004781,0.001054666,0.003726334
235,768,80,0.004411198,0.000835464,0.003575734
235,768,81,0.004409362,0.000993938,0.003415424
235,768,82,0.007772028,0.004310739,0.003461289
235,768,83,0.004785517,0.001138849,0.003646668
235,768,84,0.004549371,0.000847298,0.003702073
235,768,85,0.004394686,0.000717054,0.003677632
235,768,86,0.004431447,0.001054089,0.003377358
235,768,87,0.004390094,0.000970006,0.003420088
235,768,88,0.00679857,0.003394349,0.003404221
235,768,89,0.004953476,0.001372538,0.003580938
235,768,90,0.004106052,0.000629661,0.003476391
235,768,91,0.004460545,0.001102466,0.003358079
235,768,92,0.004246315,0.000931979,0.003314336
235,768,93,0.004071848,0.000748322,0.003323526
235,768,94,0.006891873,0.003712326,0.003179547
235,768,95,0.004885517,0.001606208,0.003279309
235,768,96,0.004375032,0.00106576,0.003309272
235,768,97,0.004504176,0.001164285,0.003339891
235,768,98,0.006471123,0.003122111,0.003349012
235,768,99,0.005053426,0.001872261,0.003181165
235,768,100,0.004716178,0.001421061,0.003295117
235,768,101,0.004245387,0.000980897,0.00326449
235,768,102,0.004240305,0.00090093,0.003339375
235,768,103,0.005049824,0.001671698,0.003378126
235,768,104,0.00556264,0.002127048,0.003435592
235,768,105,0.006264513,0.002880046,0.003384467
235,768,106,0.006320851,0.003079562,0.003241289
235,768,107,0.00444647,0.001108341,0.003338129
235,768,108,0.004661277,0.001167585,0.003493692
235,768,109,0.004574945,0.001065085,0.00350986
235,768,110,0.005863491,0.0026059,0.003257591
236,768,1,0.755432901,0.632407929,0.123024972
236,768,2,0.003563954,0.000461829,0.003102125
236,768,3,0.024712626,0.021676182,0.003036444
236,768,4,0.016156271,0.013107009,0.003049262
236,768,5,0.004317257,0.00115231,0.003164947
236,768,6,0.04711669,0.044086719,0.003029971
236,768,7,0.004065721,0.000912022,0.003153699
236,768,8,0.009227219,0.006211081,0.003016138
236,768,9,0.004120496,0.001091784,0.003028712
236,768,10,0.00374577,0.000608703,0.003137067
236,768,11,0.003760589,0.000613898,0.003146691
236,768,12,0.003693839,0.000602348,0.003091491
236,768,13,0.031082382,0.027761721,0.003320661
236,768,14,0.004857123,0.001540251,0.003316872
236,768,15,0.004871963,0.001614475,0.003257488
236,768,16,0.004527106,0.001219453,0.003307653
236,768,17,0.004355316,0.001150408,0.003204908
236,768,18,0.019160261,0.015996,0.003164261
236,768,19,0.005319278,0.002140301,0.003178977
236,768,20,0.004948931,0.001736323,0.003212608
236,768,21,0.004929101,0.001762818,0.003166283
236,768,22,0.005161498,0.001967694,0.003193804
236,768,23,0.00469889,0.001435997,0.003262893
236,768,24,0.004456734,0.001118019,0.003338715
236,768,25,0.004635917,0.001342048,0.003293869
236,768,26,0.0047955,0.001406534,0.003388966
236,768,27,0.004947609,0.001415375,0.003532234
236,768,28,0.004740514,0.001196619,0.003543895
236,768,29,0.004448051,0.000892101,0.00355595
236,768,30,0.004756066,0.001256239,0.003499827
236,768,31,0.004727308,0.001185072,0.003542236
236,768,32,0.004554944,0.000992169,0.003562775
236,768,33,0.004699115,0.001075568,0.003623547
236,768,34,0.004564744,0.000863384,0.00370136
236,768,35,0.004624506,0.00097388,0.003650626
236,768,36,0.004631327,0.001012692,0.003618635
236,768,37,0.0045104,0.000819997,0.003690403
236,768,38,0.004753205,0.001089031,0.003664174
236,768,39,0.00457482,0.000928284,0.003646536
236,768,40,0.004573929,0.000897309,0.00367662
236,768,41,0.004751361,0.000949036,0.003802325
236,768,42,0.004547328,0.0008997,0.003647628
236,768,43,0.004855711,0.001157622,0.003698089
236,768,44,0.004536663,0.000871094,0.003665569
236,768,45,0.004679883,0.001060099,0.003619784
236,768,46,0.004773056,0.001166157,0.003606899
236,768,47,0.004794148,0.00114265,0.003651498
236,768,48,0.00468197,0.001046131,0.003635839
236,768,49,0.004674468,0.001095465,0.003579003
236,768,50,0.004689663,0.001148939,0.003540724
236,768,51,0.00479924,0.001185481,0.003613759
236,768,52,0.004703551,0.001097202,0.003606349
236,768,53,0.004727552,0.001134402,0.00359315
236,768,54,0.004433861,0.000871298,0.003562563
236,768,55,0.00470926,0.00112017,0.00358909
236,768,56,0.004517338,0.001035953,0.003481385
236,768,57,0.004586181,0.001013698,0.003572483
236,768,58,0.004368045,0.000849186,0.003518859
236,768,59,0.006365056,0.003116329,0.003248727
236,768,60,0.00538335,0.002005305,0.003378045
236,768,61,0.004169991,0.000751093,0.003418898
236,768,62,0.004289763,0.000853853,0.00343591
236,768,63,0.006468032,0.003063586,0.003404446
236,768,64,0.005259158,0.001672828,0.00358633
236,768,65,0.004284241,0.000679621,0.00360462
236,768,66,0.004088657,0.000511244,0.003577413
236,768,67,0.004029748,0.000556419,0.003473329
236,768,68,0.004564378,0.001151287,0.003413091
236,768,69,0.004586852,0.001160615,0.003426237
236,768,70,0.004582545,0.00124602,0.003336525
236,768,71,0.004444807,0.001103167,0.00334164
236,768,72,0.006019422,0.00268162,0.003337802
236,768,73,0.00502809,0.00167414,0.00335395
236,768,74,0.004694809,0.001184181,0.003510628
236,768,75,0.004234873,0.000785736,0.003449137
236,768,76,0.004640102,0.001168402,0.0034717
236,768,77,0.004652189,0.001137037,0.003515152
236,768,78,0.004687423,0.001104317,0.003583106
236,768,79,0.00463333,0.000962811,0.003670519
236,768,80,0.004536049,0.000994713,0.003541336
236,768,81,0.004412006,0.001045313,0.003366693
236,768,82,0.004481075,0.001193079,0.003287996
236,768,83,0.007148582,0.003553707,0.003594875
236,768,84,0.004716105,0.000953784,0.003762321
236,768,85,0.004314918,0.000654153,0.003660765
236,768,86,0.004400604,0.000924548,0.003476056
236,768,87,0.00441189,0.000999184,0.003412706
236,768,88,0.004173381,0.000792353,0.003381028
236,768,89,0.006955885,0.003537083,0.003418802
236,768,90,0.004729577,0.00122978,0.003499797
236,768,91,0.004398656,0.001060467,0.003338189
236,768,92,0.00433824,0.000998967,0.003339273
236,768,93,0.004106596,0.000766132,0.003340464
236,768,94,0.004232773,0.000894093,0.00333868
236,768,95,0.006898286,0.003663051,0.003235235
236,768,96,0.005016393,0.001759468,0.003256925
236,768,97,0.004390482,0.001107044,0.003283438
236,768,98,0.007048258,0.0037001,0.003348158
236,768,99,0.005563127,0.002372406,0.003190721
236,768,100,0.004217849,0.000952716,0.003265133
236,768,101,0.004338416,0.001005413,0.003333003
236,768,102,0.004295952,0.000948943,0.003347009
236,768,103,0.004305784,0.00100992,0.003295864
236,768,104,0.004570396,0.001062656,0.00350774
236,768,105,0.005575898,0.002053123,0.003522775
236,768,106,0.006143344,0.002740551,0.003402793
236,768,107,0.006542782,0.00324453,0.003298252
236,768,108,0.004558935,0.001057671,0.003501264
236,768,109,0.004536201,0.001051222,0.003484979
236,768,110,0.004630454,0.001242889,0.003387565
237,768,1,0.759566933,0.636377366,0.123189567
237,768,2,0.006864706,0.003811753,0.003052953
237,768,3,0.030173403,0.027109697,0.003063706
237,768,4,0.011922173,0.008866307,0.003055866
237,768,5,0.003849784,0.000699782,0.003150002
237,768,6,0.00346487,0.000353266,0.003111604
237,768,7,0.05334279,0.050278853,0.003063937
237,768,8,0.004089118,0.000920762,0.003168356
237,768,9,0.003686059,0.000482526,0.003203533
237,768,10,0.003758056,0.000629634,0.003128422
237,768,11,0.003656104,0.000519451,0.003136653
237,768,12,0.030920923,0.027753361,0.003167562
237,768,13,0.004598525,0.001332236,0.003266289
237,768,14,0.005085568,0.001729907,0.003355661
237,768,15,0.004513022,0.001234376,0.003278646
237,768,16,0.004268382,0.000983558,0.003284824
237,768,17,0.019504116,0.016391173,0.003112943
237,768,18,0.005319618,0.002170596,0.003149022
237,768,19,0.004903377,0.001731332,0.003172045
237,768,20,0.004769919,0.001491184,0.003278735
237,768,21,0.004571223,0.001387242,0.003183981
237,768,22,0.004682676,0.001464512,0.003218164
237,768,23,0.004630611,0.001230945,0.003399666
237,768,24,0.004503329,0.001178793,0.003324536
237,768,25,0.004694436,0.001300699,0.003393737
237,768,26,0.004806592,0.001322601,0.003483991
237,768,27,0.004914225,0.001420213,0.003494012
237,768,28,0.004602231,0.001078748,0.003523483
237,768,29,0.004590612,0.001025022,0.00356559
237,768,30,0.004635513,0.001179908,0.003455605
237,768,31,0.004631366,0.001091616,0.00353975
237,768,32,0.004768185,0.001174643,0.003593542
237,768,33,0.004402026,0.000815408,0.003586618
237,768,34,0.004837049,0.001244471,0.003592578
237,768,35,0.00461142,0.000990796,0.003620624
237,768,36,0.004570927,0.000999326,0.003571601
237,768,37,0.004661441,0.001003076,0.003658365
237,768,38,0.004679715,0.001006412,0.003673303
237,768,39,0.00454927,0.000883096,0.003666174
237,768,40,0.004644877,0.000924388,0.003720489
237,768,41,0.004684618,0.000975469,0.003709149
237,768,42,0.004737035,0.001087061,0.003649974
237,768,43,0.004699964,0.001017976,0.003681988
237,768,44,0.004667647,0.001004242,0.003663405
237,768,45,0.004708545,0.001069918,0.003638627
237,768,46,0.004712357,0.001086682,0.003625675
237,768,47,0.004781053,0.001108115,0.003672938
237,768,48,0.004698567,0.001099356,0.003599211
237,768,49,0.004699303,0.001089131,0.003610172
237,768,50,0.004681971,0.001076651,0.00360532
237,768,51,0.004751326,0.001124283,0.003627043
237,768,52,0.00464365,0.001064888,0.003578762
237,768,53,0.004569466,0.000963724,0.003605742
237,768,54,0.004599499,0.001003244,0.003596255
237,768,55,0.004588771,0.001032916,0.003555855
237,768,56,0.004645606,0.001085155,0.003560451
237,768,57,0.004508333,0.000941647,0.003566686
237,768,58,0.004284071,0.000683975,0.003600096
237,768,59,0.004164119,0.000706036,0.003458083
237,768,60,0.005306595,0.001867783,0.003438812
237,768,61,0.005507635,0.002026881,0.003480754
237,768,62,0.007651697,0.004201938,0.003449759
237,768,63,0.004950103,0.001541717,0.003408386
237,768,64,0.004329342,0.000691379,0.003637963
237,768,65,0.004136224,0.000491325,0.003644899
237,768,66,0.004115622,0.000531348,0.003584274
237,768,67,0.004064205,0.000570231,0.003493974
237,768,68,0.004645331,0.001171174,0.003474157
237,768,69,0.004734343,0.001276834,0.003457509
237,768,70,0.00474409,0.001397231,0.003346859
237,768,71,0.006008541,0.002590197,0.003418344
237,768,72,0.004945889,0.001532699,0.00341319
237,768,73,0.004348203,0.00085988,0.003488323
237,768,74,0.004592089,0.001129224,0.003462865
237,768,75,0.004242162,0.000767331,0.003474831
237,768,76,0.004682994,0.001219267,0.003463727
237,768,77,0.004633348,0.001081958,0.00355139
237,768,78,0.004722029,0.001216479,0.00350555
237,768,79,0.004579576,0.000973315,0.003606261
237,768,80,0.004732544,0.001153407,0.003579137
237,768,81,0.004344216,0.000981322,0.003362894
237,768,82,0.005497233,0.002055294,0.003441939
237,768,83,0.004878699,0.001278362,0.003600337
237,768,84,0.004954661,0.001167474,0.003787187
237,768,85,0.004474199,0.000819139,0.00365506
237,768,86,0.00463888,0.001222739,0.003416141
237,768,87,0.004248743,0.000805338,0.003443405
237,768,88,0.006742394,0.003363372,0.003379022
237,768,89,0.005301932,0.001817077,0.003484855
237,768,90,0.004341253,0.000889222,0.003452031
237,768,91,0.004416161,0.001050871,0.00336529
237,768,92,0.004299107,0.000990849,0.003308258
237,768,93,0.004065499,0.000727697,0.003337802
237,768,94,0.004390835,0.00094738,0.003443455
237,768,95,0.004290884,0.000902493,0.003388391
237,768,96,0.006272605,0.003002556,0.003270049
237,768,97,0.005040319,0.001735537,0.003304782
237,768,98,0.004448208,0.001093252,0.003354956
237,768,99,0.006951296,0.003704409,0.003246887
237,768,100,0.005454157,0.002220949,0.003233208
237,768,101,0.004456841,0.001115372,0.003341469
237,768,102,0.004295047,0.000956318,0.003338729
237,768,103,0.004349766,0.001020643,0.003329123
237,768,104,0.004585074,0.001025615,0.003559459
237,768,105,0.004445068,0.000902197,0.003542871
237,768,106,0.005207793,0.001834021,0.003373772
237,768,107,0.006237243,0.002935274,0.003301969
237,768,108,0.006726772,0.003216672,0.0035101
237,768,109,0.004608539,0.001130057,0.003478482
237,768,110,0.004610071,0.001213587,0.003396484
238,768,1,0.757956462,0.633910703,0.124045759
238,768,2,0.055314443,0.052282462,0.003031981
238,768,3,0.037226062,0.034170922,0.00305514
238,768,4,0.003828803,0.000793383,0.00303542
238,768,5,0.003558261,0.00046032,0.003097941
238,768,6,0.053264998,0.050226475,0.003038523
238,768,7,0.004093216,0.000922377,0.003170839
238,768,8,0.003564398,0.000457685,0.003106713
238,768,9,0.003667291,0.000525247,0.003142044
238,768,10,0.003558141,0.000450838,0.003107303
238,768,11,0.030877692,0.027806051,0.003071641
238,768,12,0.004597355,0.001381317,0.003216038
238,768,13,0.004572075,0.001318981,0.003253094
238,768,14,0.004567083,0.001110273,0.00345681
238,768,15,0.004417684,0.001126492,0.003291192
238,768,16,0.020200218,0.017124956,0.003075262
238,768,17,0.005324792,0.002201857,0.003122935
238,768,18,0.004864765,0.001685071,0.003179694
238,768,19,0.004695923,0.001390515,0.003305408
238,768,20,0.004546265,0.001238944,0.003307321
238,768,21,0.00469909,0.001394932,0.003304158
238,768,22,0.00437359,0.001077243,0.003296347
238,768,23,0.004145727,0.000845912,0.003299815
238,768,24,0.004574965,0.001246996,0.003327969
238,768,25,0.004749186,0.001386269,0.003362917
238,768,26,0.004915192,0.001547691,0.003367501
238,768,27,0.004596436,0.001129004,0.003467432
238,768,28,0.00472583,0.001242861,0.003482969
238,768,29,0.004473323,0.001029941,0.003443382
238,768,30,0.004691851,0.00124051,0.003451341
238,768,31,0.004881285,0.00136782,0.003513465
238,768,32,0.004440394,0.000894014,0.00354638
238,768,33,0.004901122,0.00125461,0.003646512
238,768,34,0.00459873,0.000975564,0.003623166
238,768,35,0.004521841,0.000975808,0.003546033
238,768,36,0.004584911,0.00099208,0.003592831
238,768,37,0.004409502,0.000816794,0.003592708
238,768,38,0.004613025,0.001024974,0.003588051
238,768,39,0.004466753,0.000828789,0.003637964
238,768,40,0.004616289,0.000939845,0.003676444
238,768,41,0.004358935,0.000642754,0.003716181
238,768,42,0.004617847,0.000899738,0.003718109
238,768,43,0.004539924,0.000822403,0.003717521
238,768,44,0.004760245,0.001017898,0.003742347
238,768,45,0.004446934,0.000742978,0.003703956
238,768,46,0.004732411,0.001059341,0.00367307
238,768,47,0.004735326,0.001068598,0.003666728
238,768,48,0.004639318,0.000936016,0.003703302
238,768,49,0.004896267,0.001218318,0.003677949
238,768,50,0.004469941,0.000877886,0.003592055
238,768,51,0.004683248,0.001051196,0.003632052
238,768,52,0.004777039,0.001121191,0.003655848
238,768,53,0.004613273,0.001030528,0.003582745
238,768,54,0.004579543,0.000978886,0.003600657
238,768,55,0.00463489,0.001046685,0.003588205
238,768,56,0.004535895,0.001020847,0.003515048
238,768,57,0.004623446,0.001018964,0.003604482
238,768,58,0.004477131,0.000941612,0.003535519
238,768,59,0.004393012,0.000952596,0.003440416
238,768,60,0.004356863,0.000905616,0.003451247
238,768,61,0.00481109,0.001232098,0.003578992
238,768,62,0.005519293,0.002077192,0.003442101
238,768,63,0.007515842,0.004041093,0.003474749
238,768,64,0.005130534,0.001625641,0.003504893
238,768,65,0.004348417,0.000780707,0.00356771
238,768,66,0.004211481,0.000578536,0.003632945
238,768,67,0.004056373,0.000525064,0.003531309
238,768,68,0.004327352,0.000933223,0.003394129
238,768,69,0.004664952,0.001219282,0.00344567
238,768,70,0.007890804,0.004460872,0.003429932
238,768,71,0.004801493,0.001293942,0.003507551
238,768,72,0.004035816,0.000512893,0.003522923
238,768,73,0.004132821,0.000648015,0.003484806
238,768,74,0.004445464,0.00094517,0.003500294
238,768,75,0.004171907,0.000738315,0.003433592
238,768,76,0.005494895,0.002037915,0.00345698
238,768,77,0.004697232,0.001197375,0.003499857
238,768,78,0.004203559,0.000710736,0.003492823
238,768,79,0.004444043,0.000852131,0.003591912
238,768,80,0.004508273,0.00103734,0.003470933
238,768,81,0.006010552,0.002757229,0.003253323
238,768,82,0.004835062,0.001392404,0.003442658
238,768,83,0.004862371,0.001367685,0.003494686
238,768,84,0.004661052,0.001009652,0.0036514
238,768,85,0.004550278,0.000905197,0.003645081
238,768,86,0.003995723,0.000550322,0.003445401
238,768,87,0.004587071,0.001190499,0.003396572
238,768,88,0.004401137,0.001017676,0.003383461
238,768,89,0.005720157,0.002308756,0.003411401
238,768,90,0.005239681,0.001871481,0.0033682
238,768,91,0.004549123,0.001116574,0.003432549
238,768,92,0.004394332,0.001029476,0.003364856
238,768,93,0.004112853,0.000788104,0.003324749
238,768,94,0.004180333,0.000823904,0.003356429
238,768,95,0.004202199,0.000878443,0.003323756
238,768,96,0.006214716,0.003017704,0.003197012
238,768,97,0.005086434,0.001748992,0.003337442
238,768,98,0.006505586,0.003155003,0.003350583
238,768,99,0.004938611,0.001595619,0.003342992
238,768,100,0.004592722,0.001303452,0.00328927
238,768,101,0.005406514,0.002201297,0.003205217
238,768,102,0.004303663,0.001014035,0.003289628
238,768,103,0.004393903,0.001105151,0.003288752
238,768,104,0.004479357,0.00110481,0.003374547
238,768,105,0.004598431,0.001127172,0.003471259
238,768,106,0.006277065,0.002810677,0.003466388
238,768,107,0.005786789,0.002455903,0.003330886
238,768,108,0.005092384,0.001776618,0.003315766
238,768,109,0.005429933,0.001987694,0.003442239
238,768,110,0.005182587,0.001784266,0.003398321
239,768,1,0.758405089,0.635373732,0.123031357
239,768,2,0.003574782,0.000455535,0.003119247
239,768,3,0.003472104,0.000360144,0.00311196
239,768,4,0.036655429,0.033623264,0.003032165
239,768,5,0.003863888,0.000755561,0.003108327
239,768,6,0.00343236,0.000342893,0.003089467
239,768,7,0.053225798,0.050189386,0.003036412
239,768,8,0.004162156,0.001137842,0.003024314
239,768,9,0.003705225,0.000535201,0.003170024
239,768,10,0.031469489,0.028452242,0.003017247
239,768,11,0.004382691,0.001289746,0.003092945
239,768,12,0.004604057,0.001233786,0.003370271
239,768,13,0.004311126,0.00091778,0.003393346
239,768,14,0.004120424,0.000742463,0.003377961
239,768,15,0.020953316,0.017860511,0.003092805
239,768,16,0.005299992,0.002191823,0.003108169
239,768,17,0.004817113,0.00167357,0.003143543
239,768,18,0.004619642,0.001478384,0.003141258
239,768,19,0.004547384,0.001368353,0.003179031
239,768,20,0.004661838,0.001496653,0.003165185
239,768,21,0.004364602,0.001088686,0.003275916
239,768,22,0.004044194,0.000761847,0.003282347
239,768,23,0.004180971,0.000894408,0.003286563
239,768,24,0.004374378,0.001123305,0.003251073
239,768,25,0.00462213,0.001327772,0.003294358
239,768,26,0.004728393,0.001343096,0.003385297
239,768,27,0.004799701,0.001358845,0.003440856
239,768,28,0.004521484,0.001027835,0.003493649
239,768,29,0.004823858,0.001330134,0.003493724
239,768,30,0.004269685,0.00083326,0.003436425
239,768,31,0.004904959,0.001361511,0.003543448
239,768,32,0.004512062,0.000988228,0.003523834
239,768,33,0.004648181,0.000984511,0.00366367
239,768,34,0.00455647,0.001003726,0.003552744
239,768,35,0.004632501,0.001022949,0.003609552
239,768,36,0.004434332,0.000866806,0.003567526
239,768,37,0.004628271,0.001030413,0.003597858
239,768,38,0.004404051,0.000800484,0.003603567
239,768,39,0.004826233,0.001198638,0.003627595
239,768,40,0.004672305,0.001079389,0.003592916
239,768,41,0.004693654,0.001024978,0.003668676
239,768,42,0.004524766,0.000925222,0.003599544
239,768,43,0.004812444,0.001207675,0.003604769
239,768,44,0.00449494,0.000875678,0.003619262
239,768,45,0.004635371,0.001007398,0.003627973
239,768,46,0.004683332,0.001101005,0.003582327
239,768,47,0.004553703,0.000931965,0.003621738
239,768,48,0.004722624,0.001155687,0.003566937
239,768,49,0.004750257,0.001155812,0.003594445
239,768,50,0.004589896,0.000976003,0.003613893
239,768,51,0.004857592,0.001206068,0.003651524
239,768,52,0.00464747,0.001090506,0.003556964
239,768,53,0.004661909,0.001078505,0.003583404
239,768,54,0.004614945,0.001038349,0.003576596
239,768,55,0.004578921,0.001047054,0.003531867
239,768,56,0.004644891,0.001064156,0.003580735
239,768,57,0.004778173,0.001201688,0.003576485
239,768,58,0.004448657,0.001017953,0.003430704
239,768,59,0.004394591,0.000994086,0.003400505
239,768,60,0.004529807,0.001141159,0.003388648
239,768,61,0.004226416,0.000686855,0.003539561
239,768,62,0.004362174,0.000830351,0.003531823
239,768,63,0.004571082,0.001038433,0.003532649
239,768,64,0.009477603,0.005919745,0.003557858
239,768,65,0.004050786,0.000472977,0.003577809
239,768,66,0.004091198,0.000490785,0.003600413
239,768,67,0.003961028,0.000493591,0.003467437
239,768,68,0.004138111,0.000752758,0.003385353
239,768,69,0.005203746,0.001881747,0.003321999
239,768,70,0.004690305,0.00140376,0.003286545
239,768,71,0.006229374,0.002849209,0.003380165
239,768,72,0.004821554,0.001447891,0.003373663
239,768,73,0.004127986,0.00074704,0.003380946
239,768,74,0.004401159,0.000892138,0.003509021
239,768,75,0.006610592,0.003217365,0.003393227
239,768,76,0.00460067,0.001139794,0.003460876
239,768,77,0.004200152,0.000745241,0.003454911
239,768,78,0.004229679,0.000786364,0.003443315
239,768,79,0.004344724,0.000799025,0.003545699
239,768,80,0.006702554,0.003381567,0.003320987
239,768,81,0.004677409,0.00135764,0.003319769
239,768,82,0.004775376,0.001271832,0.003503544
239,768,83,0.004477667,0.000976209,0.003501458
239,768,84,0.004606456,0.001016145,0.003590311
239,768,85,0.004199845,0.00069613,0.003503715
239,768,86,0.004411504,0.000920458,0.003491046
239,768,87,0.004349838,0.000975871,0.003373967
239,768,88,0.004305902,0.000961553,0.003344349
239,768,89,0.004671876,0.0011977,0.003474176
239,768,90,0.004418654,0.000980629,0.003438025
239,768,91,0.005523196,0.002137428,0.003385768
239,768,92,0.004302746,0.000963899,0.003338847
239,768,93,0.004017343,0.000688956,0.003328387
239,768,94,0.004436695,0.001062038,0.003374657
239,768,95,0.006766202,0.003513078,0.003253124
239,768,96,0.005017819,0.001739739,0.00327808
239,768,97,0.007024199,0.003821153,0.003203046
239,768,98,0.004476599,0.001089874,0.003386725
239,768,99,0.004298138,0.000997421,0.003300717
239,768,100,0.004259421,0.000976977,0.003282444
239,768,101,0.004512652,0.001249312,0.00326334
239,768,102,0.004677886,0.001444748,0.003233138
239,768,103,0.005374107,0.002130061,0.003244046
239,768,104,0.004691164,0.001314913,0.003376251
239,768,105,0.006604936,0.003094481,0.003510455
239,768,106,0.005949823,0.002649378,0.003300445
239,768,107,0.005108066,0.001752289,0.003355777
239,768,108,0.004420863,0.000975534,0.003445329
239,768,109,0.00612229,0.002749917,0.003372373
239,768,110,0.00423633,0.000896182,0.003340148
240,768,1,0.758777962,0.635940107,0.122837855
240,768,2,0.058749572,0.055720914,0.003028658
240,768,3,0.019332548,0.0163054,0.003027148
240,768,4,0.012833937,0.009796808,0.003037129
240,768,5,0.011909904,0.008871138,0.003038766
240,768,6,0.003969978,0.00086369,0.003106288
240,768,7,0.012285887,0.009258403,0.003027484
240,768,8,0.044003909,0.040976765,0.003027144
240,768,9,0.032952659,0.029902978,0.003049681
240,768,10,0.004138783,0.000940317,0.003198466
240,768,11,0.004351381,0.001237574,0.003113807
240,768,12,0.004352995,0.001147061,0.003205934
240,768,13,0.004042685,0.00082036,0.003222325
240,768,14,0.021408401,0.017952662,0.003455739
240,768,15,0.005302585,0.001827068,0.003475517
240,768,16,0.004751789,0.001079082,0.003672707
240,768,17,0.004599255,0.000789061,0.003810194
240,768,18,0.004513384,0.000629079,0.003884305
240,768,19,0.004668446,0.001056776,0.00361167
240,768,20,0.004258496,0.000696794,0.003561702
240,768,21,0.004044843,0.00058859,0.003456253
240,768,22,0.004151543,0.000659475,0.003492068
240,768,23,0.004032496,0.000610349,0.003422147
240,768,24,0.004335443,0.000968084,0.003367359
240,768,25,0.00460559,0.001366603,0.003238987
240,768,26,0.004823216,0.001439853,0.003383363
240,768,27,0.004569877,0.001106604,0.003463273
240,768,28,0.004743678,0.001256712,0.003486966
240,768,29,0.004564535,0.001004501,0.003560034
240,768,30,0.004749155,0.001187626,0.003561529
240,768,31,0.004717412,0.001018287,0.003699125
240,768,32,0.004447981,0.000833801,0.00361418
240,768,33,0.004642962,0.001024556,0.003618406
240,768,34,0.004689198,0.00096822,0.003720978
240,768,35,0.004450548,0.000779125,0.003671423
240,768,36,0.004644343,0.000918422,0.003725921
240,768,37,0.00443263,0.000726548,0.003706082
240,768,38,0.004793239,0.001084997,0.003708242
240,768,39,0.004708724,0.000922998,0.003785726
240,768,40,0.004626931,0.000897234,0.003729697
240,768,41,0.004521603,0.000764819,0.003756784
240,768,42,0.004856152,0.000965823,0.003890329
240,768,43,0.004483904,0.000669448,0.003814456
240,768,44,0.004616142,0.000756265,0.003859877
240,768,45,0.004718724,0.000889082,0.003829642
240,768,46,0.004505975,0.000712241,0.003793734
240,768,47,0.00478182,0.00096255,0.00381927
240,768,48,0.00470329,0.000758709,0.003944581
240,768,49,0.004600654,0.000808734,0.00379192
240,768,50,0.004778478,0.000845157,0.003933321
240,768,51,0.004737889,0.000779052,0.003958837
240,768,52,0.004623203,0.000684002,0.003939201
240,768,53,0.004621587,0.000764326,0.003857261
240,768,54,0.00462147,0.000662734,0.003958736
240,768,55,0.004590226,0.000778242,0.003811984
240,768,56,0.004775339,0.000783643,0.003991696
240,768,57,0.004586602,0.000744935,0.003841667
240,768,58,0.004427712,0.00074804,0.003679672
240,768,59,0.00455243,0.000878061,0.003674369
240,768,60,0.004075769,0.000579376,0.003496393
240,768,61,0.004378205,0.000745113,0.003633092
240,768,62,0.004489724,0.000727536,0.003762188
240,768,63,0.004331156,0.000693771,0.003637385
240,768,64,0.004584105,0.000860159,0.003723946
240,768,65,0.007764401,0.004385083,0.003379318
240,768,66,0.004051709,0.000669461,0.003382248
240,768,67,0.004161142,0.000716313,0.003444829
240,768,68,0.006273716,0.002753413,0.003520303
240,768,69,0.004738208,0.001004762,0.003733446
240,768,70,0.004720708,0.000983946,0.003736762
240,768,71,0.004213196,0.000599763,0.003613433
240,768,72,0.004615379,0.001017319,0.00359806
240,768,73,0.004818752,0.001281094,0.003537658
240,768,74,0.007713725,0.004161652,0.003552073
240,768,75,0.004538161,0.000920828,0.003617333
240,768,76,0.004195172,0.000589457,0.003605715
240,768,77,0.004227734,0.000539868,0.003687866
240,768,78,0.004196555,0.000568982,0.003627573
240,768,79,0.007004033,0.003287915,0.003716118
240,768,80,0.004660004,0.000743686,0.003916318
240,768,81,0.004584562,0.000606843,0.003977719
240,768,82,0.004467546,0.000589189,0.003878357
240,768,83,0.004524702,0.000621993,0.003902709
240,768,84,0.004287672,0.000510828,0.003776844
240,768,85,0.004409855,0.000626634,0.003783221
240,768,86,0.004457202,0.000556721,0.003900481
240,768,87,0.004328732,0.000571363,0.003757369
240,768,88,0.004542205,0.000670766,0.003871439
240,768,89,0.004289789,0.000547388,0.003742401
240,768,90,0.0040784,0.000517221,0.003561179
240,768,91,0.004145035,0.000556554,0.003588481
240,768,92,0.005267317,0.001743367,0.00352395
240,768,93,0.004787728,0.001262038,0.00352569
240,768,94,0.004966395,0.001417784,0.003548611
240,768,95,0.004470118,0.000845555,0.003624563
240,768,96,0.009795215,0.006086787,0.003708428
240,768,97,0.0042897,0.000596094,0.003693606
240,768,98,0.004344429,0.000634627,0.003709802
240,768,99,0.004182579,0.000655815,0.003526764
240,768,100,0.004488085,0.000959411,0.003528674
240,768,101,0.00452236,0.001035361,0.003486999
240,768,102,0.005560953,0.001987378,0.003573575
240,768,103,0.004686241,0.000907964,0.003778277
240,768,104,0.006480679,0.002601416,0.003879263
240,768,105,0.006156251,0.002418287,0.003737964
240,768,106,0.005063677,0.001451637,0.00361204
240,768,107,0.004318857,0.000603255,0.003715602
240,768,108,0.006186255,0.00235842,0.003827835
240,768,109,0.004270467,0.000543459,0.003727008
240,768,110,0.004331022,0.00058546,0.003745562
241,768,1,0.750622765,0.627218749,0.123404016
241,768,2,0.065127843,0.062103617,0.003024226
241,768,3,0.067286198,0.064266167,0.003020031
241,768,4,0.018932534,0.015897164,0.00303537
241,768,5,0.003983949,0.000855784,0.003128165
241,768,6,0.012296408,0.009276284,0.003020124
241,768,7,0.004096797,0.001005906,0.003090891
241,768,8,0.003525718,0.00042188,0.003103838
241,768,9,0.042820227,0.039799031,0.003021196
241,768,10,0.03324571,0.030192465,0.003053245
241,768,11,0.00463873,0.001379097,0.003259633
241,768,12,0.004344624,0.00117359,0.003171034
241,768,13,0.022126173,0.018718706,0.003407467
241,768,14,0.005328141,0.001831616,0.003496525
241,768,15,0.004545663,0.000989806,0.003555857
241,768,16,0.004420224,0.000819673,0.003600551
241,768,17,0.00443648,0.000752464,0.003684016
241,768,18,0.004988693,0.001093654,0.003895039
241,768,19,0.004266478,0.00059281,0.003673668
241,768,20,0.004144555,0.000574788,0.003569767
241,768,21,0.004109713,0.000622269,0.003487444
241,768,22,0.004024328,0.000564158,0.00346017
241,768,23,0.004072897,0.000704285,0.003368612
241,768,24,0.004790966,0.001401898,0.003389068
241,768,25,0.004587696,0.001176899,0.003410797
241,768,26,0.00453081,0.001102209,0.003428601
241,768,27,0.004854349,0.001278943,0.003575406
241,768,28,0.004643894,0.000977605,0.003666289
241,768,29,0.00460351,0.001058611,0.003544899
241,768,30,0.004818452,0.00104441,0.003774042
241,768,31,0.004402092,0.000729309,0.003672783
241,768,32,0.004658326,0.000935123,0.003723203
241,768,33,0.004596385,0.000896689,0.003699696
241,768,34,0.004487443,0.000775789,0.003711654
241,768,35,0.004666518,0.000873478,0.00379304
241,768,36,0.004473491,0.000741301,0.00373219
241,768,37,0.004802313,0.001075061,0.003727252
241,768,38,0.004641617,0.000793328,0.003848289
241,768,39,0.004630799,0.000819458,0.003811341
241,768,40,0.004642841,0.000793597,0.003849244
241,768,41,0.004664486,0.000729831,0.003934655
241,768,42,0.004623694,0.000655999,0.003967695
241,768,43,0.004559012,0.000619516,0.003939496
241,768,44,0.004691148,0.000649588,0.00404156
241,768,45,0.004593425,0.000637803,0.003955622
241,768,46,0.00476039,0.000638812,0.004121578
241,768,47,0.004541728,0.000628397,0.003913331
241,768,48,0.004820987,0.00063341,0.004187577
241,768,49,0.004597666,0.00060376,0.003993906
241,768,50,0.004770378,0.000612166,0.004158212
241,768,51,0.00453204,0.000575622,0.003956418
241,768,52,0.004779123,0.000572615,0.004206508
241,768,53,0.00452233,0.00055075,0.00397158
241,768,54,0.004767733,0.00058315,0.004184583
241,768,55,0.004606151,0.000562469,0.004043682
241,768,56,0.00476209,0.000590696,0.004171394
241,768,57,0.004549326,0.000574951,0.003974375
241,768,58,0.004540633,0.000546388,0.003994245
241,768,59,0.004332223,0.000553613,0.00377861
241,768,60,0.004205154,0.000552329,0.003652825
241,768,61,0.004361404,0.000604672,0.003756732
241,768,62,0.00445486,0.000601868,0.003852992
241,768,63,0.004469966,0.000611836,0.00385813
241,768,64,0.004420205,0.000601886,0.003818319
241,768,65,0.004142055,0.000588332,0.003553723
241,768,66,0.007567095,0.004285841,0.003281254
241,768,67,0.006102764,0.002733042,0.003369722
241,768,68,0.004686127,0.0009776,0.003708527
241,768,69,0.004851062,0.000980508,0.003870554
241,768,70,0.00432753,0.000457886,0.003869644
241,768,71,0.004248556,0.00048619,0.003762366
241,768,72,0.00457987,0.000874632,0.003705238
241,768,73,0.004785444,0.000985126,0.003800318
241,768,74,0.004585923,0.000839516,0.003746407
241,768,75,0.006328906,0.002835575,0.003493331
241,768,76,0.004675766,0.001036002,0.003639764
241,768,77,0.004265273,0.00056734,0.003697933
241,768,78,0.007756345,0.004094729,0.003661616
241,768,79,0.004474993,0.000785586,0.003689407
241,768,80,0.004502655,0.000566897,0.003935758
241,768,81,0.004559859,0.000597056,0.003962803
241,768,82,0.004443573,0.000549171,0.003894402
241,768,83,0.004453961,0.0005307,0.003923261
241,768,84,0.004376543,0.000539012,0.003837531
241,768,85,0.004357483,0.000478496,0.003878987
241,768,86,0.004496403,0.000594542,0.003901861
241,768,87,0.0043941,0.000559095,0.003835005
241,768,88,0.004355832,0.000563338,0.003792494
241,768,89,0.004272988,0.000513466,0.003759522
241,768,90,0.004091443,0.000485646,0.003605797
241,768,91,0.004245879,0.000560347,0.003685532
241,768,92,0.006007516,0.002471829,0.003535687
241,768,93,0.004818267,0.001238108,0.003580159
241,768,94,0.004391028,0.000800034,0.003590994
241,768,95,0.009757313,0.005206992,0.004550321
241,768,96,0.00438947,0.000602508,0.003786962
241,768,97,0.004273208,0.000541752,0.003731456
241,768,98,0.004262188,0.000558821,0.003703367
241,768,99,0.004352162,0.00086162,0.003490542
241,768,100,0.004561189,0.001058238,0.003502951
241,768,101,0.005623732,0.002063402,0.00356033
241,768,102,0.004474793,0.000822997,0.003651796
241,768,103,0.006497567,0.002694072,0.003803495
241,768,104,0.006215476,0.002313611,0.003901865
241,768,105,0.005318728,0.001712885,0.003605843
241,768,106,0.004215511,0.000596509,0.003619002
241,768,107,0.005977923,0.002257789,0.003720134
241,768,108,0.004389744,0.000558181,0.003831563
241,768,109,0.004304379,0.000513219,0.00379116
241,768,110,0.004410687,0.000544294,0.003866393
242,768,1,0.749389285,0.626308012,0.123081273
242,768,2,0.070651354,0.067628502,0.003022852
242,768,3,0.070425371,0.067385053,0.003040318
242,768,4,0.003957316,0.000804052,0.003153264
242,768,5,0.012329214,0.009314586,0.003014628
242,768,6,0.003846061,0.000833237,0.003012824
242,768,7,0.003669325,0.000522466,0.003146859
242,768,8,0.022595133,0.019571477,0.003023656
242,768,9,0.041296667,0.038272205,0.003024462
242,768,10,0.004151315,0.001000038,0.003151277
242,768,11,0.015074507,0.01196385,0.003110657
242,768,12,0.023891107,0.020642903,0.003248204
242,768,13,0.005182242,0.001668643,0.003513599
242,768,14,0.00447941,0.000931674,0.003547736
242,768,15,0.00439401,0.000822023,0.003571987
242,768,16,0.004330597,0.000678748,0.003651849
242,768,17,0.004716699,0.000960328,0.003756371
242,768,18,0.004590929,0.000708896,0.003882033
242,768,19,0.004232688,0.000589033,0.003643655
242,768,20,0.004172799,0.000632929,0.00353987
242,768,21,0.004071589,0.000576457,0.003495132
242,768,22,0.004027899,0.000512619,0.00351528
242,768,23,0.004375572,0.000953647,0.003421925
242,768,24,0.004371487,0.000992335,0.003379152
242,768,25,0.004632285,0.00124031,0.003391975
242,768,26,0.004920397,0.001402999,0.003517398
242,768,27,0.00448984,0.000895554,0.003594286
242,768,28,0.004795798,0.001192827,0.003602971
242,768,29,0.004575729,0.000897336,0.003678393
242,768,30,0.004614858,0.000920917,0.003693941
242,768,31,0.004782179,0.000911292,0.003870887
242,768,32,0.004325934,0.000638661,0.003687273
242,768,33,0.004589948,0.000891668,0.00369828
242,768,34,0.004733106,0.000907691,0.003825415
242,768,35,0.004491885,0.000740778,0.003751107
242,768,36,0.004606319,0.000839544,0.003766775
242,768,37,0.004535037,0.000720321,0.003814716
242,768,38,0.00473651,0.000914782,0.003821728
242,768,39,0.004563309,0.00062528,0.003938029
242,768,40,0.004541613,0.000710184,0.003831429
242,768,41,0.004636155,0.000706471,0.003929684
242,768,42,0.00452892,0.000642228,0.003886692
242,768,43,0.00469949,0.000775355,0.003924135
242,768,44,0.004564465,0.000645983,0.003918482
242,768,45,0.004709817,0.000720366,0.003989451
242,768,46,0.004607477,0.000657321,0.003950156
242,768,47,0.004599674,0.000615261,0.003984413
242,768,48,0.004589923,0.000633811,0.003956112
242,768,49,0.00461092,0.000587773,0.004023147
242,768,50,0.004589935,0.000626216,0.003963719
242,768,51,0.004589438,0.000601482,0.003987956
242,768,52,0.004659684,0.000593537,0.004066147
242,768,53,0.004572693,0.000595673,0.00397702
242,768,54,0.004741676,0.000643746,0.00409793
242,768,55,0.004731748,0.000584844,0.004146904
242,768,56,0.004706697,0.000623686,0.004083011
242,768,57,0.004520851,0.000586449,0.003934402
242,768,58,0.004477483,0.000607077,0.003870406
242,768,59,0.004325609,0.000556888,0.003768721
242,768,60,0.004087359,0.000549779,0.00353758
242,768,61,0.004338373,0.000584276,0.003754097
242,768,62,0.004900244,0.001191818,0.003708426
242,768,63,0.004603881,0.000877092,0.003726789
242,768,64,0.004526486,0.000689215,0.003837271
242,768,65,0.008037921,0.004691958,0.003345963
242,768,66,0.005827428,0.00254302,0.003284408
242,768,67,0.004214279,0.000761281,0.003452998
242,768,68,0.00484805,0.00112505,0.003723
242,768,69,0.004245346,0.000402546,0.0038428
242,768,70,0.004444337,0.000674965,0.003769372
242,768,71,0.004327323,0.000557219,0.003770104
242,768,72,0.004291406,0.000669083,0.003622323
242,768,73,0.004775504,0.001049242,0.003726262
242,768,74,0.004469451,0.000820508,0.003648943
242,768,75,0.004341105,0.000726717,0.003614388
242,768,76,0.005858827,0.002242337,0.00361649
242,768,77,0.004795944,0.001117467,0.003678477
242,768,78,0.004263184,0.000574533,0.003688651
242,768,79,0.00773223,0.0040437,0.00368853
242,768,80,0.004742669,0.00080844,0.003934229
242,768,81,0.004687783,0.000601424,0.004086359
242,768,82,0.004432079,0.000500778,0.003931301
242,768,83,0.004451964,0.000505939,0.003946025
242,768,84,0.00431493,0.000516847,0.003798083
242,768,85,0.004351626,0.000505946,0.00384568
242,768,86,0.004471593,0.000577116,0.003894477
242,768,87,0.004371497,0.000595952,0.003775545
242,768,88,0.004618301,0.000797711,0.00382059
242,768,89,0.004300089,0.000516367,0.003783722
242,768,90,0.004077867,0.000481315,0.003596552
242,768,91,0.006525142,0.002809167,0.003715975
242,768,92,0.004797308,0.001276391,0.003520917
242,768,93,0.004334269,0.000760226,0.003574043
242,768,94,0.007921515,0.004298149,0.003623366
242,768,95,0.005591351,0.001982069,0.003609282
242,768,96,0.004644577,0.00089679,0.003747787
242,768,97,0.004573917,0.000803777,0.00377014
242,768,98,0.004366461,0.000712174,0.003654287
242,768,99,0.004645935,0.001112889,0.003533046
242,768,100,0.005511278,0.002041314,0.003469964
242,768,101,0.00454448,0.000956139,0.003588341
242,768,102,0.006241949,0.002586552,0.003655397
242,768,103,0.006258721,0.002438047,0.003820674
242,768,104,0.005578408,0.00164155,0.003936858
242,768,105,0.004214383,0.000597102,0.003617281
242,768,106,0.005842766,0.002176089,0.003666677
242,768,107,0.004265997,0.00054437,0.003721627
242,768,108,0.004393852,0.000586014,0.003807838
242,768,109,0.00431881,0.000543476,0.003775334
242,768,110,0.006721048,0.003061939,0.003659109
243,768,1,0.753055165,0.629629892,0.123425273
243,768,2,0.062630024,0.059600562,0.003029462
243,768,3,0.069471472,0.066453497,0.003017975
243,768,4,0.016791527,0.01375152,0.003040007
243,768,5,0.00394543,0.000819526,0.003125904
243,768,6,0.012470227,0.009450564,0.003019663
243,768,7,0.023523882,0.020509074,0.003014808
243,768,8,0.012099009,0.009078744,0.003020265
243,768,9,0.004279467,0.001255957,0.00302351
243,768,10,0.031397909,0.02837434,0.003023569
243,768,11,0.036450577,0.033249669,0.003200908
243,768,12,0.00489871,0.001540238,0.003358472
243,768,13,0.004467767,0.000985866,0.003481901
243,768,14,0.004343986,0.00080748,0.003536506
243,768,15,0.004227163,0.000631378,0.003595785
243,768,16,0.004598521,0.000937649,0.003660872
243,768,17,0.004411956,0.000591871,0.003820085
243,768,18,0.00445433,0.000743801,0.003710529
243,768,19,0.004386963,0.000672578,0.003714385
243,768,20,0.004070514,0.000525943,0.003544571
243,768,21,0.004010127,0.000505949,0.003504178
243,768,22,0.004120754,0.000666057,0.003454697
243,768,23,0.004450908,0.000937029,0.003513879
243,768,24,0.004479255,0.001053922,0.003425333
243,768,25,0.004558647,0.001096195,0.003462452
243,768,26,0.004597918,0.001098617,0.003499301
243,768,27,0.004898413,0.001201713,0.0036967
243,768,28,0.004588768,0.000984085,0.003604683
243,768,29,0.004605735,0.000899777,0.003705958
243,768,30,0.004610689,0.000897085,0.003713604
243,768,31,0.004628537,0.000818899,0.003809638
243,768,32,0.004482729,0.000747811,0.003734918
243,768,33,0.004750389,0.000901019,0.00384937
243,768,34,0.004597182,0.000811935,0.003785247
243,768,35,0.004545766,0.000760526,0.00378524
243,768,36,0.004582643,0.000825166,0.003757477
243,768,37,0.004617237,0.000835706,0.003781531
243,768,38,0.004554024,0.000752754,0.00380127
243,768,39,0.004658112,0.000736216,0.003921896
243,768,40,0.004491673,0.00062809,0.003863583
243,768,41,0.004612298,0.000722781,0.003889517
243,768,42,0.00473334,0.000759467,0.003973873
243,768,43,0.004562737,0.000572166,0.003990571
243,768,44,0.004496729,0.000572296,0.003924433
243,768,45,0.004624437,0.000606,0.004018437
243,768,46,0.004546594,0.000587974,0.00395862
243,768,47,0.004608978,0.000621396,0.003987582
243,768,48,0.004653705,0.000645631,0.004008074
243,768,49,0.004604626,0.000573585,0.004031041
243,768,50,0.004589194,0.000561204,0.00402799
243,768,51,0.004525902,0.000561877,0.003964025
243,768,52,0.004567085,0.000551092,0.004015993
243,768,53,0.00447152,0.000557662,0.003913858
243,768,54,0.004627577,0.000602884,0.004024693
243,768,55,0.004527958,0.000598883,0.003929075
243,768,56,0.004537515,0.000626795,0.00391072
243,768,57,0.004471412,0.000647083,0.003824329
243,768,58,0.004278145,0.000662521,0.003615624
243,768,59,0.004523069,0.000853273,0.003669796
243,768,60,0.004225559,0.000689925,0.003535634
243,768,61,0.005694489,0.002104045,0.003590444
243,768,62,0.004593933,0.000921154,0.003672779
243,768,63,0.00444387,0.000669869,0.003774001
243,768,64,0.006535079,0.002971992,0.003563087
243,768,65,0.00735437,0.004122233,0.003232137
243,768,66,0.004442892,0.001165851,0.003277041
243,768,67,0.004262045,0.00079824,0.003463805
243,768,68,0.004498179,0.000857275,0.003640904
243,768,69,0.004564486,0.000801348,0.003763138
243,768,70,0.0043269,0.00055926,0.00376764
243,768,71,0.004264483,0.000460958,0.003803525
243,768,72,0.00456829,0.000941786,0.003626504
243,768,73,0.004509587,0.000813209,0.003696378
243,768,74,0.004750651,0.001124277,0.003626374
243,768,75,0.004085682,0.000511835,0.003573847
243,768,76,0.004662231,0.001068862,0.003593369
243,768,77,0.004636978,0.001012179,0.003624799
243,768,78,0.004786841,0.001120927,0.003665914
243,768,79,0.004382434,0.000773836,0.003608598
243,768,80,0.007843256,0.003926209,0.003917047
243,768,81,0.004951962,0.000852842,0.00409912
243,768,82,0.004514651,0.000604243,0.003910408
243,768,83,0.004482224,0.000519032,0.003963192
243,768,84,0.004266429,0.000517881,0.003748548
243,768,85,0.004336307,0.000512588,0.003823719
243,768,86,0.005255636,0.001417603,0.003838033
243,768,87,0.004624932,0.000797478,0.003827454
243,768,88,0.00431506,0.000602625,0.003712435
243,768,89,0.004260541,0.000501828,0.003758713
243,768,90,0.006219946,0.002717468,0.003502478
243,768,91,0.005223779,0.001670844,0.003552935
243,768,92,0.004221064,0.000720613,0.003500451
243,768,93,0.007852768,0.004293059,0.003559709
243,768,94,0.005517083,0.001886229,0.003630854
243,768,95,0.004442911,0.00080545,0.003637461
243,768,96,0.004729152,0.000999496,0.003729656
243,768,97,0.004520795,0.000800417,0.003720378
243,768,98,0.00449899,0.000914671,0.003584319
243,768,99,0.005665156,0.002182383,0.003482773
243,768,100,0.004393715,0.000942727,0.003450988
243,768,101,0.006226858,0.002701115,0.003525743
243,768,102,0.006187803,0.002438437,0.003749366
243,768,103,0.005541059,0.001637748,0.003903311
243,768,104,0.004490373,0.000573496,0.003916877
243,768,105,0.00581004,0.00218613,0.00362391
243,768,106,0.004147882,0.000510997,0.003636885
243,768,107,0.004359492,0.000633033,0.003726459
243,768,108,0.004334592,0.000553525,0.003781067
243,768,109,0.006786252,0.003014633,0.003771619
243,768,110,0.005495187,0.001895791,0.003599396
244,768,1,0.755381011,0.6320957,0.123285311
244,768,2,0.027571374,0.024546013,0.003025361
244,768,3,0.066932633,0.063901657,0.003030976
244,768,4,0.003899192,0.000843232,0.00305596
244,768,5,0.014307649,0.011286063,0.003021586
244,768,6,0.023545195,0.020527821,0.003017374
244,768,7,0.012084988,0.009051448,0.00303354
244,768,8,0.004188139,0.001152573,0.003035566
244,768,9,0.003763654,0.000652919,0.003110735
244,768,10,0.064005586,0.060905494,0.003100092
244,768,11,0.004683497,0.001493007,0.00319049
244,768,12,0.004339245,0.000975233,0.003364012
244,768,13,0.004319286,0.000848134,0.003471152
244,768,14,0.004215959,0.0007104,0.003505559
244,768,15,0.004451969,0.000807354,0.003644615
244,768,16,0.004287558,0.000533981,0.003753577
244,768,17,0.004499645,0.000575749,0.003923896
244,768,18,0.004405168,0.000601048,0.00380412
244,768,19,0.004254449,0.000570098,0.003684351
244,768,20,0.004087063,0.000553341,0.003533722
244,768,21,0.004003443,0.000491375,0.003512068
244,768,22,0.003971434,0.000496983,0.003474451
244,768,23,0.004413448,0.000916373,0.003497075
244,768,24,0.004451921,0.000995467,0.003456454
244,768,25,0.004715463,0.001274644,0.003440819
244,768,26,0.004636841,0.001122556,0.003514285
244,768,27,0.004755098,0.001096513,0.003658585
244,768,28,0.004584891,0.000867415,0.003717476
244,768,29,0.00450604,0.000901275,0.003604765
244,768,30,0.004710015,0.001016421,0.003693594
244,768,31,0.004458086,0.000732191,0.003725895
244,768,32,0.004514475,0.000758043,0.003756432
244,768,33,0.004484603,0.000759728,0.003724875
244,768,34,0.004737946,0.000921734,0.003816212
244,768,35,0.004478527,0.000668394,0.003810133
244,768,36,0.004529799,0.000810358,0.003719441
244,768,37,0.004431999,0.000657843,0.003774156
244,768,38,0.004687811,0.000900106,0.003787705
244,768,39,0.00456146,0.000733359,0.003828101
244,768,40,0.005047506,0.001179562,0.003867944
244,768,41,0.004462416,0.000636912,0.003825504
244,768,42,0.004699895,0.000745486,0.003954409
244,768,43,0.004658929,0.000707591,0.003951338
244,768,44,0.004692579,0.000724476,0.003968103
244,768,45,0.004458735,0.000599023,0.003859712
244,768,46,0.004807972,0.000826362,0.00398161
244,768,47,0.004516511,0.000625523,0.003890988
244,768,48,0.004578648,0.000610364,0.003968284
244,768,49,0.004448826,0.000623102,0.003825724
244,768,50,0.004638444,0.000638933,0.003999511
244,768,51,0.004470633,0.000594998,0.003875635
244,768,52,0.004609973,0.000615478,0.003994495
244,768,53,0.004516144,0.000565676,0.003950468
244,768,54,0.004690688,0.000614316,0.004076372
244,768,55,0.004568577,0.000571404,0.003997173
244,768,56,0.004662094,0.000643417,0.004018677
244,768,57,0.004517928,0.000594035,0.003923893
244,768,58,0.004475215,0.000594942,0.003880273
244,768,59,0.004289812,0.000571923,0.003717889
244,768,60,0.005806526,0.002208856,0.00359767
244,768,61,0.004434597,0.000839702,0.003594895
244,768,62,0.004347133,0.000672581,0.003674552
244,768,63,0.006866429,0.003230316,0.003636113
244,768,64,0.004632411,0.001141776,0.003490635
244,768,65,0.003868826,0.000455844,0.003412982
244,768,66,0.005953988,0.002679906,0.003274082
244,768,67,0.004692592,0.001351613,0.003340979
244,768,68,0.00474779,0.001032759,0.003715031
244,768,69,0.004383756,0.000590639,0.003793117
244,768,70,0.004417735,0.000668194,0.003749541
244,768,71,0.004358646,0.000562712,0.003795934
244,768,72,0.004357929,0.000668949,0.00368898
244,768,73,0.004883646,0.001155255,0.003728391
244,768,74,0.004846928,0.001118203,0.003728725
244,768,75,0.004151456,0.00051841,0.003633046
244,768,76,0.004521967,0.000893471,0.003628496
244,768,77,0.004973986,0.001308711,0.003665275
244,768,78,0.005207764,0.001586915,0.003620849
244,768,79,0.005621647,0.002006506,0.003615141
244,768,80,0.004958997,0.001018234,0.003940763
244,768,81,0.005262901,0.001208893,0.004054008
244,768,82,0.004787621,0.000934606,0.003853015
244,768,83,0.004529106,0.000606981,0.003922125
244,768,84,0.004490189,0.000732718,0.003757471
244,768,85,0.005619728,0.001758414,0.003861314
244,768,86,0.004721096,0.000855088,0.003866008
244,768,87,0.004398149,0.000576337,0.003821812
244,768,88,0.004308033,0.000586165,0.003721868
244,768,89,0.006450015,0.002844563,0.003605452
244,768,90,0.004937627,0.001358962,0.003578665
244,768,91,0.004438753,0.000926122,0.003512631
244,768,92,0.007675529,0.004134935,0.003540594
244,768,93,0.005411921,0.001834045,0.003577876
244,768,94,0.004486922,0.000859242,0.00362768
244,768,95,0.004466247,0.00086546,0.003600787
244,768,96,0.004856802,0.001103235,0.003753567
244,768,97,0.004616126,0.000885132,0.003730994
244,768,98,0.005595177,0.002083202,0.003511975
244,768,99,0.004321149,0.000856272,0.003464877
244,768,100,0.006265064,0.002754021,0.003511043
244,768,101,0.006212258,0.002534775,0.003677483
244,768,102,0.005460896,0.001705283,0.003755613
244,768,103,0.004416943,0.000565999,0.003850944
244,768,104,0.006082422,0.002392293,0.003690129
244,768,105,0.004184517,0.000534938,0.003649579
244,768,106,0.004230872,0.000554832,0.00367604
244,768,107,0.004258644,0.000546025,0.003712619
244,768,108,0.006843528,0.003132237,0.003711291
244,768,109,0.005682865,0.001911074,0.003771791
244,768,110,0.004048292,0.000466038,0.003582254
245,768,1,0.752658436,0.628625873,0.124032563
245,768,2,0.059790331,0.056760226,0.003030105
245,768,3,0.068461709,0.065446663,0.003015046
245,768,4,0.03114652,0.028128976,0.003017544
245,768,5,0.023552169,0.020520011,0.003032158
245,768,6,0.012105505,0.009085759,0.003019746
245,768,7,0.004116543,0.001099862,0.003016681
245,768,8,0.00368171,0.000528565,0.003153145
245,768,9,0.064070051,0.060988111,0.00308194
245,768,10,0.004620559,0.001456114,0.003164445
245,768,11,0.004182292,0.00087485,0.003307442
245,768,12,0.004176873,0.000780593,0.00339628
245,768,13,0.004198704,0.000670004,0.0035287
245,768,14,0.004312395,0.000748926,0.003563469
245,768,15,0.004135357,0.000511408,0.003623949
245,768,16,0.00414642,0.000511015,0.003635405
245,768,17,0.004352829,0.000551559,0.00380127
245,768,18,0.004319701,0.000573163,0.003746538
245,768,19,0.00415059,0.000535797,0.003614793
245,768,20,0.004010323,0.000478574,0.003531749
245,768,21,0.004111472,0.00059568,0.003515792
245,768,22,0.004011768,0.000564911,0.003446857
245,768,23,0.004530572,0.001059281,0.003471291
245,768,24,0.004435516,0.001021872,0.003413644
245,768,25,0.004599675,0.001146208,0.003453467
245,768,26,0.004726154,0.001155593,0.003570561
245,768,27,0.004682204,0.001016584,0.00366562
245,768,28,0.004640856,0.000876564,0.003764292
245,768,29,0.004619517,0.00097079,0.003648727
245,768,30,0.004526157,0.00080323,0.003722927
245,768,31,0.004497981,0.000792623,0.003705358
245,768,32,0.004688135,0.000890337,0.003797798
245,768,33,0.004468541,0.000698608,0.003769933
245,768,34,0.004669706,0.000878515,0.003791191
245,768,35,0.004470748,0.000642786,0.003827962
245,768,36,0.004625763,0.000842239,0.003783524
245,768,37,0.004803437,0.001032824,0.003770613
245,768,38,0.00453805,0.000674129,0.003863921
245,768,39,0.005064556,0.001113641,0.003950915
245,768,40,0.004520026,0.000645408,0.003874618
245,768,41,0.004546735,0.000660952,0.003885783
245,768,42,0.004521786,0.000632548,0.003889238
245,768,43,0.004613496,0.00071383,0.003899666
245,768,44,0.004542435,0.000619451,0.003922984
245,768,45,0.004581626,0.000718417,0.003863209
245,768,46,0.00469284,0.00073422,0.00395862
245,768,47,0.004435376,0.00060173,0.003833646
245,768,48,0.004593059,0.000608592,0.003984467
245,768,49,0.004577384,0.00058948,0.003987904
245,768,50,0.004566034,0.000589441,0.003976593
245,768,51,0.00454076,0.000596835,0.003943925
245,768,52,0.004609765,0.000549656,0.004060109
245,768,53,0.004532483,0.000604259,0.003928224
245,768,54,0.004664752,0.000652632,0.00401212
245,768,55,0.004575272,0.000633037,0.003942235
245,768,56,0.004575291,0.000583528,0.003991763
245,768,57,0.004394461,0.000557825,0.003836636
245,768,58,0.004435913,0.000631412,0.003804501
245,768,59,0.006451995,0.002842946,0.003609049
245,768,60,0.004397078,0.000724614,0.003672464
245,768,61,0.004275474,0.000587948,0.003687526
245,768,62,0.004551488,0.000899441,0.003652047
245,768,63,0.005344732,0.001605927,0.003738805
245,768,64,0.004598713,0.000946694,0.003652019
245,768,65,0.004478528,0.000995425,0.003483103
245,768,66,0.003832926,0.000440373,0.003392553
245,768,67,0.005974341,0.002580727,0.003393614
245,768,68,0.005294323,0.001589209,0.003705114
245,768,69,0.004459659,0.000714953,0.003744706
245,768,70,0.004379297,0.000647365,0.003731932
245,768,71,0.004313399,0.000673227,0.003640172
245,768,72,0.005882364,0.002427002,0.003455362
245,768,73,0.00463631,0.001022512,0.003613798
245,768,74,0.004304632,0.00061387,0.003690762
245,768,75,0.004467747,0.000824939,0.003642808
245,768,76,0.005199573,0.001567264,0.003632309
245,768,77,0.005216113,0.001518902,0.003697211
245,768,78,0.005267991,0.001623692,0.003644299
245,768,79,0.00466536,0.001044768,0.003620592
245,768,80,0.004932225,0.00108675,0.003845475
245,768,81,0.004559754,0.00057873,0.003981024
245,768,82,0.004820165,0.000939859,0.003880306
245,768,83,0.005229015,0.001357278,0.003871737
245,768,84,0.005485137,0.001692779,0.003792358
245,768,85,0.004680886,0.000856701,0.003824185
245,768,86,0.004558794,0.000777241,0.003781553
245,768,87,0.00444385,0.000603191,0.003840659
245,768,88,0.006531645,0.002755773,0.003775872
245,768,89,0.004882276,0.001262423,0.003619853
245,768,90,0.004489371,0.000854154,0.003635217
245,768,91,0.007623793,0.004119127,0.003504666
245,768,92,0.005314968,0.001747286,0.003567682
245,768,93,0.004576549,0.000977859,0.00359869
245,768,94,0.004399238,0.000737515,0.003661723
245,768,95,0.004519576,0.000932152,0.003587424
245,768,96,0.00489559,0.001134953,0.003760637
245,768,97,0.005727167,0.001995163,0.003732004
245,768,98,0.004282426,0.000789579,0.003492847
245,768,99,0.006299058,0.002825725,0.003473333
245,768,100,0.006248758,0.002668935,0.003579823
245,768,101,0.005371584,0.001664244,0.00370734
245,768,102,0.004321661,0.00053397,0.003787691
245,768,103,0.00619819,0.002249596,0.003948594
245,768,104,0.004279111,0.000620516,0.003658595
245,768,105,0.00420068,0.000576186,0.003624494
245,768,106,0.004162258,0.000485346,0.003676912
245,768,107,0.006892828,0.003148345,0.003744483
245,768,108,0.005623289,0.001880608,0.003742681
245,768,109,0.004248922,0.000533866,0.003715056
245,768,110,0.004100327,0.000573738,0.003526589
246,768,1,0.752499907,0.628991646,0.123508261
246,768,2,0.080048064,0.077029255,0.003018809
246,768,3,0.063457265,0.060440924,0.003016341
246,768,4,0.023524221,0.020512339,0.003011882
246,768,5,0.01213991,0.009108698,0.003031212
246,768,6,0.004168688,0.001044596,0.003124092
246,768,7,0.003496348,0.000400785,0.003095563
246,768,8,0.064163743,0.06101959,0.003144153
246,768,9,0.004505596,0.00129956,0.003206036
246,768,10,0.004029521,0.000766293,0.003263228
246,768,11,0.004110331,0.000788659,0.003321672
246,768,12,0.004089459,0.000641645,0.003447814
246,768,13,0.004218556,0.000748725,0.003469831
246,768,14,0.003998587,0.000476684,0.003521903
246,768,15,0.004080886,0.000490103,0.003590783
246,768,16,0.004173764,0.000497498,0.003676266
246,768,17,0.004470957,0.000531202,0.003939755
246,768,18,0.004330606,0.000558851,0.003771755
246,768,19,0.004156562,0.000551732,0.00360483
246,768,20,0.004057372,0.000504585,0.003552787
246,768,21,0.004013159,0.000454267,0.003558892
246,768,22,0.003972922,0.000464802,0.00350812
246,768,23,0.004260128,0.000769349,0.003490779
246,768,24,0.004439507,0.00099369,0.003445817
246,768,25,0.004529474,0.001063453,0.003466021
246,768,26,0.004653962,0.001110787,0.003543175
246,768,27,0.004745855,0.001064261,0.003681594
246,768,28,0.004798386,0.001047074,0.003751312
246,768,29,0.004459279,0.000786477,0.003672802
246,768,30,0.004899026,0.001161024,0.003738002
246,768,31,0.004485369,0.00063794,0.003847429
246,768,32,0.004593945,0.000859172,0.003734773
246,768,33,0.004687199,0.000970348,0.003716851
246,768,34,0.004615408,0.000833913,0.003781495
246,768,35,0.004537201,0.000808334,0.003728867
246,768,36,0.004779674,0.000993414,0.00378626
246,768,37,0.004572892,0.00076292,0.003809972
246,768,38,0.004992272,0.001155986,0.003836286
246,768,39,0.004371733,0.000577601,0.003794132
246,768,40,0.004781241,0.000903349,0.003877892
246,768,41,0.004472902,0.000577799,0.003895103
246,768,42,0.004746349,0.000781277,0.003965072
246,768,43,0.004557032,0.000667219,0.003889813
246,768,44,0.004611529,0.000643272,0.003968257
246,768,45,0.004510443,0.00060418,0.003906263
246,768,46,0.004592999,0.000560962,0.004032037
246,768,47,0.004465177,0.000583677,0.0038815
246,768,48,0.004605365,0.000569833,0.004035532
246,768,49,0.004519938,0.000593265,0.003926673
246,768,50,0.004665166,0.000584533,0.004080633
246,768,51,0.004516466,0.000569452,0.003947014
246,768,52,0.00462565,0.000564159,0.004061491
246,768,53,0.0045531,0.00058594,0.00396716
246,768,54,0.004644026,0.000577143,0.004066883
246,768,55,0.004579384,0.000566442,0.004012942
246,768,56,0.004543241,0.000539944,0.004003297
246,768,57,0.004400454,0.000538969,0.003861485
246,768,58,0.004343986,0.000566525,0.003777461
246,768,59,0.004240386,0.000551547,0.003688839
246,768,60,0.00567693,0.002020971,0.003655959
246,768,61,0.005653506,0.001979584,0.003673922
246,768,62,0.00525876,0.001538626,0.003720134
246,768,63,0.004248236,0.000505093,0.003743143
246,768,64,0.004149159,0.000539423,0.003609736
246,768,65,0.003917863,0.000483951,0.003433912
246,768,66,0.004165268,0.000803714,0.003361554
246,768,67,0.005377582,0.002055625,0.003321957
246,768,68,0.005352797,0.001867732,0.003485065
246,768,69,0.00492185,0.001172317,0.003749533
246,768,70,0.004325928,0.000663586,0.003662342
246,768,71,0.007076557,0.003488022,0.003588535
246,768,72,0.004409887,0.000729073,0.003680814
246,768,73,0.004175588,0.000482908,0.00369268
246,768,74,0.004528265,0.000741257,0.003787008
246,768,75,0.005320746,0.001780669,0.003540077
246,768,76,0.005116122,0.001543348,0.003572774
246,768,77,0.0049165,0.00130097,0.00361553
246,768,78,0.004729121,0.001086113,0.003643008
246,768,79,0.004706437,0.001060362,0.003646075
246,768,80,0.004754588,0.000859886,0.003894702
246,768,81,0.004915531,0.000827078,0.004088453
246,768,82,0.005192744,0.001292791,0.003899953
246,768,83,0.005532937,0.001648926,0.003884011
246,768,84,0.004438021,0.00067645,0.003761571
246,768,85,0.004754435,0.00089815,0.003856285
246,768,86,0.004359106,0.000554897,0.003804209
246,768,87,0.006792206,0.002987843,0.003804363
246,768,88,0.005017503,0.00128723,0.003730273
246,768,89,0.00422545,0.000599289,0.003626161
246,768,90,0.00771496,0.004181648,0.003533312
246,768,91,0.00529251,0.001794742,0.003497768
246,768,92,0.004535414,0.000997387,0.003538027
246,768,93,0.004321772,0.000718948,0.003602824
246,768,94,0.004540351,0.000901824,0.003638527
246,768,95,0.004762324,0.001130971,0.003631353
246,768,96,0.005936683,0.002186761,0.003749922
246,768,97,0.00435706,0.000645825,0.003711235
246,768,98,0.006438587,0.002939952,0.003498635
246,768,99,0.006283064,0.002795827,0.003487237
246,768,100,0.00523941,0.001697624,0.003541786
246,768,101,0.004175186,0.000502799,0.003672387
246,768,102,0.006096251,0.002253713,0.003842538
246,768,103,0.004603051,0.000692151,0.0039109
246,768,104,0.004247197,0.000635649,0.003611548
246,768,105,0.004099782,0.000507007,0.003592775
246,768,106,0.00678453,0.003044104,0.003740426
246,768,107,0.005623134,0.001828182,0.003794952
246,768,108,0.004334095,0.000578351,0.003755744
246,768,109,0.004239372,0.000523474,0.003715898
246,768,110,0.004039494,0.000502067,0.003537427
247,768,1,0.752735119,0.629071036,0.123664083
247,768,2,0.064958568,0.061913755,0.003044813
247,768,3,0.111506942,0.108497693,0.003009249
247,768,4,0.012170978,0.009151592,0.003019386
247,768,5,0.003998716,0.000834183,0.003164533
247,768,6,0.003559509,0.000464892,0.003094617
247,768,7,0.064188886,0.061086335,0.003102551
247,768,8,0.004445688,0.001233025,0.003212663
247,768,9,0.003925498,0.000687554,0.003237944
247,768,10,0.004124598,0.000834336,0.003290262
247,768,11,0.003921994,0.00059402,0.003327974
247,768,12,0.004163862,0.000667994,0.003495868
247,768,13,0.003890648,0.000420838,0.00346981
247,768,14,0.003946874,0.000415614,0.00353126
247,768,15,0.004006635,0.000439817,0.003566818
247,768,16,0.004242367,0.000527399,0.003714968
247,768,17,0.004320185,0.000472247,0.003847938
247,768,18,0.00426569,0.000520636,0.003745054
247,768,19,0.004067069,0.000535777,0.003531292
247,768,20,0.004012677,0.000470533,0.003542144
247,768,21,0.003958072,0.000472693,0.003485379
247,768,22,0.004465663,0.000926717,0.003538946
247,768,23,0.004426376,0.001017963,0.003408413
247,768,24,0.004599934,0.001139576,0.003460358
247,768,25,0.004452506,0.001038481,0.003414025
247,768,26,0.004728392,0.00113902,0.003589372
247,768,27,0.004662314,0.001010501,0.003651813
247,768,28,0.004564184,0.000948181,0.003616003
247,768,29,0.004755399,0.001151258,0.003604141
247,768,30,0.004590086,0.000897073,0.003693013
247,768,31,0.004760683,0.001089273,0.00367141
247,768,32,0.004726213,0.000988323,0.00373789
247,768,33,0.00445156,0.000786124,0.003665436
247,768,34,0.004856962,0.001078709,0.003778253
247,768,35,0.004568877,0.000874282,0.003694595
247,768,36,0.004617879,0.000889358,0.003728521
247,768,37,0.004729746,0.001052056,0.00367769
247,768,38,0.004620711,0.000858571,0.00376214
247,768,39,0.00453177,0.000826473,0.003705297
247,768,40,0.004617752,0.000826858,0.003790894
247,768,41,0.004703307,0.000840907,0.0038624
247,768,42,0.004553345,0.000670688,0.003882657
247,768,43,0.004493263,0.000673356,0.003819907
247,768,44,0.004547696,0.000747217,0.003800479
247,768,45,0.004450499,0.000722095,0.003728404
247,768,46,0.004635838,0.000790182,0.003845656
247,768,47,0.00452474,0.000756204,0.003768536
247,768,48,0.004762045,0.000858601,0.003903444
247,768,49,0.004454772,0.000679255,0.003775517
247,768,50,0.004775868,0.000823449,0.003952419
247,768,51,0.004353064,0.000592485,0.003760579
247,768,52,0.004764415,0.000809719,0.003954696
247,768,53,0.004585813,0.000749543,0.00383627
247,768,54,0.004557921,0.000566525,0.003991396
247,768,55,0.004470285,0.000615796,0.003854489
247,768,56,0.004526976,0.000619132,0.003907844
247,768,57,0.004427556,0.000604063,0.003823493
247,768,58,0.004261474,0.000535174,0.0037263
247,768,59,0.00448635,0.000785321,0.003701029
247,768,60,0.007152049,0.003495384,0.003656665
247,768,61,0.005208184,0.001595995,0.003612189
247,768,62,0.004245036,0.000452049,0.003792987
247,768,63,0.004172342,0.000480247,0.003692095
247,768,64,0.004096273,0.000468322,0.003627951
247,768,65,0.003837344,0.000396725,0.003440619
247,768,66,0.005980896,0.002639732,0.003341164
247,768,67,0.005022778,0.001700719,0.003322059
247,768,68,0.004723209,0.00092369,0.003799519
247,768,69,0.004320219,0.000564816,0.003755403
247,768,70,0.004524003,0.000746389,0.003777614
247,768,71,0.005402341,0.001927691,0.00347465
247,768,72,0.004993718,0.001434764,0.003558954
247,768,73,0.004594495,0.001055768,0.003538727
247,768,74,0.006324579,0.002819086,0.003505493
247,768,75,0.005070827,0.001565927,0.0035049
247,768,76,0.004679961,0.001021627,0.003658334
247,768,77,0.004669038,0.000986038,0.003683
247,768,78,0.004513877,0.000834631,0.003679246
247,768,79,0.004613784,0.000959253,0.003654531
247,768,80,0.005066578,0.001102452,0.003964126
247,768,81,0.00528259,0.001479692,0.003802898
247,768,82,0.005545446,0.001702918,0.003842528
247,768,83,0.004555553,0.00077199,0.003783563
247,768,84,0.004502634,0.000710174,0.00379246
247,768,85,0.004511863,0.000715317,0.003796546
247,768,86,0.006790598,0.003055809,0.003734789
247,768,87,0.005247516,0.001559451,0.003688065
247,768,88,0.004271574,0.000575897,0.003695677
247,768,89,0.00765654,0.004037564,0.003618976
247,768,90,0.00543122,0.001908755,0.003522465
247,768,91,0.004442996,0.000920653,0.003522343
247,768,92,0.004185518,0.000636782,0.003548736
247,768,93,0.004668552,0.001091861,0.003576691
247,768,94,0.004604252,0.000959152,0.0036451
247,768,95,0.005669102,0.002006888,0.003662214
247,768,96,0.004660052,0.001018578,0.003641474
247,768,97,0.006580961,0.003080327,0.003500634
247,768,98,0.006285533,0.000931084,0.005354449
247,768,99,0.005349224,0.001798137,0.003551087
247,768,100,0.004063629,0.000487066,0.003576563
247,768,101,0.005895184,0.002166313,0.003728871
247,768,102,0.00451307,0.000676056,0.003837014
247,768,103,0.004453973,0.00056607,0.003887903
247,768,104,0.004089261,0.000495652,0.003593609
247,768,105,0.006786677,0.003121839,0.003664838
247,768,106,0.005616421,0.001830126,0.003786295
247,768,107,0.004293689,0.000502303,0.003791386
247,768,108,0.004211723,0.000482775,0.003728948
247,768,109,0.004262762,0.000574698,0.003688064
247,768,110,0.004053011,0.000560355,0.003492656
248,768,1,0.750094873,0.627716544,0.122378329
248,768,2,0.064518513,0.061489981,0.003028532
248,768,3,0.059211523,0.056188981,0.003022542
248,768,4,0.003779482,0.000681646,0.003097836
248,768,5,0.003627902,0.00049356,0.003134342
248,768,6,0.064252485,0.061171128,0.003081357
248,768,7,0.00429682,0.001182662,0.003114158
248,768,8,0.003962149,0.00080523,0.003156919
248,768,9,0.004018338,0.000830604,0.003187734
248,768,10,0.003964725,0.000714565,0.00325016
248,768,11,0.003943724,0.000613922,0.003329802
248,768,12,0.003896992,0.000444334,0.003452658
248,768,13,0.003936003,0.000427679,0.003508324
248,768,14,0.003953365,0.000428159,0.003525206
248,768,15,0.004063365,0.000444488,0.003618877
248,768,16,0.004196424,0.00045863,0.003737794
248,768,17,0.00433275,0.000507186,0.003825564
248,768,18,0.004195223,0.000507494,0.003687729
248,768,19,0.004098303,0.000558017,0.003540286
248,768,20,0.003982769,0.000472173,0.003510596
248,768,21,0.004244273,0.000732572,0.003511701
248,768,22,0.004313586,0.000857943,0.003455643
248,768,23,0.004582545,0.001173015,0.00340953
248,768,24,0.004362134,0.000980241,0.003381893
248,768,25,0.004614238,0.001198643,0.003415595
248,768,26,0.004783935,0.001217976,0.003565959
248,768,27,0.004710588,0.00114378,0.003566808
248,768,28,0.004752708,0.001209152,0.003543556
248,768,29,0.004540316,0.000987306,0.00355301
248,768,30,0.004635641,0.001021611,0.00361403
248,768,31,0.004682631,0.001041864,0.003640767
248,768,32,0.004747713,0.001045929,0.003701784
248,768,33,0.004631296,0.00100044,0.003630856
248,768,34,0.004690744,0.001019733,0.003671011
248,768,35,0.004569762,0.000930884,0.003638878
248,768,36,0.004608359,0.00100054,0.003607819
248,768,37,0.004761185,0.000992051,0.003769134
248,768,38,0.004549187,0.000803602,0.003745585
248,768,39,0.004612179,0.000854705,0.003757474
248,768,40,0.004651014,0.00081578,0.003835234
248,768,41,0.004506884,0.000692774,0.00381411
248,768,42,0.004609147,0.000719171,0.003889976
248,768,43,0.004492977,0.000709153,0.003783824
248,768,44,0.004587539,0.000719996,0.003867543
248,768,45,0.00444597,0.000691277,0.003754693
248,768,46,0.004667392,0.000757172,0.00391022
248,768,47,0.004543208,0.000689472,0.003853736
248,768,48,0.004633994,0.00069598,0.003938014
248,768,49,0.004579484,0.000661083,0.003918401
248,768,50,0.004580042,0.000673699,0.003906343
248,768,51,0.004564253,0.000672912,0.003891341
248,768,52,0.004639021,0.00067634,0.003962681
248,768,53,0.004462322,0.000649158,0.003813164
248,768,54,0.004581997,0.000675414,0.003906583
248,768,55,0.004478976,0.000698575,0.003780401
248,768,56,0.004559589,0.000606337,0.003953252
248,768,57,0.004314001,0.000541205,0.003772796
248,768,58,0.004443644,0.000627999,0.003815645
248,768,59,0.004312637,0.000686713,0.003625924
248,768,60,0.006020642,0.002261355,0.003759287
248,768,61,0.005140704,0.001347555,0.003793149
248,768,62,0.00470506,0.0009788,0.00372626
248,768,63,0.004312195,0.000527212,0.003784983
248,768,64,0.004128188,0.000489227,0.003638961
248,768,65,0.006472548,0.003189106,0.003283442
248,768,66,0.004971166,0.001704301,0.003266865
248,768,67,0.003955958,0.00059114,0.003364818
248,768,68,0.004576482,0.000941933,0.003634549
248,768,69,0.004585817,0.000800461,0.003785356
248,768,70,0.005793165,0.00221216,0.003581005
248,768,71,0.004904176,0.001416181,0.003487995
248,768,72,0.004526835,0.001056645,0.00347019
248,768,73,0.006406343,0.002991194,0.003415149
248,768,74,0.005115831,0.001526677,0.003589154
248,768,75,0.004458215,0.000916504,0.003541711
248,768,76,0.004525947,0.00084457,0.003681377
248,768,77,0.004470648,0.000861814,0.003608834
248,768,78,0.004518637,0.000900536,0.003618101
248,768,79,0.004723286,0.00106841,0.003654876
248,768,80,0.005728614,0.001791668,0.003936946
248,768,81,0.005359518,0.001506427,0.003853091
248,768,82,0.004783928,0.000942656,0.003841272
248,768,83,0.004488122,0.000680544,0.003807578
248,768,84,0.004309734,0.000526223,0.003783511
248,768,85,0.006996319,0.003177578,0.003818741
248,768,86,0.005309745,0.001498642,0.003811103
248,768,87,0.004220076,0.000525548,0.003694528
248,768,88,0.007713827,0.004134562,0.003579265
248,768,89,0.005557166,0.001906262,0.003650904
248,768,90,0.004449443,0.00093755,0.003511893
248,768,91,0.004114637,0.000579684,0.003534953
248,768,92,0.004564332,0.0010227,0.003541632
248,768,93,0.004545505,0.000921432,0.003624073
248,768,94,0.005721464,0.002108682,0.003612782
248,768,95,0.004724345,0.001029139,0.003695206
248,768,96,0.006645928,0.002890155,0.003755773
248,768,97,0.004337859,0.000844572,0.003493287
248,768,98,0.00734451,0.002980281,0.004364229
248,768,99,0.004024225,0.000481476,0.003542749
248,768,100,0.005820169,0.002135068,0.003685101
248,768,101,0.004377111,0.000554228,0.003822883
248,768,102,0.004380977,0.000539321,0.003841656
248,768,103,0.004351088,0.000521936,0.003829152
248,768,104,0.006772568,0.003094314,0.003678254
248,768,105,0.00548529,0.001738253,0.003747037
248,768,106,0.004168377,0.000434972,0.003733405
248,768,107,0.004315489,0.000601433,0.003714056
248,768,108,0.004410719,0.000688383,0.003722336
248,768,109,0.004179586,0.000520756,0.00365883
248,768,110,0.004123247,0.000651055,0.003472192
249,768,1,0.74703569,0.623677804,0.123357886
249,768,2,0.081156762,0.078125919,0.003030843
249,768,3,0.067595336,0.064563464,0.003031872
249,768,4,0.045662758,0.042643517,0.003019241
249,768,5,0.065179502,0.062062254,0.003117248
249,768,6,0.004218419,0.000959755,0.003258664
249,768,7,0.003724333,0.000476985,0.003247348
249,768,8,0.003735616,0.000575071,0.003160545
249,768,9,0.003857502,0.000667767,0.003189735
249,768,10,0.003888122,0.000583211,0.003304911
249,768,11,0.0038144,0.000425896,0.003388504
249,768,12,0.003980005,0.00046218,0.003517825
249,768,13,0.004015728,0.000450188,0.00356554
249,768,14,0.004000851,0.000440138,0.003560713
249,768,15,0.004070875,0.000466728,0.003604147
249,768,16,0.004247902,0.000484233,0.003763669
249,768,17,0.004406723,0.000507723,0.003899
249,768,18,0.00434886,0.000534274,0.003814586
249,768,19,0.004123069,0.00053853,0.003584539
249,768,20,0.004088499,0.000503555,0.003584944
249,768,21,0.003962417,0.000461384,0.003501033
249,768,22,0.004005553,0.000503807,0.003501746
249,768,23,0.004491523,0.001022666,0.003468857
249,768,24,0.004569459,0.001003736,0.003565723
249,768,25,0.004233127,0.000799494,0.003433633
249,768,26,0.004858648,0.001320604,0.003538044
249,768,27,0.004620307,0.000937652,0.003682655
249,768,28,0.004653398,0.000997876,0.003655522
249,768,29,0.004651271,0.001023862,0.003627409
249,768,30,0.00452778,0.000829275,0.003698505
249,768,31,0.004745056,0.001048578,0.003696478
249,768,32,0.004758674,0.000972293,0.003786381
249,768,33,0.004477178,0.00078406,0.003693118
249,768,34,0.004765523,0.001000651,0.003764872
249,768,35,0.004656892,0.000926324,0.003730568
249,768,36,0.004531498,0.000810782,0.003720716
249,768,37,0.004647873,0.00097251,0.003675363
249,768,38,0.004740125,0.000947129,0.003792996
249,768,39,0.004553795,0.000774497,0.003779298
249,768,40,0.004745507,0.0009299,0.003815607
249,768,41,0.004701931,0.000763767,0.003938164
249,768,42,0.004485778,0.000648096,0.003837682
249,768,43,0.00456518,0.000624642,0.003940538
249,768,44,0.00456244,0.000657101,0.003905339
249,768,45,0.004530898,0.000619315,0.003911583
249,768,46,0.004601808,0.000633031,0.003968777
249,768,47,0.00453379,0.000642334,0.003891456
249,768,48,0.004615224,0.000623417,0.003991807
249,768,49,0.004372293,0.000630904,0.003741389
249,768,50,0.004760859,0.000803654,0.003957205
249,768,51,0.004458698,0.000632583,0.003826115
249,768,52,0.004695022,0.000703812,0.00399121
249,768,53,0.004569129,0.00068858,0.003880549
249,768,54,0.004595089,0.000629275,0.003965814
249,768,55,0.004483204,0.000559297,0.003923907
249,768,56,0.004649535,0.000557184,0.004092351
249,768,57,0.004425221,0.000526813,0.003898408
249,768,58,0.004519652,0.000581341,0.003938311
249,768,59,0.00651187,0.002972816,0.003539054
249,768,60,0.00508447,0.001392934,0.003691536
249,768,61,0.004359975,0.000511622,0.003848353
249,768,62,0.004275704,0.00049955,0.003776154
249,768,63,0.004269932,0.000497734,0.003772198
249,768,64,0.004130398,0.000522706,0.003607692
249,768,65,0.004180478,0.000707904,0.003472574
249,768,66,0.005882216,0.002545278,0.003336938
249,768,67,0.005061426,0.001684533,0.003376893
249,768,68,0.004680097,0.000937354,0.003742743
249,768,69,0.006889982,0.003336484,0.003553498
249,768,70,0.005024522,0.001566267,0.003458255
249,768,71,0.004502756,0.000935247,0.003567509
249,768,72,0.006500374,0.002883526,0.003616848
249,768,73,0.004934799,0.001248644,0.003686155
249,768,74,0.004498379,0.000811987,0.003686392
249,768,75,0.004137989,0.000470237,0.003667752
249,768,76,0.004264233,0.000569791,0.003694442
249,768,77,0.004823534,0.001132674,0.00369086
249,768,78,0.004156803,0.000499421,0.003657382
249,768,79,0.00588306,0.002117017,0.003766043
249,768,80,0.005800175,0.001805381,0.003994794
249,768,81,0.004746931,0.000796509,0.003950422
249,768,82,0.004483438,0.000539627,0.003943811
249,768,83,0.004357665,0.000561552,0.003796113
249,768,84,0.006934947,0.003093652,0.003841295
249,768,85,0.005038373,0.00124205,0.003796323
249,768,86,0.004579188,0.000701153,0.003878035
249,768,87,0.004326655,0.000588612,0.003738043
249,768,88,0.004239948,0.00057102,0.003668928
249,768,89,0.008653869,0.00495187,0.003701999
249,768,90,0.003987212,0.000463364,0.003523848
249,768,91,0.004168523,0.000628477,0.003540046
249,768,92,0.005494701,0.001897303,0.003597398
249,768,93,0.00562943,0.001985793,0.003643637
249,768,94,0.004411521,0.000730882,0.003680639
249,768,95,0.00689938,0.00313051,0.00376887
249,768,96,0.004465171,0.000714839,0.003750332
249,768,97,0.006934002,0.003454298,0.003479704
249,768,98,0.004696917,0.001233352,0.003463565
249,768,99,0.005851078,0.002272708,0.00357837
249,768,100,0.0042104,0.000486638,0.003723762
249,768,101,0.004268287,0.000430951,0.003837336
249,768,102,0.004452647,0.000500219,0.003952428
249,768,103,0.006671445,0.000529901,0.006141544
249,768,104,0.00562579,0.001213961,0.004411829
249,768,105,0.004217657,0.000457866,0.003759791
249,768,106,0.004331406,0.000467395,0.003864011
249,768,107,0.004353124,0.000551953,0.003801171
249,768,108,0.004312841,0.00056994,0.003742901
249,768,109,0.004257754,0.000570099,0.003687655
249,768,110,0.004017637,0.00051867,0.003498967
250,768,1,0.753646439,0.630589336,0.123057103
250,768,2,0.03497362,0.031953097,0.003020523
250,768,3,0.07682141,0.073806796,0.003014614
250,768,4,0.089994766,0.08693553,0.003059236
250,768,5,0.003923564,0.000730068,0.003193496
250,768,6,0.003661513,0.000414682,0.003246831
250,768,7,0.003721002,0.000493635,0.003227367
250,768,8,0.003895163,0.000691996,0.003203167
250,768,9,0.00374398,0.000566139,0.003177841
250,768,10,0.003893676,0.000617714,0.003275962
250,768,11,0.003837185,0.000483573,0.003353612
250,768,12,0.003891769,0.000424607,0.003467162
250,768,13,0.003995376,0.000433952,0.003561424
250,768,14,0.003936526,0.000421049,0.003515477
250,768,15,0.004103201,0.000443873,0.003659328
250,768,16,0.00421283,0.000470327,0.003742503
250,768,17,0.00442135,0.000474343,0.003947007
250,768,18,0.004311295,0.000497791,0.003813504
250,768,19,0.004103222,0.000543336,0.003559886
250,768,20,0.004043526,0.000495029,0.003548497
250,768,21,0.00399274,0.000458854,0.003533886
250,768,22,0.00417942,0.000583817,0.003595603
250,768,23,0.004260736,0.000792762,0.003467974
250,768,24,0.004439942,0.001054248,0.003385694
250,768,25,0.004415397,0.000995152,0.003420245
250,768,26,0.004620086,0.001013998,0.003606088
250,768,27,0.004520605,0.000870689,0.003649916
250,768,28,0.004561811,0.000837033,0.003724778
250,768,29,0.004476557,0.000817668,0.003658889
250,768,30,0.004673192,0.000905414,0.003767778
250,768,31,0.004586227,0.000802214,0.003784013
250,768,32,0.004646503,0.000857742,0.003788761
250,768,33,0.004765471,0.000990753,0.003774718
250,768,34,0.004551714,0.000690732,0.003860982
250,768,35,0.004685117,0.000898398,0.003786719
250,768,36,0.004641228,0.000830566,0.003810662
250,768,37,0.004674962,0.000839142,0.00383582
250,768,38,0.004536348,0.000705442,0.003830906
250,768,39,0.004630094,0.000833941,0.003796153
250,768,40,0.004574919,0.000765885,0.003809034
250,768,41,0.004862144,0.001033808,0.003828336
250,768,42,0.004580343,0.000717128,0.003863215
250,768,43,0.00445664,0.000650845,0.003805795
250,768,44,0.004632702,0.000773665,0.003859037
250,768,45,0.004530022,0.000697246,0.003832776
250,768,46,0.00468067,0.000724107,0.003956563
250,768,47,0.004426179,0.000581493,0.003844686
250,768,48,0.004744383,0.000755991,0.003988392
250,768,49,0.004524925,0.000600817,0.003924108
250,768,50,0.004664903,0.000587181,0.004077722
250,768,51,0.004529764,0.000621786,0.003907978
250,768,52,0.004688057,0.000569881,0.004118176
250,768,53,0.004521685,0.000614606,0.003907079
250,768,54,0.004720683,0.000572323,0.00414836
250,768,55,0.004563083,0.000567926,0.003995157
250,768,56,0.004680854,0.000552889,0.004127965
250,768,57,0.004484255,0.000540482,0.003943773
250,768,58,0.00738925,0.003853952,0.003535298
250,768,59,0.004948018,0.001348759,0.003599259
250,768,60,0.00422052,0.000512541,0.003707979
250,768,61,0.004376276,0.000525226,0.00385105
250,768,62,0.004241376,0.000515082,0.003726294
250,768,63,0.004181863,0.000484315,0.003697548
250,768,64,0.004145073,0.000495392,0.003649681
250,768,65,0.004091638,0.000578835,0.003512803
250,768,66,0.003975186,0.000616845,0.003358341
250,768,67,0.006331741,0.002966118,0.003365623
250,768,68,0.008157706,0.004610014,0.003547692
250,768,69,0.005118992,0.001474094,0.003644898
250,768,70,0.004456715,0.000849181,0.003607534
250,768,71,0.006500464,0.002968365,0.003532099
250,768,72,0.004825471,0.001282659,0.003542812
250,768,73,0.004554808,0.000792158,0.00376265
250,768,74,0.004196454,0.000541042,0.003655412
250,768,75,0.004128612,0.000502068,0.003626544
250,768,76,0.004505518,0.000822,0.003683518
250,768,77,0.004544745,0.000885502,0.003659243
250,768,78,0.005421506,0.001780184,0.003641322
250,768,79,0.005929261,0.001997807,0.003931454
250,768,80,0.00477516,0.000758188,0.004016972
250,768,81,0.004548563,0.00059455,0.003954013
250,768,82,0.004416263,0.000528373,0.00388789
250,768,83,0.006986652,0.003201683,0.003784969
250,768,84,0.005068131,0.00124694,0.003821191
250,768,85,0.00442321,0.000601243,0.003821967
250,768,86,0.004401894,0.00052174,0.003880154
250,768,87,0.004258097,0.000531575,0.003726522
250,768,88,0.004164564,0.00051092,0.003653644
250,768,89,0.004021078,0.000492453,0.003528625
250,768,90,0.008126709,0.00460588,0.003520829
250,768,91,0.006129028,0.002541784,0.003587244
250,768,92,0.005565986,0.001947801,0.003618185
250,768,93,0.004192428,0.000551942,0.003640486
250,768,94,0.006751345,0.003166656,0.003584689
250,768,95,0.004691234,0.000989553,0.003701681
250,768,96,0.00706338,0.000563649,0.006499731
250,768,97,0.004984464,0.001159321,0.003825143
250,768,98,0.005744451,0.002237946,0.003506505
250,768,99,0.004058418,0.000509596,0.003548822
250,768,100,0.004120197,0.000436379,0.003683818
250,768,101,0.004241949,0.00044798,0.003793969
250,768,102,0.004452825,0.000553534,0.003899291
250,768,103,0.004380247,0.00049189,0.003888357
250,768,104,0.006126473,0.002483528,0.003642945
250,768,105,0.005518785,0.001724049,0.003794736
250,768,106,0.004192994,0.00045557,0.003737424
250,768,107,0.004343537,0.000527565,0.003815972
250,768,108,0.00425844,0.00054415,0.00371429
250,768,109,0.004343764,0.000667002,0.003676762
250,768,110,0.004033399,0.00056863,0.003464769
251,768,1,0.752797634,0.62919418,0.123603454
251,768,2,0.059462768,0.056437332,0.003025436
251,768,3,0.187940733,0.184907777,0.003032956
251,768,4,0.003742216,0.000598488,0.003143728
251,768,5,0.00366952,0.000449555,0.003219965
251,768,6,0.003660819,0.000430513,0.003230306
251,768,7,0.00379394,0.000578686,0.003215254
251,768,8,0.003777643,0.000608872,0.003168771
251,768,9,0.003910349,0.00069388,0.003216469
251,768,10,0.00386623,0.000566996,0.003299234
251,768,11,0.003772222,0.000441958,0.003330264
251,768,12,0.003897613,0.000442171,0.003455442
251,768,13,0.003936561,0.000430042,0.003506519
251,768,14,0.003975301,0.000438821,0.00353648
251,768,15,0.004074012,0.000461192,0.00361282
251,768,16,0.004205889,0.000517503,0.003688386
251,768,17,0.00444842,0.000495321,0.003953099
251,768,18,0.00431379,0.000516419,0.003797371
251,768,19,0.004078658,0.000522358,0.0035563
251,768,20,0.003971936,0.000469795,0.003502141
251,768,21,0.00395477,0.000464103,0.003490667
251,768,22,0.004089057,0.000608874,0.003480183
251,768,23,0.004364881,0.000901172,0.003463709
251,768,24,0.004438201,0.001005498,0.003432703
251,768,25,0.00439509,0.000919816,0.003475274
251,768,26,0.004607344,0.000937802,0.003669542
251,768,27,0.004451022,0.000758566,0.003692456
251,768,28,0.004411571,0.000752338,0.003659233
251,768,29,0.00436084,0.000701695,0.003659145
251,768,30,0.004480499,0.000771801,0.003708698
251,768,31,0.004671549,0.000867631,0.003803918
251,768,32,0.004481978,0.00070412,0.003777858
251,768,33,0.004689695,0.00082382,0.003865875
251,768,34,0.004695434,0.000847348,0.003848086
251,768,35,0.004545666,0.000656489,0.003889177
251,768,36,0.00457711,0.000781719,0.003795391
251,768,37,0.004747762,0.000942161,0.003805601
251,768,38,0.004561391,0.000719552,0.003841839
251,768,39,0.004564563,0.000783422,0.003781141
251,768,40,0.004713515,0.000799488,0.003914027
251,768,41,0.004710418,0.000763614,0.003946804
251,768,42,0.004678659,0.00073975,0.003938909
251,768,43,0.004658457,0.000672239,0.003986218
251,768,44,0.004528521,0.000600701,0.00392782
251,768,45,0.004519689,0.000580923,0.003938766
251,768,46,0.004512696,0.000583865,0.003928831
251,768,47,0.004590325,0.000722025,0.0038683
251,768,48,0.004529683,0.000565091,0.003964592
251,768,49,0.004678925,0.000757915,0.00392101
251,768,50,0.004639651,0.000627231,0.00401242
251,768,51,0.004612882,0.0006316,0.003981282
251,768,52,0.004610089,0.00056606,0.004044029
251,768,53,0.004612947,0.000629648,0.003983299
251,768,54,0.00458753,0.000558407,0.004029123
251,768,55,0.004698837,0.000736235,0.003962602
251,768,56,0.004675786,0.000631246,0.00404454
251,768,57,0.006590136,0.002744308,0.003845828
251,768,58,0.005016964,0.001275751,0.003741213
251,768,59,0.004351847,0.000795506,0.003556341
251,768,60,0.005037907,0.001445477,0.00359243
251,768,61,0.004425821,0.000599791,0.00382603
251,768,62,0.004191174,0.000501513,0.003689661
251,768,63,0.00434137,0.000586469,0.003754901
251,768,64,0.004159743,0.000516786,0.003642957
251,768,65,0.004096951,0.000609911,0.00348704
251,768,66,0.007060533,0.003798711,0.003261822
251,768,67,0.007829371,0.004230243,0.003599128
251,768,68,0.005155485,0.001417246,0.003738239
251,768,69,0.004560759,0.000690649,0.00387011
251,768,70,0.006564762,0.003005704,0.003559058
251,768,71,0.004794826,0.001242349,0.003552477
251,768,72,0.004212319,0.000634414,0.003577905
251,768,73,0.004403793,0.00063053,0.003773263
251,768,74,0.004056484,0.000498546,0.003557938
251,768,75,0.00410818,0.00052234,0.00358584
251,768,76,0.00450232,0.000853726,0.003648594
251,768,77,0.005910938,0.002243323,0.003667615
251,768,78,0.005591325,0.00189554,0.003695785
251,768,79,0.004772266,0.000805414,0.003966852
251,768,80,0.004551896,0.000543086,0.00400881
251,768,81,0.004468919,0.000556998,0.003911921
251,768,82,0.004420886,0.000566827,0.003854059
251,768,83,0.004358327,0.00058395,0.003774377
251,768,84,0.006506855,0.002601311,0.003905544
251,768,85,0.004974423,0.001140605,0.003833818
251,768,86,0.004470399,0.000628107,0.003842292
251,768,87,0.004284864,0.000561019,0.003723845
251,768,88,0.00438695,0.000732588,0.003654362
251,768,89,0.006765677,0.00315355,0.003612127
251,768,90,0.007692159,0.004188429,0.00350373
251,768,91,0.005355649,0.001779745,0.003575904
251,768,92,0.004341817,0.000698821,0.003642996
251,768,93,0.006728296,0.003127471,0.003600825
251,768,94,0.004453095,0.000784069,0.003669026
251,768,95,0.004522308,0.000783074,0.003739234
251,768,96,0.004353964,0.000643672,0.003710292
251,768,97,0.009405718,0.004577429,0.004828289
251,768,98,0.00410512,0.000573174,0.003531946
251,768,99,0.003996423,0.000457836,0.003538587
251,768,100,0.004101804,0.000431808,0.003669996
251,768,101,0.004316046,0.000498168,0.003817878
251,768,102,0.00439578,0.000511731,0.003884049
251,768,103,0.004388258,0.000515623,0.003872635
251,768,104,0.004104107,0.000455445,0.003648662
251,768,105,0.005503519,0.00183023,0.003673289
251,768,106,0.00567664,0.001865144,0.003811496
251,768,107,0.00435476,0.000542632,0.003812128
251,768,108,0.004330863,0.000508313,0.00382255
251,768,109,0.00426343,0.000535729,0.003727701
251,768,110,0.003970706,0.000479069,0.003491637
252,768,1,0.761792961,0.637699728,0.124093233
252,768,2,0.046166952,0.043104975,0.003061977
252,768,3,0.048603494,0.045560708,0.003042786
252,768,4,0.124654739,0.121570445,0.003084294
252,768,5,0.003924426,0.000716574,0.003207852
252,768,6,0.003648959,0.000379061,0.003269898
252,768,7,0.003751815,0.000508857,0.003242958
252,768,8,0.003866882,0.000634779,0.003232103
252,768,9,0.00385235,0.000576315,0.003276035
252,768,10,0.00376758,0.000479658,0.003287922
252,768,11,0.003890628,0.000522121,0.003368507
252,768,12,0.003945013,0.000427602,0.003517411
252,768,13,0.003952644,0.000422113,0.003530531
252,768,14,0.00399954,0.000421156,0.003578384
252,768,15,0.004089494,0.00045439,0.003635104
252,768,16,0.004250431,0.00050769,0.003742741
252,768,17,0.004393096,0.000485163,0.003907933
252,768,18,0.004287578,0.000483948,0.00380363
252,768,19,0.004111767,0.000530001,0.003581766
252,768,20,0.004089613,0.000581212,0.003508401
252,768,21,0.004074328,0.000556291,0.003518037
252,768,22,0.004011453,0.000526282,0.003485171
252,768,23,0.004132609,0.000665399,0.00346721
252,768,24,0.004600369,0.001144911,0.003455458
252,768,25,0.004357638,0.000901029,0.003456609
252,768,26,0.004527364,0.000916339,0.003611025
252,768,27,0.004501482,0.000782899,0.003718583
252,768,28,0.00446338,0.000786282,0.003677098
252,768,29,0.004615216,0.000954072,0.003661144
252,768,30,0.004491849,0.00080995,0.003681899
252,768,31,0.004635856,0.000839754,0.003796102
252,768,32,0.004406768,0.000699043,0.003707725
252,768,33,0.004556919,0.000810438,0.003746481
252,768,34,0.004579814,0.000775433,0.003804381
252,768,35,0.004598814,0.000776715,0.003822099
252,768,36,0.00446342,0.000713442,0.003749978
252,768,37,0.004798546,0.000984791,0.003813755
252,768,38,0.004398203,0.000616484,0.003781719
252,768,39,0.00472207,0.000857529,0.003864541
252,768,40,0.004416341,0.000597262,0.003819079
252,768,41,0.004731411,0.000854815,0.003876596
252,768,42,0.004647225,0.000714428,0.003932797
252,768,43,0.004524316,0.000634785,0.003889531
252,768,44,0.004631986,0.000736725,0.003895261
252,768,45,0.00464507,0.000693446,0.003951624
252,768,46,0.004515009,0.000614562,0.003900447
252,768,47,0.0046912,0.000786649,0.003904551
252,768,48,0.004653397,0.000690956,0.003962441
252,768,49,0.004672907,0.000677195,0.003995712
252,768,50,0.004615555,0.000597362,0.004018193
252,768,51,0.004686399,0.000741122,0.003945277
252,768,52,0.004622173,0.000665631,0.003956542
252,768,53,0.00476083,0.000800414,0.003960416
252,768,54,0.004675426,0.000650206,0.00402522
252,768,55,0.004769209,0.000812339,0.00395687
252,768,56,0.004685246,0.000732732,0.003952514
252,768,57,0.004765547,0.000885314,0.003880233
252,768,58,0.005530348,0.001746747,0.003783601
252,768,59,0.004931287,0.001211702,0.003719585
252,768,60,0.004433488,0.000620522,0.003812966
252,768,61,0.005030504,0.001156547,0.003873957
252,768,62,0.004338933,0.000628595,0.003710338
252,768,63,0.004307374,0.000543444,0.00376393
252,768,64,0.004212653,0.000540569,0.003672084
252,768,65,0.008078578,0.004810541,0.003268037
252,768,66,0.007151587,0.003777887,0.0033737
252,768,67,0.005189858,0.001496236,0.003693622
252,768,68,0.004597699,0.000808761,0.003788938
252,768,69,0.006821155,0.003297323,0.003523832
252,768,70,0.004734772,0.001082615,0.003652157
252,768,71,0.004131053,0.000608571,0.003522482
252,768,72,0.004143138,0.000642485,0.003500653
252,768,73,0.004356581,0.000652821,0.00370376
252,768,74,0.004075378,0.000494261,0.003581117
252,768,75,0.004101429,0.000491019,0.00361041
252,768,76,0.005820894,0.00221477,0.003606124
252,768,77,0.005709518,0.00205817,0.003651348
252,768,78,0.004600159,0.000906966,0.003693193
252,768,79,0.004582671,0.000657316,0.003925355
252,768,80,0.004537391,0.000543159,0.003994232
252,768,81,0.004626654,0.000725489,0.003901165
252,768,82,0.004446872,0.000527717,0.003919155
252,768,83,0.004469229,0.000681215,0.003788014
252,768,84,0.006893508,0.003056374,0.003837134
252,768,85,0.004618951,0.000790106,0.003828845
252,768,86,0.004406274,0.000529282,0.003876992
252,768,87,0.00436981,0.000614709,0.003755101
252,768,88,0.006685003,0.003077479,0.003607524
252,768,89,0.005244777,0.001526903,0.003717874
252,768,90,0.004227033,0.000679432,0.003547601
252,768,91,0.006714059,0.003108678,0.003605381
252,768,92,0.007974151,0.004290837,0.003683314
252,768,93,0.004324422,0.000673618,0.003650804
252,768,94,0.004407115,0.00070523,0.003701885
252,768,95,0.004464291,0.000733184,0.003731107
252,768,96,0.00426174,0.000545182,0.003716558
252,768,97,0.00443362,0.00087881,0.00355481
252,768,98,0.008451109,0.004929647,0.003521462
252,768,99,0.004119975,0.000543813,0.003576162
252,768,100,0.004089665,0.000425501,0.003664164
252,768,101,0.004240604,0.000439632,0.003800972
252,768,102,0.004364425,0.000444763,0.003919662
252,768,103,0.004423902,0.000492828,0.003931074
252,768,104,0.004109632,0.000471247,0.003638385
252,768,105,0.004103729,0.000479886,0.003623843
252,768,106,0.005687073,0.001917325,0.003769748
252,768,107,0.005751606,0.001938144,0.003813462
252,768,108,0.004285763,0.000530426,0.003755337
252,768,109,0.004281093,0.000523469,0.003757624
252,768,110,0.004018541,0.000478702,0.003539839
253,768,1,0.750291572,0.626593878,0.123697694
253,768,2,0.077798572,0.074754703,0.003043869
253,768,3,0.068863314,0.065811487,0.003051827
253,768,4,0.003853935,0.000685712,0.003168223
253,768,5,0.106026485,0.102885306,0.003141179
253,768,6,0.004138739,0.000821468,0.003317271
253,768,7,0.003753276,0.000464528,0.003288748
253,768,8,0.003677561,0.000483499,0.003194062
253,768,9,0.003920118,0.000665954,0.003254164
253,768,10,0.003846025,0.000519145,0.00332688
253,768,11,0.003774246,0.00040338,0.003370866
253,768,12,0.003994782,0.000438467,0.003556315
253,768,13,0.004009847,0.000432455,0.003577392
253,768,14,0.003996282,0.000428673,0.003567609
253,768,15,0.004246158,0.000449092,0.003797066
253,768,16,0.004417583,0.000500008,0.003917575
253,768,17,0.004412562,0.000520237,0.003892325
253,768,18,0.004480694,0.000618629,0.003862065
253,768,19,0.004116039,0.000539462,0.003576577
253,768,20,0.004126996,0.000544345,0.003582651
253,768,21,0.004018595,0.000501744,0.003516851
253,768,22,0.003994748,0.000469535,0.003525213
253,768,23,0.00402714,0.000567758,0.003459382
253,768,24,0.004376224,0.000879378,0.003496846
253,768,25,0.004307003,0.000835364,0.003471639
253,768,26,0.004844862,0.001037645,0.003807217
253,768,27,0.00455675,0.000783437,0.003773313
253,768,28,0.004562978,0.000784961,0.003778017
253,768,29,0.004577829,0.000785104,0.003792725
253,768,30,0.004601657,0.000785247,0.00381641
253,768,31,0.004605642,0.000793538,0.003812104
253,768,32,0.004608902,0.000701173,0.003907729
253,768,33,0.004456287,0.000640328,0.003815959
253,768,34,0.004662732,0.000785882,0.00387685
253,768,35,0.004473492,0.00063161,0.003841882
253,768,36,0.004782373,0.000811273,0.0039711
253,768,37,0.00434963,0.000519582,0.003830048
253,768,38,0.004704345,0.000813148,0.003891197
253,768,39,0.004514262,0.000556343,0.003957919
253,768,40,0.00467873,0.000739795,0.003938935
253,768,41,0.004548597,0.000540193,0.004008404
253,768,42,0.004560903,0.000561359,0.003999544
253,768,43,0.004519172,0.000531462,0.00398771
253,768,44,0.004735716,0.000561423,0.004174293
253,768,45,0.004552077,0.000540456,0.004011621
253,768,46,0.004687484,0.00055146,0.004136024
253,768,47,0.004612499,0.000583035,0.004029464
253,768,48,0.004703406,0.000538677,0.004164729
253,768,49,0.004590772,0.000560589,0.004030183
253,768,50,0.004729125,0.000583371,0.004145754
253,768,51,0.004607827,0.00059611,0.004011717
253,768,52,0.004793306,0.000605774,0.004187532
253,768,53,0.004616312,0.000600333,0.004015979
253,768,54,0.004796984,0.000607882,0.004189102
253,768,55,0.004733086,0.00059314,0.004139946
253,768,56,0.004819375,0.000707661,0.004111714
253,768,57,0.004653036,0.000628651,0.004024385
253,768,58,0.004576145,0.000605676,0.003970469
253,768,59,0.004369358,0.000592783,0.003776575
253,768,60,0.004832504,0.001012278,0.003820226
253,768,61,0.004489203,0.000653039,0.003836164
253,768,62,0.005323285,0.00161847,0.003704815
253,768,63,0.004456455,0.000620268,0.003836187
253,768,64,0.008814326,0.005364823,0.003449503
253,768,65,0.006956553,0.003702397,0.003254156
253,768,66,0.004723359,0.001282781,0.003440578
253,768,67,0.004664901,0.000986525,0.003678376
253,768,68,0.004390622,0.000565773,0.003824849
253,768,69,0.004340407,0.000469387,0.00387102
253,768,70,0.005857275,0.002228177,0.003629098
253,768,71,0.004736355,0.001145727,0.003590628
253,768,72,0.004307274,0.000659296,0.003647978
253,768,73,0.004279482,0.000466096,0.003813386
253,768,74,0.004157136,0.000523221,0.003633915
253,768,75,0.006103647,0.002459665,0.003643982
253,768,76,0.005733243,0.002036687,0.003696556
253,768,77,0.004433992,0.000745187,0.003688805
253,768,78,0.004428759,0.000650506,0.003778253
253,768,79,0.004706109,0.000708559,0.00399755
253,768,80,0.004678768,0.000537741,0.004141027
253,768,81,0.004426108,0.000499462,0.003926646
253,768,82,0.004605708,0.000618923,0.003986785
253,768,83,0.006863512,0.00300967,0.003853842
253,768,84,0.00458771,0.000481193,0.004106517
253,768,85,0.004379181,0.000566771,0.00381241
253,768,86,0.004505528,0.000519465,0.003986063
253,768,87,0.006822399,0.003080522,0.003741877
253,768,88,0.00481876,0.001249231,0.003569529
253,768,89,0.004593416,0.000878449,0.003714967
253,768,90,0.00685078,0.003242656,0.003608124
253,768,91,0.0046866,0.001115082,0.003571518
253,768,92,0.00415048,0.000498067,0.003652413
253,768,93,0.006749816,0.00309955,0.003650266
253,768,94,0.004435791,0.000705279,0.003730512
253,768,95,0.004564466,0.000773064,0.003791402
253,768,96,0.00428132,0.000533354,0.003747966
253,768,97,0.004229976,0.000710333,0.003519643
253,768,98,0.004288557,0.000785314,0.003503243
253,768,99,0.008360937,0.004797132,0.003563805
253,768,100,0.004238732,0.000507725,0.003731007
253,768,101,0.004344999,0.000441229,0.00390377
253,768,102,0.004423228,0.000445434,0.003977794
253,768,103,0.004464599,0.000478714,0.003985885
253,768,104,0.00419051,0.000483086,0.003707424
253,768,105,0.004090955,0.000479905,0.00361105
253,768,106,0.004424407,0.000522891,0.003901516
253,768,107,0.005322252,0.001353774,0.003968478
253,768,108,0.005669035,0.001761259,0.003907776
253,768,109,0.004274836,0.000525962,0.003748874
253,768,110,0.004005364,0.000471297,0.003534067
254,768,1,0.752685263,0.628595467,0.124089796
254,768,2,0.074929787,0.071908491,0.003021296
254,768,3,0.065967283,0.062930698,0.003036585
254,768,4,0.006502108,0.003472412,0.003029696
254,768,5,0.015612818,0.012598636,0.003014182
254,768,6,0.094335303,0.091238299,0.003097004
254,768,7,0.004211924,0.001016885,0.003195039
254,768,8,0.003781072,0.000611343,0.003169729
254,768,9,0.003938906,0.00071933,0.003219576
254,768,10,0.003878896,0.000572044,0.003306852
254,768,11,0.003830279,0.000463926,0.003366353
254,768,12,0.003929339,0.000427625,0.003501714
254,768,13,0.004002325,0.000430523,0.003571802
254,768,14,0.003991949,0.000435947,0.003556002
254,768,15,0.004099432,0.000445789,0.003653643
254,768,16,0.00439793,0.00053422,0.00386371
254,768,17,0.004629223,0.000581355,0.004047868
254,768,18,0.00432826,0.000495148,0.003833112
254,768,19,0.004158621,0.000524457,0.003634164
254,768,20,0.003999078,0.000470762,0.003528316
254,768,21,0.004034021,0.000546665,0.003487356
254,768,22,0.004203422,0.000674157,0.003529265
254,768,23,0.00435436,0.000895006,0.003459354
254,768,24,0.004365967,0.00093453,0.003431437
254,768,25,0.00454838,0.001063369,0.003485011
254,768,26,0.004549424,0.000988897,0.003560527
254,768,27,0.004800278,0.001188267,0.003612011
254,768,28,0.004635778,0.000974784,0.003660994
254,768,29,0.004698884,0.001031164,0.00366772
254,768,30,0.004615824,0.000839576,0.003776248
254,768,31,0.004534043,0.000777496,0.003756547
254,768,32,0.004723738,0.000840105,0.003883633
254,768,33,0.0045352,0.000722819,0.003812381
254,768,34,0.004506363,0.000729682,0.003776681
254,768,35,0.00465823,0.000825614,0.003832616
254,768,36,0.004486714,0.000718811,0.003767903
254,768,37,0.004601944,0.000794084,0.00380786
254,768,38,0.004549375,0.000675672,0.003873703
254,768,39,0.004610446,0.000742711,0.003867735
254,768,40,0.00449767,0.000580509,0.003917161
254,768,41,0.004490889,0.000556626,0.003934263
254,768,42,0.004600833,0.00057394,0.004026893
254,768,43,0.004516163,0.000578114,0.003938049
254,768,44,0.004606585,0.00055533,0.004051255
254,768,45,0.004500858,0.000566794,0.003934064
254,768,46,0.004570548,0.00052651,0.004044038
254,768,47,0.004545078,0.000573418,0.00397166
254,768,48,0.004592365,0.00054918,0.004043185
254,768,49,0.004576091,0.000565788,0.004010303
254,768,50,0.004604011,0.000576248,0.004027763
254,768,51,0.004567329,0.00057764,0.003989689
254,768,52,0.004616393,0.000560059,0.004056334
254,768,53,0.004675691,0.00065286,0.004022831
254,768,54,0.004668415,0.000577903,0.004090512
254,768,55,0.004803222,0.000729247,0.004073975
254,768,56,0.004701281,0.000669822,0.004031459
254,768,57,0.004826426,0.0007977,0.004028726
254,768,58,0.004501727,0.000643521,0.003858206
254,768,59,0.00442959,0.000687456,0.003742134
254,768,60,0.005700924,0.001993325,0.003707599
254,768,61,0.005582296,0.001828132,0.003754164
254,768,62,0.004318346,0.000494121,0.003824225
254,768,63,0.006516148,0.002807323,0.003708825
254,768,64,0.004306699,0.000895327,0.003411372
254,768,65,0.005301086,0.002061466,0.00323962
254,768,66,0.007389705,0.003974219,0.003415486
254,768,67,0.005163271,0.0014199,0.003743371
254,768,68,0.004575738,0.000804308,0.00377143
254,768,69,0.004300547,0.000505986,0.003794561
254,768,70,0.004164895,0.000460203,0.003704692
254,768,71,0.005800524,0.002181673,0.003618851
254,768,72,0.004721576,0.001103453,0.003618123
254,768,73,0.00473888,0.000885248,0.003853632
254,768,74,0.006148512,0.002631811,0.003516701
254,768,75,0.005837719,0.002160085,0.003677634
254,768,76,0.004691564,0.000947973,0.003743591
254,768,77,0.004142168,0.000450692,0.003691476
254,768,78,0.00449669,0.000773391,0.003723299
254,768,79,0.004750213,0.000741712,0.004008501
254,768,80,0.004635969,0.000520162,0.004115807
254,768,81,0.004524718,0.000506487,0.004018231
254,768,82,0.007004349,0.003200199,0.00380415
254,768,83,0.004364237,0.000542828,0.003821409
254,768,84,0.004518878,0.000561553,0.003957325
254,768,85,0.004346333,0.000552153,0.00379418
254,768,86,0.00441517,0.000534944,0.003880226
254,768,87,0.004326431,0.000523718,0.003802713
254,768,88,0.006035589,0.002454266,0.003581323
254,768,89,0.008503577,0.001779258,0.006724319
254,768,90,0.004940453,0.001264894,0.003675559
254,768,91,0.004081102,0.000545846,0.003535256
254,768,92,0.004099791,0.000459756,0.003640035
254,768,93,0.004120876,0.000492013,0.003628863
254,768,94,0.006436881,0.0027623,0.003674581
254,768,95,0.004579645,0.000814245,0.0037654
254,768,96,0.004335565,0.000584176,0.003751389
254,768,97,0.00428882,0.000792643,0.003496177
254,768,98,0.004287347,0.000801221,0.003486126
254,768,99,0.004267705,0.000789318,0.003478387
254,768,100,0.008123128,0.004426179,0.003696949
254,768,101,0.004461285,0.000580002,0.003881283
254,768,102,0.004416281,0.000514482,0.003901799
254,768,103,0.00449085,0.000499573,0.003991277
254,768,104,0.00414359,0.000510384,0.003633206
254,768,105,0.004081922,0.000501805,0.003580117
254,768,106,0.004351356,0.000533837,0.003817519
254,768,107,0.004429899,0.000564085,0.003865814
254,768,108,0.005251745,0.001452115,0.00379963
254,768,109,0.005736422,0.001948104,0.003788318
254,768,110,0.004046122,0.000501504,0.003544618
255,768,1,0.617064519,0.490793546,0.126270973
255,768,2,0.138957964,0.135939119,0.003018845
255,768,3,0.074880406,0.071864667,0.003015739
255,768,4,0.065990519,0.0629667,0.003023819
255,768,5,0.006488743,0.003457262,0.003031481
255,768,6,0.015599471,0.012582971,0.0030165
255,768,7,0.094514946,0.091385572,0.003129374
255,768,8,0.004201743,0.001109455,0.003092288
255,768,9,0.004078093,0.00084735,0.003230743
255,768,10,0.003903929,0.000618151,0.003285778
255,768,11,0.003752252,0.00044286,0.003309392
255,768,12,0.003948636,0.000506975,0.003441661
255,768,13,0.004008142,0.00050686,0.003501282
255,768,14,0.004032596,0.000503875,0.003528721
255,768,15,0.004095118,0.000447917,0.003647201
255,768,16,0.004154127,0.000457114,0.003697013
255,768,17,0.004659139,0.00065372,0.004005419
255,768,18,0.004385136,0.000614514,0.003770622
255,768,19,0.004197773,0.000580354,0.003617419
255,768,20,0.004065665,0.00053333,0.003532335
255,768,21,0.003955769,0.000419837,0.003535932
255,768,22,0.004141093,0.000649901,0.003491192
255,768,23,0.004376842,0.000951363,0.003425479
255,768,24,0.004389151,0.000914851,0.0034743
255,768,25,0.004422635,0.000976749,0.003445886
255,768,26,0.004672072,0.001044212,0.00362786
255,768,27,0.004639196,0.000939282,0.003699914
255,768,28,0.004595934,0.000869347,0.003726587
255,768,29,0.004508321,0.000798391,0.00370993
255,768,30,0.004723836,0.001007997,0.003715839
255,768,31,0.004745771,0.000919018,0.003826753
255,768,32,0.004469518,0.000685931,0.003783587
255,768,33,0.004683151,0.000909486,0.003773665
255,768,34,0.004611481,0.00075701,0.003854471
255,768,35,0.00445561,0.000653316,0.003802294
255,768,36,0.004665936,0.000841866,0.00382407
255,768,37,0.004484463,0.000681339,0.003803124
255,768,38,0.004808683,0.000871354,0.003937329
255,768,39,0.004378607,0.000536427,0.00384218
255,768,40,0.004690669,0.000762527,0.003928142
255,768,41,0.004547602,0.000573427,0.003974175
255,768,42,0.004424253,0.000510048,0.003914205
255,768,43,0.004615377,0.000696918,0.003918459
255,768,44,0.004548799,0.000619337,0.003929462
255,768,45,0.004532473,0.000604576,0.003927897
255,768,46,0.004610028,0.000618392,0.003991636
255,768,47,0.004599347,0.000615051,0.003984296
255,768,48,0.004571614,0.000516741,0.004054873
255,768,49,0.004546553,0.000531654,0.004014899
255,768,50,0.004660973,0.000588586,0.004072387
255,768,51,0.004516084,0.000526041,0.003990043
255,768,52,0.004618153,0.000589693,0.00402846
255,768,53,0.004617196,0.000577295,0.004039901
255,768,54,0.004713773,0.000622797,0.004090976
255,768,55,0.004601206,0.000588506,0.0040127
255,768,56,0.004848491,0.000799917,0.004048574
255,768,57,0.004503504,0.000579525,0.003923979
255,768,58,0.004776191,0.000963636,0.003812555
255,768,59,0.004520128,0.000676672,0.003843456
255,768,60,0.00408322,0.000529776,0.003553444
255,768,61,0.005801793,0.002126894,0.003674899
255,768,62,0.008720791,0.005078473,0.003642318
255,768,63,0.004651708,0.001000344,0.003651364
255,768,64,0.00388152,0.000468334,0.003413186
255,768,65,0.003837481,0.000448023,0.003389458
255,768,66,0.004590397,0.00128973,0.003300667
255,768,67,0.007888244,0.004356764,0.00353148
255,768,68,0.004976604,0.001290672,0.003685932
255,768,69,0.004718218,0.000987521,0.003730697
255,768,70,0.004232737,0.000518441,0.003714296
255,768,71,0.004204681,0.000501913,0.003702768
255,768,72,0.005665703,0.002070356,0.003595347
255,768,73,0.004870922,0.001137686,0.003733236
255,768,74,0.004639218,0.000984563,0.003654655
255,768,75,0.006350093,0.002777882,0.003572211
255,768,76,0.005809448,0.002148585,0.003660863
255,768,77,0.004514433,0.000875469,0.003638964
255,768,78,0.004395024,0.000710104,0.00368492
255,768,79,0.004673625,0.000701612,0.003972013
255,768,80,0.004746486,0.000668766,0.00407772
255,768,81,0.007900098,0.003990564,0.003909534
255,768,82,0.004361451,0.000554791,0.00380666
255,768,83,0.004269156,0.000510534,0.003758622
255,768,84,0.004451807,0.000590182,0.003861625
255,768,85,0.004234093,0.000470316,0.003763777
255,768,86,0.004320188,0.000480079,0.003840109
255,768,87,0.004281785,0.000485603,0.003796182
255,768,88,0.004097392,0.000484732,0.00361266
255,768,89,0.006094869,0.002448146,0.003646723
255,768,90,0.008383317,0.004869516,0.003513801
255,768,91,0.004785736,0.001222472,0.003563264
255,768,92,0.004045391,0.000456835,0.003588556
255,768,93,0.004157182,0.000494397,0.003662785
255,768,94,0.004077118,0.000496783,0.003580335
255,768,95,0.006855439,0.003052489,0.00380295
255,768,96,0.004368481,0.000646044,0.003722437
255,768,97,0.004145417,0.000653169,0.003492248
255,768,98,0.004286588,0.00081334,0.003473248
255,768,99,0.004281868,0.000838273,0.003443595
255,768,100,0.004298089,0.000749359,0.00354873
255,768,101,0.008263257,0.004458116,0.003805141
255,768,102,0.004594729,0.000711146,0.003883583
255,768,103,0.004389977,0.000491076,0.003898901
255,768,104,0.004243577,0.000601323,0.003642254
255,768,105,0.004110784,0.000535213,0.003575571
255,768,106,0.00421489,0.000473076,0.003741814
255,768,107,0.004331967,0.000581349,0.003750618
255,768,108,0.004485583,0.000735336,0.003750247
255,768,109,0.005239067,0.001458659,0.003780408
255,768,110,0.005518879,0.001951888,0.003566991
256,768,1,0.627935807,0.501947471,0.125988336
256,768,2,0.107674356,0.104642793,0.003031563
256,768,3,0.064998406,0.061971219,0.003027187
256,768,4,0.007678199,0.004667626,0.003010573
256,768,5,0.062648275,0.05961961,0.003028665
256,768,6,0.004087684,0.000906931,0.003180753
256,768,7,0.003634271,0.00052442,0.003109851
256,768,8,0.022393918,0.019374944,0.003018974
256,768,9,0.004150552,0.00114324,0.003007312
256,768,10,0.003949655,0.00081947,0.003130185
256,768,11,0.003377355,0.000297378,0.003079977
256,768,12,0.025718791,0.022701881,0.00301691
256,768,13,0.030608059,0.027585443,0.003022616
256,768,14,0.004435335,0.001305632,0.003129703
256,768,15,0.004554239,0.00142401,0.003130229
256,768,16,0.004379898,0.001283843,0.003096055
256,768,17,0.004303878,0.001122061,0.003181817
256,768,18,0.00400585,0.00078138,0.00322447
256,768,19,0.004336347,0.001152765,0.003183582
256,768,20,0.004029411,0.000812768,0.003216643
256,768,21,0.004214873,0.000873704,0.003341169
256,768,22,0.004392766,0.000940318,0.003452448
256,768,23,0.004118986,0.000604506,0.00351448
256,768,24,0.017509402,0.013620965,0.003888437
256,768,25,0.005075366,0.001433527,0.003641839
256,768,26,0.004908783,0.001459269,0.003449514
256,768,27,0.004718828,0.001276881,0.003441947
256,768,28,0.004724498,0.001227007,0.003497491
256,768,29,0.004820282,0.001341128,0.003479154
256,768,30,0.004405283,0.000993826,0.003411457
256,768,31,0.014052852,0.010507462,0.00354539
256,768,32,0.005693872,0.002093432,0.00360044
256,768,33,0.005968005,0.002493726,0.003474279
256,768,34,0.005767458,0.002195552,0.003571906
256,768,35,0.005987555,0.002313823,0.003673732
256,768,36,0.006090876,0.002466439,0.003624437
256,768,37,0.005158136,0.001421576,0.00373656
256,768,38,0.004898274,0.001126379,0.003771895
256,768,39,0.004983061,0.001293318,0.003689743
256,768,40,0.004927024,0.001136691,0.003790333
256,768,41,0.005075182,0.001192858,0.003882324
256,768,42,0.004967827,0.001130132,0.003837695
256,768,43,0.004866698,0.001001317,0.003865381
256,768,44,0.004549118,0.000619202,0.003929916
256,768,45,0.004848283,0.000907406,0.003940877
256,768,46,0.004687866,0.00072151,0.003966356
256,768,47,0.004550393,0.000578901,0.003971492
256,768,48,0.005035862,0.001096752,0.00393911
256,768,49,0.004549445,0.000670529,0.003878916
256,768,50,0.004675565,0.000684049,0.003991516
256,768,51,0.004751154,0.000866204,0.00388495
256,768,52,0.004934373,0.000959389,0.003974984
256,768,53,0.004592473,0.000725527,0.003866946
256,768,54,0.004723412,0.000742251,0.003981161
256,768,55,0.00489894,0.001026862,0.003872078
256,768,56,0.004799554,0.000944077,0.003855477
256,768,57,0.004680458,0.000856796,0.003823662
256,768,58,0.004668761,0.000829347,0.003839414
256,768,59,0.004632944,0.000872565,0.003760379
256,768,60,0.004634246,0.000936285,0.003697961
256,768,61,0.004223834,0.000633172,0.003590662
256,768,62,0.004503535,0.000737921,0.003765614
256,768,63,0.004848721,0.001029168,0.003819553
256,768,64,0.00441605,0.000667294,0.003748756
256,768,65,0.004555318,0.000799585,0.003755733
256,768,66,0.004547566,0.000918211,0.003629355
256,768,67,0.004722039,0.001231693,0.003490346
256,768,68,0.004544887,0.001170784,0.003374103
256,768,69,0.004414782,0.001002872,0.00341191
256,768,70,0.004987314,0.001434898,0.003552416
256,768,71,0.004775603,0.001044411,0.003731192
256,768,72,0.005208167,0.001432726,0.003775441
256,768,73,0.005108065,0.001458599,0.003649466
256,768,74,0.004396965,0.000816766,0.003580199
256,768,75,0.004843208,0.00129305,0.003550158
256,768,76,0.007361216,0.003857619,0.003503597
256,768,77,0.004650426,0.001085337,0.003565089
256,768,78,0.004622979,0.001011583,0.003611396
256,768,79,0.004540139,0.000897634,0.003642505
256,768,80,0.006635092,0.003039729,0.003595363
256,768,81,0.005996909,0.002141245,0.003855664
256,768,82,0.004527528,0.000494935,0.004032593
256,768,83,0.004450488,0.000552574,0.003897914
256,768,84,0.004380549,0.000558789,0.00382176
256,768,85,0.004333049,0.000555184,0.003777865
256,768,86,0.004547962,0.000711988,0.003835974
256,768,87,0.004337096,0.000481177,0.003855919
256,768,88,0.004335149,0.000528705,0.003806444
256,768,89,0.004371042,0.000487051,0.003883991
256,768,90,0.004839403,0.001025368,0.003814035
256,768,91,0.00412389,0.000527602,0.003596288
256,768,92,0.005444899,0.001881772,0.003563127
256,768,93,0.004219796,0.000669968,0.003549828
256,768,94,0.006747375,0.003173434,0.003573941
256,768,95,0.003990179,0.000445678,0.003544501
256,768,96,0.008850537,0.005217955,0.003632582
256,768,97,0.004495505,0.000888039,0.003607466
256,768,98,0.004439515,0.000707947,0.003731568
256,768,99,0.004251394,0.000494327,0.003757067
256,768,100,0.004435579,0.000906565,0.003529014
256,768,101,0.006776677,0.003296308,0.003480369
256,768,102,0.009385698,0.004000822,0.005384876
256,768,103,0.007663501,0.003198784,0.004464717
256,768,104,0.004463236,0.000607163,0.003856073
256,768,105,0.005303982,0.001733382,0.0035706
256,768,106,0.004496152,0.000884668,0.003611484
256,768,107,0.004701041,0.000965891,0.00373515
256,768,108,0.005887716,0.002159519,0.003728197
256,768,109,0.005634303,0.001903726,0.003730577
256,768,110,0.004293859,0.00057389,0.003719969
257,768,1,0.757674586,0.633826418,0.123848168
257,768,2,0.065042802,0.062005298,0.003037504
257,768,3,0.007657196,0.004628882,0.003028314
257,768,4,0.062607064,0.059579568,0.003027496
257,768,5,0.003905626,0.000802901,0.003102725
257,768,6,0.003746075,0.000617833,0.003128242
257,768,7,0.022505951,0.019485586,0.003020365
257,768,8,0.004201069,0.001050768,0.003150301
257,768,9,0.003478038,0.000394427,0.003083611
257,768,10,0.003709844,0.00058993,0.003119914
257,768,11,0.025718761,0.022699575,0.003019186
257,768,12,0.030585111,0.027566326,0.003018785
257,768,13,0.004141602,0.001124809,0.003016793
257,768,14,0.004279123,0.001115754,0.003163369
257,768,15,0.004284332,0.001124401,0.003159931
257,768,16,0.004147094,0.001042751,0.003104343
257,768,17,0.004306175,0.001164858,0.003141317
257,768,18,0.004112205,0.00091732,0.003194885
257,768,19,0.004259939,0.001011057,0.003248882
257,768,20,0.004290888,0.000864781,0.003426107
257,768,21,0.003951841,0.000604929,0.003346912
257,768,22,0.004355097,0.000901555,0.003453542
257,768,23,0.016821633,0.013074069,0.003747564
257,768,24,0.005755614,0.00177068,0.003984934
257,768,25,0.00479222,0.001063952,0.003728268
257,768,26,0.00478158,0.001259356,0.003522224
257,768,27,0.004525528,0.000940686,0.003584842
257,768,28,0.004858258,0.001305338,0.00355292
257,768,29,0.004590993,0.001091852,0.003499141
257,768,30,0.01436645,0.010866564,0.003499886
257,768,31,0.005454751,0.001898454,0.003556297
257,768,32,0.006222798,0.002717942,0.003504856
257,768,33,0.00571201,0.002059735,0.003652275
257,768,34,0.005876096,0.002215122,0.003660974
257,768,35,0.006047621,0.002297548,0.003750073
257,768,36,0.0050308,0.001210389,0.003820411
257,768,37,0.004937407,0.001056908,0.003880499
257,768,38,0.005043554,0.001236731,0.003806823
257,768,39,0.004814424,0.000975976,0.003838448
257,768,40,0.004954888,0.001088964,0.003865924
257,768,41,0.004991063,0.001001203,0.00398986
257,768,42,0.00478424,0.000892503,0.003891737
257,768,43,0.004590299,0.000630948,0.003959351
257,768,44,0.004860215,0.000896551,0.003963664
257,768,45,0.004683957,0.00071716,0.003966797
257,768,46,0.004548517,0.000643994,0.003904523
257,768,47,0.005058202,0.001070974,0.003987228
257,768,48,0.004536512,0.000613039,0.003923473
257,768,49,0.004621219,0.000619906,0.004001313
257,768,50,0.004812899,0.000858345,0.003954554
257,768,51,0.004835904,0.000910323,0.003925581
257,768,52,0.004699256,0.000700505,0.003998751
257,768,53,0.004622675,0.000695142,0.003927533
257,768,54,0.004951087,0.000959829,0.003991258
257,768,55,0.004791872,0.000744235,0.004047637
257,768,56,0.004752396,0.000826078,0.003926318
257,768,57,0.004674506,0.000742018,0.003932488
257,768,58,0.004693395,0.000942245,0.00375115
257,768,59,0.004652024,0.000820526,0.003831498
257,768,60,0.004340523,0.000698618,0.003641905
257,768,61,0.004362677,0.000705929,0.003656748
257,768,62,0.004480811,0.000727872,0.003752939
257,768,63,0.004773612,0.000955891,0.003817721
257,768,64,0.004590076,0.000774547,0.003815529
257,768,65,0.004590676,0.000730229,0.003860447
257,768,66,0.004730316,0.001111295,0.003619021
257,768,67,0.004590426,0.001074908,0.003515518
257,768,68,0.004358732,0.001001927,0.003356805
257,768,69,0.004762122,0.001272411,0.003489711
257,768,70,0.004852972,0.001159432,0.00369354
257,768,71,0.005101895,0.001262681,0.003839214
257,768,72,0.00523259,0.001334456,0.003898134
257,768,73,0.004443597,0.000660733,0.003782864
257,768,74,0.004813144,0.001135489,0.003677655
257,768,75,0.007126754,0.003689241,0.003437513
257,768,76,0.004642062,0.001128928,0.003513134
257,768,77,0.004636022,0.001004276,0.003631746
257,768,78,0.004481422,0.000861691,0.003619731
257,768,79,0.004664171,0.000903835,0.003760336
257,768,80,0.004393216,0.000700118,0.003693098
257,768,81,0.006011662,0.002273476,0.003738186
257,768,82,0.005980946,0.002051506,0.00392944
257,768,83,0.004609997,0.000663324,0.003946673
257,768,84,0.004486333,0.000646876,0.003839457
257,768,85,0.004441644,0.00060419,0.003837454
257,768,86,0.004494556,0.000651229,0.003843327
257,768,87,0.004511818,0.000558384,0.003953434
257,768,88,0.004438246,0.000560339,0.003877907
257,768,89,0.005010268,0.001092813,0.003917455
257,768,90,0.004358149,0.000530526,0.003827623
257,768,91,0.005415946,0.001807155,0.003608791
257,768,92,0.004211877,0.000591512,0.003620365
257,768,93,0.006727312,0.003178307,0.003549005
257,768,94,0.00404324,0.000469933,0.003573307
257,768,95,0.008547896,0.004887825,0.003660071
257,768,96,0.004666392,0.001050895,0.003615497
257,768,97,0.004380224,0.000680803,0.003699421
257,768,98,0.004279324,0.000496993,0.003782331
257,768,99,0.0046329,0.000872349,0.003760551
257,768,100,0.006889363,0.003380513,0.00350885
257,768,101,0.007401628,0.003899614,0.003502014
257,768,102,0.008443142,0.00332874,0.005114402
257,768,103,0.005125477,0.001255501,0.003869976
257,768,104,0.005627115,0.001705167,0.003921948
257,768,105,0.004250563,0.000623333,0.00362723
257,768,106,0.004296837,0.000687571,0.003609266
257,768,107,0.006442785,0.002654736,0.003788049
257,768,108,0.005641091,0.001833933,0.003807158
257,768,109,0.004361565,0.000622042,0.003739523
257,768,110,0.005844695,0.002170293,0.003674402
258,768,1,0.752360311,0.629933625,0.122426686
258,768,2,0.003561096,0.000452765,0.003108331
258,768,3,0.063963821,0.06094053,0.003023291
258,768,4,0.006240812,0.003209775,0.003031037
258,768,5,0.004033623,0.000854248,0.003179375
258,768,6,0.003532402,0.000414751,0.003117651
258,768,7,0.003668568,0.000525901,0.003142667
258,768,8,0.021854965,0.018828137,0.003026828
258,768,9,0.004138585,0.001121418,0.003017167
258,768,10,0.026507524,0.023486928,0.003020596
258,768,11,0.03056284,0.027547144,0.003015696
258,768,12,0.004106897,0.001088317,0.00301858
258,768,13,0.003984651,0.000863119,0.003121532
258,768,14,0.003926449,0.000796297,0.003130152
258,768,15,0.003951803,0.000808953,0.00314285
258,768,16,0.004186141,0.001075182,0.003110959
258,768,17,0.004302811,0.001092921,0.00320989
258,768,18,0.004052297,0.000835924,0.003216373
258,768,19,0.004277011,0.001025498,0.003251513
258,768,20,0.003967944,0.000678556,0.003289388
258,768,21,0.004181336,0.000822907,0.003358429
258,768,22,0.016757357,0.013243911,0.003513446
258,768,23,0.005530394,0.001876096,0.003654298
258,768,24,0.005444268,0.001415362,0.004028906
258,768,25,0.004684945,0.000952002,0.003732943
258,768,26,0.004582537,0.001010977,0.00357156
258,768,27,0.00476819,0.001242764,0.003525426
258,768,28,0.004582502,0.001089608,0.003492894
258,768,29,0.014920425,0.011628714,0.003291711
258,768,30,0.005264915,0.001849165,0.00341575
258,768,31,0.006413391,0.002831392,0.003581999
258,768,32,0.005577733,0.001960993,0.00361674
258,768,33,0.005852646,0.002272023,0.003580623
258,768,34,0.005896381,0.002276014,0.003620367
258,768,35,0.005003119,0.001261729,0.00374139
258,768,36,0.004909176,0.001129806,0.00377937
258,768,37,0.005033924,0.001203463,0.003830461
258,768,38,0.004599553,0.000829658,0.003769895
258,768,39,0.005032138,0.001244725,0.003787413
258,768,40,0.004857288,0.00105611,0.003801178
258,768,41,0.004887335,0.001013927,0.003873408
258,768,42,0.004565555,0.000705514,0.003860041
258,768,43,0.004959005,0.001021595,0.00393741
258,768,44,0.004581492,0.00067738,0.003904112
258,768,45,0.004635213,0.00077864,0.003856573
258,768,46,0.004975943,0.001089172,0.003886771
258,768,47,0.004574736,0.000664959,0.003909777
258,768,48,0.004587055,0.000702932,0.003884123
258,768,49,0.004793517,0.000895055,0.003898462
258,768,50,0.004905153,0.001012756,0.003892397
258,768,51,0.004558592,0.000709575,0.003849017
258,768,52,0.004795201,0.000981288,0.003813913
258,768,53,0.004874069,0.000903173,0.003970896
258,768,54,0.004746173,0.000890239,0.003855934
258,768,55,0.00471298,0.000746896,0.003966084
258,768,56,0.004704253,0.000913202,0.003791051
258,768,57,0.005028051,0.000977127,0.004050924
258,768,58,0.004540264,0.000744304,0.00379596
258,768,59,0.004514741,0.000729126,0.003785615
258,768,60,0.004357172,0.000664224,0.003692948
258,768,61,0.004219139,0.000606471,0.003612668
258,768,62,0.00457,0.000845305,0.003724695
258,768,63,0.004786855,0.000941917,0.003844938
258,768,64,0.004645269,0.000887444,0.003757825
258,768,65,0.004928423,0.001128316,0.003800107
258,768,66,0.004138098,0.00061892,0.003519178
258,768,67,0.004728174,0.001318875,0.003409299
258,768,68,0.00464835,0.001245431,0.003402919
258,768,69,0.004512626,0.001070001,0.003442625
258,768,70,0.005192647,0.001484086,0.003708561
258,768,71,0.00526324,0.001523917,0.003739323
258,768,72,0.004561434,0.000821202,0.003740232
258,768,73,0.004824702,0.001211354,0.003613348
258,768,74,0.007163062,0.003639665,0.003523397
258,768,75,0.004824834,0.001142645,0.003682189
258,768,76,0.00439568,0.000789743,0.003605937
258,768,77,0.004486901,0.000887453,0.003599448
258,768,78,0.004604718,0.000946679,0.003658039
258,768,79,0.004545006,0.00085741,0.003687596
258,768,80,0.004750042,0.001078424,0.003671618
258,768,81,0.005601133,0.00182708,0.003774053
258,768,82,0.005587906,0.001598717,0.003989189
258,768,83,0.004711879,0.000738252,0.003973627
258,768,84,0.004551855,0.000666227,0.003885628
258,768,85,0.00456591,0.000690144,0.003875766
258,768,86,0.004457465,0.000675201,0.003782264
258,768,87,0.004507318,0.000637569,0.003869749
258,768,88,0.005191097,0.001422131,0.003768966
258,768,89,0.004452288,0.000583393,0.003868895
258,768,90,0.005733744,0.002015955,0.003717789
258,768,91,0.004112833,0.00052468,0.003588153
258,768,92,0.006863823,0.003257786,0.003606037
258,768,93,0.004011801,0.000508741,0.00350306
258,768,94,0.008279163,0.004713535,0.003565628
258,768,95,0.004650806,0.000981496,0.00366931
258,768,96,0.004235362,0.00065077,0.003584592
258,768,97,0.004376681,0.000719909,0.003656772
258,768,98,0.004716093,0.000981557,0.003734536
258,768,99,0.006860336,0.00096835,0.005891986
258,768,100,0.007691932,0.003699478,0.003992454
258,768,101,0.004931805,0.001360781,0.003571024
258,768,102,0.008149341,0.00445707,0.003692271
258,768,103,0.005629157,0.001744947,0.00388421
258,768,104,0.004433686,0.000544637,0.003889049
258,768,105,0.004289197,0.000655937,0.00363326
258,768,106,0.006406673,0.002734808,0.003671865
258,768,107,0.005684342,0.001894801,0.003789541
258,768,108,0.004361999,0.000563742,0.003798257
258,768,109,0.005912287,0.002109997,0.00380229
258,768,110,0.00500092,0.00138663,0.00361429
259,768,1,0.756761925,0.634310166,0.122451759
259,768,2,0.070177276,0.067150388,0.003026888
259,768,3,0.003641254,0.000513687,0.003127567
259,768,4,0.00337902,0.000284423,0.003094597
259,768,5,0.005558494,0.002539891,0.003018603
259,768,6,0.004079097,0.001043578,0.003035519
259,768,7,0.003717552,0.000558966,0.003158586
259,768,8,0.004194742,0.001070482,0.00312426
259,768,9,0.045401454,0.042376342,0.003025112
259,768,10,0.004124991,0.001104843,0.003020148
259,768,11,0.004043996,0.000949987,0.003094009
259,768,12,0.028805729,0.025781843,0.003023886
259,768,13,0.004454012,0.001439745,0.003014267
259,768,14,0.004162474,0.001024557,0.003137917
259,768,15,0.004057502,0.001009135,0.003048367
259,768,16,0.004242531,0.001119417,0.003123114
259,768,17,0.004345068,0.001113387,0.003231681
259,768,18,0.004058017,0.000868473,0.003189544
259,768,19,0.00420812,0.000970189,0.003237931
259,768,20,0.004105904,0.000795022,0.003310882
259,768,21,0.017106365,0.013586938,0.003519427
259,768,22,0.005303035,0.001664096,0.003638939
259,768,23,0.005125068,0.001461534,0.003663534
259,768,24,0.004937268,0.001026351,0.003910917
259,768,25,0.004397098,0.000733412,0.003663686
259,768,26,0.004853647,0.001248684,0.003604963
259,768,27,0.004448991,0.000870255,0.003578736
259,768,28,0.015699003,0.012377542,0.003321461
259,768,29,0.005196496,0.001787934,0.003408562
259,768,30,0.006254146,0.002603412,0.003650734
259,768,31,0.005503634,0.001887642,0.003615992
259,768,32,0.005885186,0.002349028,0.003536158
259,768,33,0.005852962,0.002051595,0.003801367
259,768,34,0.004893892,0.001078167,0.003815725
259,768,35,0.004848734,0.000910987,0.003937747
259,768,36,0.004979872,0.001170755,0.003809117
259,768,37,0.004581828,0.000781875,0.003799953
259,768,38,0.004840552,0.001066006,0.003774546
259,768,39,0.004995598,0.0012979,0.003697698
259,768,40,0.004787758,0.000978972,0.003808786
259,768,41,0.004658307,0.000807544,0.003850763
259,768,42,0.004904502,0.001031671,0.003872831
259,768,43,0.004648065,0.000714163,0.003933902
259,768,44,0.004744984,0.000809233,0.003935751
259,768,45,0.004864517,0.000973287,0.00389123
259,768,46,0.004538077,0.000773332,0.003764745
259,768,47,0.004687364,0.000832835,0.003854529
259,768,48,0.004782301,0.001012339,0.003769962
259,768,49,0.00486282,0.000977415,0.003885405
259,768,50,0.004632193,0.000769507,0.003862686
259,768,51,0.004805579,0.000882184,0.003923395
259,768,52,0.004769981,0.000841243,0.003928738
259,768,53,0.00479437,0.000766999,0.004027371
259,768,54,0.004624961,0.000783486,0.003841475
259,768,55,0.004857931,0.000854358,0.004003573
259,768,56,0.004776689,0.000758218,0.004018471
259,768,57,0.004793948,0.000708277,0.004085671
259,768,58,0.004543667,0.000708382,0.003835285
259,768,59,0.004450967,0.000696062,0.003754905
259,768,60,0.00429761,0.000636428,0.003661182
259,768,61,0.004353133,0.000717299,0.003635834
259,768,62,0.004379132,0.000699839,0.003679293
259,768,63,0.004937146,0.001120663,0.003816483
259,768,64,0.004887723,0.001211783,0.00367594
259,768,65,0.0045104,0.000715627,0.003794773
259,768,66,0.004329931,0.000874884,0.003455047
259,768,67,0.004749512,0.001285929,0.003463583
259,768,68,0.004228052,0.000859863,0.003368189
259,768,69,0.00510212,0.001692914,0.003409206
259,768,70,0.005356114,0.001815493,0.003540621
259,768,71,0.004837874,0.001136033,0.003701841
259,768,72,0.004751593,0.001053697,0.003697896
259,768,73,0.006248978,0.002761342,0.003487636
259,768,74,0.004921822,0.001354177,0.003567645
259,768,75,0.005029905,0.001403277,0.003626628
259,768,76,0.004668832,0.001031858,0.003636974
259,768,77,0.004694005,0.001032426,0.003661579
259,768,78,0.004574733,0.000889366,0.003685367
259,768,79,0.004821937,0.001118196,0.003703741
259,768,80,0.005660782,0.00201961,0.003641172
259,768,81,0.005368598,0.001449176,0.003919422
259,768,82,0.004728051,0.000643619,0.004084432
259,768,83,0.004636469,0.000719998,0.003916471
259,768,84,0.004624905,0.000731051,0.003893854
259,768,85,0.004432404,0.0006184,0.003814004
259,768,86,0.004570722,0.000749655,0.003821067
259,768,87,0.005188446,0.001261453,0.003926993
259,768,88,0.004412532,0.000636825,0.003775707
259,768,89,0.005935241,0.002168912,0.003766329
259,768,90,0.004252139,0.000521477,0.003730662
259,768,91,0.006776928,0.003166986,0.003609942
259,768,92,0.004164181,0.000602888,0.003561293
259,768,93,0.007895385,0.004317894,0.003577491
259,768,94,0.004598311,0.001013584,0.003584727
259,768,95,0.00429664,0.00063855,0.00365809
259,768,96,0.004360434,0.000689962,0.003670472
259,768,97,0.004859718,0.001103549,0.003756169
259,768,98,0.004673423,0.000916401,0.003757022
259,768,99,0.009367871,0.003550052,0.005817819
259,768,100,0.005634094,0.00160172,0.004032374
259,768,101,0.007774517,0.004110584,0.003663933
259,768,102,0.005569121,0.001761682,0.003807439
259,768,103,0.004492961,0.000570503,0.003922458
259,768,104,0.004559341,0.000560753,0.003998588
259,768,105,0.006402795,0.002718403,0.003684392
259,768,106,0.005582115,0.001811595,0.00377052
259,768,107,0.00439221,0.000544149,0.003848061
259,768,108,0.005841689,0.002110131,0.003731558
259,768,109,0.005180084,0.00144116,0.003738924
259,768,110,0.004101569,0.000514353,0.003587216
260,768,1,0.751061287,0.628684223,0.122377064
260,768,2,0.004898603,0.001844262,0.003054341
260,768,3,0.068592547,0.065545725,0.003046822
260,768,4,0.003708281,0.000574702,0.003133579
260,768,5,0.003814971,0.000663042,0.003151929
260,768,6,0.00508707,0.002029847,0.003057223
260,768,7,0.005434717,0.002386734,0.003047983
260,768,8,0.045559051,0.042512113,0.003046938
260,768,9,0.00408173,0.001036381,0.003045349
260,768,10,0.003935863,0.000804821,0.003131042
260,768,11,0.008995277,0.005957419,0.003037858
260,768,12,0.0042922,0.001259387,0.003032813
260,768,13,0.022127676,0.019083242,0.003044434
260,768,14,0.004487805,0.001440067,0.003047738
260,768,15,0.004468905,0.001396268,0.003072637
260,768,16,0.004427469,0.00130451,0.003122959
260,768,17,0.004300969,0.001127685,0.003173284
260,768,18,0.004197186,0.000971881,0.003225305
260,768,19,0.004273367,0.001006246,0.003267121
260,768,20,0.017518514,0.013996789,0.003521725
260,768,21,0.005231248,0.001729477,0.003501771
260,768,22,0.005013521,0.001272242,0.003741279
260,768,23,0.004759641,0.000871857,0.003887784
260,768,24,0.004643536,0.000731496,0.00391204
260,768,25,0.004382357,0.000725725,0.003656632
260,768,26,0.004598234,0.000988452,0.003609782
260,768,27,0.01640907,0.012994065,0.003415005
260,768,28,0.005139706,0.001713309,0.003426397
260,768,29,0.005945879,0.002447486,0.003498393
260,768,30,0.00553203,0.002009321,0.003522709
260,768,31,0.005961042,0.002363271,0.003597771
260,768,32,0.005581533,0.001813755,0.003767778
260,768,33,0.004901946,0.001038356,0.00386359
260,768,34,0.004741948,0.000873578,0.00386837
260,768,35,0.005091467,0.001272892,0.003818575
260,768,36,0.00454844,0.000724636,0.003823804
260,768,37,0.004799386,0.001032057,0.003767329
260,768,38,0.005028875,0.001287496,0.003741379
260,768,39,0.004794774,0.001052375,0.003742399
260,768,40,0.004497172,0.000699346,0.003797826
260,768,41,0.004884692,0.001127311,0.003757381
260,768,42,0.00474466,0.000915486,0.003829174
260,768,43,0.004708804,0.000806936,0.003901868
260,768,44,0.004838928,0.000910741,0.003928187
260,768,45,0.004666707,0.000784109,0.003882598
260,768,46,0.004617442,0.000707744,0.003909698
260,768,47,0.004897329,0.000865905,0.004031424
260,768,48,0.004683375,0.000770516,0.003912859
260,768,49,0.004709707,0.000722424,0.003987283
260,768,50,0.004736094,0.000717375,0.004018719
260,768,51,0.004758006,0.000747071,0.004010935
260,768,52,0.004672898,0.00073551,0.003937388
260,768,53,0.004753478,0.00071966,0.004033818
260,768,54,0.004709194,0.000679118,0.004030076
260,768,55,0.004792434,0.000711121,0.004081313
260,768,56,0.004657012,0.000661391,0.003995621
260,768,57,0.004698412,0.000681413,0.004016999
260,768,58,0.004637973,0.000652685,0.003985288
260,768,59,0.004451523,0.000643339,0.003808184
260,768,60,0.004391253,0.000596333,0.00379492
260,768,61,0.004185742,0.000590138,0.003595604
260,768,62,0.004696513,0.001009336,0.003687177
260,768,63,0.005200127,0.001516766,0.003683361
260,768,64,0.0044624,0.000713624,0.003748776
260,768,65,0.004702287,0.001006415,0.003695872
260,768,66,0.004443201,0.000943398,0.003499803
260,768,67,0.00423817,0.000861652,0.003376518
260,768,68,0.004876418,0.001501965,0.003374453
260,768,69,0.005099075,0.001761026,0.003338049
260,768,70,0.004834676,0.00117379,0.003660886
260,768,71,0.00494086,0.001231189,0.003709671
260,768,72,0.006525843,0.00286864,0.003657203
260,768,73,0.004675242,0.001024052,0.00365119
260,768,74,0.00507297,0.001323861,0.003749109
260,768,75,0.004754605,0.000994413,0.003760192
260,768,76,0.004682391,0.000970143,0.003712248
260,768,77,0.004429353,0.000706887,0.003722466
260,768,78,0.004887968,0.001181784,0.003706184
260,768,79,0.006007963,0.00230667,0.003701293
260,768,80,0.00506634,0.001369054,0.003697286
260,768,81,0.004505228,0.000581527,0.003923701
260,768,82,0.004865596,0.000736439,0.004129157
260,768,83,0.004565439,0.000584988,0.003980451
260,768,84,0.004587594,0.000612628,0.003974966
260,768,85,0.004429999,0.00060078,0.003829219
260,768,86,0.005127859,0.001190008,0.003937851
260,768,87,0.004602854,0.00069225,0.003910604
260,768,88,0.005943508,0.001999433,0.003944075
260,768,89,0.004332848,0.000548958,0.00378389
260,768,90,0.006845586,0.003197666,0.00364792
260,768,91,0.004115445,0.00048752,0.003627925
260,768,92,0.007268391,0.003719153,0.003549238
260,768,93,0.005046155,0.001481983,0.003564172
260,768,94,0.004423345,0.000783894,0.003639451
260,768,95,0.004205857,0.000532813,0.003673044
260,768,96,0.004853908,0.001167108,0.0036868
260,768,97,0.004783211,0.000980828,0.003802383
260,768,98,0.007379574,0.003598929,0.003780645
260,768,99,0.007195292,0.003717844,0.003477448
260,768,100,0.008323135,0.004704664,0.003618471
260,768,101,0.005262521,0.001553292,0.003709229
260,768,102,0.00441221,0.000501637,0.003910573
260,768,103,0.004478151,0.000534524,0.003943627
260,768,104,0.006601139,0.000687868,0.005913271
260,768,105,0.005754594,0.00122034,0.004534254
260,768,106,0.004329391,0.000468807,0.003860584
260,768,107,0.004324449,0.00048915,0.003835299
260,768,108,0.004454517,0.000566521,0.003887996
260,768,109,0.005020152,0.001210393,0.003809759
260,768,110,0.007021155,0.00352485,0.003496305
261,768,1,0.757362541,0.63342952,0.123933021
261,768,2,0.074331293,0.071318878,0.003012415
261,768,3,0.003660852,0.000525731,0.003135121
261,768,4,0.042728439,0.039703074,0.003025365
261,768,5,0.003737444,0.000633813,0.003103631
261,768,6,0.003704604,0.000553302,0.003151302
261,768,7,0.048931514,0.04591276,0.003018754
261,768,8,0.004027465,0.001014258,0.003013207
261,768,9,0.003879402,0.000745669,0.003133733
261,768,10,0.009127558,0.006113811,0.003013747
261,768,11,0.004257206,0.001246619,0.003010587
261,768,12,0.003881142,0.000774811,0.003106331
261,768,13,0.003516157,0.000373647,0.00314251
261,768,14,0.02139038,0.018366753,0.003023627
261,768,15,0.004696307,0.001658202,0.003038105
261,768,16,0.004976615,0.001729068,0.003247547
261,768,17,0.004194362,0.000943978,0.003250384
261,768,18,0.004155899,0.000934944,0.003220955
261,768,19,0.018392847,0.014976472,0.003416375
261,768,20,0.005318211,0.00183888,0.003479331
261,768,21,0.004798096,0.001237255,0.003560841
261,768,22,0.004673347,0.00088712,0.003786227
261,768,23,0.00462013,0.000690621,0.003929509
261,768,24,0.004591911,0.000679901,0.00391201
261,768,25,0.004375067,0.000762035,0.003613032
261,768,26,0.016943735,0.013506662,0.003437073
261,768,27,0.005160123,0.001772072,0.003388051
261,768,28,0.00584142,0.002501122,0.003340298
261,768,29,0.00548952,0.002040751,0.003448769
261,768,30,0.005864318,0.002257014,0.003607304
261,768,31,0.005494178,0.001924532,0.003569646
261,768,32,0.004730775,0.000927192,0.003803583
261,768,33,0.004779458,0.000930884,0.003848574
261,768,34,0.00499695,0.001167581,0.003829369
261,768,35,0.004679112,0.00090316,0.003775952
261,768,36,0.004827902,0.001047035,0.003780867
261,768,37,0.004796689,0.001086292,0.003710397
261,768,38,0.004952103,0.001241835,0.003710268
261,768,39,0.004421299,0.000662917,0.003758382
261,768,40,0.004964305,0.001162647,0.003801658
261,768,41,0.004592183,0.000757867,0.003834316
261,768,42,0.004804875,0.000912366,0.003892509
261,768,43,0.00466868,0.000774892,0.003893788
261,768,44,0.004640892,0.000700404,0.003940488
261,768,45,0.004743196,0.000837035,0.003906161
261,768,46,0.004824189,0.000888362,0.003935827
261,768,47,0.004689249,0.000763703,0.003925546
261,768,48,0.00466885,0.000688459,0.003980391
261,768,49,0.004750761,0.000718074,0.004032687
261,768,50,0.004658479,0.000687285,0.003971194
261,768,51,0.00474972,0.0007116,0.00403812
261,768,52,0.004710569,0.00066107,0.004049499
261,768,53,0.00482625,0.000681872,0.004144378
261,768,54,0.004680119,0.000621297,0.004058822
261,768,55,0.004703978,0.000616205,0.004087773
261,768,56,0.004692009,0.000576408,0.004115601
261,768,57,0.004722587,0.000637225,0.004085362
261,768,58,0.004516153,0.000572835,0.003943318
261,768,59,0.004493459,0.00061631,0.003877149
261,768,60,0.004346297,0.000614912,0.003731385
261,768,61,0.004554211,0.000972164,0.003582047
261,768,62,0.005168712,0.001516918,0.003651794
261,768,63,0.0044922,0.00077723,0.00371497
261,768,64,0.004806062,0.001099659,0.003706403
261,768,65,0.004690642,0.001004431,0.003686211
261,768,66,0.004096423,0.000646058,0.003450365
261,768,67,0.004645595,0.001314239,0.003331356
261,768,68,0.005073444,0.001737417,0.003336027
261,768,69,0.004558655,0.001195133,0.003363522
261,768,70,0.005105279,0.001394291,0.003710988
261,768,71,0.006534379,0.002777954,0.003756425
261,768,72,0.004821085,0.001047481,0.003773604
261,768,73,0.004737008,0.001083022,0.003653986
261,768,74,0.004753132,0.001109794,0.003643338
261,768,75,0.004826462,0.001064205,0.003762257
261,768,76,0.004554864,0.000901252,0.003653612
261,768,77,0.00478036,0.001099036,0.003681324
261,768,78,0.006384748,0.00271602,0.003668728
261,768,79,0.005021088,0.001310233,0.003710855
261,768,80,0.004241995,0.000551514,0.003690481
261,768,81,0.004783036,0.000816529,0.003966507
261,768,82,0.004700708,0.000608049,0.004092659
261,768,83,0.00454737,0.000571997,0.003975373
261,768,84,0.004537233,0.000576449,0.003960784
261,768,85,0.005094451,0.001244064,0.003850387
261,768,86,0.004630909,0.000714039,0.00391687
261,768,87,0.005944332,0.002079679,0.003864653
261,768,88,0.004420387,0.000518713,0.003901674
261,768,89,0.007061024,0.003285715,0.003775309
261,768,90,0.004054515,0.0004446,0.003609915
261,768,91,0.004850855,0.001180975,0.00366988
261,768,92,0.004431726,0.000907624,0.003524102
261,768,93,0.005619056,0.002070225,0.003548831
261,768,94,0.005228528,0.001647185,0.003581343
261,768,95,0.005511348,0.001834984,0.003676364
261,768,96,0.004682305,0.00103878,0.003643525
261,768,97,0.00758457,0.003837853,0.003746717
261,768,98,0.007212774,0.003709264,0.00350351
261,768,99,0.008113779,0.004637677,0.003476102
261,768,100,0.005251854,0.001676349,0.003575505
261,768,101,0.0043362,0.0006572,0.003679
261,768,102,0.004423306,0.000591697,0.003831609
261,768,103,0.004683792,0.000777909,0.003905883
261,768,104,0.004493407,0.000534887,0.00395852
261,768,105,0.005801702,0.002117471,0.003684231
261,768,106,0.005603198,0.001780028,0.00382317
261,768,107,0.00422542,0.0004608,0.00376462
261,768,108,0.00452645,0.000684367,0.003842083
261,768,109,0.004276934,0.000555137,0.003721797
261,768,110,0.004912046,0.001278197,0.003633849
262,768,1,0.750531355,0.628069246,0.122462109
262,768,2,0.003598327,0.000460704,0.003137623
262,768,3,0.028890266,0.025846371,0.003043895
262,768,4,0.040096885,0.037058735,0.00303815
262,768,5,0.004270016,0.001142957,0.003127059
262,768,6,0.049620127,0.046595161,0.003024966
262,768,7,0.004094231,0.000956778,0.003137453
262,768,8,0.003663259,0.000567861,0.003095398
262,768,9,0.009336626,0.006323874,0.003012752
262,768,10,0.004179057,0.001169285,0.003009772
262,768,11,0.00385045,0.000718596,0.003131854
262,768,12,0.003474773,0.000387814,0.003086959
262,768,13,0.003576139,0.000472594,0.003103545
262,768,14,0.00343986,0.000377869,0.003061991
262,768,15,0.021360044,0.018330602,0.003029442
262,768,16,0.00497671,0.00188546,0.00309125
262,768,17,0.004675553,0.001555125,0.003120428
262,768,18,0.019185042,0.015918341,0.003266701
262,768,19,0.005369037,0.001964286,0.003404751
262,768,20,0.004893772,0.001476478,0.003417294
262,768,21,0.00443815,0.000847629,0.003590521
262,768,22,0.0045193,0.000810163,0.003709137
262,768,23,0.004438372,0.000548155,0.003890217
262,768,24,0.004714767,0.00090292,0.003811847
262,768,25,0.017214627,0.013796702,0.003417925
262,768,26,0.005173534,0.001880366,0.003293168
262,768,27,0.005927048,0.002670808,0.00325624
262,768,28,0.005393074,0.001886286,0.003506788
262,768,29,0.005723178,0.002126408,0.00359677
262,768,30,0.005470116,0.001908425,0.003561691
262,768,31,0.004570177,0.001055396,0.003514781
262,768,32,0.004719812,0.001055684,0.003664128
262,768,33,0.004895302,0.001266065,0.003629237
262,768,34,0.004857512,0.001224104,0.003633408
262,768,35,0.004743125,0.001043405,0.00369972
262,768,36,0.004769733,0.001095842,0.003673891
262,768,37,0.004833399,0.001091573,0.003741826
262,768,38,0.004508518,0.000834671,0.003673847
262,768,39,0.004865661,0.001184522,0.003681139
262,768,40,0.00461543,0.00086149,0.00375394
262,768,41,0.00477056,0.001008185,0.003762375
262,768,42,0.004769641,0.001006787,0.003762854
262,768,43,0.004569798,0.000690099,0.003879699
262,768,44,0.004788383,0.000920467,0.003867916
262,768,45,0.004832482,0.000964065,0.003868417
262,768,46,0.004555613,0.000716418,0.003839195
262,768,47,0.004588967,0.000691462,0.003897505
262,768,48,0.004663532,0.000823765,0.003839767
262,768,49,0.004677845,0.000729955,0.00394789
262,768,50,0.004612813,0.000725293,0.00388752
262,768,51,0.004759141,0.000810706,0.003948435
262,768,52,0.004512951,0.000589953,0.003922998
262,768,53,0.004796031,0.000759692,0.004036339
262,768,54,0.004690368,0.00072952,0.003960848
262,768,55,0.004915901,0.000897608,0.004018293
262,768,56,0.004858632,0.000868163,0.003990469
262,768,57,0.004517038,0.000525339,0.003991699
262,768,58,0.004655988,0.000688223,0.003967765
262,768,59,0.004662533,0.000887487,0.003775046
262,768,60,0.004662871,0.000922659,0.003740212
262,768,61,0.004721616,0.001073819,0.003647797
262,768,62,0.004744717,0.001106159,0.003638558
262,768,63,0.004809999,0.001197777,0.003612222
262,768,64,0.004693104,0.001086691,0.003606413
262,768,65,0.004307417,0.000724828,0.003582589
262,768,66,0.00446765,0.001112025,0.003355625
262,768,67,0.004973799,0.001608828,0.003364971
262,768,68,0.004606378,0.001232268,0.00337411
262,768,69,0.004621298,0.001249009,0.003372289
262,768,70,0.006758391,0.003027306,0.003731085
262,768,71,0.005022996,0.001165795,0.003857201
262,768,72,0.004745479,0.00103733,0.003708149
262,768,73,0.004603829,0.000926674,0.003677155
262,768,74,0.004833425,0.0011523,0.003681125
262,768,75,0.004845913,0.001043802,0.003802111
262,768,76,0.004531796,0.000865098,0.003666698
262,768,77,0.006672622,0.003077163,0.003595459
262,768,78,0.005016291,0.001329904,0.003686387
262,768,79,0.004214369,0.000544,0.003670369
262,768,80,0.004372594,0.000690214,0.00368238
262,768,81,0.004700577,0.000760152,0.003940425
262,768,82,0.004638919,0.000558052,0.004080867
262,768,83,0.00446177,0.000543508,0.003918262
262,768,84,0.005357803,0.0014267,0.003931103
262,768,85,0.004586336,0.000790447,0.003795889
262,768,86,0.005896449,0.002083578,0.003812871
262,768,87,0.00444943,0.000653877,0.003795553
262,768,88,0.007216418,0.003485888,0.00373053
262,768,89,0.004198509,0.000486149,0.00371236
262,768,90,0.004637085,0.001094567,0.003542518
262,768,91,0.004810325,0.001085875,0.00372445
262,768,92,0.004016367,0.000497434,0.003518933
262,768,93,0.004203038,0.000701858,0.00350118
262,768,94,0.0077514,0.004151105,0.003600295
262,768,95,0.004706068,0.00106782,0.003638248
262,768,96,0.007528951,0.003815014,0.003713937
262,768,97,0.007580161,0.003846068,0.003734093
262,768,98,0.005062413,0.001560153,0.00350226
262,768,99,0.004161336,0.00071155,0.003449786
262,768,100,0.006747906,0.003170618,0.003577288
262,768,101,0.005157084,0.001498875,0.003658209
262,768,102,0.004418248,0.000620816,0.003797432
262,768,103,0.004561252,0.00063637,0.003924882
262,768,104,0.004652891,0.000643681,0.00400921
262,768,105,0.004152211,0.000526754,0.003625457
262,768,106,0.006809085,0.003091049,0.003718036
262,768,107,0.005440135,0.001622853,0.003817282
262,768,108,0.004426733,0.000626349,0.003800384
262,768,109,0.004372814,0.000603144,0.00376967
262,768,110,0.004224929,0.000565213,0.003659716
263,768,1,0.755034344,0.631651898,0.123382446
263,768,2,0.084164219,0.081137187,0.003027032
263,768,3,0.003695651,0.000598402,0.003097249
263,768,4,0.039555599,0.036533414,0.003022185
263,768,5,0.050689229,0.047663473,0.003025756
263,768,6,0.004078651,0.000908762,0.003169889
263,768,7,0.003651244,0.00055324,0.003098004
263,768,8,0.009433042,0.006407846,0.003025196
263,768,9,0.004176043,0.001160532,0.003015511
263,768,10,0.003696391,0.000534351,0.00316204
263,768,11,0.003486714,0.000367093,0.003119621
263,768,12,0.003537703,0.000374547,0.003163156
263,768,13,0.003471581,0.000375595,0.003095986
263,768,14,0.008021079,0.00503004,0.002991039
263,768,15,0.004647787,0.001648492,0.002999295
263,768,16,0.015998982,0.012911054,0.003087928
263,768,17,0.021055227,0.017864352,0.003190875
263,768,18,0.005408634,0.002104447,0.003304187
263,768,19,0.004873496,0.001331179,0.003542317
263,768,20,0.004414248,0.000884923,0.003529325
263,768,21,0.004352816,0.000747019,0.003605797
263,768,22,0.004334117,0.000516738,0.003817379
263,768,23,0.004670069,0.00072766,0.003942409
263,768,24,0.01765022,0.014202534,0.003447686
263,768,25,0.005343691,0.001996748,0.003346943
263,768,26,0.005993311,0.002575354,0.003417957
263,768,27,0.005143306,0.001713806,0.0034295
263,768,28,0.005666189,0.002246179,0.00342001
263,768,29,0.005435332,0.001938122,0.00349721
263,768,30,0.004571821,0.000977805,0.003594016
263,768,31,0.004616354,0.001003889,0.003612465
263,768,32,0.004900293,0.001215967,0.003684326
263,768,33,0.004857832,0.00114097,0.003716862
263,768,34,0.004633744,0.00098386,0.003649884
263,768,35,0.004842151,0.001086163,0.003755988
263,768,36,0.004718526,0.000891238,0.003827288
263,768,37,0.004576051,0.000849387,0.003726664
263,768,38,0.004793782,0.001066558,0.003727224
263,768,39,0.004679367,0.000877706,0.003801661
263,768,40,0.004708512,0.000911762,0.00379675
263,768,41,0.004734914,0.000916827,0.003818087
263,768,42,0.004422339,0.000592464,0.003829875
263,768,43,0.004899003,0.00094925,0.003949753
263,768,44,0.004698846,0.000848635,0.003850211
263,768,45,0.004605305,0.000672449,0.003932856
263,768,46,0.00461275,0.000723906,0.003888844
263,768,47,0.0047423,0.000826594,0.003915706
263,768,48,0.004557084,0.000667995,0.003889089
263,768,49,0.004646548,0.000659625,0.003986923
263,768,50,0.004704231,0.000806374,0.003897857
263,768,51,0.004573997,0.000634252,0.003939745
263,768,52,0.004714159,0.000777202,0.003936957
263,768,53,0.004785946,0.000800464,0.003985482
263,768,54,0.004813643,0.000894312,0.003919331
263,768,55,0.004826039,0.000749751,0.004076288
263,768,56,0.004431917,0.000501854,0.003930063
263,768,57,0.004863907,0.000861201,0.004002706
263,768,58,0.004713664,0.000872299,0.003841365
263,768,59,0.004817494,0.001009865,0.003807629
263,768,60,0.004731675,0.000992583,0.003739092
263,768,61,0.00481373,0.001068841,0.003744889
263,768,62,0.004619466,0.000848711,0.003770755
263,768,63,0.004786768,0.001024333,0.003762435
263,768,64,0.004257089,0.000527493,0.003729596
263,768,65,0.004618021,0.001003006,0.003615015
263,768,66,0.004762838,0.001255346,0.003507492
263,768,67,0.004478954,0.001067843,0.003411111
263,768,68,0.00461745,0.001304985,0.003312465
263,768,69,0.006436852,0.002792903,0.003643949
263,768,70,0.005185254,0.001369006,0.003816248
263,768,71,0.004767803,0.000998699,0.003769104
263,768,72,0.004680434,0.000960335,0.003720099
263,768,73,0.004605947,0.001005781,0.003600166
263,768,74,0.004745979,0.001195706,0.003550273
263,768,75,0.004845957,0.001198583,0.003647374
263,768,76,0.007134135,0.003565296,0.003568839
263,768,77,0.004892958,0.001195874,0.003697084
263,768,78,0.004211606,0.000477781,0.003733825
263,768,79,0.004137344,0.00047629,0.003661054
263,768,80,0.004480871,0.000735578,0.003745293
263,768,81,0.004621241,0.000584993,0.004036248
263,768,82,0.004609102,0.000517793,0.004091309
263,768,83,0.005422652,0.0015121,0.003910552
263,768,84,0.004717062,0.00081792,0.003899142
263,768,85,0.005834213,0.002006239,0.003827974
263,768,86,0.004472632,0.000521641,0.003950991
263,768,87,0.007279361,0.003421101,0.00385826
263,768,88,0.004297001,0.000563735,0.003733266
263,768,89,0.004605943,0.000961928,0.003644015
263,768,90,0.00448732,0.000956775,0.003530545
263,768,91,0.004421045,0.000744305,0.00367674
263,768,92,0.004142681,0.00062348,0.003519201
263,768,93,0.007692311,0.004153687,0.003538624
263,768,94,0.004548736,0.000948778,0.003599958
263,768,95,0.007472596,0.003838967,0.003633629
263,768,96,0.005033672,0.001277529,0.003756143
263,768,97,0.004307779,0.00058343,0.003724349
263,768,98,0.006030852,0.002525973,0.003504879
263,768,99,0.005247757,0.001761367,0.00348639
263,768,100,0.00618614,0.002631114,0.003555026
263,768,101,0.0062703,0.002622813,0.003647487
263,768,102,0.004396955,0.00052654,0.003870415
263,768,103,0.004566669,0.000627699,0.00393897
263,768,104,0.00453532,0.000483836,0.004051484
263,768,105,0.006661859,0.000506653,0.006155206
263,768,106,0.005568414,0.001134711,0.004433703
263,768,107,0.00442634,0.000589124,0.003837216
263,768,108,0.00442724,0.000607624,0.003819616
263,768,109,0.004383397,0.00057752,0.003805877
263,768,110,0.004210031,0.000554692,0.003655339
264,768,1,0.776760802,0.651498096,0.125262706
264,768,2,0.003606797,0.000492763,0.003114034
264,768,3,0.003573005,0.000408139,0.003164866
264,768,4,0.086649482,0.083632962,0.00301652
264,768,5,0.003878962,0.000867329,0.003011633
264,768,6,0.003752079,0.000630939,0.00312114
264,768,7,0.009632283,0.006604679,0.003027604
264,768,8,0.004093333,0.000939032,0.003154301
264,768,9,0.003580392,0.000491116,0.003089276
264,768,10,0.00350579,0.00036909,0.0031367
264,768,11,0.003517419,0.000430534,0.003086885
264,768,12,0.003599488,0.000480798,0.00311869
264,768,13,0.00796383,0.00496021,0.00300362
264,768,14,0.004397347,0.001393302,0.003004045
264,768,15,0.004222213,0.001142943,0.00307927
264,768,16,0.032869357,0.029630943,0.003238414
264,768,17,0.005085544,0.001822245,0.003263299
264,768,18,0.004767419,0.001423022,0.003344397
264,768,19,0.004448052,0.001119649,0.003328403
264,768,20,0.004403369,0.001041577,0.003361792
264,768,21,0.004108531,0.000772977,0.003335554
264,768,22,0.003976381,0.00061586,0.003360521
264,768,23,0.018725284,0.015021806,0.003703478
264,768,24,0.005469036,0.001808529,0.003660507
264,768,25,0.00596112,0.00215009,0.00381103
264,768,26,0.005135815,0.001296796,0.003839019
264,768,27,0.005637983,0.001689993,0.00394799
264,768,28,0.00525857,0.001436774,0.003821796
264,768,29,0.004572195,0.000780837,0.003791358
264,768,30,0.004582942,0.000783125,0.003799817
264,768,31,0.004752366,0.000938708,0.003813658
264,768,32,0.004722161,0.000931225,0.003790936
264,768,33,0.004642441,0.000890155,0.003752286
264,768,34,0.004746091,0.000991942,0.003754149
264,768,35,0.004462588,0.000740938,0.00372165
264,768,36,0.004706366,0.001001818,0.003704548
264,768,37,0.004829655,0.00105783,0.003771825
264,768,38,0.004679537,0.000867945,0.003811592
264,768,39,0.004650192,0.000827249,0.003822943
264,768,40,0.004532574,0.000719226,0.003813348
264,768,41,0.004716997,0.000850753,0.003866244
264,768,42,0.004820822,0.000957571,0.003863251
264,768,43,0.004791141,0.000881675,0.003909466
264,768,44,0.004441305,0.000540256,0.003901049
264,768,45,0.004692455,0.000792426,0.003900029
264,768,46,0.004535747,0.000682889,0.003852858
264,768,47,0.004691613,0.000734898,0.003956715
264,768,48,0.004651985,0.000816967,0.003835018
264,768,49,0.004766591,0.001004266,0.003762325
264,768,50,0.004601481,0.00078069,0.003820791
264,768,51,0.004669132,0.000881247,0.003787885
264,768,52,0.004728986,0.001006574,0.003722412
264,768,53,0.004861589,0.001141016,0.003720573
264,768,54,0.004581462,0.00086833,0.003713132
264,768,55,0.004688411,0.000956598,0.003731813
264,768,56,0.004597395,0.000958757,0.003638638
264,768,57,0.004951726,0.001297673,0.003654053
264,768,58,0.004712888,0.001119258,0.00359363
264,768,59,0.004645822,0.001372994,0.003272828
264,768,60,0.004689888,0.00129186,0.003398028
264,768,61,0.004795911,0.001276635,0.003519276
264,768,62,0.00484194,0.001252034,0.003589906
264,768,63,0.004420216,0.000930354,0.003489862
264,768,64,0.004505427,0.000997686,0.003507741
264,768,65,0.005107146,0.001553593,0.003553553
264,768,66,0.004709809,0.001313415,0.003396394
264,768,67,0.004877376,0.001549988,0.003327388
264,768,68,0.005662787,0.002090343,0.003572444
264,768,69,0.005083471,0.00135336,0.003730111
264,768,70,0.004633473,0.001118531,0.003514942
264,768,71,0.004735969,0.001222677,0.003513292
264,768,72,0.004887432,0.001311073,0.003576359
264,768,73,0.004675651,0.001036833,0.003638818
264,768,74,0.00485564,0.001167661,0.003687979
264,768,75,0.007280934,0.001001149,0.006279785
264,768,76,0.005007576,0.001192224,0.003815352
264,768,77,0.004155831,0.000568729,0.003587102
264,768,78,0.004061148,0.000572466,0.003488682
264,768,79,0.004213513,0.000585638,0.003627875
264,768,80,0.004534927,0.000903022,0.003631905
264,768,81,0.004290387,0.000770523,0.003519864
264,768,82,0.005917377,0.00242425,0.003493127
264,768,83,0.004809597,0.001302437,0.00350716
264,768,84,0.005255119,0.001831437,0.003423682
264,768,85,0.004623882,0.001115472,0.00350841
264,768,86,0.007731376,0.004312768,0.003418608
264,768,87,0.00411563,0.000644443,0.003471187
264,768,88,0.004618221,0.001293668,0.003324553
264,768,89,0.004639143,0.001260772,0.003378371
264,768,90,0.004346839,0.000874132,0.003472707
264,768,91,0.004529191,0.000949734,0.003579457
264,768,92,0.00751638,0.004137211,0.003379169
264,768,93,0.004553731,0.001021037,0.003532694
264,768,94,0.00737219,0.003785606,0.003586584
264,768,95,0.005099293,0.001449951,0.003649342
264,768,96,0.004263799,0.000571881,0.003691918
264,768,97,0.004333535,0.00061507,0.003718465
264,768,98,0.004480231,0.000654478,0.003825753
264,768,99,0.005248776,0.001552914,0.003695862
264,768,100,0.005270898,0.001666424,0.003604474
264,768,101,0.006135483,0.002393111,0.003742372
264,768,102,0.006331997,0.002614342,0.003717655
264,768,103,0.004337563,0.000610397,0.003727166
264,768,104,0.004498067,0.00076227,0.003735797
264,768,105,0.004607901,0.00079466,0.003813241
264,768,106,0.006739159,0.003083063,0.003656096
264,768,107,0.005375186,0.001683772,0.003691414
264,768,108,0.00441921,0.000702987,0.003716223
264,768,109,0.004376058,0.000673068,0.00370299
264,768,110,0.004192777,0.000713284,0.003479493
265,768,1,0.759301953,0.634940212,0.124361741
265,768,2,0.088037496,0.085006313,0.003031183
265,768,3,0.003713515,0.000615524,0.003097991
265,768,4,0.029897476,0.026869319,0.003028157
265,768,5,0.060242708,0.05721984,0.003022868
265,768,6,0.010853537,0.007829325,0.003024212
265,768,7,0.003920553,0.000899062,0.003021491
265,768,8,0.003664056,0.000544241,0.003119815
265,768,9,0.003494388,0.000401754,0.003092634
265,768,10,0.003557306,0.000453517,0.003103789
265,768,11,0.003589548,0.000410308,0.00317924
265,768,12,0.007867869,0.004839559,0.00302831
265,768,13,0.004437426,0.001312606,0.00312482
265,768,14,0.004062073,0.000925914,0.003136159
265,768,15,0.032819616,0.029655886,0.00316373
265,768,16,0.004792353,0.00156282,0.003229533
265,768,17,0.004891609,0.001629843,0.003261766
265,768,18,0.004572376,0.001137643,0.003434733
265,768,19,0.004453759,0.001093239,0.00336052
265,768,20,0.004036616,0.000655116,0.0033815
265,768,21,0.004011591,0.000617154,0.003394437
265,768,22,0.0183965,0.014907682,0.003488818
265,768,23,0.005582105,0.001908159,0.003673946
265,768,24,0.005815602,0.002014514,0.003801088
265,768,25,0.005051756,0.001328838,0.003722918
265,768,26,0.005558664,0.001827235,0.003731429
265,768,27,0.005372875,0.001519211,0.003853664
265,768,28,0.004467846,0.000608638,0.003859208
265,768,29,0.004565377,0.000729347,0.00383603
265,768,30,0.004549516,0.000720124,0.003829392
265,768,31,0.004654566,0.000801718,0.003852848
265,768,32,0.004873037,0.000898892,0.003974145
265,768,33,0.004433127,0.000596914,0.003836213
265,768,34,0.004814966,0.000789769,0.004025197
265,768,35,0.004570944,0.00065347,0.003917474
265,768,36,0.00472942,0.000714936,0.004014484
265,768,37,0.004465117,0.000559684,0.003905433
265,768,38,0.004964785,0.000959772,0.004005013
265,768,39,0.004442625,0.00053372,0.003908905
265,768,40,0.004766808,0.000829383,0.003937425
265,768,41,0.004527424,0.000612233,0.003915191
265,768,42,0.004551604,0.000594641,0.003956963
265,768,43,0.004561586,0.00063794,0.003923646
265,768,44,0.004907729,0.001028602,0.003879127
265,768,45,0.004720827,0.00079536,0.003925467
265,768,46,0.004621161,0.000712663,0.003908498
265,768,47,0.004688248,0.000795553,0.003892695
265,768,48,0.004724281,0.000782534,0.003941747
265,768,49,0.00459307,0.000820217,0.003772853
265,768,50,0.004614936,0.000756424,0.003858512
265,768,51,0.004877227,0.000967726,0.003909501
265,768,52,0.00452626,0.000699833,0.003826427
265,768,53,0.004696361,0.000934891,0.00376147
265,768,54,0.004800599,0.001065387,0.003735212
265,768,55,0.004692646,0.000926324,0.003766322
265,768,56,0.004514747,0.000777529,0.003737218
265,768,57,0.004504587,0.000775124,0.003729463
265,768,58,0.004543946,0.000928992,0.003614954
265,768,59,0.004476586,0.001083672,0.003392914
265,768,60,0.004721485,0.001243013,0.003478472
265,768,61,0.005378884,0.001803822,0.003575062
265,768,62,0.005732779,0.002077419,0.00365536
265,768,63,0.004308343,0.000698146,0.003610197
265,768,64,0.004876329,0.001371749,0.00350458
265,768,65,0.005242631,0.001874059,0.003368572
265,768,66,0.004928915,0.001653516,0.003275399
265,768,67,0.005036903,0.001532489,0.003504414
265,768,68,0.005031159,0.001321211,0.003709948
265,768,69,0.004719484,0.001010049,0.003709435
265,768,70,0.004516189,0.000991791,0.003524398
265,768,71,0.004646199,0.001184891,0.003461308
265,768,72,0.004845026,0.001210752,0.003634274
265,768,73,0.004728571,0.001025915,0.003702656
265,768,74,0.004622272,0.000938796,0.003683476
265,768,75,0.004548638,0.001036207,0.003512431
265,768,76,0.00671868,0.003085983,0.003632697
265,768,77,0.004738085,0.00111595,0.003622135
265,768,78,0.004133492,0.000552064,0.003581428
265,768,79,0.004235831,0.000598635,0.003637196
265,768,80,0.004447747,0.000810409,0.003637338
265,768,81,0.006942707,0.003456975,0.003485732
265,768,82,0.004750685,0.001103991,0.003646694
265,768,83,0.004936277,0.001383175,0.003553102
265,768,84,0.004563578,0.001007591,0.003555987
265,768,85,0.008121926,0.003801115,0.004320811
265,768,86,0.004213821,0.000611126,0.003602695
265,768,87,0.004273257,0.000829281,0.003443976
265,768,88,0.004569461,0.001190857,0.003378604
265,768,89,0.004350769,0.001008939,0.00334183
265,768,90,0.004539884,0.001000546,0.003539338
265,768,91,0.007478002,0.004200985,0.003277017
265,768,92,0.004561363,0.001155951,0.003405412
265,768,93,0.004346488,0.000883701,0.003462787
265,768,94,0.004231645,0.000757427,0.003474218
265,768,95,0.006829471,0.0032346,0.003594871
265,768,96,0.0050297,0.001368231,0.003661469
265,768,97,0.004250837,0.000558525,0.003692312
265,768,98,0.004484683,0.00064501,0.003839673
265,768,99,0.004298704,0.00055439,0.003744314
265,768,100,0.005332734,0.001653849,0.003678885
265,768,101,0.005250181,0.001617775,0.003632406
265,768,102,0.006171122,0.002501962,0.00366916
265,768,103,0.006429706,0.002692981,0.003736725
265,768,104,0.004445456,0.000664673,0.003780783
265,768,105,0.00456628,0.000794831,0.003771449
265,768,106,0.004300389,0.000668172,0.003632217
265,768,107,0.006568914,0.00293055,0.003638364
265,768,108,0.005457003,0.001742922,0.003714081
265,768,109,0.004417665,0.000760264,0.003657401
265,768,110,0.004258915,0.000741175,0.00351774
266,768,1,0.753529099,0.631429886,0.122099213
266,768,2,0.003612422,0.000448232,0.00316419
266,768,3,0.026141737,0.023103355,0.003038382
266,768,4,0.034529901,0.031495967,0.003033934
266,768,5,0.063708405,0.060692125,0.00301628
266,768,6,0.003894735,0.000872574,0.003022161
266,768,7,0.003505983,0.000403114,0.003102869
266,768,8,0.003657224,0.000543867,0.003113357
266,768,9,0.003501925,0.000341241,0.003160684
266,768,10,0.003499107,0.000391641,0.003107466
266,768,11,0.008069904,0.005059419,0.003010485
266,768,12,0.004422902,0.001414999,0.003007903
266,768,13,0.003847417,0.000761885,0.003085532
266,768,14,0.032047572,0.028982759,0.003064813
266,768,15,0.005403141,0.002215309,0.003187832
266,768,16,0.004878067,0.001621682,0.003256385
266,768,17,0.004540423,0.001227538,0.003312885
266,768,18,0.004263005,0.000936523,0.003326482
266,768,19,0.004131936,0.000775748,0.003356188
266,768,20,0.004143648,0.000801822,0.003341826
266,768,21,0.018434402,0.015070673,0.003363729
266,768,22,0.005427523,0.001775948,0.003651575
266,768,23,0.005678558,0.002092214,0.003586344
266,768,24,0.005128063,0.001503072,0.003624991
266,768,25,0.005539643,0.001783284,0.003756359
266,768,26,0.00518368,0.001354575,0.003829105
266,768,27,0.004471734,0.000688788,0.003782946
266,768,28,0.00459804,0.000769746,0.003828294
266,768,29,0.004575121,0.000783996,0.003791125
266,768,30,0.004668894,0.000859844,0.00380905
266,768,31,0.004738687,0.000838518,0.003900169
266,768,32,0.004477354,0.000681469,0.003795885
266,768,33,0.004748339,0.000881035,0.003867304
266,768,34,0.00469214,0.000860607,0.003831533
266,768,35,0.004616866,0.000780286,0.00383658
266,768,36,0.004612049,0.000775089,0.00383696
266,768,37,0.004856939,0.000969623,0.003887316
266,768,38,0.004411983,0.000618899,0.003793084
266,768,39,0.004842913,0.001014712,0.003828201
266,768,40,0.004561266,0.000718055,0.003843211
266,768,41,0.004571283,0.000700617,0.003870666
266,768,42,0.004603574,0.000752171,0.003851403
266,768,43,0.004950233,0.001062971,0.003887262
266,768,44,0.004670679,0.000813063,0.003857616
266,768,45,0.00461982,0.000747337,0.003872483
266,768,46,0.004660438,0.000848474,0.003811964
266,768,47,0.004734376,0.000987428,0.003746948
266,768,48,0.004623668,0.000856944,0.003766724
266,768,49,0.004669801,0.000921434,0.003748367
266,768,50,0.004799605,0.001022832,0.003776773
266,768,51,0.00460741,0.000946303,0.003661107
266,768,52,0.004780126,0.001145219,0.003634907
266,768,53,0.004655755,0.000970324,0.003685431
266,768,54,0.004825295,0.001099827,0.003725468
266,768,55,0.004410645,0.000788318,0.003622327
266,768,56,0.004551335,0.000955374,0.003595961
266,768,57,0.004658593,0.001106296,0.003552297
266,768,58,0.004322238,0.000750444,0.003571794
266,768,59,0.004469951,0.001101071,0.00336888
266,768,60,0.005976054,0.002607285,0.003368769
266,768,61,0.005670665,0.002052417,0.003618248
266,768,62,0.004295469,0.000743171,0.003552298
266,768,63,0.004402199,0.000981592,0.003420607
266,768,64,0.005997346,0.002596714,0.003400632
266,768,65,0.005009781,0.00176637,0.003243411
266,768,66,0.004182254,0.000902646,0.003279608
266,768,67,0.005009855,0.001557558,0.003452297
266,768,68,0.004870217,0.001123677,0.00374654
266,768,69,0.004507256,0.000832638,0.003674618
266,768,70,0.004422995,0.000968246,0.003454749
266,768,71,0.004657626,0.001150339,0.003507287
266,768,72,0.004582188,0.001069948,0.00351224
266,768,73,0.004970796,0.001442806,0.00352799
266,768,74,0.005072768,0.001553428,0.00351934
266,768,75,0.005019257,0.001565923,0.003453334
266,768,76,0.004627746,0.001042577,0.003585169
266,768,77,0.004595637,0.001099453,0.003496184
266,768,78,0.004705115,0.001187304,0.003517811
266,768,79,0.00464959,0.00098849,0.0036611
266,768,80,0.007506857,0.000816735,0.006690122
266,768,81,0.004804518,0.001132538,0.00367198
266,768,82,0.004587881,0.000934537,0.003653344
266,768,83,0.004464442,0.000960464,0.003503978
266,768,84,0.004454563,0.000966316,0.003488247
266,768,85,0.004612563,0.001063906,0.003548657
266,768,86,0.007811781,0.004394969,0.003416812
266,768,87,0.004541962,0.001159013,0.003382949
266,768,88,0.004327624,0.001032076,0.003295548
266,768,89,0.004302195,0.000979764,0.003322431
266,768,90,0.004405919,0.000939239,0.00346668
266,768,91,0.004308242,0.000779076,0.003529166
266,768,92,0.006967808,0.003611017,0.003356791
266,768,93,0.004729446,0.001238294,0.003491152
266,768,94,0.00421234,0.000696348,0.003515992
266,768,95,0.004419537,0.000834608,0.003584929
266,768,96,0.006696099,0.003020792,0.003675307
266,768,97,0.004991428,0.001332016,0.003659412
266,768,98,0.004378496,0.000557023,0.003821473
266,768,99,0.00431037,0.000562225,0.003748145
266,768,100,0.004300161,0.000579861,0.0037203
266,768,101,0.005206776,0.001636909,0.003569867
266,768,102,0.005448998,0.0018061,0.003642898
266,768,103,0.006208377,0.002469988,0.003738389
266,768,104,0.006377774,0.002660414,0.00371736
266,768,105,0.004498022,0.000769467,0.003728555
266,768,106,0.004301451,0.000668822,0.003632629
266,768,107,0.004545202,0.000947288,0.003597914
266,768,108,0.006406226,0.002780287,0.003625939
266,768,109,0.005480923,0.00173655,0.003744373
266,768,110,0.004242465,0.000686837,0.003555628
267,768,1,0.753747275,0.630577195,0.12317008
267,768,2,0.031858592,0.028822247,0.003036345
267,768,3,0.033435256,0.030416676,0.00301858
267,768,4,0.083009938,0.079985132,0.003024806
267,768,5,0.003825004,0.000671877,0.003153127
267,768,6,0.003476137,0.000368071,0.003108066
267,768,7,0.003596487,0.000435587,0.0031609
267,768,8,0.003520243,0.000424064,0.003096179
267,768,9,0.00355122,0.000423796,0.003127424
267,768,10,0.008094,0.005077799,0.003016201
267,768,11,0.004169992,0.001167707,0.003002285
267,768,12,0.003993474,0.000902803,0.003090671
267,768,13,0.031801254,0.028757803,0.003043451
267,768,14,0.005113309,0.002029382,0.003083927
267,768,15,0.004850161,0.001629246,0.003220915
267,768,16,0.00452379,0.001267275,0.003256515
267,768,17,0.004514266,0.001175295,0.003338971
267,768,18,0.004177645,0.000850389,0.003327256
267,768,19,0.004176618,0.000831626,0.003344992
267,768,20,0.018471848,0.015184996,0.003286852
267,768,21,0.00519564,0.001764558,0.003431082
267,768,22,0.005745146,0.002101472,0.003643674
267,768,23,0.005014337,0.001407483,0.003606854
267,768,24,0.005418105,0.001639173,0.003778932
267,768,25,0.005189637,0.001424386,0.003765251
267,768,26,0.004496278,0.000722999,0.003773279
267,768,27,0.004558448,0.000744224,0.003814224
267,768,28,0.004609196,0.000766921,0.003842275
267,768,29,0.004618979,0.000814623,0.003804356
267,768,30,0.00468266,0.000824837,0.003857823
267,768,31,0.004566444,0.000718646,0.003847798
267,768,32,0.004668494,0.000865606,0.003802888
267,768,33,0.004778961,0.000977031,0.00380193
267,768,34,0.004575994,0.000771564,0.00380443
267,768,35,0.004618694,0.000815182,0.003803512
267,768,36,0.004753955,0.000899832,0.003854123
267,768,37,0.00459088,0.000746095,0.003844785
267,768,38,0.004723487,0.000830153,0.003893334
267,768,39,0.004554264,0.000736395,0.003817869
267,768,40,0.004577924,0.000716249,0.003861675
267,768,41,0.004606355,0.000825187,0.003781168
267,768,42,0.004879083,0.000967185,0.003911898
267,768,43,0.004709945,0.000898123,0.003811822
267,768,44,0.004613359,0.000763096,0.003850263
267,768,45,0.0046648,0.000862488,0.003802312
267,768,46,0.004834351,0.000972233,0.003862118
267,768,47,0.004625391,0.000908528,0.003716863
267,768,48,0.004631794,0.000884383,0.003747411
267,768,49,0.0047347,0.001028625,0.003706075
267,768,50,0.004778107,0.001001969,0.003776138
267,768,51,0.004752884,0.001014673,0.003738211
267,768,52,0.004610487,0.000928938,0.003681549
267,768,53,0.004803798,0.001063989,0.003739809
267,768,54,0.004537748,0.000814655,0.003723093
267,768,55,0.004559545,0.000828596,0.003730949
267,768,56,0.004689608,0.000967312,0.003722296
267,768,57,0.00420058,0.000746157,0.003454423
267,768,58,0.004413135,0.000865818,0.003547317
267,768,59,0.00636615,0.00305362,0.00331253
267,768,60,0.005431581,0.00208562,0.003345961
267,768,61,0.00435786,0.000726647,0.003631213
267,768,62,0.004274679,0.000711318,0.003563361
267,768,63,0.006245476,0.002915927,0.003329549
267,768,64,0.005186367,0.001737788,0.003448579
267,768,65,0.004168759,0.000834138,0.003334621
267,768,66,0.004207835,0.000916431,0.003291404
267,768,67,0.004837805,0.001303036,0.003534769
267,768,68,0.004604481,0.000875912,0.003728569
267,768,69,0.004532331,0.000840089,0.003692242
267,768,70,0.004331968,0.000955426,0.003376542
267,768,71,0.004745052,0.001340886,0.003404166
267,768,72,0.005384671,0.001969576,0.003415095
267,768,73,0.005150602,0.001589404,0.003561198
267,768,74,0.004583388,0.001145087,0.003438301
267,768,75,0.004562815,0.001080238,0.003482577
267,768,76,0.004646336,0.001092399,0.003553937
267,768,77,0.004671354,0.001054135,0.003617219
267,768,78,0.00465004,0.001068149,0.003581891
267,768,79,0.004563293,0.000922882,0.003640411
267,768,80,0.004557231,0.000880824,0.003676407
267,768,81,0.007726515,0.004197714,0.003528801
267,768,82,0.004598082,0.001027504,0.003570578
267,768,83,0.004513613,0.000978145,0.003535468
267,768,84,0.004420438,0.000991333,0.003429105
267,768,85,0.004714505,0.001157697,0.003556808
267,768,86,0.004327358,0.000827404,0.003499954
267,768,87,0.006839577,0.003472495,0.003367082
267,768,88,0.004784192,0.001430988,0.003353204
267,768,89,0.00422734,0.000916687,0.003310653
267,768,90,0.004585788,0.001059457,0.003526331
267,768,91,0.00428399,0.000669001,0.003614989
267,768,92,0.004064963,0.000650664,0.003414299
267,768,93,0.007003913,0.003578839,0.003425074
267,768,94,0.004764399,0.001276777,0.003487622
267,768,95,0.004364876,0.000804407,0.003560469
267,768,96,0.004467599,0.000807982,0.003659617
267,768,97,0.00643163,0.002753404,0.003678226
267,768,98,0.005202354,0.001373107,0.003829247
267,768,99,0.004624693,0.000907384,0.003717309
267,768,100,0.004268944,0.000515464,0.00375348
267,768,101,0.004165287,0.000530704,0.003634583
267,768,102,0.005014173,0.001291871,0.003722302
267,768,103,0.00550029,0.001789265,0.003711025
267,768,104,0.006246824,0.002599249,0.003647575
267,768,105,0.006506277,0.002854602,0.003651675
267,768,106,0.004375526,0.000730649,0.003644877
267,768,107,0.004514143,0.000944474,0.003569669
267,768,108,0.004535782,0.000877564,0.003658218
267,768,109,0.006091615,0.00235606,0.003735555
267,768,110,0.005278395,0.001668022,0.003610373
268,768,1,0.762921629,0.63872054,0.124201089
268,768,2,0.063785298,0.060717382,0.003067916
268,768,3,0.003632286,0.00048499,0.003147296
268,768,4,0.024606024,0.021542507,0.003063517
268,768,5,0.061255741,0.058179173,0.003076568
268,768,6,0.003951219,0.000767369,0.00318385
268,768,7,0.00358314,0.000365307,0.003217833
268,768,8,0.003492433,0.00033643,0.003156003
268,768,9,0.008672493,0.005603694,0.003068799
268,768,10,0.004088527,0.001022256,0.003066271
268,768,11,0.003834233,0.00065321,0.003181023
268,768,12,0.031690698,0.028617849,0.003072849
268,768,13,0.004938198,0.001844237,0.003093961
268,768,14,0.004936266,0.001774932,0.003161334
268,768,15,0.004445267,0.001187436,0.003257831
268,768,16,0.00444972,0.001118517,0.003331203
268,768,17,0.00406955,0.000707136,0.003362414
268,768,18,0.004111976,0.000742301,0.003369675
268,768,19,0.0189082,0.015559255,0.003348945
268,768,20,0.005030807,0.001664291,0.003366516
268,768,21,0.005537353,0.001994529,0.003542824
268,768,22,0.00503631,0.001280801,0.003755509
268,768,23,0.005306362,0.001468844,0.003837518
268,768,24,0.005152211,0.001225319,0.003926892
268,768,25,0.004522124,0.000606336,0.003915788
268,768,26,0.004484621,0.000608591,0.00387603
268,768,27,0.004625828,0.000633482,0.003992346
268,768,28,0.004649717,0.000711017,0.0039387
268,768,29,0.004655365,0.000790513,0.003864852
268,768,30,0.004567637,0.000750148,0.003817489
268,768,31,0.004713643,0.000873628,0.003840015
268,768,32,0.004708607,0.000897957,0.00381065
268,768,33,0.004563023,0.000748685,0.003814338
268,768,34,0.004656486,0.000895925,0.003760561
268,768,35,0.004657085,0.000884095,0.00377299
268,768,36,0.004634163,0.000922414,0.003711749
268,768,37,0.004633326,0.000846863,0.003786463
268,768,38,0.004630165,0.000843041,0.003787124
268,768,39,0.004605321,0.000845226,0.003760095
268,768,40,0.004686941,0.000919875,0.003767066
268,768,41,0.004704092,0.000896366,0.003807726
268,768,42,0.004809236,0.001027403,0.003781833
268,768,43,0.004550397,0.000791546,0.003758851
268,768,44,0.004759919,0.00101741,0.003742509
268,768,45,0.00475906,0.000940665,0.003818395
268,768,46,0.004750768,0.000977997,0.003772771
268,768,47,0.004643013,0.000861365,0.003781648
268,768,48,0.004774628,0.001003309,0.003771319
268,768,49,0.004729502,0.000931141,0.003798361
268,768,50,0.004739595,0.000920584,0.003819011
268,768,51,0.004733146,0.000931428,0.003801718
268,768,52,0.004720649,0.000881416,0.003839233
268,768,53,0.004495561,0.000735827,0.003759734
268,768,54,0.004657011,0.000845251,0.00381176
268,768,55,0.004630961,0.00078762,0.003843341
268,768,56,0.00450782,0.000800986,0.003706834
268,768,57,0.004325213,0.00078121,0.003544003
268,768,58,0.006355826,0.000762817,0.005593009
268,768,59,0.005601748,0.00120579,0.004395958
268,768,60,0.004093598,0.000558352,0.003535246
268,768,61,0.004282845,0.000704183,0.003578662
268,768,62,0.006506447,0.003008136,0.003498311
268,768,63,0.005125742,0.001618683,0.003507059
268,768,64,0.00423345,0.00066121,0.00357224
268,768,65,0.003976964,0.000545503,0.003431461
268,768,66,0.004314523,0.00089455,0.003419973
268,768,67,0.004582705,0.001024639,0.003558066
268,768,68,0.004581632,0.000840211,0.003741421
268,768,69,0.004658059,0.001011899,0.00364616
268,768,70,0.004485707,0.001085806,0.003399901
268,768,71,0.005942101,0.002478803,0.003463298
268,768,72,0.005038178,0.001443248,0.00359493
268,768,73,0.004523888,0.000729519,0.003794369
268,768,74,0.004302421,0.00078585,0.003516571
268,768,75,0.004639539,0.001115153,0.003524386
268,768,76,0.004627282,0.001003023,0.003624259
268,768,77,0.004628553,0.001033647,0.003594906
268,768,78,0.004573143,0.001045196,0.003527947
268,768,79,0.004644135,0.000992015,0.00365212
268,768,80,0.004569958,0.000955676,0.003614282
268,768,81,0.00451397,0.000979645,0.003534325
268,768,82,0.006867456,0.003180675,0.003686781
268,768,83,0.004584789,0.0009599,0.003624889
268,768,84,0.004424643,0.000884161,0.003540482
268,768,85,0.004524523,0.000980559,0.003543964
268,768,86,0.00446359,0.000864697,0.003598893
268,768,87,0.004236174,0.000707358,0.003528816
268,768,88,0.006953178,0.003622073,0.003331105
268,768,89,0.004649118,0.00132873,0.003320388
268,768,90,0.004584733,0.000998772,0.003585961
268,768,91,0.004332049,0.000694201,0.003637848
268,768,92,0.004084066,0.000628276,0.00345579
268,768,93,0.004239591,0.000724658,0.003514933
268,768,94,0.006989314,0.00343015,0.003559164
268,768,95,0.004982144,0.001294458,0.003687686
268,768,96,0.004344757,0.000673104,0.003671653
268,768,97,0.006981332,0.003200151,0.003781181
268,768,98,0.00571514,0.001824198,0.003890942
268,768,99,0.00417362,0.000405558,0.003768062
268,768,100,0.00424544,0.000490208,0.003755232
268,768,101,0.004302512,0.000616273,0.003686239
268,768,102,0.004328452,0.000519309,0.003809143
268,768,103,0.004350174,0.000647653,0.003702521
268,768,104,0.005556626,0.001777933,0.003778693
268,768,105,0.006218491,0.002451963,0.003766528
268,768,106,0.006680933,0.002986508,0.003694425
268,768,107,0.004391242,0.000740166,0.003651076
268,768,108,0.004540444,0.000841563,0.003698881
268,768,109,0.004710122,0.000956702,0.00375342
268,768,110,0.005535439,0.001784376,0.003751063
269,768,1,0.776311756,0.649692756,0.126619
269,768,2,0.046575409,0.043507842,0.003067567
269,768,3,0.006897097,0.003825395,0.003071702
269,768,4,0.030097892,0.027037208,0.003060684
269,768,5,0.011928571,0.008853124,0.003075447
269,768,6,0.047485837,0.044403243,0.003082594
269,768,7,0.004003209,0.000840017,0.003163192
269,768,8,0.009228829,0.006086832,0.003141997
269,768,9,0.004151461,0.000945368,0.003206093
269,768,10,0.003609619,0.000474069,0.00313555
269,768,11,0.031794973,0.028695115,0.003099858
269,768,12,0.004502727,0.001401394,0.003101333
269,768,13,0.005007176,0.001711027,0.003296149
269,768,14,0.004547055,0.001354266,0.003192789
269,768,15,0.004275091,0.000907639,0.003367452
269,768,16,0.004081673,0.0007094,0.003372273
269,768,17,0.004142312,0.000703984,0.003438328
269,768,18,0.01908337,0.015692434,0.003390936
269,768,19,0.00497978,0.001669034,0.003310746
269,768,20,0.00536911,0.00172462,0.00364449
269,768,21,0.004795649,0.00109784,0.003697809
269,768,22,0.005220566,0.001362907,0.003857659
269,768,23,0.005105419,0.001127662,0.003977757
269,768,24,0.00451378,0.000484498,0.004029282
269,768,25,0.004536692,0.000573066,0.003963626
269,768,26,0.004501437,0.000600506,0.003900931
269,768,27,0.004713131,0.000776928,0.003936203
269,768,28,0.004656782,0.000701529,0.003955253
269,768,29,0.004676286,0.000707393,0.003968893
269,768,30,0.004634766,0.000728287,0.003906479
269,768,31,0.004757603,0.000775162,0.003982441
269,768,32,0.004559104,0.000779187,0.003779917
269,768,33,0.004694644,0.000751863,0.003942781
269,768,34,0.004647361,0.000721627,0.003925734
269,768,35,0.004668022,0.000758303,0.003909719
269,768,36,0.004552354,0.000676641,0.003875713
269,768,37,0.004676652,0.000722869,0.003953783
269,768,38,0.004564145,0.000748451,0.003815694
269,768,39,0.004690024,0.000734668,0.003955356
269,768,40,0.004686361,0.000734757,0.003951604
269,768,41,0.004824413,0.000745517,0.004078896
269,768,42,0.004604607,0.000691973,0.003912634
269,768,43,0.004716494,0.000773066,0.003943428
269,768,44,0.004737085,0.000751547,0.003985538
269,768,45,0.004734814,0.000768172,0.003966642
269,768,46,0.004700772,0.000696182,0.00400459
269,768,47,0.004808998,0.000764672,0.004044326
269,768,48,0.004684529,0.00070425,0.003980279
269,768,49,0.004682448,0.000708925,0.003973523
269,768,50,0.004703477,0.000667422,0.004036055
269,768,51,0.004767234,0.00070844,0.004058794
269,768,52,0.00452469,0.000599006,0.003925684
269,768,53,0.004629117,0.00059922,0.004029897
269,768,54,0.004594928,0.0006129,0.003982028
269,768,55,0.004654058,0.000611212,0.004042846
269,768,56,0.004503175,0.000611917,0.003891258
269,768,57,0.004261105,0.000633697,0.003627408
269,768,58,0.004348398,0.000666333,0.003682065
269,768,59,0.00527339,0.001821563,0.003451827
269,768,60,0.005424852,0.001975053,0.003449799
269,768,61,0.007410171,0.0006946,0.006715571
269,768,62,0.005327473,0.001234961,0.004092512
269,768,63,0.004148925,0.000558152,0.003590773
269,768,64,0.004097036,0.000495373,0.003601663
269,768,65,0.00402158,0.000487692,0.003533888
269,768,66,0.004291398,0.000782057,0.003509341
269,768,67,0.00460715,0.000945346,0.003661804
269,768,68,0.004737173,0.000876673,0.0038605
269,768,69,0.004857434,0.000933113,0.003924321
269,768,70,0.006046318,0.002434876,0.003611442
269,768,71,0.00492915,0.001280475,0.003648675
269,768,72,0.004256134,0.000509116,0.003747018
269,768,73,0.004592387,0.000599381,0.003993006
269,768,74,0.004229393,0.000617528,0.003611865
269,768,75,0.004687188,0.000989737,0.003697451
269,768,76,0.004551559,0.000888834,0.003662725
269,768,77,0.004787418,0.001098049,0.003689369
269,768,78,0.004474495,0.000878478,0.003596017
269,768,79,0.004683869,0.001006598,0.003677271
269,768,80,0.004580176,0.000853796,0.00372638
269,768,81,0.005405423,0.001677452,0.003727971
269,768,82,0.004741041,0.000928519,0.003812522
269,768,83,0.00479204,0.001150379,0.003641661
269,768,84,0.004635504,0.001061631,0.003573873
269,768,85,0.004831876,0.001088072,0.003743804
269,768,86,0.004218059,0.000639363,0.003578696
269,768,87,0.006832564,0.003346513,0.003486051
269,768,88,0.00523007,0.001823079,0.003406991
269,768,89,0.004405647,0.000929279,0.003476368
269,768,90,0.004488492,0.000827653,0.003660839
269,768,91,0.004359805,0.000578538,0.003781267
269,768,92,0.004032451,0.000519209,0.003513242
269,768,93,0.004258684,0.000685496,0.003573188
269,768,94,0.004344122,0.000715274,0.003628848
269,768,95,0.006384532,0.002647735,0.003736797
269,768,96,0.004955158,0.001191921,0.003763237
269,768,97,0.004375356,0.000587203,0.003788153
269,768,98,0.007087094,0.003088608,0.003998486
269,768,99,0.005495073,0.00164007,0.003855003
269,768,100,0.004326998,0.000485037,0.003841961
269,768,101,0.004324882,0.000546224,0.003778658
269,768,102,0.004342578,0.00046717,0.003875408
269,768,103,0.004316819,0.000534226,0.003782593
269,768,104,0.004442112,0.000560368,0.003881744
269,768,105,0.005395635,0.001508975,0.00388666
269,768,106,0.006321067,0.002414291,0.003906776
269,768,107,0.00654877,0.0028396,0.00370917
269,768,108,0.00461772,0.000816611,0.003801109
269,768,109,0.004658692,0.00082942,0.003829272
269,768,110,0.004455069,0.000599635,0.003855434
270,768,1,0.757464525,0.63424112,0.123223405
270,768,2,0.003621478,0.000461926,0.003159552
270,768,3,0.035700919,0.032652333,0.003048586
270,768,4,0.037135033,0.034100625,0.003034408
270,768,5,0.003910309,0.000796646,0.003113663
270,768,6,0.003530249,0.000413456,0.003116793
270,768,7,0.053182468,0.050165808,0.00301666
270,768,8,0.004099918,0.001081709,0.003018209
270,768,9,0.003648403,0.000530522,0.003117881
270,768,10,0.031685984,0.028664472,0.003021512
270,768,11,0.004369081,0.001344603,0.003024478
270,768,12,0.004517568,0.001482737,0.003034831
270,768,13,0.004435693,0.001264675,0.003171018
270,768,14,0.004589199,0.001381076,0.003208123
270,768,15,0.003975195,0.000686658,0.003288537
270,768,16,0.003971081,0.000664565,0.003306516
270,768,17,0.019767429,0.016520626,0.003246803
270,768,18,0.005113171,0.001846435,0.003266736
270,768,19,0.005034428,0.001678546,0.003355882
270,768,20,0.004708825,0.001220419,0.003488406
270,768,21,0.00508469,0.001303043,0.003781647
270,768,22,0.004961351,0.001249739,0.003711612
270,768,23,0.004376004,0.000632827,0.003743177
270,768,24,0.004605732,0.000818777,0.003786955
270,768,25,0.004485077,0.000698941,0.003786136
270,768,26,0.004855247,0.001053197,0.00380205
270,768,27,0.004561217,0.000797666,0.003763551
270,768,28,0.004429174,0.00072401,0.003705164
270,768,29,0.004781457,0.001012957,0.0037685
270,768,30,0.004360363,0.000661065,0.003699298
270,768,31,0.004867489,0.001123692,0.003743797
270,768,32,0.004601684,0.000819996,0.003781688
270,768,33,0.004386463,0.00065765,0.003728813
270,768,34,0.004651253,0.000925073,0.00372618
270,768,35,0.00470507,0.00092484,0.00378023
270,768,36,0.00441111,0.000653801,0.003757309
270,768,37,0.004666651,0.000916973,0.003749678
270,768,38,0.004377728,0.000649564,0.003728164
270,768,39,0.004811351,0.001063356,0.003747995
270,768,40,0.004458756,0.000743946,0.00371481
270,768,41,0.004824919,0.001111403,0.003713516
270,768,42,0.004561623,0.000844557,0.003717066
270,768,43,0.004728965,0.001013008,0.003715957
270,768,44,0.00456934,0.000762828,0.003806512
270,768,45,0.004753162,0.000892457,0.003860705
270,768,46,0.004735367,0.000875099,0.003860268
270,768,47,0.004629298,0.000862803,0.003766495
270,768,48,0.00489261,0.000990647,0.003901963
270,768,49,0.004578247,0.00076146,0.003816787
270,768,50,0.004680759,0.000929086,0.003751673
270,768,51,0.004758424,0.001000537,0.003757887
270,768,52,0.004652017,0.000878279,0.003773738
270,768,53,0.004576796,0.00082598,0.003750816
270,768,54,0.004653809,0.000880324,0.003773485
270,768,55,0.004593279,0.000796963,0.003796316
270,768,56,0.004563321,0.000906854,0.003656467
270,768,57,0.004303841,0.000783711,0.00352013
270,768,58,0.0043384,0.000766998,0.003571402
270,768,59,0.004412763,0.00109479,0.003317973
270,768,60,0.004899516,0.001547579,0.003351937
270,768,61,0.005762882,0.002124418,0.003638464
270,768,62,0.007413019,0.00401024,0.003402779
270,768,63,0.005191113,0.001721981,0.003469132
270,768,64,0.004191035,0.000652246,0.003538789
270,768,65,0.003936765,0.00055591,0.003380855
270,768,66,0.004333008,0.000943215,0.003389793
270,768,67,0.004599866,0.001024212,0.003575654
270,768,68,0.004585897,0.000841534,0.003744363
270,768,69,0.00753044,0.001065021,0.006465419
270,768,70,0.005108263,0.001136144,0.003972119
270,768,71,0.004023392,0.000505253,0.003518139
270,768,72,0.004171946,0.000540764,0.003631182
270,768,73,0.004370934,0.000632492,0.003738442
270,768,74,0.004256144,0.000771889,0.003484255
270,768,75,0.00531947,0.00181348,0.00350599
270,768,76,0.004734035,0.001191598,0.003542437
270,768,77,0.004230347,0.000693687,0.00353666
270,768,78,0.004432751,0.000964016,0.003468735
270,768,79,0.004589853,0.001043387,0.003546466
270,768,80,0.006087074,0.002611791,0.003475283
270,768,81,0.004681914,0.001125649,0.003556265
270,768,82,0.004233787,0.000640641,0.003593146
270,768,83,0.004616298,0.001132116,0.003484182
270,768,84,0.004492197,0.001036074,0.003456123
270,768,85,0.004676108,0.001150446,0.003525662
270,768,86,0.004378564,0.000864552,0.003514012
270,768,87,0.004316639,0.00083712,0.003479519
270,768,88,0.006214778,0.002929649,0.003285129
270,768,89,0.005316342,0.002010458,0.003305884
270,768,90,0.004498042,0.001008921,0.003489121
270,768,91,0.00445701,0.000800455,0.003656555
270,768,92,0.004133737,0.000691728,0.003442009
270,768,93,0.004137133,0.000652094,0.003485039
270,768,94,0.004244646,0.000765311,0.003479335
270,768,95,0.006306108,0.002707475,0.003598633
270,768,96,0.004931035,0.001319787,0.003611248
270,768,97,0.00552249,0.001872341,0.003650149
270,768,98,0.005883633,0.001993649,0.003889984
270,768,99,0.004668799,0.000942781,0.003726018
270,768,100,0.005490864,0.001714501,0.003776363
270,768,101,0.004229124,0.000603364,0.00362576
270,768,102,0.004378262,0.000653645,0.003724617
270,768,103,0.004379268,0.000734125,0.003645143
270,768,104,0.004488243,0.000756269,0.003731974
270,768,105,0.00627226,0.002536134,0.003736126
270,768,106,0.004644509,0.00088337,0.003761139
270,768,107,0.004946652,0.00134363,0.003603022
270,768,108,0.006818512,0.003180115,0.003638397
270,768,109,0.004590654,0.000936999,0.003653655
270,768,110,0.004586394,0.000883311,0.003703083
271,768,1,0.753925692,0.630729315,0.123196377
271,768,2,0.06366111,0.060641129,0.003019981
271,768,3,0.003672098,0.000538437,0.003133661
271,768,4,0.013024268,0.010024238,0.00300003
271,768,5,0.026956246,0.023937495,0.003018751
271,768,6,0.003977907,0.000849255,0.003128652
271,768,7,0.003445623,0.000359858,0.003085765
271,768,8,0.053112498,0.050089359,0.003023139
271,768,9,0.033045084,0.030020316,0.003024768
271,768,10,0.004336531,0.001203616,0.003132915
271,768,11,0.004320248,0.001210323,0.003109925
271,768,12,0.004285535,0.001258178,0.003027357
271,768,13,0.004110296,0.000960268,0.003150028
271,768,14,0.00422809,0.00098847,0.00323962
271,768,15,0.004039042,0.000722765,0.003316277
271,768,16,0.020130122,0.016878647,0.003251475
271,768,17,0.005070251,0.001730979,0.003339272
271,768,18,0.004963404,0.001537227,0.003426177
271,768,19,0.004583224,0.001189095,0.003394129
271,768,20,0.004779092,0.001276607,0.003502485
271,768,21,0.004979827,0.001294089,0.003685738
271,768,22,0.004383648,0.000754751,0.003628897
271,768,23,0.004531687,0.00073292,0.003798767
271,768,24,0.004459862,0.00071462,0.003745242
271,768,25,0.004828052,0.001012822,0.00381523
271,768,26,0.004625346,0.000747393,0.003877953
271,768,27,0.004442144,0.000713208,0.003728936
271,768,28,0.004725135,0.000998841,0.003726294
271,768,29,0.004383153,0.000727615,0.003655538
271,768,30,0.004926874,0.001164884,0.00376199
271,768,31,0.004541326,0.000783462,0.003757864
271,768,32,0.004469673,0.00078529,0.003684383
271,768,33,0.004620076,0.000885656,0.00373442
271,768,34,0.004703894,0.000899023,0.003804871
271,768,35,0.00443412,0.00068421,0.00374991
271,768,36,0.004634672,0.000850108,0.003784564
271,768,37,0.004361563,0.000676983,0.00368458
271,768,38,0.0047948,0.00102582,0.00376898
271,768,39,0.004566426,0.000875526,0.0036909
271,768,40,0.004763359,0.00103977,0.003723589
271,768,41,0.004596423,0.000751444,0.003844979
271,768,42,0.004727334,0.000871184,0.00385615
271,768,43,0.004426354,0.000713662,0.003712692
271,768,44,0.004615532,0.000775842,0.00383969
271,768,45,0.004489417,0.000698986,0.003790431
271,768,46,0.004800393,0.000943938,0.003856455
271,768,47,0.004377106,0.000654181,0.003722925
271,768,48,0.004751321,0.000942385,0.003808936
271,768,49,0.004473678,0.000662635,0.003811043
271,768,50,0.004527765,0.00068928,0.003838485
271,768,51,0.004445961,0.000661326,0.003784635
271,768,52,0.004546791,0.000823512,0.003723279
271,768,53,0.004708031,0.000978981,0.00372905
271,768,54,0.004798949,0.001014774,0.003784175
271,768,55,0.004406689,0.000706746,0.003699943
271,768,56,0.004651872,0.000973803,0.003678069
271,768,57,0.004143734,0.000700634,0.0034431
271,768,58,0.004774097,0.001213321,0.003560776
271,768,59,0.004369103,0.001024379,0.003344724
271,768,60,0.004496451,0.001069205,0.003427246
271,768,61,0.004983911,0.001214195,0.003769716
271,768,62,0.005130351,0.00154565,0.003584701
271,768,63,0.009382891,0.004742951,0.00463994
271,768,64,0.004177814,0.000638143,0.003539671
271,768,65,0.003843713,0.000418488,0.003425225
271,768,66,0.003883841,0.000549839,0.003334002
271,768,67,0.0046076,0.00112499,0.00348261
271,768,68,0.005218567,0.001654559,0.003564008
271,768,69,0.004625915,0.000953823,0.003672092
271,768,70,0.006138972,0.002712767,0.003426205
271,768,71,0.004939815,0.001459798,0.003480017
271,768,72,0.004192947,0.000566532,0.003626415
271,768,73,0.004226168,0.000601211,0.003624957
271,768,74,0.006439358,0.003015611,0.003423747
271,768,75,0.004703099,0.001222159,0.00348094
271,768,76,0.004162966,0.000650701,0.003512265
271,768,77,0.004256515,0.000706604,0.003549911
271,768,78,0.004363106,0.000938277,0.003424829
271,768,79,0.006626231,0.003023991,0.00360224
271,768,80,0.004668856,0.001105495,0.003563361
271,768,81,0.004041065,0.000471954,0.003569111
271,768,82,0.004386334,0.000709775,0.003676559
271,768,83,0.004519101,0.000894051,0.00362505
271,768,84,0.004350379,0.000872273,0.003478106
271,768,85,0.004667659,0.001128345,0.003539314
271,768,86,0.00439551,0.000907061,0.003488449
271,768,87,0.004489947,0.000989228,0.003500719
271,768,88,0.004277675,0.000913249,0.003364426
271,768,89,0.005315244,0.00204799,0.003267254
271,768,90,0.005603024,0.002169281,0.003433743
271,768,91,0.004369557,0.000777429,0.003592128
271,768,92,0.00401935,0.000637923,0.003381427
271,768,93,0.004382604,0.000926217,0.003456387
271,768,94,0.006873471,0.003388676,0.003484795
271,768,95,0.0050063,0.00144485,0.00356145
271,768,96,0.005560223,0.001928673,0.00363155
271,768,97,0.005706195,0.001990534,0.003715661
271,768,98,0.004460521,0.000571406,0.003889115
271,768,99,0.004276078,0.000590927,0.003685151
271,768,100,0.004563913,0.000845043,0.00371887
271,768,101,0.004692107,0.001109487,0.00358262
271,768,102,0.005377693,0.001649984,0.003727709
271,768,103,0.004465475,0.000754313,0.003711162
271,768,104,0.006143677,0.002440867,0.00370281
271,768,105,0.004498306,0.000787645,0.003710661
271,768,106,0.004987952,0.001152472,0.00383548
271,768,107,0.004808055,0.001183447,0.003624608
271,768,108,0.005235206,0.001601912,0.003633294
271,768,109,0.004967922,0.00134517,0.003622752
271,768,110,0.005537408,0.001822318,0.00371509
272,768,1,0.756122996,0.632485454,0.123637542
272,768,2,0.070301272,0.06727492,0.003026352
272,768,3,0.03769239,0.034672103,0.003020287
272,768,4,0.01930583,0.016277462,0.003028368
272,768,5,0.012830381,0.009793811,0.00303657
272,768,6,0.011867337,0.008843287,0.00302405
272,768,7,0.004043835,0.000952264,0.003091571
272,768,8,0.082818981,0.079803424,0.003015557
272,768,9,0.003985346,0.000971675,0.003013671
272,768,10,0.004416125,0.001397389,0.003018736
272,768,11,0.004269457,0.001262457,0.003007
272,768,12,0.004042051,0.000927701,0.00311435
272,768,13,0.003772796,0.000610563,0.003162233
272,768,14,0.004055438,0.000828724,0.003226714
272,768,15,0.020714684,0.01746593,0.003248754
272,768,16,0.005012637,0.001737941,0.003274696
272,768,17,0.004869174,0.001587869,0.003281305
272,768,18,0.004616285,0.001316584,0.003299701
272,768,19,0.004627025,0.001165267,0.003461758
272,768,20,0.004787279,0.001254212,0.003533067
272,768,21,0.004402937,0.000702792,0.003700145
272,768,22,0.004359073,0.000672222,0.003686851
272,768,23,0.004492738,0.000777242,0.003715496
272,768,24,0.00481829,0.001029852,0.003788438
272,768,25,0.004575407,0.000750511,0.003824896
272,768,26,0.004533035,0.00068981,0.003843225
272,768,27,0.004719054,0.000832092,0.003886962
272,768,28,0.00442691,0.000684996,0.003741914
272,768,29,0.004878446,0.001082749,0.003795697
272,768,30,0.004520984,0.000726918,0.003794066
272,768,31,0.004576602,0.000766314,0.003810288
272,768,32,0.004587906,0.000803691,0.003784215
272,768,33,0.004625302,0.000783068,0.003842234
272,768,34,0.004448661,0.000706775,0.003741886
272,768,35,0.004602517,0.000789817,0.0038127
272,768,36,0.004419413,0.000739442,0.003679971
272,768,37,0.004806694,0.001055101,0.003751593
272,768,38,0.004600598,0.000813791,0.003786807
272,768,39,0.004727182,0.000931133,0.003796049
272,768,40,0.0045099,0.000778426,0.003731474
272,768,41,0.004661446,0.000826428,0.003835018
272,768,42,0.004562118,0.000734067,0.003828051
272,768,43,0.004555418,0.000693825,0.003861593
272,768,44,0.00454374,0.000750754,0.003792986
272,768,45,0.004698145,0.000777828,0.003920317
272,768,46,0.004503655,0.00069831,0.003805345
272,768,47,0.004661068,0.000802107,0.003858961
272,768,48,0.004504232,0.000643524,0.003860708
272,768,49,0.004434211,0.000665961,0.00376825
272,768,50,0.004612134,0.000787141,0.003824993
272,768,51,0.004580883,0.000809349,0.003771534
272,768,52,0.004665652,0.000891612,0.00377404
272,768,53,0.004732313,0.000907756,0.003824557
272,768,54,0.004534919,0.00080787,0.003727049
272,768,55,0.004681298,0.000879639,0.003801659
272,768,56,0.004389673,0.000773428,0.003616245
272,768,57,0.004565615,0.001147301,0.003418314
272,768,58,0.004719976,0.001193831,0.003526145
272,768,59,0.004229124,0.000905316,0.003323808
272,768,60,0.00464624,0.001244432,0.003401808
272,768,61,0.004448697,0.000676039,0.003772658
272,768,62,0.004280974,0.000660141,0.003620833
272,768,63,0.004342846,0.000808004,0.003534842
272,768,64,0.009166502,0.005687112,0.00347939
272,768,65,0.003980752,0.000640159,0.003340593
272,768,66,0.003952188,0.000698368,0.00325382
272,768,67,0.006470733,0.002901102,0.003569631
272,768,68,0.004495093,0.000783004,0.003712089
272,768,69,0.004713297,0.000962825,0.003750472
272,768,70,0.00424094,0.000808066,0.003432874
272,768,71,0.004735891,0.00124013,0.003495761
272,768,72,0.004922879,0.001299257,0.003623622
272,768,73,0.007280314,0.000735856,0.006544458
272,768,74,0.004858771,0.001199348,0.003659423
272,768,75,0.004159428,0.000636129,0.003523299
272,768,76,0.004145755,0.000674996,0.003470759
272,768,77,0.004206671,0.000680007,0.003526664
272,768,78,0.006823123,0.003231442,0.003591681
272,768,79,0.004715072,0.00104334,0.003671732
272,768,80,0.0040193,0.000446463,0.003572837
272,768,81,0.004111548,0.000543169,0.003568379
272,768,82,0.004466957,0.000795642,0.003671315
272,768,83,0.004487465,0.000908764,0.003578701
272,768,84,0.004431758,0.00095498,0.003476778
272,768,85,0.004574877,0.001088653,0.003486224
272,768,86,0.004540047,0.000999103,0.003540944
272,768,87,0.004327962,0.000865279,0.003462683
272,768,88,0.004282689,0.000872258,0.003410431
272,768,89,0.004283969,0.000925171,0.003358798
272,768,90,0.004610959,0.001290194,0.003320765
272,768,91,0.005639823,0.002126593,0.00351323
272,768,92,0.004793566,0.001490118,0.003303448
272,768,93,0.005039659,0.001608836,0.003430823
272,768,94,0.004326248,0.000843029,0.003483219
272,768,95,0.008004201,0.004432668,0.003571533
272,768,96,0.005854555,0.002152759,0.003701796
272,768,97,0.00427466,0.000520229,0.003754431
272,768,98,0.004579511,0.000647647,0.003931864
272,768,99,0.004531581,0.000808423,0.003723158
272,768,100,0.004484901,0.00078058,0.003704321
272,768,101,0.005491775,0.001888995,0.00360278
272,768,102,0.004499193,0.000767512,0.003731681
272,768,103,0.006118243,0.002427477,0.003690766
272,768,104,0.004461485,0.000781591,0.003679894
272,768,105,0.00474906,0.001074322,0.003674738
272,768,106,0.005265566,0.001528501,0.003737065
272,768,107,0.005178912,0.001571636,0.003607276
272,768,108,0.004221209,0.000554194,0.003667015
272,768,109,0.006217706,0.002496446,0.00372126
272,768,110,0.004288247,0.000591497,0.00369675
273,768,1,0.754774949,0.631394276,0.123380673
273,768,2,0.006060124,0.003005165,0.003054959
273,768,3,0.068861242,0.065834713,0.003026529
273,768,4,0.056356103,0.053338585,0.003017518
273,768,5,0.018922956,0.015898267,0.003024689
273,768,6,0.003957949,0.000948183,0.003009766
273,768,7,0.012319031,0.009306139,0.003012892
273,768,8,0.004236622,0.001112259,0.003124363
273,768,9,0.073091548,0.07006969,0.003021858
273,768,10,0.004411239,0.001375555,0.003035684
273,768,11,0.004463715,0.001314362,0.003149353
273,768,12,0.003909787,0.000747213,0.003162574
273,768,13,0.00384434,0.000713356,0.003130984
273,768,14,0.021657118,0.018348075,0.003309043
273,768,15,0.004872691,0.001540343,0.003332348
273,768,16,0.00460913,0.001313114,0.003296016
273,768,17,0.00443809,0.00108009,0.003358
273,768,18,0.004382038,0.001133135,0.003248903
273,768,19,0.005155572,0.001755362,0.00340021
273,768,20,0.004375678,0.000793492,0.003582186
273,768,21,0.004407663,0.000638057,0.003769606
273,768,22,0.004473854,0.000777702,0.003696152
273,768,23,0.004688731,0.000808683,0.003880048
273,768,24,0.004517363,0.000699255,0.003818108
273,768,25,0.004557834,0.000682207,0.003875627
273,768,26,0.004687057,0.00066666,0.004020397
273,768,27,0.004596362,0.000641303,0.003955059
273,768,28,0.004752936,0.000743663,0.004009273
273,768,29,0.004605495,0.000618257,0.003987238
273,768,30,0.004580191,0.000618694,0.003961497
273,768,31,0.004555717,0.000582262,0.003973455
273,768,32,0.004604347,0.000593209,0.004011138
273,768,33,0.004499294,0.000585103,0.003914191
273,768,34,0.004522842,0.000601308,0.003921534
273,768,35,0.004494525,0.00066234,0.003832185
273,768,36,0.004836158,0.000810273,0.004025885
273,768,37,0.0045131,0.000644347,0.003868753
273,768,38,0.004754735,0.000748257,0.004006478
273,768,39,0.004556654,0.000629641,0.003927013
273,768,40,0.004551061,0.000611529,0.003939532
273,768,41,0.004524573,0.00063497,0.003889603
273,768,42,0.004574348,0.00064823,0.003926118
273,768,43,0.004551159,0.000660422,0.003890737
273,768,44,0.004635903,0.00063942,0.003996483
273,768,45,0.004529701,0.000683013,0.003846688
273,768,46,0.004674357,0.000623307,0.00405105
273,768,47,0.004558602,0.000646821,0.003911781
273,768,48,0.004548412,0.000592554,0.003955858
273,768,49,0.004548654,0.000624999,0.003923655
273,768,50,0.004543309,0.000607116,0.003936193
273,768,51,0.004687712,0.000800168,0.003887544
273,768,52,0.004471236,0.000643329,0.003827907
273,768,53,0.004806864,0.000943037,0.003863827
273,768,54,0.004561372,0.000609866,0.003951506
273,768,55,0.004687625,0.000823526,0.003864099
273,768,56,0.004594636,0.000799952,0.003794684
273,768,57,0.00447886,0.000898558,0.003580302
273,768,58,0.004460448,0.000988812,0.003471636
273,768,59,0.004416905,0.001068517,0.003348388
273,768,60,0.004431511,0.001018516,0.003412995
273,768,61,0.004518427,0.000803618,0.003714809
273,768,62,0.004376315,0.000697,0.003679315
273,768,63,0.004473653,0.000987057,0.003486596
273,768,64,0.004952663,0.001505404,0.003447259
273,768,65,0.007969956,0.00467974,0.003290216
273,768,66,0.006194339,0.002795864,0.003398475
273,768,67,0.004375409,0.000630184,0.003745225
273,768,68,0.004656846,0.000792972,0.003863874
273,768,69,0.004289608,0.000561939,0.003727669
273,768,70,0.00440069,0.000889587,0.003511103
273,768,71,0.004657347,0.001142221,0.003515126
273,768,72,0.004663988,0.000962593,0.003701395
273,768,73,0.004631392,0.000879949,0.003751443
273,768,74,0.006358715,0.002887884,0.003470831
273,768,75,0.004644063,0.001141508,0.003502555
273,768,76,0.004212019,0.000656964,0.003555055
273,768,77,0.007444314,0.000726575,0.006717739
273,768,78,0.00486321,0.001224409,0.003638801
273,768,79,0.004125033,0.000579676,0.003545357
273,768,80,0.004014698,0.000495583,0.003519115
273,768,81,0.004186645,0.000611882,0.003574763
273,768,82,0.004535529,0.000968335,0.003567194
273,768,83,0.004536308,0.000965955,0.003570353
273,768,84,0.004408611,0.000969395,0.003439216
273,768,85,0.004668526,0.001149036,0.00351949
273,768,86,0.004454004,0.000898318,0.003555686
273,768,87,0.004251185,0.000793528,0.003457657
273,768,88,0.00432499,0.000937194,0.003387796
273,768,89,0.004363847,0.00098434,0.003379507
273,768,90,0.004618939,0.001044708,0.003574231
273,768,91,0.006330377,0.002755954,0.003574423
273,768,92,0.0047514,0.001409638,0.003341762
273,768,93,0.004377498,0.00088466,0.003492838
273,768,94,0.007900457,0.004359998,0.003540459
273,768,95,0.005698846,0.002131284,0.003567562
273,768,96,0.004383695,0.000733506,0.003650189
273,768,97,0.004433196,0.000716798,0.003716398
273,768,98,0.004746946,0.000819921,0.003927025
273,768,99,0.00455896,0.000784114,0.003774846
273,768,100,0.005539847,0.001858075,0.003681772
273,768,101,0.0043857,0.000763496,0.003622204
273,768,102,0.0061913,0.002543537,0.003647763
273,768,103,0.004400796,0.000722513,0.003678283
273,768,104,0.004679765,0.001021397,0.003658368
273,768,105,0.005193679,0.001520135,0.003673544
273,768,106,0.005439584,0.001763135,0.003676449
273,768,107,0.00419083,0.000577471,0.003613359
273,768,108,0.005953958,0.002312747,0.003641211
273,768,109,0.004386659,0.000668082,0.003718577
273,768,110,0.005111137,0.001389679,0.003721458
274,768,1,0.754729022,0.630938386,0.123790636
274,768,2,0.011627227,0.008595381,0.003031846
274,768,3,0.065052523,0.062019502,0.003033021
274,768,4,0.070459286,0.067424914,0.003034372
274,768,5,0.003974482,0.000933006,0.003041476
274,768,6,0.012309937,0.009284632,0.003025305
274,768,7,0.003908853,0.000824266,0.003084587
274,768,8,0.061114168,0.058098585,0.003015583
274,768,9,0.004019942,0.001000044,0.003019898
274,768,10,0.015113048,0.012085329,0.003027719
274,768,11,0.004473352,0.001452029,0.003021323
274,768,12,0.004322827,0.001214654,0.003108173
274,768,13,0.022391396,0.019047322,0.003344074
274,768,14,0.004807064,0.001523364,0.0032837
274,768,15,0.004436828,0.001063316,0.003373512
274,768,16,0.00434986,0.001038627,0.003311233
274,768,17,0.004362529,0.001040768,0.003321761
274,768,18,0.004732784,0.001461373,0.003271411
274,768,19,0.00469461,0.001223247,0.003471363
274,768,20,0.004371129,0.000765469,0.00360566
274,768,21,0.004529985,0.000789687,0.003740298
274,768,22,0.004570252,0.000847696,0.003722556
274,768,23,0.004409555,0.000600489,0.003809066
274,768,24,0.004521083,0.000709432,0.003811651
274,768,25,0.004664648,0.000752872,0.003911776
274,768,26,0.004542615,0.000713304,0.003829311
274,768,27,0.004769372,0.000787293,0.003982079
274,768,28,0.004591062,0.000713672,0.00387739
274,768,29,0.00457211,0.000663126,0.003908984
274,768,30,0.004614336,0.000729347,0.003884989
274,768,31,0.004523185,0.000643744,0.003879441
274,768,32,0.004590916,0.000697463,0.003893453
274,768,33,0.004643718,0.000695359,0.003948359
274,768,34,0.00454872,0.000684612,0.003864108
274,768,35,0.004679104,0.000719726,0.003959378
274,768,36,0.004448034,0.000622357,0.003825677
274,768,37,0.004765167,0.00080158,0.003963587
274,768,38,0.004307457,0.000534685,0.003772772
274,768,39,0.004641704,0.000766199,0.003875505
274,768,40,0.004551713,0.000687107,0.003864606
274,768,41,0.004548596,0.000697086,0.00385151
274,768,42,0.004604661,0.000777286,0.003827375
274,768,43,0.004574539,0.000723056,0.003851483
274,768,44,0.004715357,0.000690499,0.004024858
274,768,45,0.004539494,0.000615515,0.003923979
274,768,46,0.004460587,0.000592152,0.003868435
274,768,47,0.004515099,0.000614297,0.003900802
274,768,48,0.004423104,0.000596195,0.003826909
274,768,49,0.004583103,0.000714136,0.003868967
274,768,50,0.004405002,0.000628396,0.003776606
274,768,51,0.004582195,0.000748963,0.003833232
274,768,52,0.004516996,0.000759681,0.003757315
274,768,53,0.004665768,0.000893169,0.003772599
274,768,54,0.004532928,0.000765559,0.003767369
274,768,55,0.004751315,0.000995185,0.00375613
274,768,56,0.004665667,0.0009516,0.003714067
274,768,57,0.004552019,0.001015759,0.00353626
274,768,58,0.004449746,0.000986723,0.003463023
274,768,59,0.004396385,0.000985054,0.003411331
274,768,60,0.004354828,0.000922117,0.003432711
274,768,61,0.005289665,0.001546093,0.003743572
274,768,62,0.004712122,0.001222394,0.003489728
274,768,63,0.004466838,0.001059477,0.003407361
274,768,64,0.008461331,0.002967165,0.005494166
274,768,65,0.006244834,0.002331631,0.003913203
274,768,66,0.004065034,0.00060005,0.003464984
274,768,67,0.004472969,0.000653209,0.00381976
274,768,68,0.004202926,0.000501491,0.003701435
274,768,69,0.004357492,0.000690946,0.003666546
274,768,70,0.004303437,0.000778336,0.003525101
274,768,71,0.004507831,0.000968041,0.00353979
274,768,72,0.004680711,0.001021021,0.00365969
274,768,73,0.004562405,0.000857329,0.003705076
274,768,74,0.004368353,0.000889232,0.003479121
274,768,75,0.005657155,0.002195117,0.003462038
274,768,76,0.004700354,0.001184585,0.003515769
274,768,77,0.004483991,0.000838211,0.00364578
274,768,78,0.007590519,0.003951292,0.003639227
274,768,79,0.004681377,0.000953913,0.003727464
274,768,80,0.003960716,0.000420213,0.003540503
274,768,81,0.004105605,0.000505775,0.00359983
274,768,82,0.004673128,0.001033428,0.0036397
274,768,83,0.004358796,0.00082721,0.003531586
274,768,84,0.004466315,0.001019038,0.003447277
274,768,85,0.004519685,0.001032489,0.003487196
274,768,86,0.005019423,0.001542369,0.003477054
274,768,87,0.004443228,0.000988454,0.003454774
274,768,88,0.004196561,0.000847619,0.003348942
274,768,89,0.004489459,0.001100522,0.003388937
274,768,90,0.006659332,0.003307028,0.003352304
274,768,91,0.004959048,0.001590673,0.003368375
274,768,92,0.004287652,0.000895491,0.003392161
274,768,93,0.007895039,0.004433001,0.003462038
274,768,94,0.005614671,0.002057295,0.003557376
274,768,95,0.004447247,0.000862177,0.00358507
274,768,96,0.004493993,0.000837547,0.003656446
274,768,97,0.004565353,0.000843748,0.003721605
274,768,98,0.004760473,0.000871435,0.003889038
274,768,99,0.005589758,0.001885267,0.003704491
274,768,100,0.004434122,0.000769105,0.003665017
274,768,101,0.006160729,0.002429127,0.003731602
274,768,102,0.004376133,0.000747873,0.00362826
274,768,103,0.004575386,0.000851937,0.003723449
274,768,104,0.005219972,0.001507238,0.003712734
274,768,105,0.005524867,0.001769322,0.003755545
274,768,106,0.004314579,0.000651772,0.003662807
274,768,107,0.005788059,0.002206994,0.003581065
274,768,108,0.004258014,0.000635862,0.003622152
274,768,109,0.005008951,0.001285583,0.003723368
274,768,110,0.004734753,0.001067067,0.003667686
275,768,1,0.754845115,0.630969378,0.123875737
275,768,2,0.010604967,0.00749227,0.003112697
275,768,3,0.053574107,0.050465127,0.00310898
275,768,4,0.069458794,0.066348967,0.003109827
275,768,5,0.016726848,0.013614136,0.003112712
275,768,6,0.004064861,0.000880822,0.003184039
275,768,7,0.01241606,0.009309995,0.003106065
275,768,8,0.023539307,0.020432976,0.003106331
275,768,9,0.041263928,0.038159985,0.003103943
275,768,10,0.004315187,0.001102686,0.003212501
275,768,11,0.015187787,0.012082788,0.003104999
275,768,12,0.024062143,0.02066498,0.003397163
275,768,13,0.004771472,0.001308793,0.003462679
275,768,14,0.004375246,0.00090448,0.003470766
275,768,15,0.004317937,0.000895459,0.003422478
275,768,16,0.004293432,0.000833267,0.003460165
275,768,17,0.004520241,0.001106837,0.003413404
275,768,18,0.004436027,0.001017418,0.003418609
275,768,19,0.004609139,0.00107579,0.003533349
275,768,20,0.004562371,0.000789075,0.003773296
275,768,21,0.004515533,0.000557518,0.003958015
275,768,22,0.004397487,0.000532757,0.00386473
275,768,23,0.004472647,0.00055313,0.003919517
275,768,24,0.004526956,0.000628521,0.003898435
275,768,25,0.004636691,0.000595539,0.004041152
275,768,26,0.004638169,0.000570714,0.004067455
275,768,27,0.004712393,0.000580415,0.004131978
275,768,28,0.004548879,0.000559704,0.003989175
275,768,29,0.004625315,0.000547658,0.004077657
275,768,30,0.004514336,0.000528446,0.00398589
275,768,31,0.004583302,0.000509166,0.004074136
275,768,32,0.004588803,0.000508123,0.00408068
275,768,33,0.00464179,0.000533228,0.004108562
275,768,34,0.004554813,0.000529315,0.004025498
275,768,35,0.004642538,0.00053896,0.004103578
275,768,36,0.004603366,0.000548125,0.004055241
275,768,37,0.004548733,0.000520223,0.00402851
275,768,38,0.004518287,0.000508276,0.004010011
275,768,39,0.004580818,0.000526291,0.004054527
275,768,40,0.004548298,0.000499818,0.00404848
275,768,41,0.004652202,0.000494395,0.004157807
275,768,42,0.004498203,0.000478787,0.004019416
275,768,43,0.004594119,0.000479906,0.004114213
275,768,44,0.004546187,0.000513555,0.004032632
275,768,45,0.004587016,0.000549113,0.004037903
275,768,46,0.004508081,0.000536956,0.003971125
275,768,47,0.004471021,0.000506412,0.003964609
275,768,48,0.004496457,0.000534017,0.00396244
275,768,49,0.004489195,0.000514188,0.003975007
275,768,50,0.004471238,0.000525762,0.003945476
275,768,51,0.00448703,0.00054004,0.00394699
275,768,52,0.004381907,0.000507658,0.003874249
275,768,53,0.004580599,0.000733016,0.003847583
275,768,54,0.004574223,0.000630709,0.003943514
275,768,55,0.004527123,0.000684153,0.00384297
275,768,56,0.004458029,0.000664981,0.003793048
275,768,57,0.004337666,0.000757258,0.003580408
275,768,58,0.004588001,0.000946888,0.003641113
275,768,59,0.004117998,0.000648367,0.003469631
275,768,60,0.006253375,0.002825915,0.00342746
275,768,61,0.004957535,0.001230119,0.003727416
275,768,62,0.004362528,0.000683484,0.003679044
275,768,63,0.006641783,0.003142674,0.003499109
275,768,64,0.007524105,0.001409682,0.006114423
275,768,65,0.004758832,0.001124457,0.003634375
275,768,66,0.004095993,0.000491246,0.003604747
275,768,67,0.004320521,0.000506072,0.003814449
275,768,68,0.004376276,0.000540872,0.003835404
275,768,69,0.004371855,0.000572749,0.003799106
275,768,70,0.004227925,0.00066581,0.003562115
275,768,71,0.004705648,0.001016122,0.003689526
275,768,72,0.004437391,0.000779339,0.003658052
275,768,73,0.004787536,0.000905438,0.003882098
275,768,74,0.004142757,0.00062986,0.003512897
275,768,75,0.004662166,0.00104177,0.003620396
275,768,76,0.004589272,0.000870469,0.003718803
275,768,77,0.00471634,0.000948732,0.003767608
275,768,78,0.004458861,0.000830132,0.003628729
275,768,79,0.007413693,0.00369083,0.003722863
275,768,80,0.004660414,0.000965205,0.003695209
275,768,81,0.004207723,0.000467741,0.003739982
275,768,82,0.004401485,0.000584396,0.003817089
275,768,83,0.004467327,0.000732009,0.003735318
275,768,84,0.00489595,0.001304288,0.003591662
275,768,85,0.005449997,0.001886869,0.003563128
275,768,86,0.004551548,0.000944097,0.003607451
275,768,87,0.004227307,0.000663233,0.003564074
275,768,88,0.004405683,0.000929218,0.003476465
275,768,89,0.006502981,0.003225635,0.003277346
275,768,90,0.005190773,0.001734172,0.003456601
275,768,91,0.004374251,0.000871531,0.00350272
275,768,92,0.007707415,0.004160305,0.00354711
275,768,93,0.005506193,0.001897033,0.00360916
275,768,94,0.004472988,0.000785473,0.003687515
275,768,95,0.004537251,0.000797486,0.003739765
275,768,96,0.004517663,0.000761217,0.003756446
275,768,97,0.004604776,0.000761854,0.003842922
275,768,98,0.005782496,0.002009278,0.003773218
275,768,99,0.004446992,0.000659832,0.00378716
275,768,100,0.006160901,0.002456549,0.003704352
275,768,101,0.004433947,0.000591501,0.003842446
275,768,102,0.004519666,0.000773778,0.003745888
275,768,103,0.005152162,0.001363506,0.003788656
275,768,104,0.005434835,0.001593292,0.003841543
275,768,105,0.004526714,0.000691905,0.003834809
275,768,106,0.00581227,0.002094038,0.003718232
275,768,107,0.004177554,0.00046675,0.003710804
275,768,108,0.004878753,0.001174788,0.003703965
275,768,109,0.004814352,0.000993035,0.003821317
275,768,110,0.005563624,0.001938825,0.003624799
276,768,1,0.759689578,0.635503225,0.124186353
276,768,2,0.045954851,0.04293869,0.003016161
276,768,3,0.027622982,0.02459213,0.003030852
276,768,4,0.066925229,0.063897665,0.003027564
276,768,5,0.003961133,0.000854246,0.003106887
276,768,6,0.014254864,0.011237466,0.003017398
276,768,7,0.02349517,0.02047088,0.00302429
276,768,8,0.012158332,0.00913239,0.003025942
276,768,9,0.004068405,0.001050817,0.003017588
276,768,10,0.031439055,0.028425223,0.003013832
276,768,11,0.036913937,0.033718729,0.003195208
276,768,12,0.004597792,0.001377952,0.00321984
276,768,13,0.004314647,0.000992231,0.003322416
276,768,14,0.00430709,0.000939057,0.003368033
276,768,15,0.004191006,0.000819002,0.003372004
276,768,16,0.004429564,0.001094787,0.003334777
276,768,17,0.004384299,0.001000552,0.003383747
276,768,18,0.004413718,0.001141227,0.003272491
276,768,19,0.004629292,0.001108138,0.003521154
276,768,20,0.004396972,0.000757302,0.00363967
276,768,21,0.004227559,0.000542229,0.00368533
276,768,22,0.004270669,0.000552046,0.003718623
276,768,23,0.004449894,0.000659021,0.003790873
276,768,24,0.004375535,0.000670801,0.003704734
276,768,25,0.004430473,0.00063111,0.003799363
276,768,26,0.004517318,0.00069852,0.003818798
276,768,27,0.004645681,0.000808973,0.003836708
276,768,28,0.004701807,0.000883424,0.003818383
276,768,29,0.004562981,0.00075532,0.003807661
276,768,30,0.004581074,0.000752191,0.003828883
276,768,31,0.004572953,0.000748652,0.003824301
276,768,32,0.004554143,0.000700978,0.003853165
276,768,33,0.004520259,0.000709327,0.003810932
276,768,34,0.0047446,0.000885177,0.003859423
276,768,35,0.00455765,0.000718584,0.003839066
276,768,36,0.004550344,0.000735729,0.003814615
276,768,37,0.004634547,0.000786786,0.003847761
276,768,38,0.004617198,0.00075796,0.003859238
276,768,39,0.004444888,0.000631417,0.003813471
276,768,40,0.00463999,0.000754404,0.003885586
276,768,41,0.004458732,0.000698278,0.003760454
276,768,42,0.004749193,0.000869885,0.003879308
276,768,43,0.004387968,0.000587581,0.003800387
276,768,44,0.004645862,0.000786588,0.003859274
276,768,45,0.004577998,0.000742808,0.00383519
276,768,46,0.00463654,0.0007529,0.00388364
276,768,47,0.004597038,0.000776121,0.003820917
276,768,48,0.004514732,0.000656354,0.003858378
276,768,49,0.004668904,0.000813214,0.00385569
276,768,50,0.004393448,0.000540837,0.003852611
276,768,51,0.004551827,0.000764039,0.003787788
276,768,52,0.004609011,0.000714212,0.003894799
276,768,53,0.004453598,0.00072387,0.003729728
276,768,54,0.004692025,0.000814624,0.003877401
276,768,55,0.004531417,0.000770822,0.003760595
276,768,56,0.004530962,0.000807199,0.003723763
276,768,57,0.004563837,0.001014101,0.003549736
276,768,58,0.00439669,0.000916702,0.003479988
276,768,59,0.006657267,0.003251415,0.003405852
276,768,60,0.004570488,0.001047681,0.003522807
276,768,61,0.004298524,0.000657575,0.003640949
276,768,62,0.006785609,0.000848099,0.00593751
276,768,63,0.005101167,0.001007206,0.004093961
276,768,64,0.003983411,0.00051632,0.003467091
276,768,65,0.005993893,0.002684703,0.00330919
276,768,66,0.004678245,0.001233791,0.003444454
276,768,67,0.004337187,0.000652583,0.003684604
276,768,68,0.004360983,0.000600758,0.003760225
276,768,69,0.004312303,0.000672245,0.003640058
276,768,70,0.004278372,0.000755545,0.003522827
276,768,71,0.004591106,0.001096407,0.003494699
276,768,72,0.00478128,0.001135693,0.003645587
276,768,73,0.004898039,0.001093831,0.003804208
276,768,74,0.004085384,0.000612225,0.003473159
276,768,75,0.004743373,0.001254114,0.003489259
276,768,76,0.004858019,0.001271273,0.003586746
276,768,77,0.004834177,0.001279173,0.003555004
276,768,78,0.006054945,0.00256468,0.003490265
276,768,79,0.00457434,0.001036068,0.003538272
276,768,80,0.004754779,0.001157803,0.003596976
276,768,81,0.004623865,0.001059048,0.003564817
276,768,82,0.004415073,0.000776512,0.003638561
276,768,83,0.005518237,0.002071574,0.003446663
276,768,84,0.005540199,0.002171958,0.003368241
276,768,85,0.004662513,0.00118546,0.003477053
276,768,86,0.004372117,0.000914752,0.003457365
276,768,87,0.004458028,0.000984878,0.00347315
276,768,88,0.006425192,0.003204892,0.0032203
276,768,89,0.005166481,0.001850449,0.003316032
276,768,90,0.004585769,0.001058193,0.003527576
276,768,91,0.007617339,0.004284902,0.003332437
276,768,92,0.005405241,0.001982931,0.00342231
276,768,93,0.00442096,0.000907645,0.003513315
276,768,94,0.004518422,0.000950543,0.003567879
276,768,95,0.0046427,0.00100778,0.00363492
276,768,96,0.004577027,0.00088912,0.003687907
276,768,97,0.005827462,0.001970983,0.003856479
276,768,98,0.004434906,0.000749465,0.003685441
276,768,99,0.0062667,0.002512577,0.003754123
276,768,100,0.004325108,0.000711161,0.003613947
276,768,101,0.004567984,0.000854173,0.003713811
276,768,102,0.005072262,0.00139751,0.003674752
276,768,103,0.00537701,0.001724819,0.003652191
276,768,104,0.004366092,0.000646579,0.003719513
276,768,105,0.006150908,0.002398172,0.003752736
276,768,106,0.004133999,0.000522537,0.003611462
276,768,107,0.004764341,0.001138923,0.003625418
276,768,108,0.004661324,0.001034044,0.00362728
276,768,109,0.005935009,0.002264815,0.003670194
276,768,110,0.005333299,0.001953795,0.003379504
277,768,1,0.75557581,0.631963897,0.123611913
277,768,2,0.007313402,0.004275549,0.003037853
277,768,3,0.052698293,0.049663526,0.003034767
277,768,4,0.068454876,0.065432335,0.003022541
277,768,5,0.031172755,0.028161149,0.003011606
277,768,6,0.023487588,0.020472625,0.003014963
277,768,7,0.012198945,0.009173527,0.003025418
277,768,8,0.004087285,0.001067868,0.003019417
277,768,9,0.003783807,0.000668067,0.00311574
277,768,10,0.064406687,0.061172017,0.00323467
277,768,11,0.004559109,0.001315422,0.003243687
277,768,12,0.004198683,0.000865202,0.003333481
277,768,13,0.004171437,0.000863988,0.003307449
277,768,14,0.004169221,0.000841546,0.003327675
277,768,15,0.004413258,0.001021535,0.003391723
277,768,16,0.004094189,0.000705355,0.003388834
277,768,17,0.004163511,0.000787111,0.0033764
277,768,18,0.004352738,0.000972336,0.003380402
277,768,19,0.004463184,0.000945841,0.003517343
277,768,20,0.004324777,0.00065114,0.003673637
277,768,21,0.004309943,0.000596095,0.003713848
277,768,22,0.004605683,0.00078925,0.003816433
277,768,23,0.00457921,0.000804988,0.003774222
277,768,24,0.004379387,0.000601367,0.00377802
277,768,25,0.00439998,0.000661509,0.003738471
277,768,26,0.004493159,0.000595264,0.003897895
277,768,27,0.004482045,0.000586463,0.003895582
277,768,28,0.004480574,0.000575131,0.003905443
277,768,29,0.004481231,0.000585123,0.003896108
277,768,30,0.004416885,0.000587943,0.003828942
277,768,31,0.004418825,0.000563381,0.003855444
277,768,32,0.00445478,0.000630784,0.003823996
277,768,33,0.004692648,0.000874622,0.003818026
277,768,34,0.004513634,0.000682471,0.003831163
277,768,35,0.004630464,0.000840039,0.003790425
277,768,36,0.00452737,0.000692786,0.003834584
277,768,37,0.004539059,0.000769225,0.003769834
277,768,38,0.004816715,0.001032283,0.003784432
277,768,39,0.004609215,0.000717625,0.00389159
277,768,40,0.005031615,0.001172948,0.003858667
277,768,41,0.004541439,0.000631647,0.003909792
277,768,42,0.004587003,0.000632956,0.003954047
277,768,43,0.004523029,0.000558452,0.003964577
277,768,44,0.004602646,0.000657245,0.003945401
277,768,45,0.004594211,0.00065797,0.003936241
277,768,46,0.004573049,0.000648334,0.003924715
277,768,47,0.004630424,0.000698935,0.003931489
277,768,48,0.004375144,0.000542251,0.003832893
277,768,49,0.004553015,0.000720674,0.003832341
277,768,50,0.00463453,0.000766468,0.003868062
277,768,51,0.004485569,0.00072177,0.003763799
277,768,52,0.004615146,0.000789772,0.003825374
277,768,53,0.004513606,0.000795222,0.003718384
277,768,54,0.004644499,0.000826919,0.00381758
277,768,55,0.004516039,0.000762552,0.003753487
277,768,56,0.004519826,0.000841919,0.003677907
277,768,57,0.004515384,0.000959875,0.003555509
277,768,58,0.007232515,0.001043938,0.006188577
277,768,59,0.004706143,0.001186735,0.003519408
277,768,60,0.0041203,0.000461336,0.003658964
277,768,61,0.004402318,0.000859693,0.003542625
277,768,62,0.005298076,0.001762257,0.003535819
277,768,63,0.004737846,0.001246834,0.003491012
277,768,64,0.00488332,0.001405649,0.003477671
277,768,65,0.003844695,0.000489934,0.003354761
277,768,66,0.006036263,0.002681582,0.003354681
277,768,67,0.004967594,0.00130991,0.003657684
277,768,68,0.0043432,0.000686212,0.003656988
277,768,69,0.004465869,0.000767657,0.003698212
277,768,70,0.004279571,0.000851754,0.003427817
277,768,71,0.006009141,0.002526067,0.003483074
277,768,72,0.004668478,0.001022532,0.003645946
277,768,73,0.0042445,0.000562161,0.003682339
277,768,74,0.004482175,0.000926104,0.003556071
277,768,75,0.005100947,0.001543723,0.003557224
277,768,76,0.004967954,0.001451334,0.00351662
277,768,77,0.005681455,0.002232627,0.003448828
277,768,78,0.004623272,0.001063315,0.003559957
277,768,79,0.00466906,0.000995965,0.003673095
277,768,80,0.004360782,0.000842645,0.003518137
277,768,81,0.004770198,0.001152431,0.003617767
277,768,82,0.005435886,0.001989387,0.003446499
277,768,83,0.005538965,0.002217435,0.00332153
277,768,84,0.004814933,0.00134556,0.003469373
277,768,85,0.004486867,0.001001838,0.003485029
277,768,86,0.004505974,0.000953459,0.003552515
277,768,87,0.006352454,0.003078233,0.003274221
277,768,88,0.005158615,0.00190718,0.003251435
277,768,89,0.004626074,0.001143041,0.003483033
277,768,90,0.007670646,0.004297565,0.003373081
277,768,91,0.005307618,0.001939178,0.00336844
277,768,92,0.004546172,0.001073044,0.003473128
277,768,93,0.004298498,0.000797681,0.003500817
277,768,94,0.004675625,0.001102219,0.003573406
277,768,95,0.004696321,0.001003157,0.003693164
277,768,96,0.005733522,0.001955871,0.003777651
277,768,97,0.004544452,0.000623002,0.00392145
277,768,98,0.006258575,0.002569155,0.00368942
277,768,99,0.004462811,0.000743845,0.003718966
277,768,100,0.004476928,0.000879846,0.003597082
277,768,101,0.005126736,0.001421499,0.003705237
277,768,102,0.005363398,0.001626177,0.003737221
277,768,103,0.004236026,0.000557255,0.003678771
277,768,104,0.006095679,0.002463948,0.003631731
277,768,105,0.004382392,0.000653294,0.003729098
277,768,106,0.004631551,0.000974693,0.003656858
277,768,107,0.00457321,0.000866813,0.003706397
277,768,108,0.00598771,0.002247694,0.003740016
277,768,109,0.005644756,0.001940514,0.003704242
277,768,110,0.003957106,0.000559377,0.003397729
278,768,1,0.758329996,0.634951214,0.123378782
278,768,2,0.023309998,0.020290402,0.003019596
278,768,3,0.066997937,0.063976321,0.003021616
278,768,4,0.063472735,0.060439347,0.003033388
278,768,5,0.023466861,0.02045302,0.003013841
278,768,6,0.012184342,0.009170713,0.003013629
278,768,7,0.004085536,0.001062786,0.00302275
278,768,8,0.003653217,0.000505579,0.003147638
278,768,9,0.064291404,0.061140197,0.003151207
278,768,10,0.004564035,0.001346275,0.00321776
278,768,11,0.004120874,0.00079657,0.003324304
278,768,12,0.004173086,0.000793777,0.003379309
278,768,13,0.00402862,0.0006481,0.00338052
278,768,14,0.004147091,0.000818381,0.00332871
278,768,15,0.004104455,0.000729368,0.003375087
278,768,16,0.004147114,0.000808305,0.003338809
278,768,17,0.004093482,0.000750158,0.003343324
278,768,18,0.004545843,0.001164725,0.003381118
278,768,19,0.004463061,0.000954022,0.003509039
278,768,20,0.004214546,0.000573114,0.003641432
278,768,21,0.004327326,0.000596426,0.0037309
278,768,22,0.004389335,0.000679591,0.003709744
278,768,23,0.004499149,0.00078296,0.003716189
278,768,24,0.004499244,0.000739657,0.003759587
278,768,25,0.004440189,0.000736952,0.003703237
278,768,26,0.004377687,0.000556671,0.003821016
278,768,27,0.004413188,0.000564488,0.0038487
278,768,28,0.00444344,0.000641484,0.003801956
278,768,29,0.004523063,0.000672984,0.003850079
278,768,30,0.004363715,0.000575847,0.003787868
278,768,31,0.004783563,0.00096752,0.003816043
278,768,32,0.004450209,0.000614418,0.003835791
278,768,33,0.004578457,0.000761633,0.003816824
278,768,34,0.00483553,0.000906472,0.003929058
278,768,35,0.004492777,0.000636268,0.003856509
278,768,36,0.004546807,0.000746893,0.003799914
278,768,37,0.004756705,0.000924696,0.003832009
278,768,38,0.004546745,0.000719924,0.003826821
278,768,39,0.004964096,0.00122626,0.003737836
278,768,40,0.004381977,0.000577182,0.003804795
278,768,41,0.004806119,0.001000281,0.003805838
278,768,42,0.004444063,0.000662522,0.003781541
278,768,43,0.004747848,0.000973637,0.003774211
278,768,44,0.00462247,0.000786936,0.003835534
278,768,45,0.004583956,0.000791123,0.003792833
278,768,46,0.004555306,0.000666095,0.003889211
278,768,47,0.004622909,0.00076001,0.003862899
278,768,48,0.004462915,0.000597624,0.003865291
278,768,49,0.004507426,0.000688264,0.003819162
278,768,50,0.004556076,0.000709867,0.003846209
278,768,51,0.004581803,0.000812511,0.003769292
278,768,52,0.004573417,0.000774501,0.003798916
278,768,53,0.004633898,0.000887298,0.0037466
278,768,54,0.004656724,0.000842319,0.003814405
278,768,55,0.004613835,0.000840322,0.003773513
278,768,56,0.004587955,0.000870595,0.00371736
278,768,57,0.004308108,0.000843508,0.0034646
278,768,58,0.004792153,0.001442898,0.003349255
278,768,59,0.005818659,0.002412512,0.003406147
278,768,60,0.005779128,0.002133319,0.003645809
278,768,61,0.005258684,0.001689147,0.003569537
278,768,62,0.004021014,0.000523374,0.00349764
278,768,63,0.003992896,0.000503354,0.003489542
278,768,64,0.004387741,0.000938875,0.003448866
278,768,65,0.004358699,0.001022765,0.003335934
278,768,66,0.005502374,0.002211475,0.003290899
278,768,67,0.005278327,0.001795845,0.003482482
278,768,68,0.004494473,0.00084796,0.003646513
278,768,69,0.004511284,0.000922709,0.003588575
278,768,70,0.006841139,0.000963816,0.005877323
278,768,71,0.004690967,0.001096154,0.003594813
278,768,72,0.004144531,0.00052331,0.003621221
278,768,73,0.004413456,0.000726493,0.003686963
278,768,74,0.005375536,0.001939543,0.003435993
278,768,75,0.004944787,0.001529634,0.003415153
278,768,76,0.005133819,0.001688207,0.003445612
278,768,77,0.004769899,0.001261128,0.003508771
278,768,78,0.004642702,0.001059543,0.003583159
278,768,79,0.004545166,0.000994164,0.003551002
278,768,80,0.004538102,0.001037519,0.003500583
278,768,81,0.005487273,0.001980945,0.003506328
278,768,82,0.005486636,0.002136254,0.003350382
278,768,83,0.004726774,0.001273188,0.003453586
278,768,84,0.004684009,0.001231936,0.003452073
278,768,85,0.004443854,0.000955887,0.003487967
278,768,86,0.006561087,0.003180808,0.003380279
278,768,87,0.00507215,0.001826782,0.003245368
278,768,88,0.004517297,0.001201042,0.003316255
278,768,89,0.0078041,0.004435894,0.003368206
278,768,90,0.005243688,0.001991925,0.003251763
278,768,91,0.004642162,0.001196385,0.003445777
278,768,92,0.004183151,0.000724041,0.00345911
278,768,93,0.004584424,0.001088959,0.003495465
278,768,94,0.004736294,0.001176856,0.003559438
278,768,95,0.005762335,0.002123678,0.003638657
278,768,96,0.004455424,0.000784936,0.003670488
278,768,97,0.006587051,0.002815845,0.003771206
278,768,98,0.004407723,0.000741423,0.0036663
278,768,99,0.004577652,0.000873781,0.003703871
278,768,100,0.005049461,0.001449965,0.003599496
278,768,101,0.005311101,0.001704289,0.003606812
278,768,102,0.004291641,0.000614198,0.003677443
278,768,103,0.005990622,0.00231244,0.003678182
278,768,104,0.004444225,0.00079278,0.003651445
278,768,105,0.004540859,0.00089641,0.003644449
278,768,106,0.004534898,0.000946868,0.00358803
278,768,107,0.00604197,0.002427701,0.003614269
278,768,108,0.005678744,0.00198637,0.003692374
278,768,109,0.004287889,0.000649923,0.003637966
278,768,110,0.003961512,0.000589256,0.003372256
279,768,1,0.754927491,0.631363912,0.123563579
279,768,2,0.00669934,0.003654569,0.003044771
279,768,3,0.070277187,0.067254461,0.003022726
279,768,4,0.100487878,0.097480558,0.00300732
279,768,5,0.012174598,0.009154309,0.003020289
279,768,6,0.003972344,0.000958457,0.003013887
279,768,7,0.003629795,0.000537708,0.003092087
279,768,8,0.06426699,0.061177441,0.003089549
279,768,9,0.004531578,0.001362105,0.003169473
279,768,10,0.004050588,0.000771667,0.003278921
279,768,11,0.004160647,0.000847898,0.003312749
279,768,12,0.003952357,0.000603532,0.003348825
279,768,13,0.004126034,0.00079256,0.003333474
279,768,14,0.004016254,0.000694671,0.003321583
279,768,15,0.004330284,0.000946552,0.003383732
279,768,16,0.00400141,0.000614407,0.003387003
279,768,17,0.003958005,0.000583773,0.003374232
279,768,18,0.004195561,0.000776782,0.003418779
279,768,19,0.004375209,0.000877725,0.003497484
279,768,20,0.004379625,0.000688995,0.00369063
279,768,21,0.004606153,0.000832421,0.003773732
279,768,22,0.00451493,0.00072654,0.00378839
279,768,23,0.004522354,0.000676887,0.003845467
279,768,24,0.004528758,0.000659612,0.003869146
279,768,25,0.004314076,0.000530517,0.003783559
279,768,26,0.004398871,0.000567665,0.003831206
279,768,27,0.004471348,0.000645724,0.003825624
279,768,28,0.004469387,0.000672926,0.003796461
279,768,29,0.004248484,0.000540339,0.003708145
279,768,30,0.004519415,0.000725699,0.003793716
279,768,31,0.004519247,0.00077142,0.003747827
279,768,32,0.004735671,0.000927135,0.003808536
279,768,33,0.004652797,0.000916233,0.003736564
279,768,34,0.004627798,0.000879722,0.003748076
279,768,35,0.00464956,0.000949023,0.003700537
279,768,36,0.004730464,0.000970057,0.003760407
279,768,37,0.004440499,0.000733238,0.003707261
279,768,38,0.00482024,0.001085399,0.003734841
279,768,39,0.004677574,0.000910838,0.003766736
279,768,40,0.004524489,0.000745001,0.003779488
279,768,41,0.004697307,0.000871096,0.003826211
279,768,42,0.004707473,0.000904842,0.003802631
279,768,43,0.004536519,0.000732932,0.003803587
279,768,44,0.004532894,0.000710223,0.003822671
279,768,45,0.004532056,0.00073286,0.003799196
279,768,46,0.004525732,0.000682537,0.003843195
279,768,47,0.004593297,0.000729182,0.003864115
279,768,48,0.004518067,0.000701219,0.003816848
279,768,49,0.004777683,0.000923149,0.003854534
279,768,50,0.004439554,0.000645104,0.00379445
279,768,51,0.004647837,0.000861346,0.003786491
279,768,52,0.004413228,0.000639585,0.003773643
279,768,53,0.004669424,0.000938175,0.003731249
279,768,54,0.004719312,0.000907426,0.003811886
279,768,55,0.004434111,0.000697929,0.003736182
279,768,56,0.004585022,0.000879509,0.003705513
279,768,57,0.004908323,0.001324397,0.003583926
279,768,58,0.004594099,0.001219703,0.003374396
279,768,59,0.006951704,0.001479271,0.005472433
279,768,60,0.00559183,0.00118938,0.00440245
279,768,61,0.004120532,0.000566716,0.003553816
279,768,62,0.003908348,0.000481672,0.003426676
279,768,63,0.004027383,0.000566672,0.003460711
279,768,64,0.004406927,0.000872569,0.003534358
279,768,65,0.006099022,0.002771535,0.003327487
279,768,66,0.005104347,0.001725923,0.003378424
279,768,67,0.00424267,0.000573334,0.003669336
279,768,68,0.004314347,0.0006084,0.003705947
279,768,69,0.004534781,0.000869673,0.003665108
279,768,70,0.005267082,0.001842808,0.003424274
279,768,71,0.00498244,0.001510713,0.003471727
279,768,72,0.004937107,0.001371147,0.00356596
279,768,73,0.006217674,0.002764504,0.00345317
279,768,74,0.005009613,0.001523612,0.003486001
279,768,75,0.004604811,0.001028116,0.003576695
279,768,76,0.004761622,0.001216004,0.003545618
279,768,77,0.004643339,0.001088019,0.00355532
279,768,78,0.004580486,0.001004644,0.003575842
279,768,79,0.004757162,0.00109855,0.003658612
279,768,80,0.005223585,0.001805134,0.003418451
279,768,81,0.005594935,0.00204397,0.003550965
279,768,82,0.004524221,0.001015764,0.003508457
279,768,83,0.00455019,0.001136135,0.003414055
279,768,84,0.004679432,0.001184977,0.003494455
279,768,85,0.006734582,0.003316341,0.003418241
279,768,86,0.005120009,0.001713188,0.003406821
279,768,87,0.004545627,0.001208859,0.003336768
279,768,88,0.007730488,0.004422596,0.003307892
279,768,89,0.005520146,0.002045962,0.003474184
279,768,90,0.004464613,0.001024828,0.003439785
279,768,91,0.004211658,0.00075607,0.003455588
279,768,92,0.00457538,0.001077489,0.003497891
279,768,93,0.004541455,0.001022264,0.003519191
279,768,94,0.005688355,0.002141457,0.003546898
279,768,95,0.004602081,0.00101876,0.003583321
279,768,96,0.006610681,0.002818308,0.003792373
279,768,97,0.004535097,0.000876056,0.003659041
279,768,98,0.004490892,0.000808808,0.003682084
279,768,99,0.005165807,0.001582559,0.003583248
279,768,100,0.005335311,0.001624631,0.00371068
279,768,101,0.004213881,0.000593983,0.003619898
279,768,102,0.005993445,0.002283829,0.003709616
279,768,103,0.004256021,0.000566392,0.003689629
279,768,104,0.004464498,0.000822054,0.003642444
279,768,105,0.00475029,0.001147436,0.003602854
279,768,106,0.006083197,0.002499772,0.003583425
279,768,107,0.005468521,0.001830714,0.003637807
279,768,108,0.004401655,0.000700272,0.003701383
279,768,109,0.004218582,0.000590443,0.003628139
279,768,110,0.004105969,0.000719613,0.003386356
280,768,1,0.756540303,0.632316843,0.12422346
280,768,2,0.07215391,0.069134248,0.003019662
280,768,3,0.053488867,0.050465462,0.003023405
280,768,4,0.059168399,0.0561464,0.003021999
280,768,5,0.003863916,0.000764896,0.00309902
280,768,6,0.003628761,0.000522382,0.003106379
280,768,7,0.064248595,0.061189137,0.003059458
280,768,8,0.004483803,0.001257978,0.003225825
280,768,9,0.004048703,0.000694129,0.003354574
280,768,10,0.004040663,0.000689562,0.003351101
280,768,11,0.004010863,0.000597091,0.003413772
280,768,12,0.004032386,0.000599539,0.003432847
280,768,13,0.004130275,0.000682506,0.003447769
280,768,14,0.004216712,0.000748489,0.003468223
280,768,15,0.00406926,0.000628917,0.003440343
280,768,16,0.003939253,0.000538427,0.003400826
280,768,17,0.003904429,0.000521744,0.003382685
280,768,18,0.00417071,0.000735653,0.003435057
280,768,19,0.004299765,0.000738004,0.003561761
280,768,20,0.004737863,0.000969876,0.003767987
280,768,21,0.004441995,0.000702225,0.00373977
280,768,22,0.004578937,0.000690905,0.003888032
280,768,23,0.004420798,0.000494683,0.003926115
280,768,24,0.004485659,0.000542565,0.003943094
280,768,25,0.004350728,0.000513501,0.003837227
280,768,26,0.004466094,0.00054778,0.003918314
280,768,27,0.004450422,0.00052852,0.003921902
280,768,28,0.004391545,0.000495774,0.003895771
280,768,29,0.004427385,0.00053665,0.003890735
280,768,30,0.004484267,0.000631486,0.003852781
280,768,31,0.00462147,0.000785436,0.003836034
280,768,32,0.004684072,0.0008096,0.003874472
280,768,33,0.0048159,0.000961461,0.003854439
280,768,34,0.004586205,0.000754961,0.003831244
280,768,35,0.004703623,0.000825683,0.00387794
280,768,36,0.00448072,0.000660197,0.003820523
280,768,37,0.004612045,0.000797643,0.003814402
280,768,38,0.004805815,0.0009982,0.003807615
280,768,39,0.00451714,0.000753186,0.003763954
280,768,40,0.004617136,0.000814963,0.003802173
280,768,41,0.004706899,0.000871104,0.003835795
280,768,42,0.00446932,0.000672607,0.003796713
280,768,43,0.004581406,0.000785493,0.003795913
280,768,44,0.004565578,0.000711428,0.00385415
280,768,45,0.004595752,0.000754794,0.003840958
280,768,46,0.004478108,0.000629461,0.003848647
280,768,47,0.004620049,0.000793427,0.003826622
280,768,48,0.00465934,0.000775523,0.003883817
280,768,49,0.004492743,0.00069984,0.003792903
280,768,50,0.004682699,0.000789804,0.003892895
280,768,51,0.004463681,0.000700433,0.003763248
280,768,52,0.004602793,0.000776824,0.003825969
280,768,53,0.004646893,0.000847966,0.003798927
280,768,54,0.004520985,0.000661198,0.003859787
280,768,55,0.004628122,0.000833083,0.003795039
280,768,56,0.004828778,0.001137962,0.003690816
280,768,57,0.004751736,0.001157166,0.00359457
280,768,58,0.004490515,0.001129984,0.003360531
280,768,59,0.005263083,0.001914424,0.003348659
280,768,60,0.00555755,0.00180298,0.00375457
280,768,61,0.005022287,0.001304256,0.003718031
280,768,62,0.003989573,0.000450174,0.003539399
280,768,63,0.004510592,0.000954219,0.003556373
280,768,64,0.006444337,0.001072118,0.005372219
280,768,65,0.005323066,0.001158739,0.004164327
280,768,66,0.003940046,0.000484452,0.003455594
280,768,67,0.004250555,0.000493081,0.003757474
280,768,68,0.00443378,0.000644415,0.003789365
280,768,69,0.005665521,0.002260446,0.003405075
280,768,70,0.004637873,0.001114134,0.003523739
280,768,71,0.004771148,0.001127441,0.003643707
280,768,72,0.006629406,0.003043587,0.003585819
280,768,73,0.004999927,0.001544862,0.003455065
280,768,74,0.004286177,0.000777404,0.003508773
280,768,75,0.00483688,0.001121245,0.003715635
280,768,76,0.004554446,0.000934508,0.003619938
280,768,77,0.004513107,0.000971282,0.003541825
280,768,78,0.004685642,0.001159709,0.003525933
280,768,79,0.005423934,0.001911614,0.00351232
280,768,80,0.005275291,0.00180275,0.003472541
280,768,81,0.004889718,0.001163499,0.003726219
280,768,82,0.004497723,0.000870584,0.003627139
280,768,83,0.004231833,0.000785118,0.003446715
280,768,84,0.007220861,0.003802777,0.003418084
280,768,85,0.005347869,0.001713089,0.00363478
280,768,86,0.004376662,0.00090719,0.003469472
280,768,87,0.007836582,0.004542221,0.003294361
280,768,88,0.005447438,0.002026094,0.003421344
280,768,89,0.004638046,0.000968198,0.003669848
280,768,90,0.004085765,0.000668599,0.003417166
280,768,91,0.004521555,0.000983274,0.003538281
280,768,92,0.004439422,0.000950428,0.003488994
280,768,93,0.005736029,0.002145294,0.003590735
280,768,94,0.004602573,0.001002277,0.003600296
280,768,95,0.006561165,0.002801427,0.003759738
280,768,96,0.00463977,0.00079335,0.00384642
280,768,97,0.00449051,0.000717581,0.003772929
280,768,98,0.004606088,0.000906327,0.003699761
280,768,99,0.005893855,0.002218023,0.003675832
280,768,100,0.004262106,0.000510946,0.00375116
280,768,101,0.005916376,0.002163509,0.003752867
280,768,102,0.004225211,0.000464251,0.00376096
280,768,103,0.004442788,0.000616531,0.003826257
280,768,104,0.004823795,0.00104503,0.003778765
280,768,105,0.006166249,0.002501912,0.003664337
280,768,106,0.00537188,0.001702996,0.003668884
280,768,107,0.00414761,0.000452453,0.003695157
280,768,108,0.004472776,0.0007307,0.003742076
280,768,109,0.004401631,0.000790333,0.003611298
280,768,110,0.004292294,0.00092484,0.003367454
281,768,1,0.762336593,0.638203663,0.12413293
281,768,2,0.003583509,0.000461002,0.003122507
281,768,3,0.066108101,0.063080678,0.003027423
281,768,4,0.066973146,0.063954372,0.003018774
281,768,5,0.045660274,0.042637374,0.0030229
281,768,6,0.065266239,0.062221203,0.003045036
281,768,7,0.004158834,0.001104876,0.003053958
281,768,8,0.003860605,0.000660207,0.003200398
281,768,9,0.003874859,0.000559606,0.003315253
281,768,10,0.003861684,0.000510025,0.003351659
281,768,11,0.003946338,0.000574053,0.003372285
281,768,12,0.004078801,0.000616568,0.003462233
281,768,13,0.004024089,0.000587551,0.003436538
281,768,14,0.004022136,0.000594189,0.003427947
281,768,15,0.004027852,0.000637659,0.003390193
281,768,16,0.004074461,0.000658113,0.003416348
281,768,17,0.003944325,0.000588911,0.003355414
281,768,18,0.004515441,0.001074287,0.003441154
281,768,19,0.004327955,0.000804023,0.003523932
281,768,20,0.004434552,0.000653618,0.003780934
281,768,21,0.004310855,0.000534457,0.003776398
281,768,22,0.004480616,0.00062931,0.003851306
281,768,23,0.00446822,0.000548249,0.003919971
281,768,24,0.004426503,0.000566717,0.003859786
281,768,25,0.004587903,0.000610146,0.003977757
281,768,26,0.004499937,0.00057636,0.003923577
281,768,27,0.004503328,0.000533297,0.003970031
281,768,28,0.004374107,0.000512316,0.003861791
281,768,29,0.004390866,0.000521308,0.003869558
281,768,30,0.004387382,0.000516216,0.003871166
281,768,31,0.004329255,0.000501667,0.003827588
281,768,32,0.004673665,0.000847457,0.003826208
281,768,33,0.004654224,0.000864127,0.003790097
281,768,34,0.004689672,0.000843622,0.00384605
281,768,35,0.004617619,0.000833716,0.003783903
281,768,36,0.004696912,0.000894801,0.003802111
281,768,37,0.004534481,0.00070087,0.003833611
281,768,38,0.004595577,0.000764285,0.003831292
281,768,39,0.004860002,0.000970234,0.003889768
281,768,40,0.004458995,0.00063457,0.003824425
281,768,41,0.004794305,0.000939304,0.003855001
281,768,42,0.004866627,0.000909206,0.003957421
281,768,43,0.004496687,0.000599291,0.003897396
281,768,44,0.004458267,0.000591887,0.00386638
281,768,45,0.004506882,0.000646883,0.003859999
281,768,46,0.004503624,0.000640458,0.003863166
281,768,47,0.00470272,0.00080696,0.00389576
281,768,48,0.004530979,0.000644182,0.003886797
281,768,49,0.004524644,0.000638979,0.003885665
281,768,50,0.004493483,0.000625203,0.00386828
281,768,51,0.004638121,0.000778399,0.003859722
281,768,52,0.004472689,0.000649624,0.003823065
281,768,53,0.004602642,0.000832565,0.003770077
281,768,54,0.004690361,0.000832472,0.003857889
281,768,55,0.004496104,0.000687971,0.003808133
281,768,56,0.004609628,0.000859807,0.003749821
281,768,57,0.004803893,0.001230221,0.003573672
281,768,58,0.006980675,0.003705459,0.003275216
281,768,59,0.005106985,0.001745505,0.00336148
281,768,60,0.00439485,0.000640138,0.003754712
281,768,61,0.00425122,0.000570271,0.003680949
281,768,62,0.004219225,0.000708255,0.00351097
281,768,63,0.004439285,0.000900703,0.003538582
281,768,64,0.004383472,0.000836284,0.003547188
281,768,65,0.005874984,0.002560824,0.00331416
281,768,66,0.005189646,0.00175676,0.003432886
281,768,67,0.004241798,0.000543608,0.00369819
281,768,68,0.006901101,0.003302205,0.003598896
281,768,69,0.004597121,0.001299226,0.003297895
281,768,70,0.004357295,0.000958491,0.003398804
281,768,71,0.006926697,0.003320105,0.003606592
281,768,72,0.00514356,0.001442011,0.003701549
281,768,73,0.004271378,0.000728491,0.003542887
281,768,74,0.004055892,0.000504705,0.003551187
281,768,75,0.004607085,0.001055702,0.003551383
281,768,76,0.00478867,0.001116446,0.003672224
281,768,77,0.004202571,0.000737921,0.00346465
281,768,78,0.005706201,0.002238747,0.003467454
281,768,79,0.005448432,0.001983125,0.003465307
281,768,80,0.004486715,0.000879312,0.003607403
281,768,81,0.004542166,0.000861647,0.003680519
281,768,82,0.004368205,0.000778345,0.00358986
281,768,83,0.007368482,0.003992478,0.003376004
281,768,84,0.005086675,0.001696028,0.003390647
281,768,85,0.00450786,0.000942642,0.003565218
281,768,86,0.00437626,0.000939564,0.003436696
281,768,87,0.004204961,0.000789666,0.003415295
281,768,88,0.008828719,0.004604537,0.004224182
281,768,89,0.004235187,0.000593424,0.003641763
281,768,90,0.004142791,0.00071112,0.003431671
281,768,91,0.005465038,0.002025542,0.003439496
281,768,92,0.005589295,0.002062928,0.003526367
281,768,93,0.004355987,0.000769931,0.003586056
281,768,94,0.006732936,0.003085156,0.00364778
281,768,95,0.00453554,0.000791225,0.003744315
281,768,96,0.004508972,0.000638848,0.003870124
281,768,97,0.004291144,0.00054593,0.003745214
281,768,98,0.006346898,0.002611865,0.003735033
281,768,99,0.004544379,0.000917338,0.003627041
281,768,100,0.005877054,0.002218419,0.003658635
281,768,101,0.004186942,0.000456075,0.003730867
281,768,102,0.004202328,0.000498269,0.003704059
281,768,103,0.004483972,0.000698032,0.00378594
281,768,104,0.006935937,0.003211551,0.003724386
281,768,105,0.005179049,0.001574026,0.003605023
281,768,106,0.004250605,0.000612435,0.00363817
281,768,107,0.004367336,0.000693884,0.003673452
281,768,108,0.004383799,0.000670918,0.003712881
281,768,109,0.004189912,0.000646519,0.003543393
281,768,110,0.00398939,0.000613621,0.003375769
282,768,1,0.756547755,0.632695374,0.123852381
282,768,2,0.048275601,0.04526431,0.003011291
282,768,3,0.034900051,0.031889699,0.003010352
282,768,4,0.076870504,0.073845669,0.003024835
282,768,5,0.090025625,0.086989916,0.003035709
282,768,6,0.004003588,0.00085741,0.003146178
282,768,7,0.003691864,0.000548426,0.003143438
282,768,8,0.003724278,0.000551103,0.003173175
282,768,9,0.004064441,0.000750668,0.003313773
282,768,10,0.003735342,0.000384856,0.003350486
282,768,11,0.003949524,0.000565223,0.003384301
282,768,12,0.004095187,0.000672898,0.003422289
282,768,13,0.004024212,0.000568572,0.00345564
282,768,14,0.004016624,0.000632134,0.00338449
282,768,15,0.00399532,0.000553252,0.003442068
282,768,16,0.003871424,0.000474348,0.003397076
282,768,17,0.00398751,0.000612386,0.003375124
282,768,18,0.004470144,0.001061482,0.003408662
282,768,19,0.004515078,0.000916224,0.003598854
282,768,20,0.004342032,0.00057459,0.003767442
282,768,21,0.004348282,0.000541207,0.003807075
282,768,22,0.004394988,0.0005854,0.003809588
282,768,23,0.004487081,0.000559368,0.003927713
282,768,24,0.004394087,0.000539486,0.003854601
282,768,25,0.004406025,0.000514069,0.003891956
282,768,26,0.004483513,0.000555476,0.003928037
282,768,27,0.004522564,0.000528307,0.003994257
282,768,28,0.004498308,0.000533748,0.00396456
282,768,29,0.00437554,0.000506478,0.003869062
282,768,30,0.004440257,0.000540319,0.003899938
282,768,31,0.004426095,0.000524431,0.003901664
282,768,32,0.004446414,0.000507371,0.003939043
282,768,33,0.004408153,0.000504915,0.003903238
282,768,34,0.00461002,0.000728259,0.003881761
282,768,35,0.004537335,0.000616699,0.003920636
282,768,36,0.004562387,0.000727372,0.003835015
282,768,37,0.004790909,0.000894909,0.003896
282,768,38,0.004609117,0.000714587,0.00389453
282,768,39,0.004584388,0.00071457,0.003869818
282,768,40,0.004706368,0.000854042,0.003852326
282,768,41,0.004490782,0.000628179,0.003862603
282,768,42,0.004834625,0.000996768,0.003837857
282,768,43,0.004794755,0.000911686,0.003883069
282,768,44,0.004487562,0.000583443,0.003904119
282,768,45,0.004492165,0.000585674,0.003906491
282,768,46,0.004483115,0.00059167,0.003891445
282,768,47,0.004647393,0.000810271,0.003837122
282,768,48,0.004558351,0.000685972,0.003872379
282,768,49,0.004536001,0.000715178,0.003820823
282,768,50,0.004576925,0.000721726,0.003855199
282,768,51,0.004599565,0.000809874,0.003789691
282,768,52,0.004571809,0.000792027,0.003779782
282,768,53,0.004654072,0.000893853,0.003760219
282,768,54,0.004522128,0.000703743,0.003818385
282,768,55,0.004721629,0.000969035,0.003752594
282,768,56,0.004521995,0.000812403,0.003709592
282,768,57,0.008433841,0.002686606,0.005747235
282,768,58,0.005227971,0.001053475,0.004174496
282,768,59,0.004012743,0.000558431,0.003454312
282,768,60,0.004336132,0.000561126,0.003775006
282,768,61,0.004176456,0.000490459,0.003685997
282,768,62,0.004039692,0.00054316,0.003496532
282,768,63,0.004425288,0.000896342,0.003528946
282,768,64,0.004399534,0.000833603,0.003565931
282,768,65,0.004123847,0.000748773,0.003375074
282,768,66,0.006276358,0.002810786,0.003465572
282,768,67,0.007901933,0.004212401,0.003689532
282,768,68,0.004889735,0.001302677,0.003587058
282,768,69,0.004204587,0.000787699,0.003416888
282,768,70,0.006743207,0.003198074,0.003545133
282,768,71,0.005044848,0.001405375,0.003639473
282,768,72,0.004437085,0.000752057,0.003685028
282,768,73,0.004076116,0.000581035,0.003495081
282,768,74,0.004251717,0.000737298,0.003514419
282,768,75,0.004645851,0.001043292,0.003602559
282,768,76,0.004496386,0.000919083,0.003577303
282,768,77,0.005438265,0.00203216,0.003406105
282,768,78,0.005640604,0.002166826,0.003473778
282,768,79,0.00440537,0.000861305,0.003544065
282,768,80,0.004392938,0.000796415,0.003596523
282,768,81,0.004649764,0.000830426,0.003819338
282,768,82,0.007402496,0.004048715,0.003353781
282,768,83,0.005094383,0.001707548,0.003386835
282,768,84,0.004451573,0.000933101,0.003518472
282,768,85,0.004333354,0.000797904,0.00353545
282,768,86,0.004254568,0.000807727,0.003446841
282,768,87,0.004169724,0.000806763,0.003362961
282,768,88,0.004137362,0.000801749,0.003335613
282,768,89,0.008180487,0.00464038,0.003540107
282,768,90,0.006210529,0.002845973,0.003364556
282,768,91,0.005558823,0.002103614,0.003455209
282,768,92,0.004206511,0.000674219,0.003532292
282,768,93,0.006797678,0.00320971,0.003587968
282,768,94,0.004574428,0.000928296,0.003646132
282,768,95,0.004335638,0.000550264,0.003785374
282,768,96,0.004452516,0.000577932,0.003874584
282,768,97,0.00650629,0.002803796,0.003702494
282,768,98,0.004608532,0.000958168,0.003650364
282,768,99,0.005901978,0.002228642,0.003673336
282,768,100,0.004106165,0.000474356,0.003631809
282,768,101,0.004151718,0.00044701,0.003704708
282,768,102,0.004214632,0.000442884,0.003771748
282,768,103,0.004398615,0.000619009,0.003779606
282,768,104,0.004421446,0.000630917,0.003790529
282,768,105,0.005976884,0.002374442,0.003602442
282,768,106,0.005398041,0.001745847,0.003652194
282,768,107,0.004322061,0.000647656,0.003674405
282,768,108,0.004396821,0.000668104,0.003728717
282,768,109,0.004187588,0.000570151,0.003617437
282,768,110,0.004050388,0.000669272,0.003381116
283,768,1,0.758414834,0.634208024,0.12420681
283,768,2,0.003632795,0.000514145,0.00311865
283,768,3,0.066424915,0.06339749,0.003027425
283,768,4,0.174957447,0.171926049,0.003031398
283,768,5,0.003784184,0.000674461,0.003109723
283,768,6,0.003708162,0.000535915,0.003172247
283,768,7,0.003729867,0.000549158,0.003180709
283,768,8,0.003734919,0.000547551,0.003187368
283,768,9,0.003900523,0.000600406,0.003300117
283,768,10,0.003924947,0.000628422,0.003296525
283,768,11,0.003955993,0.000607559,0.003348434
283,768,12,0.004121623,0.000695062,0.003426561
283,768,13,0.004002059,0.00058395,0.003418109
283,768,14,0.004009729,0.000569112,0.003440617
283,768,15,0.00388568,0.000433355,0.003452325
283,768,16,0.003859902,0.000445207,0.003414695
283,768,17,0.004009666,0.000613955,0.003395711
283,768,18,0.004491393,0.001131534,0.003359859
283,768,19,0.004557009,0.000971748,0.003585261
283,768,20,0.004229664,0.000455279,0.003774385
283,768,21,0.004298906,0.000524995,0.003773911
283,768,22,0.004358365,0.000535506,0.003822859
283,768,23,0.004488881,0.000609545,0.003879336
283,768,24,0.004390822,0.000557668,0.003833154
283,768,25,0.004392844,0.000531495,0.003861349
283,768,26,0.00440217,0.000554305,0.003847865
283,768,27,0.004397613,0.000524302,0.003873311
283,768,28,0.004361226,0.000535566,0.00382566
283,768,29,0.004402664,0.00054443,0.003858234
283,768,30,0.00440555,0.000518306,0.003887244
283,768,31,0.004522065,0.000554114,0.003967951
283,768,32,0.004517529,0.000512229,0.0040053
283,768,33,0.004603096,0.000530892,0.004072204
283,768,34,0.004537869,0.000521164,0.004016705
283,768,35,0.004603231,0.000543703,0.004059528
283,768,36,0.00452872,0.000540279,0.003988441
283,768,37,0.004547769,0.000521481,0.004026288
283,768,38,0.004531681,0.000583112,0.003948569
283,768,39,0.004629761,0.000625127,0.004004634
283,768,40,0.004596824,0.000615072,0.003981752
283,768,41,0.004668781,0.000707122,0.003961659
283,768,42,0.004610157,0.000616268,0.003993889
283,768,43,0.00458194,0.000677118,0.003904822
283,768,44,0.004716496,0.000783007,0.003933489
283,768,45,0.004531243,0.000559043,0.0039722
283,768,46,0.004498963,0.000553754,0.003945209
283,768,47,0.00450052,0.000566774,0.003933746
283,768,48,0.004602165,0.000656945,0.00394522
283,768,49,0.00451258,0.000583979,0.003928601
283,768,50,0.004642191,0.000677058,0.003965133
283,768,51,0.004510435,0.000672843,0.003837592
283,768,52,0.004627355,0.000805051,0.003822304
283,768,53,0.004635129,0.000699887,0.003935242
283,768,54,0.004678037,0.000769762,0.003908275
283,768,55,0.004544434,0.000612709,0.003931725
283,768,56,0.007213381,0.000794857,0.006418524
283,768,57,0.005573925,0.001317758,0.004256167
283,768,58,0.004293848,0.000937254,0.003356594
283,768,59,0.005033441,0.00162427,0.003409171
283,768,60,0.004351102,0.000602861,0.003748241
283,768,61,0.004325471,0.000591809,0.003733662
283,768,62,0.004067387,0.000545565,0.003521822
283,768,63,0.004325597,0.000861104,0.003464493
283,768,64,0.004571309,0.000945217,0.003626092
283,768,65,0.007036627,0.003773283,0.003263344
283,768,66,0.007599663,0.004003667,0.003595996
283,768,67,0.005033879,0.001253501,0.003780378
283,768,68,0.004442829,0.000697197,0.003745632
283,768,69,0.006592898,0.003134013,0.003458885
283,768,70,0.004967773,0.001369962,0.003597811
283,768,71,0.004361933,0.000645563,0.00371637
283,768,72,0.00423761,0.00049205,0.00374556
283,768,73,0.004016116,0.000502811,0.003513305
283,768,74,0.004138475,0.000663522,0.003474953
283,768,75,0.00464969,0.001067575,0.003582115
283,768,76,0.005833704,0.002326686,0.003507018
283,768,77,0.005539183,0.002008565,0.003530618
283,768,78,0.00450771,0.000827048,0.003680662
283,768,79,0.004170427,0.000605322,0.003565105
283,768,80,0.004412723,0.000753046,0.003659677
283,768,81,0.004534987,0.00070626,0.003828727
283,768,82,0.004278617,0.00063624,0.003642377
283,768,83,0.006975184,0.003562623,0.003412561
283,768,84,0.005115339,0.001569932,0.003545407
283,768,85,0.004402641,0.000787502,0.003615139
283,768,86,0.004282216,0.000820803,0.003461413
283,768,87,0.004097492,0.00071459,0.003382902
283,768,88,0.007386586,0.003956853,0.003429733
283,768,89,0.007800052,0.00440708,0.003392972
283,768,90,0.005261261,0.001909164,0.003352097
283,768,91,0.004329618,0.000868208,0.00346141
283,768,92,0.006649302,0.00309166,0.003557642
283,768,93,0.004511687,0.000905765,0.003605922
283,768,94,0.004395178,0.000679586,0.003715592
283,768,95,0.004386856,0.0005937,0.003793156
283,768,96,0.004478549,0.000564053,0.003914496
283,768,97,0.004233364,0.000470053,0.003763311
283,768,98,0.0085557,0.004942187,0.003613513
283,768,99,0.004081764,0.000400103,0.003681661
283,768,100,0.004091449,0.000477536,0.003613913
283,768,101,0.004202283,0.000440795,0.003761488
283,768,102,0.004214758,0.000462261,0.003752497
283,768,103,0.004326801,0.000606105,0.003720696
283,768,104,0.004567172,0.000753694,0.003813478
283,768,105,0.00428559,0.000662684,0.003622906
283,768,106,0.005090022,0.001512104,0.003577918
283,768,107,0.005745782,0.002077418,0.003668364
283,768,108,0.004363713,0.000655765,0.003707948
283,768,109,0.004287434,0.000652165,0.003635269
283,768,110,0.003937335,0.000550498,0.003386837
284,768,1,0.757555082,0.633510788,0.124044294
284,768,2,0.067707104,0.064685523,0.003021581
284,768,3,0.008099604,0.005075382,0.003024222
284,768,4,0.048596337,0.045567405,0.003028932
284,768,5,0.124673618,0.121636595,0.003037023
284,768,6,0.004022834,0.000870638,0.003152196
284,768,7,0.003630297,0.000480348,0.003149949
284,768,8,0.003825429,0.000645036,0.003180393
284,768,9,0.003936258,0.000655557,0.003280701
284,768,10,0.003906922,0.000594465,0.003312457
284,768,11,0.003884187,0.000512655,0.003371532
284,768,12,0.003899003,0.000521884,0.003377119
284,768,13,0.004043758,0.0006654,0.003378358
284,768,14,0.004007948,0.000632392,0.003375556
284,768,15,0.003941676,0.000583101,0.003358575
284,768,16,0.004004263,0.000619767,0.003384496
284,768,17,0.004141502,0.000802179,0.003339323
284,768,18,0.004425949,0.001060595,0.003365354
284,768,19,0.004499869,0.000983611,0.003516258
284,768,20,0.004242258,0.00055603,0.003686228
284,768,21,0.004393676,0.000639907,0.003753769
284,768,22,0.004356178,0.00059631,0.003759868
284,768,23,0.004513363,0.000698156,0.003815207
284,768,24,0.004404249,0.000618448,0.003785801
284,768,25,0.004331273,0.000524069,0.003807204
284,768,26,0.004420858,0.000558549,0.003862309
284,768,27,0.004475549,0.000557218,0.003918331
284,768,28,0.004548012,0.000549503,0.003998509
284,768,29,0.00445695,0.000541753,0.003915197
284,768,30,0.004545203,0.000590494,0.003954709
284,768,31,0.004492157,0.000613838,0.003878319
284,768,32,0.004444889,0.000497763,0.003947126
284,768,33,0.004684614,0.000773953,0.003910661
284,768,34,0.004568181,0.00060526,0.003962921
284,768,35,0.004579981,0.000687041,0.00389294
284,768,36,0.004524995,0.000611478,0.003913517
284,768,37,0.004526788,0.000687457,0.003839331
284,768,38,0.004736475,0.000780618,0.003955857
284,768,39,0.004371519,0.000520619,0.0038509
284,768,40,0.004671602,0.000784363,0.003887239
284,768,41,0.004382496,0.000535187,0.003847309
284,768,42,0.004484015,0.000647379,0.003836636
284,768,43,0.004546093,0.00070013,0.003845963
284,768,44,0.004541937,0.000702279,0.003839658
284,768,45,0.004482856,0.000633121,0.003849735
284,768,46,0.004645855,0.000684056,0.003961799
284,768,47,0.004464058,0.000645943,0.003818115
284,768,48,0.004482718,0.000658542,0.003824176
284,768,49,0.00473428,0.000909267,0.003825013
284,768,50,0.004516138,0.000714317,0.003801821
284,768,51,0.004642702,0.000897824,0.003744878
284,768,52,0.004724132,0.000841127,0.003883005
284,768,53,0.004618456,0.000837801,0.003780655
284,768,54,0.004731653,0.000879531,0.003852122
284,768,55,0.004675502,0.000883158,0.003792344
284,768,56,0.004727116,0.000995712,0.003731404
284,768,57,0.006370059,0.002848167,0.003521892
284,768,58,0.004970291,0.001729617,0.003240674
284,768,59,0.00447869,0.001126983,0.003351707
284,768,60,0.005311724,0.001609778,0.003701946
284,768,61,0.004304706,0.00067361,0.003631096
284,768,62,0.004266066,0.000729857,0.003536209
284,768,63,0.004335269,0.00085232,0.003482949
284,768,64,0.008534188,0.005295454,0.003238734
284,768,65,0.007283347,0.003900312,0.003383035
284,768,66,0.004887528,0.001222436,0.003665092
284,768,67,0.0044616,0.000739037,0.003722563
284,768,68,0.006551015,0.000585924,0.005965091
284,768,69,0.005080642,0.001374108,0.003706534
284,768,70,0.004229801,0.000679911,0.00354989
284,768,71,0.004250337,0.000672197,0.00357814
284,768,72,0.004235504,0.000567512,0.003667992
284,768,73,0.003986046,0.000464819,0.003521227
284,768,74,0.004093597,0.000593347,0.00350025
284,768,75,0.005870807,0.002457318,0.003413489
284,768,76,0.005726081,0.00225943,0.003466651
284,768,77,0.00457825,0.000917969,0.003660281
284,768,78,0.004304388,0.00066973,0.003634658
284,768,79,0.004156046,0.000633099,0.003522947
284,768,80,0.004385418,0.000805782,0.003579636
284,768,81,0.004560022,0.000899817,0.003660205
284,768,82,0.004394653,0.000780617,0.003614036
284,768,83,0.007194304,0.003799046,0.003395258
284,768,84,0.004561543,0.001028388,0.003533155
284,768,85,0.004239687,0.000687295,0.003552392
284,768,86,0.004326229,0.00090517,0.003421059
284,768,87,0.007389668,0.004137594,0.003252074
284,768,88,0.005412085,0.001996578,0.003415507
284,768,89,0.004365225,0.000756099,0.003609126
284,768,90,0.005859426,0.002472413,0.003387013
284,768,91,0.008730189,0.005258455,0.003471734
284,768,92,0.004361019,0.000813689,0.00354733
284,768,93,0.004353476,0.000800199,0.003553277
284,768,94,0.004428765,0.000781342,0.003647423
284,768,95,0.00431641,0.00060529,0.00371112
284,768,96,0.004536628,0.000614989,0.003921639
284,768,97,0.004180091,0.000468099,0.003711992
284,768,98,0.004251898,0.00054796,0.003703938
284,768,99,0.0077433,0.004113729,0.003629571
284,768,100,0.004101255,0.000472912,0.003628343
284,768,101,0.004166391,0.000449892,0.003716499
284,768,102,0.004248515,0.000542879,0.003705636
284,768,103,0.004348863,0.000579207,0.003769656
284,768,104,0.004354475,0.000611949,0.003742526
284,768,105,0.004449014,0.000830604,0.00361841
284,768,106,0.004452593,0.000881763,0.00357083
284,768,107,0.004895111,0.001259399,0.003635712
284,768,108,0.005909781,0.002170819,0.003738962
284,768,109,0.004133069,0.000492064,0.003641005
284,768,110,0.004044015,0.000666604,0.003377411
285,768,1,0.766369647,0.641726668,0.124642979
285,768,2,0.003570027,0.000461096,0.003108931
285,768,3,0.061296314,0.05826553,0.003030784
285,768,4,0.068838235,0.065804805,0.00303343
285,768,5,0.003874652,0.000838188,0.003036464
285,768,6,0.106034861,0.103003515,0.003031346
285,768,7,0.004159368,0.001099908,0.00305946
285,768,8,0.003925077,0.000750114,0.003174963
285,768,9,0.00380624,0.00046642,0.00333982
285,768,10,0.003896753,0.000567403,0.00332935
285,768,11,0.003890434,0.000503566,0.003386868
285,768,12,0.003880909,0.000498502,0.003382407
285,768,13,0.003949565,0.000582517,0.003367048
285,768,14,0.003986266,0.0006294,0.003356866
285,768,15,0.004001773,0.000629018,0.003372755
285,768,16,0.004212755,0.000841882,0.003370873
285,768,17,0.004308904,0.001073164,0.00323574
285,768,18,0.004605127,0.001209446,0.003395681
285,768,19,0.004573572,0.001130922,0.00344265
285,768,20,0.004297499,0.000666465,0.003631034
285,768,21,0.004197849,0.000507635,0.003690214
285,768,22,0.00436572,0.000469165,0.003896555
285,768,23,0.004332561,0.000472211,0.00386035
285,768,24,0.004358026,0.000525107,0.003832919
285,768,25,0.004464277,0.000526249,0.003938028
285,768,26,0.004396557,0.000582265,0.003814292
285,768,27,0.004569178,0.000682159,0.003887019
285,768,28,0.004606098,0.000794141,0.003811957
285,768,29,0.004584627,0.000783817,0.00380081
285,768,30,0.004619877,0.000809306,0.003810571
285,768,31,0.004439045,0.000661227,0.003777818
285,768,32,0.004692491,0.000911507,0.003780984
285,768,33,0.004522218,0.000747509,0.003774709
285,768,34,0.004604019,0.000824467,0.003779552
285,768,35,0.004548564,0.000731931,0.003816633
285,768,36,0.004554003,0.000807923,0.00374608
285,768,37,0.004613233,0.000795618,0.003817615
285,768,38,0.004508621,0.00072482,0.003783801
285,768,39,0.00464186,0.000792348,0.003849512
285,768,40,0.004417257,0.000533703,0.003883554
285,768,41,0.00454145,0.000651487,0.003889963
285,768,42,0.004527664,0.000597783,0.003929881
285,768,43,0.004530933,0.000591065,0.003939868
285,768,44,0.004498888,0.000504597,0.003994291
285,768,45,0.004430107,0.000514111,0.003915996
285,768,46,0.004434553,0.00056656,0.003867993
285,768,47,0.004604292,0.000719385,0.003884907
285,768,48,0.004653531,0.000745904,0.003907627
285,768,49,0.004679396,0.000809983,0.003869413
285,768,50,0.004621368,0.000714859,0.003906509
285,768,51,0.004598465,0.000804134,0.003794331
285,768,52,0.004666476,0.000894829,0.003771647
285,768,53,0.004772645,0.000976238,0.003796407
285,768,54,0.004670992,0.000810138,0.003860854
285,768,55,0.004683153,0.000922935,0.003760218
285,768,56,0.004690476,0.001006399,0.003684077
285,768,57,0.004640077,0.001135706,0.003504371
285,768,58,0.004707928,0.001308439,0.003399489
285,768,59,0.005055055,0.00157433,0.003480725
285,768,60,0.005031577,0.001355841,0.003675736
285,768,61,0.005637216,0.002010642,0.003626574
285,768,62,0.004131762,0.00057605,0.003555712
285,768,63,0.009228865,0.002755339,0.006473526
285,768,64,0.007354759,0.001056688,0.006298071
285,768,65,0.004549352,0.000813308,0.003736044
285,768,66,0.004391981,0.00065975,0.003732231
285,768,67,0.004329609,0.000593527,0.003736082
285,768,68,0.00421033,0.000556741,0.003653589
285,768,69,0.005851008,0.002382224,0.003468784
285,768,70,0.004932133,0.001357244,0.003574889
285,768,71,0.00438991,0.000681893,0.003708017
285,768,72,0.004210082,0.000539695,0.003670387
285,768,73,0.004009488,0.000511089,0.003498399
285,768,74,0.006272017,0.002798659,0.003473358
285,768,75,0.005778022,0.002218214,0.003559808
285,768,76,0.004386428,0.000804417,0.003582011
285,768,77,0.004437259,0.000853693,0.003583566
285,768,78,0.004416784,0.000765971,0.003650813
285,768,79,0.004221395,0.000696939,0.003524456
285,768,80,0.004416562,0.000809666,0.003606896
285,768,81,0.004520746,0.000805254,0.003715492
285,768,82,0.007102162,0.003761999,0.003340163
285,768,83,0.004695946,0.001191565,0.003504381
285,768,84,0.004197237,0.000724038,0.003473199
285,768,85,0.004376885,0.000855341,0.003521544
285,768,86,0.007690807,0.0044072,0.003283607
285,768,87,0.004998258,0.00166126,0.003336998
285,768,88,0.004449059,0.000983784,0.003465275
285,768,89,0.004415286,0.000747181,0.003668105
285,768,90,0.003889077,0.000438848,0.003450229
285,768,91,0.006131271,0.002667767,0.003463504
285,768,92,0.00803164,0.004486064,0.003545576
285,768,93,0.004380711,0.000808496,0.003572215
285,768,94,0.004456644,0.000783597,0.003673047
285,768,95,0.004370787,0.00063956,0.003731227
285,768,96,0.004394992,0.000523684,0.003871308
285,768,97,0.004339804,0.000605596,0.003734208
285,768,98,0.004187343,0.000484116,0.003703227
285,768,99,0.004113552,0.000496703,0.003616849
285,768,100,0.007833914,0.004181514,0.0036524
285,768,101,0.004158068,0.000430238,0.00372783
285,768,102,0.00427605,0.000583412,0.003692638
285,768,103,0.004499592,0.000732738,0.003766854
285,768,104,0.004470123,0.000738834,0.003731289
285,768,105,0.004219144,0.000543624,0.00367552
285,768,106,0.004410471,0.000805581,0.00360489
285,768,107,0.004637318,0.000953671,0.003683647
285,768,108,0.00480525,0.001024557,0.003780693
285,768,109,0.005572515,0.001891905,0.00368061
285,768,110,0.003959969,0.000578295,0.003381674
286,768,1,0.756787504,0.632792032,0.123995472
286,768,2,0.068553669,0.065452491,0.003101178
286,768,3,0.005584285,0.002470581,0.003113704
286,768,4,0.065941925,0.06283858,0.003103345
286,768,5,0.006483106,0.003393729,0.003089377
286,768,6,0.015618064,0.012522551,0.003095513
286,768,7,0.094457022,0.091319886,0.003137136
286,768,8,0.004356851,0.001045658,0.003311193
286,768,9,0.0039345,0.000495242,0.003439258
286,768,10,0.003818582,0.000414705,0.003403877
286,768,11,0.003967449,0.000521488,0.003445961
286,768,12,0.003959372,0.000445135,0.003514237
286,768,13,0.003966155,0.000461496,0.003504659
286,768,14,0.003937391,0.000471615,0.003465776
286,768,15,0.003975228,0.000475449,0.003499779
286,768,16,0.004008634,0.000547244,0.00346139
286,768,17,0.004485503,0.001000322,0.003485181
286,768,18,0.004623626,0.001106143,0.003517483
286,768,19,0.004542821,0.000867075,0.003675746
286,768,20,0.004342811,0.000470293,0.003872518
286,768,21,0.004383288,0.000511817,0.003871471
286,768,22,0.004389767,0.000460271,0.003929496
286,768,23,0.004422734,0.000457074,0.00396566
286,768,24,0.004492868,0.000472903,0.004019965
286,768,25,0.004463188,0.000537704,0.003925484
286,768,26,0.00462947,0.000577077,0.004052393
286,768,27,0.004613918,0.000613456,0.004000462
286,768,28,0.00461896,0.000627635,0.003991325
286,768,29,0.004566017,0.000651152,0.003914865
286,768,30,0.00454073,0.000628823,0.003911907
286,768,31,0.004630676,0.000672889,0.003957787
286,768,32,0.004568864,0.000641682,0.003927182
286,768,33,0.004557125,0.000656008,0.003901117
286,768,34,0.00454102,0.000618107,0.003922913
286,768,35,0.004580405,0.000649455,0.00393095
286,768,36,0.004550532,0.00060388,0.003946652
286,768,37,0.004530113,0.000627141,0.003902972
286,768,38,0.004601133,0.000595622,0.004005511
286,768,39,0.004445996,0.000597545,0.003848451
286,768,40,0.004480084,0.000576175,0.003903909
286,768,41,0.004462682,0.000598935,0.003863747
286,768,42,0.004503023,0.000560694,0.003942329
286,768,43,0.004459614,0.000564326,0.003895288
286,768,44,0.004507669,0.000511675,0.003995994
286,768,45,0.004491038,0.000538965,0.003952073
286,768,46,0.004553714,0.000507837,0.004045877
286,768,47,0.004453443,0.000515636,0.003937807
286,768,48,0.004580077,0.000520986,0.004059091
286,768,49,0.004531016,0.000535873,0.003995143
286,768,50,0.004567204,0.000562213,0.004004991
286,768,51,0.004455103,0.000541361,0.003913742
286,768,52,0.004521901,0.00052908,0.003992821
286,768,53,0.004562517,0.000601239,0.003961278
286,768,54,0.004697,0.000727064,0.003969936
286,768,55,0.004746665,0.00073972,0.004006945
286,768,56,0.004663672,0.000820598,0.003843074
286,768,57,0.00441818,0.000801671,0.003616509
286,768,58,0.00469168,0.001216431,0.003475249
286,768,59,0.00663359,0.001023329,0.005610261
286,768,60,0.005845025,0.00113177,0.004713255
286,768,61,0.004253896,0.000483261,0.003770635
286,768,62,0.006277266,0.002838693,0.003438573
286,768,63,0.004750668,0.001297896,0.003452772
286,768,64,0.005607416,0.002261224,0.003346192
286,768,65,0.007299305,0.003816634,0.003482671
286,768,66,0.004879641,0.001041175,0.003838466
286,768,67,0.004552077,0.00058079,0.003971287
286,768,68,0.00426569,0.000502522,0.003763168
286,768,69,0.004026749,0.000407697,0.003619052
286,768,70,0.00576345,0.002055051,0.003708399
286,768,71,0.004986824,0.001246968,0.003739856
286,768,72,0.0045034,0.000710053,0.003793347
286,768,73,0.006508346,0.00299505,0.003513296
286,768,74,0.005711077,0.002102346,0.003608731
286,768,75,0.004600869,0.000831098,0.003769771
286,768,76,0.004200538,0.000610771,0.003589767
286,768,77,0.004536021,0.000865411,0.00367061
286,768,78,0.00443472,0.000652509,0.003782211
286,768,79,0.004177228,0.00060703,0.003570198
286,768,80,0.004497368,0.000891679,0.003605689
286,768,81,0.007585498,0.003939786,0.003645712
286,768,82,0.004260491,0.000686988,0.003573503
286,768,83,0.004473922,0.000846996,0.003626926
286,768,84,0.004266231,0.000702794,0.003563437
286,768,85,0.004318107,0.000691105,0.003627002
286,768,86,0.004185513,0.000692055,0.003493458
286,768,87,0.006835193,0.003456031,0.003379162
286,768,88,0.005427889,0.001792348,0.003635541
286,768,89,0.004304598,0.000514733,0.003789865
286,768,90,0.006641881,0.00321766,0.003424221
286,768,91,0.00473947,0.001204663,0.003534807
286,768,92,0.004053632,0.000426955,0.003626677
286,768,93,0.006980443,0.003312416,0.003668027
286,768,94,0.004460224,0.000727032,0.003733192
286,768,95,0.004414665,0.000515212,0.003899453
286,768,96,0.004495367,0.000509236,0.003986131
286,768,97,0.00432157,0.00048084,0.00384073
286,768,98,0.004270132,0.000485472,0.00378466
286,768,99,0.0042425,0.000512397,0.003730103
286,768,100,0.004243316,0.000473478,0.003769838
286,768,101,0.007525071,0.003671855,0.003853216
286,768,102,0.004303779,0.000468471,0.003835308
286,768,103,0.004510065,0.000623485,0.00388658
286,768,104,0.00450257,0.000614942,0.003887628
286,768,105,0.004241281,0.000490127,0.003751154
286,768,106,0.004326726,0.000621795,0.003704931
286,768,107,0.00457152,0.000838478,0.003733042
286,768,108,0.00459609,0.000770841,0.003825249
286,768,109,0.00459263,0.000731017,0.003861613
286,768,110,0.005194762,0.001724019,0.003470743
287,768,1,0.621335907,0.494852315,0.126483592
287,768,2,0.138718019,0.135661309,0.00305671
287,768,3,0.06855311,0.06552775,0.00302536
287,768,4,0.005538991,0.00252944,0.003009551
287,768,5,0.065963898,0.062939661,0.003024237
287,768,6,0.006464599,0.003434461,0.003030138
287,768,7,0.015593726,0.012573727,0.003019999
287,768,8,0.094601571,0.091518307,0.003083264
287,768,9,0.004407286,0.001216372,0.003190914
287,768,10,0.004108674,0.000802439,0.003306235
287,768,11,0.003883426,0.000532081,0.003351345
287,768,12,0.003944932,0.000565734,0.003379198
287,768,13,0.004014344,0.000648827,0.003365517
287,768,14,0.003939281,0.000563987,0.003375294
287,768,15,0.003974489,0.000594818,0.003379671
287,768,16,0.003970786,0.000610347,0.003360439
287,768,17,0.004203258,0.000865766,0.003337492
287,768,18,0.00471012,0.001290258,0.003419862
287,768,19,0.004484848,0.001017372,0.003467476
287,768,20,0.00445996,0.000764253,0.003695707
287,768,21,0.004424058,0.000649149,0.003774909
287,768,22,0.004458523,0.000657712,0.003800811
287,768,23,0.004380109,0.00054488,0.003835229
287,768,24,0.004442821,0.000596898,0.003845923
287,768,25,0.004492686,0.000685224,0.003807462
287,768,26,0.004527454,0.000638305,0.003889149
287,768,27,0.004639985,0.00075951,0.003880475
287,768,28,0.004528575,0.000734693,0.003793882
287,768,29,0.004625153,0.000825119,0.003800034
287,768,30,0.004604164,0.000771676,0.003832488
287,768,31,0.004510025,0.00071919,0.003790835
287,768,32,0.004681258,0.000888887,0.003792371
287,768,33,0.00453077,0.00072535,0.00380542
287,768,34,0.004565604,0.000780096,0.003785508
287,768,35,0.004593284,0.000775442,0.003817842
287,768,36,0.004555849,0.000779593,0.003776256
287,768,37,0.004615727,0.000733041,0.003882686
287,768,38,0.004500628,0.00069001,0.003810618
287,768,39,0.004629441,0.000738576,0.003890865
287,768,40,0.004396345,0.000592606,0.003803739
287,768,41,0.004592569,0.0006955,0.003897069
287,768,42,0.004371127,0.000558047,0.00381308
287,768,43,0.004597992,0.000716735,0.003881257
287,768,44,0.004405645,0.000558053,0.003847592
287,768,45,0.004478876,0.000652307,0.003826569
287,768,46,0.004478773,0.000648624,0.003830149
287,768,47,0.004586556,0.000768637,0.003817919
287,768,48,0.004418289,0.000592809,0.00382548
287,768,49,0.00459775,0.000768204,0.003829546
287,768,50,0.004570839,0.000704246,0.003866593
287,768,51,0.004476748,0.000682467,0.003794281
287,768,52,0.004595493,0.000757249,0.003838244
287,768,53,0.004449873,0.000707482,0.003742391
287,768,54,0.004707257,0.000852717,0.00385454
287,768,55,0.004699135,0.000870606,0.003828529
287,768,56,0.004572789,0.000860477,0.003712312
287,768,57,0.004514555,0.001017243,0.003497312
287,768,58,0.004456866,0.001012378,0.003444488
287,768,59,0.004654897,0.001362832,0.003292065
287,768,60,0.006706433,0.00317615,0.003530283
287,768,61,0.00862623,0.002140075,0.006486155
287,768,62,0.004968364,0.001239002,0.003729362
287,768,63,0.004057964,0.00056262,0.003495344
287,768,64,0.003886059,0.000519037,0.003367022
287,768,65,0.004704227,0.001470829,0.003233398
287,768,66,0.007681574,0.004039939,0.003641635
287,768,67,0.004809325,0.001199442,0.003609883
287,768,68,0.004691382,0.001015186,0.003676196
287,768,69,0.003939399,0.000499487,0.003439912
287,768,70,0.004050421,0.00064171,0.003408711
287,768,71,0.005900558,0.002354051,0.003546507
287,768,72,0.005054087,0.001473637,0.00358045
287,768,73,0.004323471,0.000867173,0.003456298
287,768,74,0.006855933,0.003378582,0.003477351
287,768,75,0.005772547,0.002239264,0.003533283
287,768,76,0.00439695,0.000810988,0.003585962
287,768,77,0.004476561,0.000880139,0.003596422
287,768,78,0.004350067,0.000708067,0.003642
287,768,79,0.004346752,0.00076403,0.003582722
287,768,80,0.008437591,0.004857153,0.003580438
287,768,81,0.004492044,0.000916742,0.003575302
287,768,82,0.004084426,0.000612268,0.003472158
287,768,83,0.004534192,0.000982332,0.00355186
287,768,84,0.004262553,0.000725068,0.003537485
287,768,85,0.004153055,0.000671294,0.003481761
287,768,86,0.004180448,0.000802924,0.003377524
287,768,87,0.004095203,0.000784163,0.00331104
287,768,88,0.006600368,0.003252791,0.003347577
287,768,89,0.005070437,0.001574563,0.003495874
287,768,90,0.004161988,0.000779624,0.003382364
287,768,91,0.006803103,0.003322481,0.003480622
287,768,92,0.004749386,0.001213814,0.003535572
287,768,93,0.004061423,0.000483561,0.003577862
287,768,94,0.007272667,0.003555853,0.003716814
287,768,95,0.004400537,0.000690398,0.003710139
287,768,96,0.004407322,0.000585149,0.003822173
287,768,97,0.004354924,0.000658666,0.003696258
287,768,98,0.004278385,0.000602423,0.003675962
287,768,99,0.004234881,0.000617518,0.003617363
287,768,100,0.004280171,0.000631514,0.003648657
287,768,101,0.004296289,0.000645024,0.003651265
287,768,102,0.007551221,0.003827302,0.003723919
287,768,103,0.0044307,0.000727584,0.003703116
287,768,104,0.00441324,0.000735496,0.003677744
287,768,105,0.00440055,0.000747437,0.003653113
287,768,106,0.004259083,0.000634479,0.003624604
287,768,107,0.004588147,0.000947917,0.00364023
287,768,108,0.00446722,0.00076293,0.00370429
287,768,109,0.006391471,0.002693502,0.003697969
287,768,110,0.004461729,0.001083916,0.003377813
288,768,1,0.62719714,0.501790628,0.125406512
288,768,2,0.13553359,0.132486252,0.003047338
288,768,3,0.003702367,0.00054565,0.003156717
288,768,4,0.062719487,0.059698294,0.003021193
288,768,5,0.007635139,0.004620833,0.003014306
288,768,6,0.062658154,0.059633559,0.003024595
288,768,7,0.004190362,0.00106046,0.003129902
288,768,8,0.00359722,0.000495943,0.003101277
288,768,9,0.022306746,0.019292345,0.003014401
288,768,10,0.004237568,0.001216605,0.003020963
288,768,11,0.003928814,0.000833514,0.0030953
288,768,12,0.053407215,0.050389312,0.003017903
288,768,13,0.004325707,0.001293166,0.003032541
288,768,14,0.004551033,0.00140886,0.003142173
288,768,15,0.004412479,0.001123688,0.003288791
288,768,16,0.004216747,0.000842362,0.003374385
288,768,17,0.00396221,0.000678972,0.003283238
288,768,18,0.004350129,0.001030491,0.003319638
288,768,19,0.004014181,0.000880912,0.003133269
288,768,20,0.004098363,0.000963646,0.003134717
288,768,21,0.004266501,0.001050501,0.003216
288,768,22,0.00406224,0.000868633,0.003193607
288,768,23,0.017073659,0.0138046,0.003269059
288,768,24,0.00524728,0.002012019,0.003235261
288,768,25,0.005211567,0.00189407,0.003317497
288,768,26,0.0047218,0.001469239,0.003252561
288,768,27,0.004684632,0.001347284,0.003337348
288,768,28,0.004841457,0.001533345,0.003308112
288,768,29,0.004476759,0.001126185,0.003350574
288,768,30,0.004676128,0.001254077,0.003422051
288,768,31,0.004512884,0.001185581,0.003327303
288,768,32,0.012042683,0.008578323,0.00346436
288,768,33,0.005681843,0.002210099,0.003471744
288,768,34,0.006207392,0.002655311,0.003552081
288,768,35,0.005642259,0.00211595,0.003526309
288,768,36,0.005947436,0.00240821,0.003539226
288,768,37,0.006137496,0.00258379,0.003553706
288,768,38,0.00529579,0.001626101,0.003669689
288,768,39,0.005105961,0.001284253,0.003821708
288,768,40,0.005109245,0.001321299,0.003787946
288,768,41,0.004784226,0.001020147,0.003764079
288,768,42,0.005040899,0.001228247,0.003812652
288,768,43,0.004895879,0.00108539,0.003810489
288,768,44,0.004926029,0.001049322,0.003876707
288,768,45,0.004535399,0.000667237,0.003868162
288,768,46,0.004965539,0.000996064,0.003969475
288,768,47,0.004622049,0.000740528,0.003881521
288,768,48,0.004668321,0.000732575,0.003935746
288,768,49,0.004836864,0.001019418,0.003817446
288,768,50,0.004755573,0.000861225,0.003894348
288,768,51,0.00456045,0.000736669,0.003823781
288,768,52,0.004693459,0.00080013,0.003893329
288,768,53,0.004905021,0.001057578,0.003847443
288,768,54,0.004773274,0.000886288,0.003886986
288,768,55,0.004807641,0.00089984,0.003907801
288,768,56,0.004811934,0.000955764,0.00385617
288,768,57,0.004858512,0.000837466,0.004021046
288,768,58,0.004699674,0.000760275,0.003939399
288,768,59,0.004742771,0.000740655,0.004002116
288,768,60,0.004827812,0.000825979,0.004001833
288,768,61,0.004671812,0.000670436,0.004001376
288,768,62,0.004596207,0.000653407,0.0039428
288,768,63,0.004421465,0.000534297,0.003887168
288,768,64,0.004720911,0.000863128,0.003857783
288,768,65,0.004450201,0.000574585,0.003875616
288,768,66,0.004594543,0.000682515,0.003912028
288,768,67,0.004446329,0.000598879,0.00384745
288,768,68,0.004682298,0.000720197,0.003962101
288,768,69,0.004678299,0.000744917,0.003933382
288,768,70,0.004821702,0.000728656,0.004093046
288,768,71,0.005709784,0.001686524,0.00402326
288,768,72,0.005229084,0.001134736,0.004094348
288,768,73,0.004449963,0.000467133,0.00398283
288,768,74,0.004894133,0.000868516,0.004025617
288,768,75,0.007311007,0.003317767,0.00399324
288,768,76,0.004644467,0.00056851,0.004075957
288,768,77,0.004519491,0.000532254,0.003987237
288,768,78,0.004531346,0.000611268,0.003920078
288,768,79,0.006674718,0.002746233,0.003928485
288,768,80,0.005741418,0.001954603,0.003786815
288,768,81,0.004371473,0.000517005,0.003854468
288,768,82,0.00446593,0.000551959,0.003913971
288,768,83,0.004469214,0.000490158,0.003979056
288,768,84,0.004475686,0.000489263,0.003986423
288,768,85,0.004470692,0.00050887,0.003961822
288,768,86,0.004328658,0.000537827,0.003790831
288,768,87,0.0043291,0.000513473,0.003815627
288,768,88,0.004244233,0.000504812,0.003739421
288,768,89,0.004353872,0.000467714,0.003886158
288,768,90,0.004223338,0.000447549,0.003775789
288,768,91,0.006187728,0.00248955,0.003698178
288,768,92,0.004192009,0.000503166,0.003688843
288,768,93,0.004325816,0.000649592,0.003676224
288,768,94,0.006456987,0.002809565,0.003647422
288,768,95,0.008791004,0.005004075,0.003786929
288,768,96,0.00454674,0.000772271,0.003774469
288,768,97,0.004232822,0.000537594,0.003695228
288,768,98,0.004271385,0.000569952,0.003701433
288,768,99,0.004353839,0.000691932,0.003661907
288,768,100,0.004838611,0.001091684,0.003746927
288,768,101,0.007077935,0.003409087,0.003668848
288,768,102,0.00790159,0.004163339,0.003738251
288,768,103,0.00837184,0.004501491,0.003870349
288,768,104,0.005651003,0.00177552,0.003875483
288,768,105,0.004503242,0.000684769,0.003818473
288,768,106,0.004585117,0.000791663,0.003793454
288,768,107,0.004600986,0.00076,0.003840986
288,768,108,0.004582255,0.000685439,0.003896816
288,768,109,0.005233264,0.001382081,0.003851183
288,768,110,0.005501131,0.001810484,0.003690647
289,768,1,0.759602085,0.634886198,0.124715887
289,768,2,0.003594821,0.00048088,0.003113941
289,768,3,0.062855735,0.059830967,0.003024768
289,768,4,0.007632506,0.004614147,0.003018359
289,768,5,0.062611971,0.059593954,0.003018017
289,768,6,0.003980302,0.000885376,0.003094926
289,768,7,0.003740139,0.000643958,0.003096181
289,768,8,0.022418149,0.01940925,0.003008899
289,768,9,0.004206267,0.001199962,0.003006305
289,768,10,0.003521908,0.00045139,0.003070518
289,768,11,0.05371706,0.050703749,0.003013311
289,768,12,0.004152921,0.001136478,0.003016443
289,768,13,0.004132894,0.001024866,0.003108028
289,768,14,0.004287381,0.001117426,0.003169955
289,768,15,0.004198844,0.00093539,0.003263454
289,768,16,0.004265058,0.000991948,0.00327311
289,768,17,0.004054762,0.000800713,0.003254049
289,768,18,0.004205196,0.000963273,0.003241923
289,768,19,0.004114909,0.000971243,0.003143666
289,768,20,0.004037313,0.000980161,0.003057152
289,768,21,0.004237716,0.001141839,0.003095877
289,768,22,0.016474716,0.013238379,0.003236337
289,768,23,0.005513256,0.002275005,0.003238251
289,768,24,0.00508538,0.001746672,0.003338708
289,768,25,0.004986072,0.001641609,0.003344463
289,768,26,0.004496038,0.001240211,0.003255827
289,768,27,0.004884249,0.001540484,0.003343765
289,768,28,0.004640363,0.001297358,0.003343005
289,768,29,0.004749151,0.001398161,0.00335099
289,768,30,0.004875734,0.001480311,0.003395423
289,768,31,0.011977708,0.008599985,0.003377723
289,768,32,0.005531601,0.002097827,0.003433774
289,768,33,0.006258257,0.002795021,0.003463236
289,768,34,0.005815159,0.00223335,0.003581809
289,768,35,0.005844415,0.002365096,0.003479319
289,768,36,0.006057493,0.002559949,0.003497544
289,768,37,0.005269964,0.001635772,0.003634192
289,768,38,0.005015248,0.001203728,0.00381152
289,768,39,0.005144912,0.001321646,0.003823266
289,768,40,0.004745543,0.000875213,0.00387033
289,768,41,0.004941443,0.001068119,0.003873324
289,768,42,0.00494451,0.001128352,0.003816158
289,768,43,0.004829108,0.000965129,0.003863979
289,768,44,0.004539437,0.000717328,0.003822109
289,768,45,0.004943119,0.001113537,0.003829582
289,768,46,0.004634809,0.000801426,0.003833383
289,768,47,0.004584974,0.000802769,0.003782205
289,768,48,0.005034891,0.001216115,0.003818776
289,768,49,0.004713372,0.000843112,0.00387026
289,768,50,0.004562329,0.000745903,0.003816426
289,768,51,0.004629937,0.000870791,0.003759146
289,768,52,0.00493069,0.001094527,0.003836163
289,768,53,0.00485276,0.000939657,0.003913103
289,768,54,0.004733938,0.000779278,0.00395466
289,768,55,0.004773465,0.00089355,0.003879915
289,768,56,0.004682559,0.000892105,0.003790454
289,768,57,0.004771432,0.000946342,0.00382509
289,768,58,0.004829015,0.000895159,0.003933856
289,768,59,0.004840098,0.000894369,0.003945729
289,768,60,0.004678441,0.000724438,0.003954003
289,768,61,0.004666547,0.000717185,0.003949362
289,768,62,0.004476219,0.000605749,0.00387047
289,768,63,0.004700748,0.000814623,0.003886125
289,768,64,0.004447714,0.000584825,0.003862889
289,768,65,0.004648394,0.000795217,0.003853177
289,768,66,0.004484524,0.000585965,0.003898559
289,768,67,0.004572824,0.000680309,0.003892515
289,768,68,0.004659741,0.000687844,0.003971897
289,768,69,0.004728028,0.000782638,0.00394539
289,768,70,0.005687372,0.001717492,0.00396988
289,768,71,0.00520179,0.001183755,0.004018035
289,768,72,0.004597492,0.00061978,0.003977712
289,768,73,0.004884155,0.000937841,0.003946314
289,768,74,0.00725993,0.003296532,0.003963398
289,768,75,0.004614824,0.000702665,0.003912159
289,768,76,0.004529757,0.000609411,0.003920346
289,768,77,0.004514786,0.000559769,0.003955017
289,768,78,0.004509591,0.000565121,0.00394447
289,768,79,0.00446067,0.000602745,0.003857925
289,768,80,0.005960146,0.002111387,0.003848759
289,768,81,0.005785332,0.001927565,0.003857767
289,768,82,0.004452668,0.000524966,0.003927702
289,768,83,0.004538272,0.000553847,0.003984425
289,768,84,0.004556412,0.000599444,0.003956968
289,768,85,0.004574503,0.00059136,0.003983143
289,768,86,0.004425083,0.000606526,0.003818557
289,768,87,0.004302024,0.000539097,0.003762927
289,768,88,0.004279476,0.00053836,0.003741116
289,768,89,0.004525017,0.000687995,0.003837022
289,768,90,0.006270785,0.002533182,0.003737603
289,768,91,0.004284592,0.000610252,0.00367434
289,768,92,0.00438996,0.000687686,0.003702274
289,768,93,0.006461865,0.00281664,0.003645225
289,768,94,0.008536947,0.004850106,0.003686841
289,768,95,0.004716557,0.000917321,0.003799236
289,768,96,0.00432584,0.000548033,0.003777807
289,768,97,0.004183114,0.000518445,0.003664669
289,768,98,0.004490892,0.000799685,0.003691207
289,768,99,0.004616682,0.000965965,0.003650717
289,768,100,0.007123038,0.003525891,0.003597147
289,768,101,0.007885347,0.004255015,0.003630332
289,768,102,0.008216062,0.004474956,0.003741106
289,768,103,0.005543766,0.001732259,0.003811507
289,768,104,0.004535081,0.000608807,0.003926274
289,768,105,0.004430525,0.000598685,0.00383184
289,768,106,0.004496929,0.00069572,0.003801209
289,768,107,0.004633205,0.000793216,0.003839989
289,768,108,0.005624808,0.001741775,0.003883033
289,768,109,0.005440202,0.001572074,0.003868128
289,768,110,0.005046534,0.001389454,0.00365708
290,768,1,0.755258631,0.631208099,0.124050532
290,768,2,0.067569445,0.064553068,0.003016377
290,768,3,0.003672138,0.000521872,0.003150266
290,768,4,0.063820017,0.060797751,0.003022266
290,768,5,0.00623227,0.003205766,0.003026504
290,768,6,0.004136705,0.001003651,0.003133054
290,768,7,0.01100574,0.007982724,0.003023016
290,768,8,0.004056623,0.001045163,0.00301146
290,768,9,0.013852122,0.010850115,0.003002007
290,768,10,0.054984734,0.051957482,0.003027252
290,768,11,0.00408974,0.001045691,0.003044049
290,768,12,0.003913231,0.000782347,0.003130884
290,768,13,0.003917362,0.000760357,0.003157005
290,768,14,0.003934579,0.000771003,0.003163576
290,768,15,0.00420562,0.00103645,0.00316917
290,768,16,0.004209047,0.000865908,0.003343139
290,768,17,0.004042591,0.000779792,0.003262799
290,768,18,0.004235167,0.000958016,0.003277151
290,768,19,0.003938585,0.000792957,0.003145628
290,768,20,0.004097828,0.000959068,0.00313876
290,768,21,0.016539163,0.013363693,0.00317547
290,768,22,0.00535334,0.002125493,0.003227847
290,768,23,0.005137452,0.001889062,0.00324839
290,768,24,0.00500206,0.001764065,0.003237995
290,768,25,0.004747787,0.001501455,0.003246332
290,768,26,0.004828093,0.001556512,0.003271581
290,768,27,0.00460979,0.001319785,0.003290005
290,768,28,0.004821161,0.001558064,0.003263097
290,768,29,0.004910808,0.001640693,0.003270115
290,768,30,0.012465359,0.009169433,0.003295926
290,768,31,0.005340484,0.001941514,0.00339897
290,768,32,0.006388775,0.002885711,0.003503064
290,768,33,0.005558404,0.002045136,0.003513268
290,768,34,0.005965942,0.00245456,0.003511382
290,768,35,0.005927548,0.002334346,0.003593202
290,768,36,0.005287017,0.001444331,0.003842686
290,768,37,0.004806249,0.001030094,0.003776155
290,768,38,0.005122677,0.001276271,0.003846406
290,768,39,0.0045656,0.00072054,0.00384506
290,768,40,0.005031778,0.001202251,0.003829527
290,768,41,0.004751889,0.001050172,0.003701717
290,768,42,0.004910392,0.001190022,0.00372037
290,768,43,0.00464262,0.000830626,0.003811994
290,768,44,0.005063801,0.00120359,0.003860211
290,768,45,0.004472358,0.000692732,0.003779626
290,768,46,0.004771488,0.000899421,0.003872067
290,768,47,0.00491624,0.001150313,0.003765927
290,768,48,0.004709801,0.000887354,0.003822447
290,768,49,0.004487853,0.000692203,0.00379565
290,768,50,0.004848407,0.001060255,0.003788152
290,768,51,0.004763273,0.001029403,0.00373387
290,768,52,0.004893977,0.001053977,0.00384
290,768,53,0.004610367,0.000843905,0.003766462
290,768,54,0.004901914,0.001099778,0.003802136
290,768,55,0.004629447,0.000835408,0.003794039
290,768,56,0.004783602,0.000918348,0.003865254
290,768,57,0.004767595,0.000918161,0.003849434
290,768,58,0.004924873,0.001053544,0.003871329
290,768,59,0.004656096,0.000755449,0.003900647
290,768,60,0.004681595,0.000745462,0.003936133
290,768,61,0.004491653,0.000592186,0.003899467
290,768,62,0.004775101,0.000852902,0.003922199
290,768,63,0.004465976,0.000545867,0.003920109
290,768,64,0.004679888,0.000828176,0.003851712
290,768,65,0.004478003,0.000580334,0.003897669
290,768,66,0.004522995,0.000645574,0.003877421
290,768,67,0.004614744,0.00071412,0.003900624
290,768,68,0.004761203,0.00080444,0.003956763
290,768,69,0.005613217,0.001631203,0.003982014
290,768,70,0.005192076,0.001112777,0.004079299
290,768,71,0.004587524,0.000577671,0.004009853
290,768,72,0.00494426,0.00085425,0.00409001
290,768,73,0.007218834,0.003280789,0.003938045
290,768,74,0.004664907,0.000637577,0.00402733
290,768,75,0.00449416,0.000599144,0.003895016
290,768,76,0.004507596,0.000624949,0.003882647
290,768,77,0.004551462,0.000598421,0.003953041
290,768,78,0.004522249,0.0005302,0.003992049
290,768,79,0.004772364,0.000865451,0.003906913
290,768,80,0.004422319,0.000501331,0.003920988
290,768,81,0.004754251,0.000985092,0.003769159
290,768,82,0.006151286,0.002226475,0.003924811
290,768,83,0.004693547,0.000740581,0.003952966
290,768,84,0.004550392,0.000593686,0.003956706
290,768,85,0.004769819,0.000760663,0.004009156
290,768,86,0.004406375,0.000563723,0.003842652
290,768,87,0.004393071,0.000608828,0.003784243
290,768,88,0.004526935,0.000704616,0.003822319
290,768,89,0.006386509,0.002586075,0.003800434
290,768,90,0.004304405,0.000480862,0.003823543
290,768,91,0.004426889,0.000681551,0.003745338
290,768,92,0.006510778,0.002821349,0.003689429
290,768,93,0.008476635,0.004758007,0.003718628
290,768,94,0.00454988,0.00083522,0.00371466
290,768,95,0.004302997,0.000498664,0.003804333
290,768,96,0.004317215,0.000529281,0.003787934
290,768,97,0.004577599,0.000857871,0.003719728
290,768,98,0.00455757,0.000883978,0.003673592
290,768,99,0.007276399,0.003576034,0.003700365
290,768,100,0.007749774,0.004068428,0.003681346
290,768,101,0.008184422,0.004397295,0.003787127
290,768,102,0.00542963,0.001629023,0.003800607
290,768,103,0.004340101,0.000502469,0.003837632
290,768,104,0.004486483,0.000574332,0.003912151
290,768,105,0.004523266,0.000726964,0.003796302
290,768,106,0.004535894,0.000737555,0.003798339
290,768,107,0.005789339,0.001971541,0.003817798
290,768,108,0.00533482,0.001543076,0.003791744
290,768,109,0.004593327,0.000752951,0.003840376
290,768,110,0.005490547,0.001879329,0.003611218
291,768,1,0.755289304,0.631689481,0.123599823
291,768,2,0.061733056,0.058714896,0.00301816
291,768,3,0.07011458,0.067089639,0.003024941
291,768,4,0.003730339,0.000616198,0.003114141
291,768,5,0.003507562,0.000352852,0.00315471
291,768,6,0.005345111,0.002326941,0.00301817
291,768,7,0.004115594,0.001090108,0.003025486
291,768,8,0.011046287,0.008033663,0.003012624
291,768,9,0.004066136,0.001061987,0.003004149
291,768,10,0.038242006,0.035220428,0.003021578
291,768,11,0.030600547,0.027575133,0.003025414
291,768,12,0.00446761,0.001444187,0.003023423
291,768,13,0.004037811,0.000865181,0.00317263
291,768,14,0.004150304,0.000967762,0.003182542
291,768,15,0.004160752,0.000960033,0.003200719
291,768,16,0.004226883,0.000882169,0.003344714
291,768,17,0.004094851,0.0008087,0.003286151
291,768,18,0.004153054,0.000896243,0.003256811
291,768,19,0.0040455,0.000892465,0.003153035
291,768,20,0.016822082,0.013639055,0.003183027
291,768,21,0.005051716,0.001842541,0.003209175
291,768,22,0.00520961,0.001855523,0.003354087
291,768,23,0.004517427,0.001265334,0.003252093
291,768,24,0.004697136,0.001457051,0.003240085
291,768,25,0.005117684,0.00182012,0.003297564
291,768,26,0.00448679,0.001211277,0.003275513
291,768,27,0.004995711,0.001664305,0.003331406
291,768,28,0.004886928,0.001655295,0.003231633
291,768,29,0.013187905,0.009868281,0.003319624
291,768,30,0.005164174,0.001730139,0.003434035
291,768,31,0.006285622,0.002780669,0.003504953
291,768,32,0.005488659,0.002033531,0.003455128
291,768,33,0.006008311,0.002466305,0.003542006
291,768,34,0.005919835,0.002294028,0.003625807
291,768,35,0.004977375,0.001256513,0.003720862
291,768,36,0.004894709,0.001127369,0.00376734
291,768,37,0.004982615,0.00121415,0.003768465
291,768,38,0.004599263,0.000799908,0.003799355
291,768,39,0.004767283,0.001068297,0.003698986
291,768,40,0.005034283,0.001322748,0.003711535
291,768,41,0.00473934,0.001078329,0.003661011
291,768,42,0.004738467,0.000991516,0.003746951
291,768,43,0.00492852,0.001180381,0.003748139
291,768,44,0.004670471,0.000909408,0.003761063
291,768,45,0.004841862,0.001109487,0.003732375
291,768,46,0.004817852,0.001035737,0.003782115
291,768,47,0.004687773,0.00089115,0.003796623
291,768,48,0.004617417,0.000884198,0.003733219
291,768,49,0.004834178,0.001035618,0.00379856
291,768,50,0.004879893,0.001038381,0.003841512
291,768,51,0.004706758,0.000825453,0.003881305
291,768,52,0.004715268,0.000794041,0.003921227
291,768,53,0.004793185,0.000927629,0.003865556
291,768,54,0.004755067,0.000844609,0.003910458
291,768,55,0.0045857,0.000694608,0.003891092
291,768,56,0.004798792,0.00090745,0.003891342
291,768,57,0.004829527,0.000906675,0.003922852
291,768,58,0.004804135,0.000865328,0.003938807
291,768,59,0.004642151,0.000605421,0.00403673
291,768,60,0.004525126,0.000548506,0.00397662
291,768,61,0.004709726,0.000725142,0.003984584
291,768,62,0.00454965,0.000628443,0.003921207
291,768,63,0.004693603,0.000746286,0.003947317
291,768,64,0.004441265,0.000540243,0.003901022
291,768,65,0.00454453,0.000683214,0.003861316
291,768,66,0.004586782,0.000764905,0.003821877
291,768,67,0.004710548,0.000874102,0.003836446
291,768,68,0.005532418,0.00159841,0.003934008
291,768,69,0.005159685,0.001213827,0.003945858
291,768,70,0.004660404,0.000631651,0.004028753
291,768,71,0.004770389,0.000787764,0.003982625
291,768,72,0.006450665,0.002558967,0.003891698
291,768,73,0.004807174,0.000784727,0.004022447
291,768,74,0.00501535,0.00096817,0.00404718
291,768,75,0.004638013,0.000686448,0.003951565
291,768,76,0.004684479,0.000820611,0.003863868
291,768,77,0.004531536,0.000583339,0.003948197
291,768,78,0.0048292,0.000872344,0.003956856
291,768,79,0.00444239,0.000552967,0.003889423
291,768,80,0.004611925,0.00070705,0.003904875
291,768,81,0.006255984,0.002417787,0.003838197
291,768,82,0.004627686,0.000690271,0.003937415
291,768,83,0.004543254,0.000569679,0.003973575
291,768,84,0.004741643,0.000763177,0.003978466
291,768,85,0.004589256,0.000569538,0.004019718
291,768,86,0.004414,0.000597603,0.003816397
291,768,87,0.004492626,0.000728609,0.003764017
291,768,88,0.006449133,0.002668435,0.003780698
291,768,89,0.004323026,0.000586011,0.003737015
291,768,90,0.004438491,0.000675604,0.003762887
291,768,91,0.006558571,0.002843955,0.003714616
291,768,92,0.008336077,0.004708664,0.003627413
291,768,93,0.004600208,0.000860078,0.00374013
291,768,94,0.004192926,0.000478831,0.003714095
291,768,95,0.004339263,0.000512481,0.003826782
291,768,96,0.004774306,0.000985443,0.003788863
291,768,97,0.004621196,0.000878564,0.003742632
291,768,98,0.007150307,0.003464228,0.003686079
291,768,99,0.007694085,0.004094228,0.003599857
291,768,100,0.00807378,0.004455336,0.003618444
291,768,101,0.005474049,0.001700398,0.003773651
291,768,102,0.004296761,0.000462013,0.003834748
291,768,103,0.004396347,0.000491821,0.003904526
291,768,104,0.004685505,0.000721122,0.003964383
291,768,105,0.004428325,0.000585708,0.003842617
291,768,106,0.005949478,0.002100623,0.003848855
291,768,107,0.005339194,0.001475537,0.003863657
291,768,108,0.004511186,0.000588556,0.00392263
291,768,109,0.005723052,0.001853432,0.00386962
291,768,110,0.004810714,0.001277005,0.003533709
292,768,1,0.755627108,0.632407507,0.123219601
292,768,2,0.061277025,0.058246295,0.00303073
292,768,3,0.004828142,0.001816867,0.003011275
292,768,4,0.068599139,0.065583117,0.003016022
292,768,5,0.003799433,0.000706493,0.00309294
292,768,6,0.003798485,0.00070606,0.003092425
292,768,7,0.004996061,0.001983445,0.003012616
292,768,8,0.005441336,0.002418261,0.003023075
292,768,9,0.04561856,0.042588814,0.003029746
292,768,10,0.01059305,0.007577863,0.003015187
292,768,11,0.004307016,0.001285941,0.003021075
292,768,12,0.022193682,0.019172938,0.003020744
292,768,13,0.004492991,0.001350726,0.003142265
292,768,14,0.004448952,0.001327331,0.003121621
292,768,15,0.004366206,0.001074301,0.003291905
292,768,16,0.004248542,0.00090241,0.003346132
292,768,17,0.004147846,0.00089263,0.003255216
292,768,18,0.004223259,0.000967933,0.003255326
292,768,19,0.017229199,0.014157455,0.003071744
292,768,20,0.005104888,0.00196367,0.003141218
292,768,21,0.004834165,0.001595751,0.003238414
292,768,22,0.004093785,0.000781169,0.003312616
292,768,23,0.00480907,0.001475988,0.003333082
292,768,24,0.004984989,0.001683526,0.003301463
292,768,25,0.004774174,0.001565074,0.0032091
292,768,26,0.005102917,0.001819188,0.003283729
292,768,27,0.004812867,0.001571514,0.003241353
292,768,28,0.013782004,0.010447382,0.003334622
292,768,29,0.005104327,0.001790314,0.003314013
292,768,30,0.006034338,0.002662917,0.003371421
292,768,31,0.005599088,0.002162743,0.003436345
292,768,32,0.005964079,0.002508559,0.00345552
292,768,33,0.005655953,0.002128504,0.003527449
292,768,34,0.005002974,0.001356504,0.00364647
292,768,35,0.004709661,0.001091134,0.003618527
292,768,36,0.005162515,0.001520954,0.003641561
292,768,37,0.004498125,0.000906207,0.003591918
292,768,38,0.004882087,0.001204271,0.003677816
292,768,39,0.005002869,0.001356694,0.003646175
292,768,40,0.004861529,0.001161834,0.003699695
292,768,41,0.004451902,0.000793411,0.003658491
292,768,42,0.004953257,0.001230111,0.003723146
292,768,43,0.00488483,0.001047393,0.003837437
292,768,44,0.004796958,0.00091401,0.003882948
292,768,45,0.004815336,0.000920607,0.003894729
292,768,46,0.004757608,0.000755916,0.004001692
292,768,47,0.004601516,0.000728472,0.003873044
292,768,48,0.004875434,0.000926339,0.003949095
292,768,49,0.004711064,0.000759768,0.003951296
292,768,50,0.004768023,0.000730061,0.004037962
292,768,51,0.004703116,0.000718091,0.003985025
292,768,52,0.004823829,0.000772703,0.004051126
292,768,53,0.004723641,0.000645738,0.004077903
292,768,54,0.004600898,0.000642002,0.003958896
292,768,55,0.004760824,0.000818132,0.003942692
292,768,56,0.004748167,0.000835103,0.003913064
292,768,57,0.004724637,0.000726857,0.00399778
292,768,58,0.004688191,0.000706942,0.003981249
292,768,59,0.004681108,0.000645939,0.004035169
292,768,60,0.004689467,0.000673264,0.004016203
292,768,61,0.004619022,0.000607142,0.00401188
292,768,62,0.004686261,0.000738432,0.003947829
292,768,63,0.004472463,0.000584475,0.003887988
292,768,64,0.004567837,0.000723667,0.00384417
292,768,65,0.004623153,0.00076066,0.003862493
292,768,66,0.004633916,0.000782432,0.003851484
292,768,67,0.005468597,0.001652441,0.003816156
292,768,68,0.005122927,0.001274177,0.00384875
292,768,69,0.004501446,0.000601829,0.003899617
292,768,70,0.004863673,0.000830064,0.004033609
292,768,71,0.006603357,0.002541832,0.004061525
292,768,72,0.004692956,0.000693259,0.003999697
292,768,73,0.004982259,0.000872231,0.004110028
292,768,74,0.00474796,0.000664217,0.004083743
292,768,75,0.004724831,0.000660486,0.004064345
292,768,76,0.004423874,0.000548068,0.003875806
292,768,77,0.004859221,0.000875279,0.003983942
292,768,78,0.004510777,0.000634096,0.003876681
292,768,79,0.00460108,0.000697673,0.003903407
292,768,80,0.006319967,0.002481769,0.003838198
292,768,81,0.004553293,0.000709887,0.003843406
292,768,82,0.004550088,0.000589396,0.003960692
292,768,83,0.004717913,0.000630816,0.004087097
292,768,84,0.004537058,0.000558563,0.003978495
292,768,85,0.004616548,0.000597821,0.004018727
292,768,86,0.004514545,0.000647892,0.003866653
292,768,87,0.006451218,0.002675772,0.003775446
292,768,88,0.004390633,0.000580381,0.003810252
292,768,89,0.004375899,0.000647106,0.003728793
292,768,90,0.004509089,0.000695998,0.003813091
292,768,91,0.00988404,0.006189656,0.003694384
292,768,92,0.005054468,0.001415401,0.003639067
292,768,93,0.004357384,0.0006112,0.003746184
292,768,94,0.004134021,0.000420084,0.003713937
292,768,95,0.004829825,0.001027839,0.003801986
292,768,96,0.004672064,0.000918632,0.003753432
292,768,97,0.007282311,0.003594931,0.00368738
292,768,98,0.007636249,0.003941206,0.003695043
292,768,99,0.008171932,0.004465523,0.003706409
292,768,100,0.005167523,0.001466555,0.003700968
292,768,101,0.004243538,0.000534922,0.003708616
292,768,102,0.004396257,0.000600491,0.003795766
292,768,103,0.004567536,0.000709284,0.003858252
292,768,104,0.004608347,0.000643358,0.003964989
292,768,105,0.005996687,0.002163861,0.003832826
292,768,106,0.005326619,0.001545448,0.003781171
292,768,107,0.004408315,0.000538927,0.003869388
292,768,108,0.004322355,0.000489038,0.003833317
292,768,109,0.004465439,0.000629928,0.003835511
292,768,110,0.004834605,0.001242464,0.003592141
293,768,1,0.757188231,0.633187903,0.124000328
293,768,2,0.01657011,0.0135595,0.00301061
293,768,3,0.074294947,0.071280201,0.003014746
293,768,4,0.00376428,0.000646134,0.003118146
293,768,5,0.042614508,0.039596637,0.003017871
293,768,6,0.003811549,0.00071301,0.003098539
293,768,7,0.003706234,0.00060831,0.003097924
293,768,8,0.048933096,0.045898089,0.003035007
293,768,9,0.010672274,0.007651266,0.003021008
293,768,10,0.004190308,0.001167484,0.003022824
293,768,11,0.00384096,0.000701229,0.003139731
293,768,12,0.003531526,0.000429595,0.003101931
293,768,13,0.021494951,0.018468152,0.003026799
293,768,14,0.004682625,0.001651429,0.003031196
293,768,15,0.004756851,0.001513805,0.003243046
293,768,16,0.004198277,0.000892508,0.003305769
293,768,17,0.004185054,0.000883913,0.003301141
293,768,18,0.018141836,0.015074495,0.003067341
293,768,19,0.00521363,0.002073381,0.003140249
293,768,20,0.004697455,0.001576624,0.003120831
293,768,21,0.004239506,0.000930825,0.003308681
293,768,22,0.004258547,0.001045816,0.003212731
293,768,23,0.005077727,0.001869768,0.003207959
293,768,24,0.004733062,0.001485713,0.003247349
293,768,25,0.005010583,0.001827445,0.003183138
293,768,26,0.005084566,0.001775929,0.003308637
293,768,27,0.014100029,0.010776839,0.00332319
293,768,28,0.005199552,0.001911699,0.003287853
293,768,29,0.005963005,0.002622532,0.003340473
293,768,30,0.005454867,0.002082459,0.003372408
293,768,31,0.005915461,0.002441951,0.00347351
293,768,32,0.005519085,0.002001403,0.003517682
293,768,33,0.00472491,0.001216848,0.003508062
293,768,34,0.004788708,0.001282157,0.003506551
293,768,35,0.00511848,0.001531266,0.003587214
293,768,36,0.004769569,0.001180902,0.003588667
293,768,37,0.004791057,0.001130735,0.003660322
293,768,38,0.004790691,0.001159637,0.003631054
293,768,39,0.0050514,0.001330458,0.003720942
293,768,40,0.004438998,0.000729485,0.003709513
293,768,41,0.004915285,0.001244187,0.003671098
293,768,42,0.004652267,0.000940096,0.003712171
293,768,43,0.004913838,0.001088617,0.003825221
293,768,44,0.004798941,0.000971143,0.003827798
293,768,45,0.004449879,0.000688197,0.003761682
293,768,46,0.004999539,0.001181252,0.003818287
293,768,47,0.004780137,0.000951302,0.003828835
293,768,48,0.004681626,0.000785949,0.003895677
293,768,49,0.004594163,0.000803611,0.003790552
293,768,50,0.004790993,0.000933245,0.003857748
293,768,51,0.004633275,0.00073383,0.003899445
293,768,52,0.004816818,0.000849779,0.003967039
293,768,53,0.004665762,0.000762483,0.003903279
293,768,54,0.004790338,0.000917035,0.003873303
293,768,55,0.004680867,0.000790016,0.003890851
293,768,56,0.00466071,0.000813274,0.003847436
293,768,57,0.004780721,0.000858273,0.003922448
293,768,58,0.004817377,0.000855552,0.003961825
293,768,59,0.004703161,0.000744738,0.003958423
293,768,60,0.00465812,0.00070447,0.00395365
293,768,61,0.004725414,0.000798466,0.003926948
293,768,62,0.004575746,0.000666231,0.003909515
293,768,63,0.004602231,0.000706179,0.003896052
293,768,64,0.004633007,0.000769779,0.003863228
293,768,65,0.004588235,0.000706128,0.003882107
293,768,66,0.005509228,0.001680007,0.003829221
293,768,67,0.005054555,0.001158029,0.003896526
293,768,68,0.004536379,0.000720056,0.003816323
293,768,69,0.004734749,0.000798502,0.003936247
293,768,70,0.006546425,0.002513122,0.004033303
293,768,71,0.004797853,0.000799319,0.003998534
293,768,72,0.004881562,0.000905715,0.003975847
293,768,73,0.004751404,0.000681924,0.00406948
293,768,74,0.004702991,0.000699866,0.004003125
293,768,75,0.004681017,0.000705119,0.003975898
293,768,76,0.004713544,0.000769566,0.003943978
293,768,77,0.004639212,0.000645003,0.003994209
293,768,78,0.004527234,0.000668759,0.003858475
293,768,79,0.00640512,0.002529014,0.003876106
293,768,80,0.004587736,0.000741058,0.003846678
293,768,81,0.004423666,0.000617968,0.003805698
293,768,82,0.004555107,0.000612875,0.003942232
293,768,83,0.004656208,0.000627075,0.004029133
293,768,84,0.004589931,0.000627107,0.003962824
293,768,85,0.004664682,0.000645768,0.004018914
293,768,86,0.006583922,0.002772854,0.003811068
293,768,87,0.00430373,0.000558472,0.003745258
293,768,88,0.004441168,0.000582514,0.003858654
293,768,89,0.004474326,0.000681906,0.00379242
293,768,90,0.007438,0.003690674,0.003747326
293,768,91,0.004574988,0.000883168,0.00369182
293,768,92,0.005639807,0.001987326,0.003652481
293,768,93,0.005181197,0.001426102,0.003755095
293,768,94,0.005400698,0.001639585,0.003761113
293,768,95,0.004679897,0.000882363,0.003797534
293,768,96,0.007401461,0.003676361,0.0037251
293,768,97,0.007555886,0.003853905,0.003701981
293,768,98,0.008170292,0.004554403,0.003615889
293,768,99,0.005173558,0.001500029,0.003673529
293,768,100,0.004231686,0.00052533,0.003706356
293,768,101,0.004278418,0.000542563,0.003735855
293,768,102,0.004577248,0.000719285,0.003857963
293,768,103,0.004447771,0.000604624,0.003843147
293,768,104,0.004602654,0.000696927,0.003905727
293,768,105,0.00461764,0.000764417,0.003853223
293,768,106,0.004897398,0.001109792,0.003787606
293,768,107,0.005496366,0.001635201,0.003861165
293,768,108,0.004420533,0.000555695,0.003864838
293,768,109,0.004428051,0.000583363,0.003844688
293,768,110,0.004243516,0.000628903,0.003614613
294,768,1,0.759203973,0.634766425,0.124437548
294,768,2,0.061991179,0.058918932,0.003072247
294,768,3,0.003662488,0.000493595,0.003168893
294,768,4,0.028855856,0.025787619,0.003068237
294,768,5,0.040019036,0.036951138,0.003067898
294,768,6,0.004351886,0.00119286,0.003159026
294,768,7,0.049552771,0.04646649,0.003086281
294,768,8,0.010758677,0.007680455,0.003078222
294,768,9,0.00415642,0.00107643,0.00307999
294,768,10,0.00376206,0.000526942,0.003235118
294,768,11,0.003523014,0.000345258,0.003177756
294,768,12,0.003539525,0.000329434,0.003210091
294,768,13,0.003479176,0.000339787,0.003139389
294,768,14,0.021400457,0.018295625,0.003104832
294,768,15,0.004896206,0.00163472,0.003261486
294,768,16,0.004654568,0.001268596,0.003385972
294,768,17,0.019014017,0.015879211,0.003134806
294,768,18,0.005232178,0.002112316,0.003119862
294,768,19,0.00489484,0.001580143,0.003314697
294,768,20,0.004159079,0.000898535,0.003260544
294,768,21,0.004390959,0.001010882,0.003380077
294,768,22,0.004228744,0.000880431,0.003348313
294,768,23,0.004908761,0.001600785,0.003307976
294,768,24,0.005193111,0.001829788,0.003363323
294,768,25,0.005021192,0.001676071,0.003345121
294,768,26,0.014449555,0.011138661,0.003310894
294,768,27,0.005384254,0.00193858,0.003445674
294,768,28,0.005957599,0.002560997,0.003396602
294,768,29,0.005364069,0.0018747,0.003489369
294,768,30,0.005716358,0.002211752,0.003504606
294,768,31,0.005486718,0.002001207,0.003485511
294,768,32,0.004719996,0.001095514,0.003624482
294,768,33,0.004759096,0.001127614,0.003631482
294,768,34,0.004923435,0.001295089,0.003628346
294,768,35,0.004972445,0.001298649,0.003673796
294,768,36,0.004606804,0.000964331,0.003642473
294,768,37,0.004937024,0.001160329,0.003776695
294,768,38,0.004876567,0.001081174,0.003795393
294,768,39,0.004557056,0.000768267,0.003788789
294,768,40,0.004807854,0.000984621,0.003823233
294,768,41,0.004740741,0.000936983,0.003803758
294,768,42,0.004712254,0.000881048,0.003831206
294,768,43,0.004765967,0.000844146,0.003921821
294,768,44,0.004614428,0.000696185,0.003918243
294,768,45,0.004929163,0.000967807,0.003961356
294,768,46,0.004830882,0.000850407,0.003980475
294,768,47,0.004603254,0.000671141,0.003932113
294,768,48,0.004650558,0.000674802,0.003975756
294,768,49,0.004650866,0.000636426,0.00401444
294,768,50,0.004609049,0.000638891,0.003970158
294,768,51,0.004669264,0.000608795,0.004060469
294,768,52,0.004771314,0.000724432,0.004046882
294,768,53,0.00470971,0.000588394,0.004121316
294,768,54,0.004535865,0.000634027,0.003901838
294,768,55,0.004769983,0.000800927,0.003969056
294,768,56,0.004962051,0.001072765,0.003889286
294,768,57,0.004853298,0.000820733,0.004032565
294,768,58,0.004712062,0.000705376,0.004006686
294,768,59,0.00468079,0.000640785,0.004040005
294,768,60,0.004710455,0.000632846,0.004077609
294,768,61,0.00461593,0.000591878,0.004024052
294,768,62,0.004582859,0.000585568,0.003997291
294,768,63,0.00468583,0.000714298,0.003971532
294,768,64,0.004559425,0.000649081,0.003910344
294,768,65,0.005599122,0.001672945,0.003926177
294,768,66,0.004975836,0.001027562,0.003948274
294,768,67,0.004594662,0.000633085,0.003961577
294,768,68,0.004637062,0.000654213,0.003982849
294,768,69,0.006369177,0.00220158,0.004167597
294,768,70,0.004935497,0.000840614,0.004094883
294,768,71,0.004915166,0.000711709,0.004203457
294,768,72,0.004613171,0.000604156,0.004009015
294,768,73,0.00479499,0.000641571,0.004153419
294,768,74,0.004722708,0.000686722,0.004035986
294,768,75,0.004687117,0.000617591,0.004069526
294,768,76,0.00459049,0.000589951,0.004000539
294,768,77,0.004622945,0.000554357,0.004068588
294,768,78,0.006363424,0.00242663,0.003936794
294,768,79,0.004657616,0.000670874,0.003986742
294,768,80,0.004467686,0.000587334,0.003880352
294,768,81,0.004440971,0.000513347,0.003927624
294,768,82,0.004534118,0.000548789,0.003985329
294,768,83,0.004658941,0.000531077,0.004127864
294,768,84,0.00463228,0.000564815,0.004067465
294,768,85,0.006763047,0.002850696,0.003912351
294,768,86,0.004405127,0.000545171,0.003859956
294,768,87,0.00434973,0.000514717,0.003835013
294,768,88,0.004560701,0.00061759,0.003943111
294,768,89,0.007472252,0.003627976,0.003844276
294,768,90,0.004643782,0.000851607,0.003792175
294,768,91,0.004231521,0.000487218,0.003744303
294,768,92,0.004229987,0.000495716,0.003734271
294,768,93,0.007630883,0.003910477,0.003720406
294,768,94,0.004651441,0.000813119,0.003838322
294,768,95,0.007469287,0.00361183,0.003857457
294,768,96,0.007546652,0.003786595,0.003760057
294,768,97,0.005308097,0.001598557,0.00370954
294,768,98,0.004222739,0.000532253,0.003690486
294,768,99,0.006607007,0.002806137,0.00380087
294,768,100,0.005076014,0.00127494,0.003801074
294,768,101,0.004284114,0.00049085,0.003793264
294,768,102,0.004424638,0.00051158,0.003913058
294,768,103,0.004496969,0.000524608,0.003972361
294,768,104,0.004602957,0.000555952,0.004047005
294,768,105,0.004498749,0.000617613,0.003881136
294,768,106,0.004690132,0.000831844,0.003858288
294,768,107,0.005633066,0.00173458,0.003898486
294,768,108,0.005427059,0.001507707,0.003919352
294,768,109,0.004465335,0.000545573,0.003919762
294,768,110,0.004217373,0.000543299,0.003674074
295,768,1,0.758121646,0.633500358,0.124621288
295,768,2,0.008233825,0.005209337,0.003024488
295,768,3,0.084215973,0.081196941,0.003019032
295,768,4,0.003809914,0.000657557,0.003152357
295,768,5,0.039347101,0.03632424,0.003022861
295,768,6,0.050679162,0.047661687,0.003017475
295,768,7,0.010850711,0.007828546,0.003022165
295,768,8,0.004125064,0.00095848,0.003166584
295,768,9,0.003628943,0.000528955,0.003099988
295,768,10,0.0034834,0.000337487,0.003145913
295,768,11,0.003535829,0.000431689,0.00310414
295,768,12,0.003559406,0.000419977,0.003139429
295,768,13,0.003496085,0.000415075,0.00308101
295,768,14,0.003591726,0.000488817,0.003102909
295,768,15,0.021574961,0.018483175,0.003091786
295,768,16,0.020923083,0.01783901,0.003084073
295,768,17,0.00531302,0.002230829,0.003082191
295,768,18,0.004631947,0.001562625,0.003069322
295,768,19,0.004442796,0.001188573,0.003254223
295,768,20,0.004262835,0.001005573,0.003257262
295,768,21,0.004129806,0.000807221,0.003322585
295,768,22,0.004516178,0.001206955,0.003309223
295,768,23,0.005242407,0.002054776,0.003187631
295,768,24,0.005159477,0.001889283,0.003270194
295,768,25,0.01483227,0.011606238,0.003226032
295,768,26,0.005440276,0.002166262,0.003274014
295,768,27,0.006010619,0.002705399,0.00330522
295,768,28,0.005104074,0.001825533,0.003278541
295,768,29,0.005781134,0.002473808,0.003307326
295,768,30,0.005483824,0.002056603,0.003427221
295,768,31,0.004647834,0.001189133,0.003458701
295,768,32,0.004719965,0.001140627,0.003579338
295,768,33,0.00491943,0.001306066,0.003613364
295,768,34,0.005010178,0.00123261,0.003777568
295,768,35,0.004412922,0.000846587,0.003566335
295,768,36,0.004980624,0.001324258,0.003656366
295,768,37,0.004821268,0.001043525,0.003777743
295,768,38,0.004543317,0.00078259,0.003760727
295,768,39,0.004793245,0.001044832,0.003748413
295,768,40,0.004847438,0.001026789,0.003820649
295,768,41,0.004599962,0.000785934,0.003814028
295,768,42,0.004714345,0.000899619,0.003814726
295,768,43,0.004635632,0.000705337,0.003930295
295,768,44,0.004856037,0.000932111,0.003923926
295,768,45,0.004755247,0.00080651,0.003948737
295,768,46,0.004640587,0.000746321,0.003894266
295,768,47,0.004647495,0.000732614,0.003914881
295,768,48,0.004720879,0.000762545,0.003958334
295,768,49,0.004546392,0.0006358,0.003910592
295,768,50,0.004667591,0.000763645,0.003903946
295,768,51,0.004749505,0.000771277,0.003978228
295,768,52,0.00469495,0.000766544,0.003928406
295,768,53,0.004678535,0.00067614,0.004002395
295,768,54,0.004771667,0.000795774,0.003975893
295,768,55,0.004996682,0.001134416,0.003862266
295,768,56,0.004652833,0.000779346,0.003873487
295,768,57,0.004611128,0.00069078,0.003920348
295,768,58,0.004642317,0.000678639,0.003963678
295,768,59,0.004752558,0.000711525,0.004041033
295,768,60,0.004801819,0.000806584,0.003995235
295,768,61,0.004647101,0.000678454,0.003968647
295,768,62,0.004685904,0.000794423,0.003891481
295,768,63,0.004563696,0.000675335,0.003888361
295,768,64,0.005610802,0.001706443,0.003904359
295,768,65,0.005036793,0.001124669,0.003912124
295,768,66,0.004569344,0.000656134,0.00391321
295,768,67,0.004559976,0.000649128,0.003910848
295,768,68,0.006216591,0.002211957,0.004004634
295,768,69,0.005016693,0.000953356,0.004063337
295,768,70,0.004801652,0.000750804,0.004050848
295,768,71,0.004755946,0.000688413,0.004067533
295,768,72,0.004682416,0.000717713,0.003964703
295,768,73,0.00479999,0.000719798,0.004080192
295,768,74,0.004739376,0.000704538,0.004034838
295,768,75,0.004634306,0.000689644,0.003944662
295,768,76,0.004568659,0.000652007,0.003916652
295,768,77,0.006470236,0.002492268,0.003977968
295,768,78,0.00458069,0.000669778,0.003910912
295,768,79,0.004512868,0.000567473,0.003945395
295,768,80,0.004352598,0.000523195,0.003829403
295,768,81,0.004510836,0.00061677,0.003894066
295,768,82,0.004474008,0.000546101,0.003927907
295,768,83,0.004724243,0.000669909,0.004054334
295,768,84,0.007043246,0.003004402,0.004038844
295,768,85,0.004376666,0.000525497,0.003851169
295,768,86,0.004416452,0.000626362,0.00379009
295,768,87,0.00450208,0.000680827,0.003821253
295,768,88,0.007565518,0.003841957,0.003723561
295,768,89,0.004633997,0.000880019,0.003753978
295,768,90,0.004287526,0.000552243,0.003735283
295,768,91,0.004304558,0.000613703,0.003690855
295,768,92,0.007623413,0.003994312,0.003629101
295,768,93,0.004501656,0.000826001,0.003675655
295,768,94,0.007426868,0.003645808,0.00378106
295,768,95,0.004867238,0.001180288,0.00368695
295,768,96,0.004297429,0.000575851,0.003721578
295,768,97,0.006258868,0.002606504,0.003652364
295,768,98,0.005381988,0.001740005,0.003641983
295,768,99,0.006123819,0.002435094,0.003688725
295,768,100,0.006168978,0.002450659,0.003718319
295,768,101,0.004192493,0.000450958,0.003741535
295,768,102,0.004453426,0.000622014,0.003831412
295,768,103,0.004332432,0.000505042,0.00382739
295,768,104,0.004590718,0.000664672,0.003926046
295,768,105,0.004405844,0.000611444,0.0037944
295,768,106,0.006342397,0.002574124,0.003768273
295,768,107,0.005345125,0.001502363,0.003842762
295,768,108,0.004370833,0.000565923,0.00380491
295,768,109,0.004458304,0.000606922,0.003851382
295,768,110,0.004159219,0.000548788,0.003610431
296,768,1,0.757124503,0.632661883,0.12446262
296,768,2,0.090283571,0.087245689,0.003037882
296,768,3,0.003686337,0.000557167,0.00312917
296,768,4,0.003551519,0.000406177,0.003145342
296,768,5,0.086559516,0.083514548,0.003044968
296,768,6,0.010910436,0.007856679,0.003053757
296,768,7,0.003987042,0.000842934,0.003144108
296,768,8,0.003665855,0.000510892,0.003154963
296,768,9,0.003462235,0.00033268,0.003129555
296,768,10,0.003569137,0.00042089,0.003148247
296,768,11,0.003518136,0.00032413,0.003194006
296,768,12,0.003541953,0.000407432,0.003134521
296,768,13,0.003611985,0.000457648,0.003154337
296,768,14,0.007219061,0.004189012,0.003030049
296,768,15,0.034961724,0.031803965,0.003157759
296,768,16,0.005078562,0.001969498,0.003109064
296,768,17,0.00468495,0.001567888,0.003117062
296,768,18,0.004472,0.001293428,0.003178572
296,768,19,0.004344141,0.001092608,0.003251533
296,768,20,0.004161636,0.000826429,0.003335207
296,768,21,0.003899828,0.000581977,0.003317851
296,768,22,0.005161701,0.001751521,0.00341018
296,768,23,0.004714198,0.001423023,0.003291175
296,768,24,0.016013655,0.012714813,0.003298842
296,768,25,0.005408918,0.002158057,0.003250861
296,768,26,0.006025313,0.002663392,0.003361921
296,768,27,0.005220053,0.00177769,0.003442363
296,768,28,0.005643783,0.002270528,0.003373255
296,768,29,0.005395863,0.001889785,0.003506078
296,768,30,0.004573534,0.001053811,0.003519723
296,768,31,0.004686407,0.001093133,0.003593274
296,768,32,0.004805544,0.00119303,0.003612514
296,768,33,0.004816,0.001103483,0.003712517
296,768,34,0.004604904,0.000932097,0.003672807
296,768,35,0.004822281,0.001068888,0.003753393
296,768,36,0.004476411,0.000737959,0.003738452
296,768,37,0.004830563,0.00096891,0.003861653
296,768,38,0.004747597,0.000956484,0.003791113
296,768,39,0.004847934,0.000891016,0.003956918
296,768,40,0.004490976,0.000666517,0.003824459
296,768,41,0.004588489,0.000738567,0.003849922
296,768,42,0.004799773,0.000860662,0.003939111
296,768,43,0.004937499,0.000895259,0.00404224
296,768,44,0.004690268,0.000706705,0.003983563
296,768,45,0.004669859,0.00060898,0.004060879
296,768,46,0.004609771,0.000600252,0.004009519
296,768,47,0.004681867,0.000623339,0.004058528
296,768,48,0.004602994,0.000632277,0.003970717
296,768,49,0.004744088,0.000668221,0.004075867
296,768,50,0.004600179,0.000692303,0.003907876
296,768,51,0.004798102,0.000684027,0.004114075
296,768,52,0.004602683,0.000630546,0.003972137
296,768,53,0.004743747,0.000710616,0.004033131
296,768,54,0.00516665,0.001261776,0.003904874
296,768,55,0.004615225,0.000689053,0.003926172
296,768,56,0.004535503,0.000654817,0.003880686
296,768,57,0.004688735,0.000690123,0.003998612
296,768,58,0.004641388,0.000693026,0.003948362
296,768,59,0.004765786,0.000700509,0.004065277
296,768,60,0.004595595,0.000603284,0.003992311
296,768,61,0.004786166,0.00079938,0.003986786
296,768,62,0.004698569,0.000770305,0.003928264
296,768,63,0.005619759,0.001631432,0.003988327
296,768,64,0.005081636,0.001177407,0.003904229
296,768,65,0.004547634,0.000644284,0.00390335
296,768,66,0.004520873,0.000592914,0.003927959
296,768,67,0.006146537,0.002224667,0.00392187
296,768,68,0.004875889,0.000915444,0.003960445
296,768,69,0.004836256,0.000732259,0.004103997
296,768,70,0.004741562,0.000680469,0.004061093
296,768,71,0.004831915,0.000690488,0.004141427
296,768,72,0.004648928,0.000627967,0.004020961
296,768,73,0.004781145,0.000613794,0.004167351
296,768,74,0.004703918,0.000640294,0.004063624
296,768,75,0.004665503,0.000611405,0.004054098
296,768,76,0.006433294,0.002450224,0.00398307
296,768,77,0.00466311,0.000645237,0.004017873
296,768,78,0.004412341,0.000479266,0.003933075
296,768,79,0.004505697,0.000509481,0.003996216
296,768,80,0.004394124,0.00057116,0.003822964
296,768,81,0.004470473,0.000568868,0.003901605
296,768,82,0.004570729,0.000610443,0.003960286
296,768,83,0.007065487,0.003012973,0.004052514
296,768,84,0.004533059,0.000537496,0.003995563
296,768,85,0.004523517,0.000692165,0.003831352
296,768,86,0.004446284,0.000645352,0.003800932
296,768,87,0.007708893,0.003776777,0.003932116
296,768,88,0.00458485,0.000738811,0.003846039
296,768,89,0.004279268,0.000498126,0.003781142
296,768,90,0.004409744,0.00063985,0.003769894
296,768,91,0.007685948,0.004005197,0.003680751
296,768,92,0.004420387,0.000756112,0.003664275
296,768,93,0.007320941,0.003481976,0.003838965
296,768,94,0.004996666,0.001129796,0.00386687
296,768,95,0.004267799,0.000513602,0.003754197
296,768,96,0.004201111,0.000480106,0.003721005
296,768,97,0.004296239,0.000535102,0.003761137
296,768,98,0.005568702,0.001852981,0.003715721
296,768,99,0.005336993,0.001695607,0.003641386
296,768,100,0.00600347,0.002325252,0.003678218
296,768,101,0.006383918,0.002578209,0.003805709
296,768,102,0.004314497,0.000437105,0.003877392
296,768,103,0.004493411,0.000519358,0.003974053
296,768,104,0.004509537,0.000498733,0.004010804
296,768,105,0.004451714,0.000523766,0.003927948
296,768,106,0.004348199,0.000529546,0.003818653
296,768,107,0.006205395,0.002329266,0.003876129
296,768,108,0.005431757,0.001478629,0.003953128
296,768,109,0.004456181,0.000522643,0.003933538
296,768,110,0.004182876,0.000531739,0.003651137
297,768,1,0.755795037,0.632140845,0.123654192
297,768,2,0.006884918,0.003765997,0.003118921
297,768,3,0.088047859,0.084972953,0.003074906
297,768,4,0.003845148,0.000645017,0.003200131
297,768,5,0.094416917,0.091325305,0.003091612
297,768,6,0.003933604,0.000746235,0.003187369
297,768,7,0.003571204,0.000357821,0.003213383
297,768,8,0.003521525,0.000354884,0.003166641
297,768,9,0.003552085,0.000346653,0.003205432
297,768,10,0.003510835,0.00034943,0.003161405
297,768,11,0.003614604,0.000428981,0.003185623
297,768,12,0.003497976,0.00034353,0.003154446
297,768,13,0.007213822,0.004135512,0.00307831
297,768,14,0.034831244,0.031499605,0.003331639
297,768,15,0.004736171,0.001588946,0.003147225
297,768,16,0.00486626,0.001634313,0.003231947
297,768,17,0.004386047,0.001262349,0.003123698
297,768,18,0.004539629,0.001295324,0.003244305
297,768,19,0.004014418,0.000734664,0.003279754
297,768,20,0.004003138,0.000654353,0.003348785
297,768,21,0.004222955,0.000838815,0.00338414
297,768,22,0.004992079,0.001582488,0.003409591
297,768,23,0.016255427,0.012935598,0.003319829
297,768,24,0.005569246,0.002267973,0.003301273
297,768,25,0.005748593,0.002461596,0.003286997
297,768,26,0.00526522,0.001826105,0.003439115
297,768,27,0.005481419,0.0021029,0.003378519
297,768,28,0.005452989,0.002010633,0.003442356
297,768,29,0.004565962,0.001039372,0.00352659
297,768,30,0.004626225,0.001062452,0.003563773
297,768,31,0.004594121,0.000992522,0.003601599
297,768,32,0.004662465,0.001048736,0.003613729
297,768,33,0.00494525,0.001255489,0.003689761
297,768,34,0.004480821,0.000754572,0.003726249
297,768,35,0.004814051,0.001076519,0.003737532
297,768,36,0.004694235,0.00087355,0.003820685
297,768,37,0.004720965,0.000873306,0.003847659
297,768,38,0.004499544,0.000654697,0.003844847
297,768,39,0.004964869,0.001083624,0.003881245
297,768,40,0.004486383,0.000579275,0.003907108
297,768,41,0.004661578,0.000848331,0.003813247
297,768,42,0.004661879,0.000711574,0.003950305
297,768,43,0.004656525,0.000709628,0.003946897
297,768,44,0.004519693,0.000601158,0.003918535
297,768,45,0.004861608,0.000926534,0.003935074
297,768,46,0.004786747,0.00088697,0.003899777
297,768,47,0.004554483,0.000633848,0.003920635
297,768,48,0.004668112,0.000789239,0.003878873
297,768,49,0.0048836,0.001020014,0.003863586
297,768,50,0.004986195,0.001116733,0.003869462
297,768,51,0.004743447,0.000860374,0.003883073
297,768,52,0.004510246,0.000663954,0.003846292
297,768,53,0.005468524,0.001526864,0.00394166
297,768,54,0.004559616,0.00068399,0.003875626
297,768,55,0.004572923,0.000686041,0.003886882
297,768,56,0.004511787,0.000672249,0.003839538
297,768,57,0.004708633,0.000807633,0.003901
297,768,58,0.00477468,0.000831963,0.003942717
297,768,59,0.004651146,0.000649683,0.004001463
297,768,60,0.004796085,0.000754888,0.004041197
297,768,61,0.004692329,0.000724728,0.003967601
297,768,62,0.005641348,0.001635285,0.004006063
297,768,63,0.005151091,0.001210871,0.00394022
297,768,64,0.004501331,0.000596715,0.003904616
297,768,65,0.004517169,0.000633486,0.003883683
297,768,66,0.006164979,0.002240574,0.003924405
297,768,67,0.004788699,0.000923195,0.003865504
297,768,68,0.004732389,0.00073812,0.003994269
297,768,69,0.004670728,0.000655629,0.004015099
297,768,70,0.004714154,0.000707665,0.004006489
297,768,71,0.004664836,0.000679336,0.0039855
297,768,72,0.004658697,0.000670991,0.003987706
297,768,73,0.004668396,0.000665667,0.004002729
297,768,74,0.004709576,0.000649196,0.00406038
297,768,75,0.005377097,0.001406863,0.003970234
297,768,76,0.004628054,0.000576801,0.004051253
297,768,77,0.005124237,0.001077554,0.004046683
297,768,78,0.004589861,0.000627415,0.003962446
297,768,79,0.004464693,0.000544841,0.003919852
297,768,80,0.00438425,0.000524747,0.003859503
297,768,81,0.004430744,0.000542184,0.00388856
297,768,82,0.007833873,0.003747567,0.004086306
297,768,83,0.004586154,0.00061174,0.003974414
297,768,84,0.004664292,0.000580868,0.004083424
297,768,85,0.004468057,0.000626597,0.00384146
297,768,86,0.007638211,0.003794527,0.003843684
297,768,87,0.004655998,0.000763364,0.003892634
297,768,88,0.004388873,0.000535839,0.003853034
297,768,89,0.004338026,0.000470616,0.00386741
297,768,90,0.007734414,0.003946091,0.003788323
297,768,91,0.004426506,0.000690656,0.00373585
297,768,92,0.004254285,0.000527476,0.003726809
297,768,93,0.004239886,0.000504364,0.003735522
297,768,94,0.00670525,0.002831571,0.003873679
297,768,95,0.004912083,0.00110587,0.003806213
297,768,96,0.004285142,0.000509614,0.003775528
297,768,97,0.004244545,0.000464498,0.003780047
297,768,98,0.004288959,0.000540172,0.003748787
297,768,99,0.0055357,0.001863249,0.003672451
297,768,100,0.005389798,0.001644543,0.003745255
297,768,101,0.00606585,0.002178647,0.003887203
297,768,102,0.006395262,0.002486025,0.003909237
297,768,103,0.00438922,0.000482234,0.003906986
297,768,104,0.004548451,0.000518696,0.004029755
297,768,105,0.004459941,0.000569655,0.003890286
297,768,106,0.004442491,0.000580549,0.003861942
297,768,107,0.004545622,0.000642134,0.003903488
297,768,108,0.005950755,0.002019746,0.003931009
297,768,109,0.005391666,0.001502102,0.003889564
297,768,110,0.004294725,0.000595593,0.003699132
298,768,1,0.755239183,0.631381953,0.12385723
298,768,2,0.068773539,0.06574781,0.003025729
298,768,3,0.022270168,0.019232889,0.003037279
298,768,4,0.099384064,0.096361103,0.003022961
298,768,5,0.003847156,0.000697507,0.003149649
298,768,6,0.003472858,0.000367219,0.003105639
298,768,7,0.003653797,0.000533922,0.003119875
298,768,8,0.003455264,0.000350294,0.00310497
298,768,9,0.003555242,0.000432114,0.003123128
298,768,10,0.003538118,0.000440449,0.003097669
298,768,11,0.003535197,0.000429109,0.003106088
298,768,12,0.007342185,0.004337963,0.003004222
298,768,13,0.03397659,0.030765743,0.003210847
298,768,14,0.005279853,0.002069007,0.003210846
298,768,15,0.004800942,0.001728885,0.003072057
298,768,16,0.004470935,0.001294121,0.003176814
298,768,17,0.004265411,0.001119292,0.003146119
298,768,18,0.004111466,0.000942505,0.003168961
298,768,19,0.004118354,0.000914894,0.00320346
298,768,20,0.004140631,0.000856442,0.003284189
298,768,21,0.004671824,0.001395252,0.003276572
298,768,22,0.016543126,0.013337851,0.003205275
298,768,23,0.005448277,0.002231741,0.003216536
298,768,24,0.005660108,0.002445763,0.003214345
298,768,25,0.005226044,0.001956203,0.003269841
298,768,26,0.005608868,0.002283301,0.003325567
298,768,27,0.005182096,0.001867424,0.003314672
298,768,28,0.004579708,0.001137398,0.00344231
298,768,29,0.004713742,0.001172414,0.003541328
298,768,30,0.004526242,0.001015553,0.003510689
298,768,31,0.004712713,0.001167945,0.003544768
298,768,32,0.00488344,0.001180765,0.003702675
298,768,33,0.004331007,0.000757306,0.003573701
298,768,34,0.004904075,0.001172187,0.003731888
298,768,35,0.00467747,0.000975428,0.003702042
298,768,36,0.004590991,0.000900659,0.003690332
298,768,37,0.004636421,0.000927839,0.003708582
298,768,38,0.004879584,0.001164907,0.003714677
298,768,39,0.004497634,0.000739538,0.003758096
298,768,40,0.004740833,0.001037132,0.003703701
298,768,41,0.004589794,0.000837843,0.003751951
298,768,42,0.004754905,0.000892291,0.003862614
298,768,43,0.004523635,0.000717002,0.003806633
298,768,44,0.0049408,0.001147758,0.003793042
298,768,45,0.00479446,0.001011001,0.003783459
298,768,46,0.00458898,0.000792792,0.003796188
298,768,47,0.004674016,0.000894359,0.003779657
298,768,48,0.004975913,0.00121755,0.003758363
298,768,49,0.004999496,0.001183168,0.003816328
298,768,50,0.00471057,0.000953077,0.003757493
298,768,51,0.004544555,0.000808561,0.003735994
298,768,52,0.005273857,0.001364066,0.003909791
298,768,53,0.004549292,0.000724049,0.003825243
298,768,54,0.004600569,0.000760866,0.003839703
298,768,55,0.004546198,0.000759121,0.003787077
298,768,56,0.004782748,0.001004718,0.00377803
298,768,57,0.004674886,0.00073541,0.003939476
298,768,58,0.004678928,0.000732446,0.003946482
298,768,59,0.004712797,0.00071027,0.004002527
298,768,60,0.004791145,0.000821093,0.003970052
298,768,61,0.005597402,0.001682688,0.003914714
298,768,62,0.005195203,0.001288199,0.003907004
298,768,63,0.004390161,0.000548403,0.003841758
298,768,64,0.004596914,0.000724758,0.003872156
298,768,65,0.006198228,0.002396975,0.003801253
298,768,66,0.004915178,0.001061501,0.003853677
298,768,67,0.004600907,0.000740255,0.003860652
298,768,68,0.004576323,0.000603666,0.003972657
298,768,69,0.004608787,0.000638149,0.003970638
298,768,70,0.004613402,0.000658756,0.003954646
298,768,71,0.004587884,0.0006393,0.003948584
298,768,72,0.004858736,0.00092935,0.003929386
298,768,73,0.004723218,0.000739141,0.003984077
298,768,74,0.005506894,0.001561865,0.003945029
298,768,75,0.004518347,0.000613378,0.003904969
298,768,76,0.004588482,0.000654631,0.003933851
298,768,77,0.004709671,0.000733872,0.003975799
298,768,78,0.004585103,0.000704353,0.00388075
298,768,79,0.004492026,0.000645698,0.003846328
298,768,80,0.004378694,0.000607631,0.003771063
298,768,81,0.008081979,0.004133889,0.00394809
298,768,82,0.004625608,0.000598257,0.004027351
298,768,83,0.004429572,0.000496454,0.003933118
298,768,84,0.004575979,0.000554914,0.004021065
298,768,85,0.007912353,0.004150084,0.003762269
298,768,86,0.004606289,0.000821799,0.00378449
298,768,87,0.004436898,0.00067877,0.003758128
298,768,88,0.004269919,0.00047492,0.003794999
298,768,89,0.004252193,0.000487323,0.00376487
298,768,90,0.004243513,0.000565275,0.003678238
298,768,91,0.007128588,0.003481639,0.003646949
298,768,92,0.004586918,0.000940846,0.003646072
298,768,93,0.004199262,0.000542808,0.003656454
298,768,94,0.004332213,0.000554087,0.003778126
298,768,95,0.006606101,0.002840838,0.003765263
298,768,96,0.00491147,0.001206733,0.003704737
298,768,97,0.004250244,0.000561004,0.00368924
298,768,98,0.004236877,0.000589887,0.00364699
298,768,99,0.004280538,0.000626552,0.003653986
298,768,100,0.00555608,0.001876073,0.003680007
298,768,101,0.005424228,0.001731935,0.003692293
298,768,102,0.006102033,0.002348185,0.003753848
298,768,103,0.006418598,0.00263116,0.003787438
298,768,104,0.004475772,0.000576108,0.003899664
298,768,105,0.004389311,0.000629649,0.003759662
298,768,106,0.004593794,0.000785184,0.00380861
298,768,107,0.004450475,0.000684841,0.003765634
298,768,108,0.004612223,0.000760955,0.003851268
298,768,109,0.005852105,0.00199646,0.003855645
298,768,110,0.005144259,0.001504339,0.00363992
299,768,1,0.757591022,0.633615854,0.123975168
299,768,2,0.04297493,0.039954736,0.003020194
299,768,3,0.141954035,0.138935153,0.003018882
299,768,4,0.003696236,0.000596861,0.003099375
299,768,5,0.003505051,0.000371428,0.003133623
299,768,6,0.003577287,0.00046252,0.003114767
299,768,7,0.00358024,0.000453227,0.003127013
299,768,8,0.003528006,0.000372509,0.003155497
299,768,9,0.003474355,0.000352455,0.0031219
299,768,10,0.003506682,0.000345605,0.003161077
299,768,11,0.007620249,0.004601306,0.003018943
299,768,12,0.033513854,0.030291149,0.003222705
299,768,13,0.005078731,0.001864339,0.003214392
299,768,14,0.004706852,0.001517559,0.003189293
299,768,15,0.00448759,0.001419604,0.003067986
299,768,16,0.004427949,0.00126838,0.003159569
299,768,17,0.004198299,0.0010059,0.003192399
299,768,18,0.004158275,0.00091257,0.003245705
299,768,19,0.003962569,0.000737427,0.003225142
299,768,20,0.004251016,0.000926622,0.003324394
299,768,21,0.017207846,0.01395331,0.003254536
299,768,22,0.005160665,0.001891273,0.003269392
299,768,23,0.005805975,0.002564543,0.003241432
299,768,24,0.00495804,0.001776388,0.003181652
299,768,25,0.005537447,0.002234781,0.003302666
299,768,26,0.005201053,0.001888168,0.003312885
299,768,27,0.004539,0.001162838,0.003376162
299,768,28,0.004662193,0.001206304,0.003455889
299,768,29,0.004709908,0.001134939,0.003574969
299,768,30,0.004623056,0.001059557,0.003563499
299,768,31,0.004731705,0.00111242,0.003619285
299,768,32,0.004509618,0.000928932,0.003580686
299,768,33,0.00471166,0.001106737,0.003604923
299,768,34,0.00480735,0.001177202,0.003630148
299,768,35,0.004601831,0.00094774,0.003654091
299,768,36,0.004621778,0.000961629,0.003660149
299,768,37,0.004827866,0.001102656,0.00372521
299,768,38,0.004644963,0.001007794,0.003637169
299,768,39,0.004655204,0.000944677,0.003710527
299,768,40,0.00457309,0.000904251,0.003668839
299,768,41,0.004624949,0.000896619,0.00372833
299,768,42,0.004669817,0.000902225,0.003767592
299,768,43,0.004966494,0.001198622,0.003767872
299,768,44,0.004795623,0.000962357,0.003833266
299,768,45,0.004577424,0.000829632,0.003747792
299,768,46,0.004725256,0.000994893,0.003730363
299,768,47,0.004964198,0.001222122,0.003742076
299,768,48,0.004874159,0.001098973,0.003775186
299,768,49,0.004829821,0.00101208,0.003817741
299,768,50,0.004570986,0.000782746,0.00378824
299,768,51,0.005037944,0.001216794,0.00382115
299,768,52,0.004700193,0.000849061,0.003851132
299,768,53,0.004611228,0.000761347,0.003849881
299,768,54,0.004590673,0.000770735,0.003819938
299,768,55,0.004746044,0.000923247,0.003822797
299,768,56,0.004543361,0.000724732,0.003818629
299,768,57,0.004643677,0.000761305,0.003882372
299,768,58,0.004714751,0.000810628,0.003904123
299,768,59,0.004785927,0.000813598,0.003972329
299,768,60,0.005653891,0.001696723,0.003957168
299,768,61,0.005214251,0.001325624,0.003888627
299,768,62,0.004455585,0.000564054,0.003891531
299,768,63,0.004583377,0.000655582,0.003927795
299,768,64,0.006278534,0.002353935,0.003924599
299,768,65,0.004871537,0.00101728,0.003854257
299,768,66,0.004573687,0.000633912,0.003939775
299,768,67,0.004405282,0.000549336,0.003855946
299,768,68,0.004522059,0.000570433,0.003951626
299,768,69,0.004679337,0.000669246,0.004010091
299,768,70,0.004666065,0.000722324,0.003943741
299,768,71,0.004834153,0.00087741,0.003956743
299,768,72,0.004710756,0.000758033,0.003952723
299,768,73,0.005565661,0.001551475,0.004014186
299,768,74,0.004512732,0.000580596,0.003932136
299,768,75,0.004596568,0.000748474,0.003848094
299,768,76,0.004635169,0.000668084,0.003967085
299,768,77,0.004691291,0.000750086,0.003941205
299,768,78,0.004516627,0.000601869,0.003914758
299,768,79,0.004486435,0.000590353,0.003896082
299,768,80,0.007878368,0.004044981,0.003833387
299,768,81,0.004551638,0.000600792,0.003950846
299,768,82,0.004544014,0.000516419,0.004027595
299,768,83,0.004506901,0.000534989,0.003971912
299,768,84,0.0045998,0.000580626,0.004019174
299,768,85,0.00439302,0.000535426,0.003857594
299,768,86,0.006957046,0.003209621,0.003747425
299,768,87,0.00483027,0.00099708,0.00383319
299,768,88,0.004268557,0.000495367,0.00377319
299,768,89,0.004358321,0.000548633,0.003809688
299,768,90,0.004217717,0.000535371,0.003682346
299,768,91,0.004276303,0.000574679,0.003701624
299,768,92,0.00693146,0.003312831,0.003618629
299,768,93,0.004723717,0.001005752,0.003717965
299,768,94,0.004283894,0.000534365,0.003749529
299,768,95,0.0043634,0.000521093,0.003842307
299,768,96,0.006396109,0.00270206,0.003694049
299,768,97,0.005058641,0.001382344,0.003676297
299,768,98,0.004619319,0.000941723,0.003677596
299,768,99,0.004359153,0.000735315,0.003623838
299,768,100,0.004281018,0.000606492,0.003674526
299,768,101,0.004948877,0.001310055,0.003638822
299,768,102,0.005503371,0.001780492,0.003722879
299,768,103,0.006236597,0.00235885,0.003877747
299,768,104,0.00653786,0.002650954,0.003886906
299,768,105,0.004405884,0.000623676,0.003782208
299,768,106,0.004589328,0.000760229,0.003829099
299,768,107,0.004461181,0.000675076,0.003786105
299,768,108,0.004645394,0.000776643,0.003868751
299,768,109,0.004586258,0.00072353,0.003862728
299,768,110,0.005452464,0.001688084,0.00376438
300,768,1,0.75528608,0.631953059,0.123333021
300,768,2,0.043546482,0.040533783,0.003012699
300,768,3,0.063744164,0.060732546,0.003011618
300,768,4,0.083152116,0.080129929,0.003022187
300,768,5,0.003791138,0.000633838,0.0031573
300,768,6,0.003552358,0.000443126,0.003109232
300,768,7,0.003516594,0.000382127,0.003134467
300,768,8,0.003543292,0.000446739,0.003096553
300,768,9,0.003559294,0.000431439,0.003127855
300,768,10,0.008150147,0.005139148,0.003010999
300,768,11,0.033201591,0.030043843,0.003157748
300,768,12,0.004902787,0.001549573,0.003353214
300,768,13,0.004869221,0.001560688,0.003308533
300,768,14,0.004343973,0.001201886,0.003142087
300,768,15,0.00437917,0.00118851,0.00319066
300,768,16,0.004041389,0.000839686,0.003201703
300,768,17,0.004096714,0.000913889,0.003182825
300,768,18,0.004036725,0.000810183,0.003226542
300,768,19,0.004034231,0.000814563,0.003219668
300,768,20,0.017757167,0.014550065,0.003207102
300,768,21,0.005089829,0.00185824,0.003231589
300,768,22,0.005540351,0.002276939,0.003263412
300,768,23,0.005024555,0.001766707,0.003257848
300,768,24,0.005302644,0.002068967,0.003233677
300,768,25,0.005253579,0.001912548,0.003341031
300,768,26,0.004508771,0.001174357,0.003334414
300,768,27,0.004543935,0.001162785,0.00338115
300,768,28,0.004715035,0.001264321,0.003450714
300,768,29,0.004679412,0.00118138,0.003498032
300,768,30,0.004722286,0.001174581,0.003547705
300,768,31,0.004677633,0.001107806,0.003569827
300,768,32,0.004598894,0.001070188,0.003528706
300,768,33,0.004770543,0.00119808,0.003572463
300,768,34,0.004584465,0.000961848,0.003622617
300,768,35,0.004661735,0.00104427,0.003617465
300,768,36,0.004714008,0.00104989,0.003664118
300,768,37,0.004897099,0.001120689,0.00377641
300,768,38,0.004553673,0.000831529,0.003722144
300,768,39,0.00459018,0.000829195,0.003760985
300,768,40,0.004534119,0.000856518,0.003677601
300,768,41,0.004663315,0.000967389,0.003695926
300,768,42,0.004918177,0.001132316,0.003785861
300,768,43,0.00483499,0.000989957,0.003845033
300,768,44,0.00456051,0.000721891,0.003838619
300,768,45,0.004798937,0.000958452,0.003840485
300,768,46,0.004969756,0.001127458,0.003842298
300,768,47,0.004837331,0.000956223,0.003881108
300,768,48,0.004778433,0.000832751,0.003945682
300,768,49,0.004674495,0.000709197,0.003965298
300,768,50,0.004945788,0.001002627,0.003943161
300,768,51,0.004680415,0.000667515,0.0040129
300,768,52,0.004612078,0.000609409,0.004002669
300,768,53,0.00462376,0.000696281,0.003927479
300,768,54,0.00472939,0.000772229,0.003957161
300,768,55,0.004590621,0.000651437,0.003939184
300,768,56,0.004579826,0.000639534,0.003940292
300,768,57,0.004744788,0.000721224,0.004023564
300,768,58,0.004688742,0.000628986,0.004059756
300,768,59,0.005623027,0.001654861,0.003968166
300,768,60,0.005283562,0.001339371,0.003944191
300,768,61,0.004506656,0.000595302,0.003911354
300,768,62,0.004536946,0.000566278,0.003970668
300,768,63,0.006294522,0.002420682,0.00387384
300,768,64,0.00498338,0.001087642,0.003895738
300,768,65,0.004447293,0.000539517,0.003907776
300,768,66,0.004431578,0.000470386,0.003961192
300,768,67,0.004382122,0.000488607,0.003893515
300,768,68,0.004696965,0.000618538,0.004078427
300,768,69,0.004738713,0.000669833,0.00406888
300,768,70,0.00474609,0.000728052,0.004018038
300,768,71,0.004734177,0.00077471,0.003959467
300,768,72,0.00555911,0.001498988,0.004060122
300,768,73,0.004594402,0.000566128,0.004028274
300,768,74,0.004677767,0.000654351,0.004023416
300,768,75,0.004528547,0.000640563,0.003887984
300,768,76,0.004649286,0.000695046,0.00395424
300,768,77,0.004608092,0.000719005,0.003889087
300,768,78,0.004516702,0.000672808,0.003843894
300,768,79,0.004644392,0.000802789,0.003841603
300,768,80,0.004552286,0.000731336,0.00382095
300,768,81,0.006752881,0.002832786,0.003920095
300,768,82,0.004650151,0.000611552,0.004038599
300,768,83,0.004480748,0.000514162,0.003966586
300,768,84,0.004544986,0.000552728,0.003992258
300,768,85,0.004400592,0.000605812,0.00379478
300,768,86,0.004275268,0.000576047,0.003699221
300,768,87,0.00720244,0.00339351,0.00380893
300,768,88,0.004664829,0.000870733,0.003794096
300,768,89,0.004324112,0.00049993,0.003824182
300,768,90,0.004279876,0.000565903,0.003713973
300,768,91,0.004169304,0.000435981,0.003733323
300,768,92,0.004289545,0.000613884,0.003675661
300,768,93,0.006921118,0.003181718,0.0037394
300,768,94,0.004827666,0.001019184,0.003808482
300,768,95,0.004350204,0.000514859,0.003835345
300,768,96,0.006874723,0.00318265,0.003692073
300,768,97,0.005626657,0.001906512,0.003720145
300,768,98,0.004263354,0.000632556,0.003630798
300,768,99,0.004333859,0.000710044,0.003623815
300,768,100,0.004353613,0.000673153,0.00368046
300,768,101,0.004178251,0.000550235,0.003628016
300,768,102,0.004479579,0.000682377,0.003797202
300,768,103,0.005453012,0.00165617,0.003796842
300,768,104,0.006216094,0.002377847,0.003838247
300,768,105,0.00672885,0.00290075,0.0038281
300,768,106,0.004464394,0.00070208,0.003762314
300,768,107,0.004500288,0.000709204,0.003791084
300,768,108,0.004648654,0.00081502,0.003833634
300,768,109,0.004491348,0.000697758,0.00379359
300,768,110,0.004503065,0.000661161,0.003841904
301,768,1,0.762041799,0.636890085,0.125151714
301,768,2,0.050474371,0.047388087,0.003086284
301,768,3,0.046538205,0.043460658,0.003077547
301,768,4,0.006912011,0.003802358,0.003109653
301,768,5,0.083080334,0.079978161,0.003102173
301,768,6,0.003934147,0.000739533,0.003194614
301,768,7,0.003561886,0.000346709,0.003215177
301,768,8,0.003499218,0.00034282,0.003156398
301,768,9,0.008694038,0.005565422,0.003128616
301,768,10,0.03302172,0.029887747,0.003133973
301,768,11,0.004544412,0.001348977,0.003195435
301,768,12,0.00479229,0.001405886,0.003386404
301,768,13,0.004636384,0.001253808,0.003382576
301,768,14,0.004139249,0.000858715,0.003280534
301,768,15,0.004078297,0.00081111,0.003267187
301,768,16,0.004064909,0.000820426,0.003244483
301,768,17,0.00406854,0.00085019,0.00321835
301,768,18,0.00411461,0.000835005,0.003279605
301,768,19,0.017979183,0.014678579,0.003300604
301,768,20,0.005122697,0.001750603,0.003372094
301,768,21,0.005209955,0.001960621,0.003249334
301,768,22,0.004909616,0.001562447,0.003347169
301,768,23,0.005167449,0.001848573,0.003318876
301,768,24,0.005079326,0.001743315,0.003336011
301,768,25,0.004683135,0.00121174,0.003471395
301,768,26,0.004528229,0.001059996,0.003468233
301,768,27,0.004726182,0.001067936,0.003658246
301,768,28,0.004553457,0.001086774,0.003466683
301,768,29,0.004823105,0.001189417,0.003633688
301,768,30,0.004802192,0.001072347,0.003729845
301,768,31,0.004517307,0.00088784,0.003629467
301,768,32,0.004835221,0.001144733,0.003690488
301,768,33,0.00452588,0.000875728,0.003650152
301,768,34,0.004677524,0.001053412,0.003624112
301,768,35,0.004714292,0.001001068,0.003713224
301,768,36,0.004690982,0.000942619,0.003748363
301,768,37,0.004594965,0.000810513,0.003784452
301,768,38,0.004702156,0.000909413,0.003792743
301,768,39,0.004544024,0.000787192,0.003756832
301,768,40,0.004693373,0.000914829,0.003778544
301,768,41,0.004776174,0.000916946,0.003859228
301,768,42,0.004852828,0.000946554,0.003906274
301,768,43,0.004573581,0.000717416,0.003856165
301,768,44,0.004748195,0.000831572,0.003916623
301,768,45,0.00499001,0.000830372,0.004159638
301,768,46,0.00477048,0.000739171,0.004031309
301,768,47,0.004708622,0.000682526,0.004026096
301,768,48,0.00469561,0.000680892,0.004014718
301,768,49,0.004943975,0.000792648,0.004151327
301,768,50,0.004693676,0.00058982,0.004103856
301,768,51,0.004627332,0.000608066,0.004019266
301,768,52,0.0046866,0.000603367,0.004083233
301,768,53,0.004676998,0.000550273,0.004126725
301,768,54,0.004592438,0.000560929,0.004031509
301,768,55,0.004590296,0.000562604,0.004027692
301,768,56,0.004664447,0.00057652,0.004087927
301,768,57,0.004652105,0.000567343,0.004084762
301,768,58,0.004677466,0.000588822,0.004088644
301,768,59,0.004675423,0.000562214,0.004113209
301,768,60,0.004730637,0.00071262,0.004018017
301,768,61,0.005246189,0.00122195,0.004024239
301,768,62,0.007169329,0.003213863,0.003955466
301,768,63,0.004951455,0.00104053,0.003910925
301,768,64,0.004400259,0.000524733,0.003875526
301,768,65,0.004385994,0.000450841,0.003935153
301,768,66,0.004443475,0.000480754,0.003962721
301,768,67,0.004517386,0.000484522,0.004032864
301,768,68,0.004754796,0.000552371,0.004202425
301,768,69,0.004796219,0.00064071,0.004155509
301,768,70,0.004724977,0.00060113,0.004123847
301,768,71,0.005513918,0.001356007,0.004157911
301,768,72,0.004682819,0.000509664,0.004173155
301,768,73,0.004689121,0.000510025,0.004179096
301,768,74,0.004590394,0.000502799,0.004087595
301,768,75,0.004569329,0.000514871,0.004054458
301,768,76,0.004682435,0.000544751,0.004137684
301,768,77,0.004606738,0.000649602,0.003957136
301,768,78,0.004593282,0.000601797,0.003991485
301,768,79,0.004564468,0.000628694,0.003935774
301,768,80,0.004521723,0.000557421,0.003964302
301,768,81,0.004532497,0.000585721,0.003946776
301,768,82,0.005945946,0.001875717,0.004070229
301,768,83,0.004683156,0.000616162,0.004066994
301,768,84,0.004670392,0.000604235,0.004066157
301,768,85,0.004427059,0.000556833,0.003870226
301,768,86,0.006924284,0.003048616,0.003875668
301,768,87,0.005310587,0.001374616,0.003935971
301,768,88,0.004343708,0.000484501,0.003859207
301,768,89,0.004294149,0.000472918,0.003821231
301,768,90,0.004267308,0.000485977,0.003781331
301,768,91,0.004279214,0.000506769,0.003772445
301,768,92,0.004219741,0.000464513,0.003755228
301,768,93,0.004257063,0.000439539,0.003817524
301,768,94,0.006246931,0.002390105,0.003856826
301,768,95,0.004927536,0.000999632,0.003927904
301,768,96,0.004343242,0.000568012,0.00377523
301,768,97,0.006850828,0.003054477,0.003796351
301,768,98,0.005596756,0.001851859,0.003744897
301,768,99,0.004282307,0.000542012,0.003740295
301,768,100,0.004297696,0.000552889,0.003744807
301,768,101,0.00422522,0.000509205,0.003716015
301,768,102,0.004515303,0.000676733,0.00383857
301,768,103,0.004361542,0.000494061,0.003867481
301,768,104,0.005526616,0.001579458,0.003947158
301,768,105,0.006282207,0.002168689,0.004113518
301,768,106,0.006736675,0.002887249,0.003849426
301,768,107,0.004541993,0.000657277,0.003884716
301,768,108,0.004594238,0.000652751,0.003941487
301,768,109,0.004488693,0.000579483,0.00390921
301,768,110,0.004537834,0.000630531,0.003907303
302,768,1,0.755686093,0.631935409,0.123750684
302,768,2,0.07239669,0.069373462,0.003023228
302,768,3,0.005026613,0.001999591,0.003027022
302,768,4,0.044643315,0.041630756,0.003012559
302,768,5,0.026729733,0.023713652,0.003016081
302,768,6,0.047594681,0.044561669,0.003033012
302,768,7,0.004045783,0.000947263,0.00309852
302,768,8,0.00898511,0.005961033,0.003024077
302,768,9,0.033119151,0.030076867,0.003042284
302,768,10,0.004391934,0.001298906,0.003093028
302,768,11,0.004517084,0.001350709,0.003166375
302,768,12,0.004291206,0.001113923,0.003177283
302,768,13,0.004566107,0.001288444,0.003277663
302,768,14,0.003891959,0.000706998,0.003184961
302,768,15,0.003955614,0.000805756,0.003149858
302,768,16,0.004143765,0.000991043,0.003152722
302,768,17,0.004126694,0.000981549,0.003145145
302,768,18,0.018477095,0.015246249,0.003230846
302,768,19,0.005037948,0.001862101,0.003175847
302,768,20,0.00499756,0.001747954,0.003249606
302,768,21,0.004652996,0.001456873,0.003196123
302,768,22,0.005158067,0.001900168,0.003257899
302,768,23,0.005061912,0.001684149,0.003377763
302,768,24,0.004355314,0.000990625,0.003364689
302,768,25,0.004834294,0.001388792,0.003445502
302,768,26,0.004517975,0.001154011,0.003363964
302,768,27,0.004689245,0.00132507,0.003364175
302,768,28,0.004660008,0.001206174,0.003453834
302,768,29,0.00445937,0.000956865,0.003502505
302,768,30,0.00482889,0.001297137,0.003531753
302,768,31,0.004385007,0.000835463,0.003549544
302,768,32,0.004853607,0.001313631,0.003539976
302,768,33,0.004655556,0.001064457,0.003591099
302,768,34,0.004363823,0.000772194,0.003591629
302,768,35,0.004750409,0.001115211,0.003635198
302,768,36,0.004808223,0.001064982,0.003743241
302,768,37,0.004304969,0.000651066,0.003653903
302,768,38,0.004868682,0.001105775,0.003762907
302,768,39,0.004379654,0.000697709,0.003681945
302,768,40,0.004773419,0.001086498,0.003686921
302,768,41,0.004545097,0.000805742,0.003739355
302,768,42,0.004735003,0.000992908,0.003742095
302,768,43,0.004743272,0.000960057,0.003783215
302,768,44,0.004823286,0.000957363,0.003865923
302,768,45,0.004523407,0.00068861,0.003834797
302,768,46,0.004823136,0.001015427,0.003807709
302,768,47,0.004772336,0.000918517,0.003853819
302,768,48,0.004793003,0.000873227,0.003919776
302,768,49,0.004622379,0.000769964,0.003852415
302,768,50,0.00489194,0.001039468,0.003852472
302,768,51,0.004735562,0.000867525,0.003868037
302,768,52,0.004621189,0.000746705,0.003874484
302,768,53,0.004634137,0.000802539,0.003831598
302,768,54,0.004734139,0.000833394,0.003900745
302,768,55,0.004557677,0.000682197,0.00387548
302,768,56,0.004691278,0.000739598,0.00395168
302,768,57,0.004687575,0.000719269,0.003968306
302,768,58,0.004705783,0.00064108,0.004064703
302,768,59,0.00464242,0.000661047,0.003981373
302,768,60,0.004628676,0.000656713,0.003971963
302,768,61,0.004698207,0.000818537,0.00387967
302,768,62,0.005212806,0.001335665,0.003877141
302,768,63,0.007096525,0.003243421,0.003853104
302,768,64,0.004965826,0.00106787,0.003897956
302,768,65,0.004414813,0.000539316,0.003875497
302,768,66,0.004392359,0.000471957,0.003920402
302,768,67,0.004411,0.000512636,0.003898364
302,768,68,0.004755307,0.000720857,0.00403445
302,768,69,0.004731915,0.000702155,0.00402976
302,768,70,0.006542508,0.002518863,0.004023645
302,768,71,0.004668368,0.000772926,0.003895442
302,768,72,0.004553402,0.000506017,0.004047385
302,768,73,0.004491454,0.000519626,0.003971828
302,768,74,0.004507663,0.000513932,0.003993731
302,768,75,0.00444648,0.000513298,0.003933182
302,768,76,0.005218603,0.001243074,0.003975529
302,768,77,0.004522695,0.000585089,0.003937606
302,768,78,0.004497652,0.000593762,0.00390389
302,768,79,0.004556616,0.000697296,0.00385932
302,768,80,0.004441329,0.000545338,0.003895991
302,768,81,0.005987828,0.002010011,0.003977817
302,768,82,0.00472184,0.00064713,0.00407471
302,768,83,0.004501754,0.000534407,0.003967347
302,768,84,0.004623423,0.000564914,0.004058509
302,768,85,0.00438132,0.000518567,0.003862753
302,768,86,0.004315928,0.000591628,0.0037243
302,768,87,0.006467182,0.002662754,0.003804428
302,768,88,0.005315614,0.001525018,0.003790596
302,768,89,0.004303186,0.00058287,0.003720316
302,768,90,0.004246795,0.000550097,0.003696698
302,768,91,0.004331575,0.000614588,0.003716987
302,768,92,0.004189686,0.000531604,0.003658082
302,768,93,0.004170056,0.000530475,0.003639581
302,768,94,0.006199004,0.002474094,0.00372491
302,768,95,0.00495311,0.00119212,0.00376099
302,768,96,0.005407677,0.001716337,0.00369134
302,768,97,0.005683435,0.001966143,0.003717292
302,768,98,0.004418215,0.00075563,0.003662585
302,768,99,0.005676188,0.00203833,0.003637858
302,768,100,0.004331168,0.000672879,0.003658289
302,768,101,0.004148582,0.000532878,0.003615704
302,768,102,0.004545439,0.000754885,0.003790554
302,768,103,0.004362783,0.000646542,0.003716241
302,768,104,0.006598378,0.002742255,0.003856123
302,768,105,0.004586253,0.000714557,0.003871696
302,768,106,0.005004784,0.001207015,0.003797769
302,768,107,0.00690654,0.003179021,0.003727519
302,768,108,0.00459575,0.00077578,0.00381997
302,768,109,0.004480898,0.000702497,0.003778401
302,768,110,0.004492585,0.000677729,0.003814856
303,768,1,0.755353827,0.63204186,0.123311967
303,768,2,0.071238954,0.068212905,0.003026049
303,768,3,0.048101674,0.045086603,0.003015071
303,768,4,0.003647642,0.000564723,0.003082919
303,768,5,0.003413663,0.000324485,0.003089178
303,768,6,0.026132152,0.023116478,0.003015674
303,768,7,0.047460828,0.044430103,0.003030725
303,768,8,0.03984605,0.036817336,0.003028714
303,768,9,0.004240185,0.001053336,0.003186849
303,768,10,0.00433012,0.001082262,0.003247858
303,768,11,0.004378449,0.001064625,0.003313824
303,768,12,0.003984872,0.000761943,0.003222929
303,768,13,0.00413979,0.00087644,0.00326335
303,768,14,0.00396041,0.000794013,0.003166397
303,768,15,0.004193924,0.000985792,0.003208132
303,768,16,0.004042568,0.000820259,0.003222309
303,768,17,0.018804719,0.015560241,0.003244478
303,768,18,0.005122303,0.00184533,0.003276973
303,768,19,0.004810648,0.00158699,0.003223658
303,768,20,0.004617251,0.001376646,0.003240605
303,768,21,0.00488076,0.001540647,0.003340113
303,768,22,0.004942827,0.001714693,0.003228134
303,768,23,0.004367504,0.001160692,0.003206812
303,768,24,0.005138054,0.001844953,0.003293101
303,768,25,0.004690428,0.001301426,0.003389002
303,768,26,0.004404197,0.001022264,0.003381933
303,768,27,0.004528218,0.001103186,0.003425032
303,768,28,0.00436957,0.000994539,0.003375031
303,768,29,0.00480816,0.001327454,0.003480706
303,768,30,0.004396664,0.000907465,0.003489199
303,768,31,0.004972987,0.001441477,0.00353151
303,768,32,0.004607443,0.001007384,0.003600059
303,768,33,0.00440795,0.000882687,0.003525263
303,768,34,0.004762308,0.001137998,0.00362431
303,768,35,0.004852444,0.001077749,0.003774695
303,768,36,0.004325632,0.000637039,0.003688593
303,768,37,0.004763286,0.001058045,0.003705241
303,768,38,0.004327048,0.000630476,0.003696572
303,768,39,0.00485034,0.001119151,0.003731189
303,768,40,0.004623775,0.000901923,0.003721852
303,768,41,0.00466567,0.000962366,0.003703304
303,768,42,0.004758776,0.000900676,0.0038581
303,768,43,0.004777801,0.000851186,0.003926615
303,768,44,0.004511574,0.000667384,0.00384419
303,768,45,0.004544039,0.000633722,0.003910317
303,768,46,0.004457761,0.000625005,0.003832756
303,768,47,0.004829113,0.00093701,0.003892103
303,768,48,0.004556631,0.000620548,0.003936083
303,768,49,0.00458065,0.000668122,0.003912528
303,768,50,0.004656422,0.000748501,0.003907921
303,768,51,0.004685558,0.000730927,0.003954631
303,768,52,0.004565257,0.000647093,0.003918164
303,768,53,0.004630596,0.000716664,0.003913932
303,768,54,0.004540352,0.000614398,0.003925954
303,768,55,0.004696607,0.000862489,0.003834118
303,768,56,0.004616805,0.000742466,0.003874339
303,768,57,0.004678394,0.000783843,0.003894551
303,768,58,0.004588169,0.000669833,0.003918336
303,768,59,0.004756521,0.00081124,0.003945281
303,768,60,0.00464611,0.00067382,0.00397229
303,768,61,0.004523735,0.000649532,0.003874203
303,768,62,0.00472644,0.000826878,0.003899562
303,768,63,0.005240454,0.001361868,0.003878586
303,768,64,0.008117633,0.004285099,0.003832534
303,768,65,0.004293132,0.000406006,0.003887126
303,768,66,0.004426494,0.000462276,0.003964218
303,768,67,0.00441686,0.000498188,0.003918672
303,768,68,0.004574564,0.000514992,0.004059572
303,768,69,0.005589617,0.001568568,0.004021049
303,768,70,0.004731397,0.000673371,0.004058026
303,768,71,0.005200349,0.001247796,0.003952553
303,768,72,0.004707831,0.000681699,0.004026132
303,768,73,0.004574761,0.000585503,0.003989258
303,768,74,0.004543406,0.000532783,0.004010623
303,768,75,0.00588759,0.002026202,0.003861388
303,768,76,0.004548029,0.00055739,0.003990639
303,768,77,0.004550272,0.000646181,0.003904091
303,768,78,0.004572858,0.00064555,0.003927308
303,768,79,0.004403057,0.00056782,0.003835237
303,768,80,0.005944219,0.002112559,0.00383166
303,768,81,0.004565821,0.000583734,0.003982087
303,768,82,0.004551089,0.000494587,0.004056502
303,768,83,0.004504046,0.000509138,0.003994908
303,768,84,0.004615179,0.000624109,0.00399107
303,768,85,0.004410754,0.000580527,0.003830227
303,768,86,0.004479295,0.00070707,0.003772225
303,768,87,0.004401868,0.000638628,0.00376324
303,768,88,0.005461985,0.001705844,0.003756141
303,768,89,0.005441545,0.001591259,0.003850286
303,768,90,0.004215163,0.000479655,0.003735508
303,768,91,0.004142849,0.000445284,0.003697565
303,768,92,0.004417376,0.000725373,0.003692003
303,768,93,0.00683587,0.00308521,0.00375066
303,768,94,0.004914344,0.001095083,0.003819261
303,768,95,0.005480492,0.001626564,0.003853928
303,768,96,0.005642747,0.001926653,0.003716094
303,768,97,0.00417301,0.000470096,0.003702914
303,768,98,0.004128627,0.000470589,0.003658038
303,768,99,0.00463987,0.000957081,0.003682789
303,768,100,0.004841251,0.001208893,0.003632358
303,768,101,0.005118437,0.00146258,0.003655857
303,768,102,0.004411254,0.000592277,0.003818977
303,768,103,0.006631608,0.002812856,0.003818752
303,768,104,0.00452707,0.000674877,0.003852193
303,768,105,0.004846095,0.000961331,0.003884764
303,768,106,0.004875715,0.001045585,0.00383013
303,768,107,0.004675904,0.000896826,0.003779078
303,768,108,0.005670732,0.001799815,0.003870917
303,768,109,0.004594486,0.000792434,0.003802052
303,768,110,0.004647225,0.000795211,0.003852014
304,768,1,0.754506533,0.631680609,0.122825924
304,768,2,0.003570768,0.000442465,0.003128303
304,768,3,0.003525721,0.000367649,0.003158072
304,768,4,0.047402535,0.044379826,0.003022709
304,768,5,0.008798375,0.005788569,0.003009806
304,768,6,0.01285448,0.009833325,0.003021155
304,768,7,0.092446486,0.08942382,0.003022666
304,768,8,0.003986501,0.000957953,0.003028548
304,768,9,0.004423716,0.001245193,0.003178523
304,768,10,0.004284028,0.001006711,0.003277317
304,768,11,0.003924811,0.000558596,0.003366215
304,768,12,0.003731152,0.000497308,0.003233844
304,768,13,0.003985872,0.000714516,0.003271356
304,768,14,0.003903132,0.000733806,0.003169326
304,768,15,0.004032215,0.000894641,0.003137574
304,768,16,0.019560339,0.016323493,0.003236846
304,768,17,0.005017344,0.001751265,0.003266079
304,768,18,0.004895474,0.001585019,0.003310455
304,768,19,0.004621045,0.001303793,0.003317252
304,768,20,0.004640495,0.00135003,0.003290465
304,768,21,0.004795171,0.001530508,0.003264663
304,768,22,0.004778976,0.00142436,0.003354616
304,768,23,0.004950471,0.001750906,0.003199565
304,768,24,0.00469425,0.001331101,0.003363149
304,768,25,0.004413219,0.001001803,0.003411416
304,768,26,0.0043472,0.000926246,0.003420954
304,768,27,0.004348147,0.000929718,0.003418429
304,768,28,0.004684777,0.001170441,0.003514336
304,768,29,0.004350021,0.000881036,0.003468985
304,768,30,0.00493682,0.001441339,0.003495481
304,768,31,0.00463483,0.001040907,0.003593923
304,768,32,0.004589188,0.000959607,0.003629581
304,768,33,0.004683555,0.00100189,0.003681665
304,768,34,0.004620797,0.000939573,0.003681224
304,768,35,0.00437349,0.000757076,0.003616414
304,768,36,0.004810621,0.001045924,0.003764697
304,768,37,0.004401148,0.000742015,0.003659133
304,768,38,0.004772587,0.001067482,0.003705105
304,768,39,0.004682762,0.000957621,0.003725141
304,768,40,0.004679019,0.000990885,0.003688134
304,768,41,0.004554262,0.000818503,0.003735759
304,768,42,0.004695646,0.000853711,0.003841935
304,768,43,0.00449275,0.000722275,0.003770475
304,768,44,0.004647051,0.000829881,0.00381717
304,768,45,0.004599001,0.000801677,0.003797324
304,768,46,0.004652135,0.000826311,0.003825824
304,768,47,0.004519042,0.000658188,0.003860854
304,768,48,0.004633894,0.000852148,0.003781746
304,768,49,0.004744439,0.000894029,0.00385041
304,768,50,0.004618068,0.000707237,0.003910831
304,768,51,0.00452421,0.000638164,0.003886046
304,768,52,0.004688204,0.000784938,0.003903266
304,768,53,0.004493245,0.000669529,0.003823716
304,768,54,0.004738209,0.000846903,0.003891306
304,768,55,0.004583704,0.000640804,0.0039429
304,768,56,0.004564426,0.000647155,0.003917271
304,768,57,0.004470831,0.000590799,0.003880032
304,768,58,0.004623871,0.000738256,0.003885615
304,768,59,0.004669157,0.000706078,0.003963079
304,768,60,0.004558722,0.000598457,0.003960265
304,768,61,0.004601707,0.000702826,0.003898881
304,768,62,0.004501294,0.000554019,0.003947275
304,768,63,0.004439442,0.000554601,0.003884841
304,768,64,0.005459826,0.001584336,0.00387549
304,768,65,0.007555382,0.003657076,0.003898306
304,768,66,0.0043946,0.000510989,0.003883611
304,768,67,0.004418363,0.000558798,0.003859565
304,768,68,0.006275431,0.002298069,0.003977362
304,768,69,0.004666079,0.000665307,0.004000772
304,768,70,0.004623165,0.000616971,0.004006194
304,768,71,0.004467834,0.000580527,0.003887307
304,768,72,0.004694537,0.000647145,0.004047392
304,768,73,0.004622447,0.000587489,0.004034958
304,768,74,0.006666372,0.00270318,0.003963192
304,768,75,0.004498434,0.000622481,0.003875953
304,768,76,0.004615416,0.000668125,0.003947291
304,768,77,0.004514834,0.000617309,0.003897525
304,768,78,0.004446635,0.000587622,0.003859013
304,768,79,0.006024303,0.002202064,0.003822239
304,768,80,0.004482092,0.000649424,0.003832668
304,768,81,0.004415914,0.000534779,0.003881135
304,768,82,0.004598255,0.000607753,0.003990502
304,768,83,0.004587664,0.000649764,0.0039379
304,768,84,0.004592468,0.000634249,0.003958219
304,768,85,0.004505585,0.000642975,0.00386261
304,768,86,0.00440046,0.000626768,0.003773692
304,768,87,0.004317682,0.000542782,0.0037749
304,768,88,0.004334538,0.000567178,0.00376736
304,768,89,0.004672196,0.000907732,0.003764464
304,768,90,0.005450465,0.00170112,0.003749345
304,768,91,0.005046565,0.001303611,0.003742954
304,768,92,0.004892187,0.001256395,0.003635792
304,768,93,0.004268527,0.000564224,0.003704303
304,768,94,0.007879148,0.004100288,0.00377886
304,768,95,0.005739184,0.001940553,0.003798631
304,768,96,0.004215897,0.00047776,0.003738137
304,768,97,0.004152129,0.00049192,0.003660209
304,768,98,0.004626254,0.000955666,0.003670588
304,768,99,0.004294872,0.000651848,0.003643024
304,768,100,0.005700331,0.002041615,0.003658716
304,768,101,0.004255185,0.000650402,0.003604783
304,768,102,0.006619256,0.002858456,0.0037608
304,768,103,0.004493782,0.000667997,0.003825785
304,768,104,0.004843521,0.000986909,0.003856612
304,768,105,0.004886638,0.001034487,0.003852151
304,768,106,0.004788964,0.000929076,0.003859888
304,768,107,0.004546597,0.000788669,0.003757928
304,768,108,0.005093713,0.001224652,0.003869061
304,768,109,0.004712323,0.000866395,0.003845928
304,768,110,0.006198554,0.002423081,0.003775473
305,768,1,0.757719425,0.634084087,0.123635338
305,768,2,0.068847733,0.065783384,0.003064349
305,768,3,0.00562297,0.002585389,0.003037581
305,768,4,0.003772171,0.000627055,0.003145116
305,768,5,0.053380417,0.050321303,0.003059114
305,768,6,0.018897747,0.015860893,0.003036854
305,768,7,0.003947758,0.000914741,0.003033017
305,768,8,0.083352186,0.080304431,0.003047755
305,768,9,0.004406504,0.001251549,0.003154955
305,768,10,0.004339181,0.001072771,0.00326641
305,768,11,0.003891035,0.000585517,0.003305518
305,768,12,0.003878231,0.000607366,0.003270865
305,768,13,0.004080291,0.000793695,0.003286596
305,768,14,0.00388658,0.000687421,0.003199159
305,768,15,0.020285571,0.017138218,0.003147353
305,768,16,0.004923556,0.001681712,0.003241844
305,768,17,0.004615928,0.001371076,0.003244852
305,768,18,0.004500382,0.001215191,0.003285191
305,768,19,0.004445363,0.001105243,0.00334012
305,768,20,0.005016796,0.001832654,0.003184142
305,768,21,0.00460259,0.001279695,0.003322895
305,768,22,0.005077436,0.001732788,0.003344648
305,768,23,0.004688308,0.001390599,0.003297709
305,768,24,0.004416529,0.000986573,0.003429956
305,768,25,0.004253067,0.000818414,0.003434653
305,768,26,0.004318579,0.000904001,0.003414578
305,768,27,0.004714182,0.001245645,0.003468537
305,768,28,0.004718733,0.001140448,0.003578285
305,768,29,0.004712465,0.001187333,0.003525132
305,768,30,0.004738807,0.001077683,0.003661124
305,768,31,0.004505626,0.000883701,0.003621925
305,768,32,0.004606595,0.000951829,0.003654766
305,768,33,0.004719396,0.00096195,0.003757446
305,768,34,0.004436406,0.000737867,0.003698539
305,768,35,0.00467899,0.00086144,0.00381755
305,768,36,0.004497659,0.000665288,0.003832371
305,768,37,0.004893624,0.001003637,0.003889987
305,768,38,0.004521751,0.000635393,0.003886358
305,768,39,0.00470132,0.000847618,0.003853702
305,768,40,0.004544385,0.000713931,0.003830454
305,768,41,0.004590354,0.000707991,0.003882363
305,768,42,0.004559947,0.000649016,0.003910931
305,768,43,0.00463289,0.000673737,0.003959153
305,768,44,0.004571014,0.000687475,0.003883539
305,768,45,0.004661238,0.000657473,0.004003765
305,768,46,0.00454955,0.000643064,0.003906486
305,768,47,0.004681756,0.000665908,0.004015848
305,768,48,0.0046225,0.000660315,0.003962185
305,768,49,0.004589062,0.000627559,0.003961503
305,768,50,0.004553933,0.000586782,0.003967151
305,768,51,0.004599963,0.000599739,0.004000224
305,768,52,0.004562231,0.000575688,0.003986543
305,768,53,0.004552351,0.000561253,0.003991098
305,768,54,0.004592442,0.000613097,0.003979345
305,768,55,0.00450769,0.000593653,0.003914037
305,768,56,0.004745302,0.000755424,0.003989878
305,768,57,0.004540725,0.000615079,0.003925646
305,768,58,0.00465085,0.000567966,0.004082884
305,768,59,0.004579045,0.000556817,0.004022228
305,768,60,0.004640688,0.000581776,0.004058912
305,768,61,0.004527235,0.000569936,0.003957299
305,768,62,0.004495938,0.00055493,0.003941008
305,768,63,0.005400552,0.001492404,0.003908148
305,768,64,0.004501867,0.000640549,0.003861318
305,768,65,0.004472075,0.000583,0.003889075
305,768,66,0.00745588,0.003532716,0.003923164
305,768,67,0.006170947,0.002196204,0.003974743
305,768,68,0.004587584,0.000565077,0.004022507
305,768,69,0.004636714,0.000556467,0.004080247
305,768,70,0.004652214,0.000523249,0.004128965
305,768,71,0.004486155,0.000503073,0.003983082
305,768,72,0.004565781,0.000505013,0.004060768
305,768,73,0.004571777,0.000518544,0.004053233
305,768,74,0.004605131,0.000562886,0.004042245
305,768,75,0.00587112,0.001951118,0.003920002
305,768,76,0.004609628,0.000576009,0.004033619
305,768,77,0.004549116,0.00058952,0.003959596
305,768,78,0.006845359,0.002948873,0.003896486
305,768,79,0.004460122,0.000627835,0.003832287
305,768,80,0.004304394,0.000473483,0.003830911
305,768,81,0.004558884,0.000577442,0.003981442
305,768,82,0.004629096,0.000633877,0.003995219
305,768,83,0.004598429,0.000591407,0.004007022
305,768,84,0.004580673,0.000610616,0.003970057
305,768,85,0.004472746,0.000563367,0.003909379
305,768,86,0.004323371,0.000530742,0.003792629
305,768,87,0.004390342,0.000529054,0.003861288
305,768,88,0.004372536,0.000569964,0.003802572
305,768,89,0.004430576,0.000530913,0.003899663
305,768,90,0.006341503,0.002622515,0.003718988
305,768,91,0.004991827,0.001240878,0.003750949
305,768,92,0.004212953,0.000570932,0.003642021
305,768,93,0.007828925,0.004112984,0.003715941
305,768,94,0.005672544,0.001821331,0.003851213
305,768,95,0.004327992,0.000524963,0.003803029
305,768,96,0.004224455,0.000493753,0.003730702
305,768,97,0.00458971,0.000856552,0.003733158
305,768,98,0.00436824,0.000722163,0.003646077
305,768,99,0.005595584,0.001949739,0.003645845
305,768,100,0.004322165,0.000628329,0.003693836
305,768,101,0.006497116,0.002699389,0.003797727
305,768,102,0.004380013,0.000681561,0.003698452
305,768,103,0.00484856,0.000995951,0.003852609
305,768,104,0.00480539,0.000988716,0.003816674
305,768,105,0.004845337,0.001035525,0.003809812
305,768,106,0.004700333,0.000925664,0.003774669
305,768,107,0.004919503,0.001138125,0.003781378
305,768,108,0.004760348,0.000908975,0.003851373
305,768,109,0.006242945,0.002382583,0.003860362
305,768,110,0.004560263,0.000830528,0.003729735
306,768,1,0.763129854,0.63827115,0.124858704
306,768,2,0.003595355,0.000457931,0.003137424
306,768,3,0.062977431,0.059943238,0.003034193
306,768,4,0.009096132,0.006087228,0.003008904
306,768,5,0.066192807,0.063165204,0.003027603
306,768,6,0.003969107,0.000955669,0.003013438
306,768,7,0.071031813,0.068013336,0.003018477
306,768,8,0.004024859,0.001009537,0.003015322
306,768,9,0.015109367,0.012080306,0.003029061
306,768,10,0.004474371,0.001335261,0.00313911
306,768,11,0.004237961,0.000903155,0.003334806
306,768,12,0.003851288,0.000617477,0.003233811
306,768,13,0.004083883,0.000790237,0.003293646
306,768,14,0.021016109,0.017851206,0.003164903
306,768,15,0.004744253,0.001618694,0.003125559
306,768,16,0.004572329,0.001331422,0.003240907
306,768,17,0.004413058,0.001107067,0.003305991
306,768,18,0.004294952,0.001039619,0.003255333
306,768,19,0.004731261,0.001505975,0.003225286
306,768,20,0.004840319,0.001539966,0.003300353
306,768,21,0.005008665,0.001780232,0.003228433
306,768,22,0.004643856,0.001426409,0.003217447
306,768,23,0.004558164,0.001244841,0.003313323
306,768,24,0.004376494,0.000999076,0.003377418
306,768,25,0.004199494,0.000845252,0.003354242
306,768,26,0.004388574,0.000971471,0.003417103
306,768,27,0.004560623,0.001131246,0.003429377
306,768,28,0.004879018,0.001366286,0.003512732
306,768,29,0.004602494,0.001054495,0.003547999
306,768,30,0.004591153,0.001035748,0.003555405
306,768,31,0.004631541,0.001031621,0.00359992
306,768,32,0.004537497,0.000921049,0.003616448
306,768,33,0.00465842,0.000989356,0.003669064
306,768,34,0.004676307,0.000968441,0.003707866
306,768,35,0.004595922,0.000868249,0.003727673
306,768,36,0.004712246,0.000937347,0.003774899
306,768,37,0.004449717,0.000678531,0.003771186
306,768,38,0.004791393,0.000992522,0.003798871
306,768,39,0.004428705,0.000608193,0.003820512
306,768,40,0.004535007,0.000762755,0.003772252
306,768,41,0.004719306,0.0008295,0.003889806
306,768,42,0.00439295,0.000614323,0.003778627
306,768,43,0.004789581,0.000947153,0.003842428
306,768,44,0.00444932,0.000628957,0.003820363
306,768,45,0.004698652,0.000893663,0.003804989
306,768,46,0.004623105,0.000742962,0.003880143
306,768,47,0.00443974,0.000643033,0.003796707
306,768,48,0.004472417,0.000639955,0.003832462
306,768,49,0.004395479,0.000677826,0.003717653
306,768,50,0.004601302,0.000781509,0.003819793
306,768,51,0.004529923,0.000731049,0.003798874
306,768,52,0.004599594,0.00073186,0.003867734
306,768,53,0.004411952,0.000631043,0.003780909
306,768,54,0.004611,0.000774389,0.003836611
306,768,55,0.004542036,0.000731424,0.003810612
306,768,56,0.004712256,0.000901559,0.003810697
306,768,57,0.004725933,0.000844967,0.003880966
306,768,58,0.004603855,0.000644817,0.003959038
306,768,59,0.004549738,0.000620203,0.003929535
306,768,60,0.004537367,0.000603868,0.003933499
306,768,61,0.004840257,0.000967635,0.003872622
306,768,62,0.005945544,0.002024354,0.00392119
306,768,63,0.004542131,0.000683208,0.003858923
306,768,64,0.00442628,0.000581567,0.003844713
306,768,65,0.007441427,0.003617187,0.00382424
306,768,66,0.006086703,0.002188182,0.003898521
306,768,67,0.004501137,0.000536112,0.003965025
306,768,68,0.004528062,0.000563853,0.003964209
306,768,69,0.004503277,0.000546796,0.003956481
306,768,70,0.004467276,0.00052093,0.003946346
306,768,71,0.004576346,0.000696674,0.003879672
306,768,72,0.004487671,0.000508558,0.003979113
306,768,73,0.004582807,0.000649117,0.00393369
306,768,74,0.004484005,0.000553439,0.003930566
306,768,75,0.00451819,0.000652923,0.003865267
306,768,76,0.005663613,0.001686502,0.003977111
306,768,77,0.004499765,0.0005859,0.003913865
306,768,78,0.004613382,0.000688828,0.003924554
306,768,79,0.006645789,0.002880696,0.003765093
306,768,80,0.004457971,0.000651312,0.003806659
306,768,81,0.004386462,0.000531336,0.003855126
306,768,82,0.004657743,0.000683776,0.003973967
306,768,83,0.004596957,0.000659274,0.003937683
306,768,84,0.0046364,0.00070678,0.00392962
306,768,85,0.00505978,0.001266885,0.003792895
306,768,86,0.004460909,0.000693592,0.003767317
306,768,87,0.004291895,0.00052459,0.003767305
306,768,88,0.004467058,0.000717698,0.00374936
306,768,89,0.006664485,0.002923353,0.003741132
306,768,90,0.004929359,0.001249631,0.003679728
306,768,91,0.004308947,0.000625653,0.003683294
306,768,92,0.007810221,0.004101693,0.003708528
306,768,93,0.005509934,0.001745897,0.003764037
306,768,94,0.004387595,0.000606108,0.003781487
306,768,95,0.004328104,0.000630313,0.003697791
306,768,96,0.004560543,0.000824274,0.003736269
306,768,97,0.00448495,0.000772014,0.003712936
306,768,98,0.005576963,0.001906931,0.003670032
306,768,99,0.004276131,0.000673346,0.003602785
306,768,100,0.006378129,0.002742367,0.003635762
306,768,101,0.004452022,0.000717282,0.00373474
306,768,102,0.004715024,0.000975924,0.0037391
306,768,103,0.004832404,0.000989477,0.003842927
306,768,104,0.004825901,0.000942583,0.003883318
306,768,105,0.004727275,0.000917442,0.003809833
306,768,106,0.004884502,0.001109991,0.003774511
306,768,107,0.004762496,0.001018556,0.00374394
306,768,108,0.006145876,0.002327224,0.003818652
306,768,109,0.00473587,0.000903716,0.003832154
306,768,110,0.00469809,0.001028528,0.003669562
307,768,1,0.762144449,0.637715977,0.124428472
307,768,2,0.004347495,0.001175947,0.003171548
307,768,3,0.068879136,0.065849002,0.003030134
307,768,4,0.00398775,0.000973631,0.003014119
307,768,5,0.052244718,0.04922092,0.003023798
307,768,6,0.01671343,0.01369448,0.00301895
307,768,7,0.004187015,0.001037124,0.003149891
307,768,8,0.070741995,0.067725534,0.003016461
307,768,9,0.00421208,0.001057347,0.003154733
307,768,10,0.015260257,0.012168323,0.003091934
307,768,11,0.004248469,0.001115949,0.00313252
307,768,12,0.004414733,0.001165225,0.003249508
307,768,13,0.021859872,0.018790862,0.00306901
307,768,14,0.00489027,0.001717096,0.003173174
307,768,15,0.004387654,0.001208968,0.003178686
307,768,16,0.004504906,0.001247244,0.003257662
307,768,17,0.004324735,0.001043817,0.003280918
307,768,18,0.004428963,0.001147466,0.003281497
307,768,19,0.00461632,0.001310735,0.003305585
307,768,20,0.004936566,0.001727178,0.003209388
307,768,21,0.004608272,0.001294683,0.003313589
307,768,22,0.00465685,0.001304323,0.003352527
307,768,23,0.004386653,0.001077724,0.003308929
307,768,24,0.004377299,0.000999686,0.003377613
307,768,25,0.004225428,0.000823615,0.003401813
307,768,26,0.004531207,0.001157833,0.003373374
307,768,27,0.004708297,0.00127716,0.003431137
307,768,28,0.004840962,0.001267269,0.003573693
307,768,29,0.004513158,0.000984871,0.003528287
307,768,30,0.004650471,0.001104324,0.003546147
307,768,31,0.004509175,0.000972563,0.003536612
307,768,32,0.004684459,0.001029265,0.003655194
307,768,33,0.004451073,0.000946672,0.003504401
307,768,34,0.004732211,0.001148216,0.003583995
307,768,35,0.004654468,0.000976154,0.003678314
307,768,36,0.004658946,0.000960905,0.003698041
307,768,37,0.004598218,0.000891235,0.003706983
307,768,38,0.004686994,0.000863056,0.003823938
307,768,39,0.00443491,0.000684346,0.003750564
307,768,40,0.004660883,0.000839012,0.003821871
307,768,41,0.004560054,0.000727073,0.003832981
307,768,42,0.004728531,0.000811179,0.003917352
307,768,43,0.004492223,0.000579862,0.003912361
307,768,44,0.004668844,0.000687373,0.003981471
307,768,45,0.004505686,0.000591325,0.003914361
307,768,46,0.00459785,0.000686014,0.003911836
307,768,47,0.004474647,0.000574614,0.003900033
307,768,48,0.004455082,0.000580417,0.003874665
307,768,49,0.004566206,0.000620261,0.003945945
307,768,50,0.00455088,0.000644463,0.003906417
307,768,51,0.004575018,0.000595916,0.003979102
307,768,52,0.00444509,0.000567675,0.003877415
307,768,53,0.004479807,0.000548401,0.003931406
307,768,54,0.004459435,0.00057731,0.003882125
307,768,55,0.004511695,0.000603426,0.003908269
307,768,56,0.004501959,0.000608652,0.003893307
307,768,57,0.00467172,0.000704921,0.003966799
307,768,58,0.004632238,0.000637247,0.003994991
307,768,59,0.004918686,0.000930602,0.003988084
307,768,60,0.004932034,0.000968068,0.003963966
307,768,61,0.005904378,0.001958409,0.003945969
307,768,62,0.004575665,0.000664345,0.00391132
307,768,63,0.004442742,0.000578054,0.003864688
307,768,64,0.006118904,0.002200443,0.003918461
307,768,65,0.007274393,0.003466312,0.003808081
307,768,66,0.004458673,0.000609942,0.003848731
307,768,67,0.004473487,0.000479689,0.003993798
307,768,68,0.004555435,0.000613917,0.003941518
307,768,69,0.004578839,0.000584292,0.003994547
307,768,70,0.004577713,0.000560635,0.004017078
307,768,71,0.004476113,0.000539892,0.003936221
307,768,72,0.004569596,0.000544819,0.004024777
307,768,73,0.004536377,0.000558532,0.003977845
307,768,74,0.004532599,0.000526834,0.004005765
307,768,75,0.004485458,0.000524097,0.003961361
307,768,76,0.004537482,0.000559424,0.003978058
307,768,77,0.004687578,0.00083571,0.003851868
307,768,78,0.006110319,0.002177787,0.003932532
307,768,79,0.0044279,0.000592478,0.003835422
307,768,80,0.005171783,0.001387164,0.003784619
307,768,81,0.004550381,0.000625655,0.003924726
307,768,82,0.004509233,0.000519021,0.003990212
307,768,83,0.00531962,0.00132672,0.0039929
307,768,84,0.005494007,0.001618843,0.003875164
307,768,85,0.004534029,0.000703818,0.003830211
307,768,86,0.004284641,0.000541855,0.003742786
307,768,87,0.004493899,0.000684748,0.003809151
307,768,88,0.006659795,0.002873296,0.003786499
307,768,89,0.005034278,0.00130841,0.003725868
307,768,90,0.004308762,0.000603132,0.00370563
307,768,91,0.007697228,0.004076334,0.003620894
307,768,92,0.005462936,0.001756439,0.003706497
307,768,93,0.004375659,0.000618837,0.003756822
307,768,94,0.004472293,0.000672353,0.00379994
307,768,95,0.004508261,0.000805511,0.00370275
307,768,96,0.004466387,0.00077704,0.003689347
307,768,97,0.005644856,0.001934074,0.003710782
307,768,98,0.004341826,0.000635916,0.00370591
307,768,99,0.006351205,0.002671884,0.003679321
307,768,100,0.004375596,0.000773631,0.003601965
307,768,101,0.00467197,0.000910348,0.003761622
307,768,102,0.004775837,0.001033661,0.003742176
307,768,103,0.004747726,0.000930224,0.003817502
307,768,104,0.004813608,0.000938443,0.003875165
307,768,105,0.004958472,0.001138304,0.003820168
307,768,106,0.004741132,0.000967904,0.003773228
307,768,107,0.006088492,0.002265204,0.003823288
307,768,108,0.004689888,0.000834211,0.003855677
307,768,109,0.004851576,0.001025911,0.003825665
307,768,110,0.004691057,0.00110156,0.003589497
308,768,1,0.759035089,0.63514053,0.123894559
308,768,2,0.006207273,0.003150827,0.003056446
308,768,3,0.043506924,0.040486945,0.003019979
308,768,4,0.029924223,0.026898877,0.003025346
308,768,5,0.06463668,0.061605772,0.003030908
308,768,6,0.003958753,0.00093517,0.003023583
308,768,7,0.018979839,0.015973592,0.003006247
308,768,8,0.018829179,0.01580899,0.003020189
308,768,9,0.041311377,0.038298259,0.003013118
308,768,10,0.004409098,0.001388012,0.003021086
308,768,11,0.015358531,0.012242469,0.003116062
308,768,12,0.023738551,0.020663503,0.003075048
308,768,13,0.004496865,0.001418032,0.003078833
308,768,14,0.00471146,0.001562681,0.003148779
308,768,15,0.00442393,0.001105101,0.003318829
308,768,16,0.004264172,0.000921898,0.003342274
308,768,17,0.004218141,0.000904494,0.003313647
308,768,18,0.004387499,0.001052454,0.003335045
308,768,19,0.004867765,0.001574297,0.003293468
308,768,20,0.004438325,0.001118114,0.003320211
308,768,21,0.004603208,0.001288298,0.00331491
308,768,22,0.004582416,0.001232327,0.003350089
308,768,23,0.00452045,0.001118801,0.003401649
308,768,24,0.004396267,0.000959461,0.003436806
308,768,25,0.004224048,0.000866053,0.003357995
308,768,26,0.004273869,0.000908749,0.00336512
308,768,27,0.004387094,0.000904476,0.003482618
308,768,28,0.004326018,0.000766435,0.003559583
308,768,29,0.004518604,0.000973445,0.003545159
308,768,30,0.004579464,0.001037498,0.003541966
308,768,31,0.004611941,0.00101777,0.003594171
308,768,32,0.004569097,0.000982357,0.00358674
308,768,33,0.004599978,0.000965825,0.003634153
308,768,34,0.004497677,0.000887525,0.003610152
308,768,35,0.004842649,0.00114865,0.003693999
308,768,36,0.004578911,0.000856761,0.00372215
308,768,37,0.004558322,0.000832271,0.003726051
308,768,38,0.004708569,0.000919056,0.003789513
308,768,39,0.004640596,0.000836207,0.003804389
308,768,40,0.004410716,0.000670903,0.003739813
308,768,41,0.004750356,0.000917294,0.003833062
308,768,42,0.004423674,0.000649083,0.003774591
308,768,43,0.00479886,0.000925934,0.003872926
308,768,44,0.004461037,0.000619975,0.003841062
308,768,45,0.004664376,0.000796025,0.003868351
308,768,46,0.004475851,0.00064041,0.003835441
308,768,47,0.004690363,0.000838059,0.003852304
308,768,48,0.004541991,0.000667381,0.00387461
308,768,49,0.00451642,0.00065102,0.0038654
308,768,50,0.004674514,0.000786636,0.003887878
308,768,51,0.00445448,0.000561968,0.003892512
308,768,52,0.004501965,0.000598901,0.003903064
308,768,53,0.004763049,0.000829701,0.003933348
308,768,54,0.004635181,0.000728818,0.003906363
308,768,55,0.004587981,0.000769315,0.003818666
308,768,56,0.004743303,0.000805551,0.003937752
308,768,57,0.004692269,0.000721882,0.003970387
308,768,58,0.004863664,0.000868124,0.00399554
308,768,59,0.004927753,0.00091663,0.004011123
308,768,60,0.005911933,0.002040224,0.003871709
308,768,61,0.004670955,0.000744,0.003926955
308,768,62,0.004513858,0.000616401,0.003897457
308,768,63,0.006012993,0.002133036,0.003879957
308,768,64,0.004801564,0.000963453,0.003838111
308,768,65,0.004238498,0.000352495,0.003886003
308,768,66,0.006369764,0.002510254,0.00385951
308,768,67,0.004542958,0.00060751,0.003935448
308,768,68,0.004507193,0.000577993,0.0039292
308,768,69,0.004522588,0.000526605,0.003995983
308,768,70,0.004624308,0.000614508,0.0040098
308,768,71,0.00452522,0.000577956,0.003947264
308,768,72,0.004478729,0.000484497,0.003994232
308,768,73,0.004764339,0.000793724,0.003970615
308,768,74,0.004705671,0.000715154,0.003990517
308,768,75,0.004733704,0.000783006,0.003950698
308,768,76,0.004662284,0.000656892,0.004005392
308,768,77,0.006316805,0.002443126,0.003873679
308,768,78,0.004558872,0.000694043,0.003864829
308,768,79,0.004455143,0.000632931,0.003822212
308,768,80,0.004525875,0.000736587,0.003789288
308,768,81,0.004717758,0.000804947,0.003912811
308,768,82,0.005675683,0.001691674,0.003984009
308,768,83,0.005575986,0.00164745,0.003928536
308,768,84,0.004592737,0.000781489,0.003811248
308,768,85,0.004420312,0.000630239,0.003790073
308,768,86,0.004461547,0.000693157,0.00376839
308,768,87,0.006647603,0.002884864,0.003762739
308,768,88,0.005097052,0.001374412,0.00372264
308,768,89,0.004377182,0.000686497,0.003690685
308,768,90,0.007777048,0.004106903,0.003670145
308,768,91,0.005351295,0.001707527,0.003643768
308,768,92,0.004330465,0.000669135,0.00366133
308,768,93,0.004446516,0.00065938,0.003787136
308,768,94,0.00457943,0.000807125,0.003772305
308,768,95,0.004503226,0.000803329,0.003699897
308,768,96,0.005634192,0.001911872,0.00372232
308,768,97,0.00431354,0.000663149,0.003650391
308,768,98,0.006409635,0.002779427,0.003630208
308,768,99,0.004465673,0.000786243,0.00367943
308,768,100,0.0044729,0.000835956,0.003636944
308,768,101,0.004768155,0.001027039,0.003741116
308,768,102,0.004673143,0.000866386,0.003806757
308,768,103,0.004805496,0.000917123,0.003888373
308,768,104,0.004953438,0.001014311,0.003939127
308,768,105,0.004795355,0.001001371,0.003793984
308,768,106,0.006097456,0.002309608,0.003787848
308,768,107,0.004617408,0.000757501,0.003859907
308,768,108,0.00492863,0.001119185,0.003809445
308,768,109,0.004924557,0.001093526,0.003831031
308,768,110,0.00514988,0.001600837,0.003549043
309,768,1,0.757790031,0.634311333,0.123478698
309,768,2,0.023856314,0.020742468,0.003113846
309,768,3,0.003572885,0.00041054,0.003162345
309,768,4,0.049852379,0.046731495,0.003120884
309,768,5,0.052110485,0.049027855,0.00308263
309,768,6,0.031203138,0.028127126,0.003076012
309,768,7,0.023515851,0.020425133,0.003090718
309,768,8,0.01220562,0.009110621,0.003094999
309,768,9,0.004105735,0.001016028,0.003089707
309,768,10,0.031835778,0.028738848,0.00309693
309,768,11,0.036648141,0.033506113,0.003142028
309,768,12,0.004500054,0.001361811,0.003138243
309,768,13,0.004609176,0.001316756,0.00329242
309,768,14,0.004243927,0.000985363,0.003258564
309,768,15,0.004275177,0.000905678,0.003369499
309,768,16,0.004235243,0.000847511,0.003387732
309,768,17,0.004391115,0.000978289,0.003412826
309,768,18,0.004301296,0.000974644,0.003326652
309,768,19,0.004519156,0.001204032,0.003315124
309,768,20,0.004652181,0.001241119,0.003411062
309,768,21,0.004554184,0.001148424,0.00340576
309,768,22,0.00461135,0.001198614,0.003412736
309,768,23,0.004402989,0.001076787,0.003326202
309,768,24,0.004411956,0.00093988,0.003472076
309,768,25,0.004267102,0.000785878,0.003481224
309,768,26,0.004194154,0.000763834,0.00343032
309,768,27,0.004262054,0.000785152,0.003476902
309,768,28,0.004201985,0.000618511,0.003583474
309,768,29,0.004303375,0.000679144,0.003624231
309,768,30,0.004517513,0.000852905,0.003664608
309,768,31,0.00445323,0.000754742,0.003698488
309,768,32,0.0044764,0.000786178,0.003690222
309,768,33,0.004467065,0.00078424,0.003682825
309,768,34,0.004594317,0.000965606,0.003628711
309,768,35,0.004657153,0.000907058,0.003750095
309,768,36,0.004566539,0.000842198,0.003724341
309,768,37,0.004604775,0.000842404,0.003762371
309,768,38,0.004489581,0.000738116,0.003751465
309,768,39,0.004837646,0.001084434,0.003753212
309,768,40,0.004653241,0.000862623,0.003790618
309,768,41,0.005118236,0.001204368,0.003913868
309,768,42,0.004543732,0.000621355,0.003922377
309,768,43,0.004532182,0.000672781,0.003859401
309,768,44,0.004608079,0.000667598,0.003940481
309,768,45,0.004513098,0.000674175,0.003838923
309,768,46,0.004730313,0.000831533,0.00389878
309,768,47,0.004551216,0.00064816,0.003903056
309,768,48,0.004532543,0.000640767,0.003891776
309,768,49,0.004705398,0.000820671,0.003884727
309,768,50,0.004625646,0.000707195,0.003918451
309,768,51,0.004563994,0.000700535,0.003863459
309,768,52,0.004726881,0.000836322,0.003890559
309,768,53,0.004679285,0.000809032,0.003870253
309,768,54,0.004652065,0.000824249,0.003827816
309,768,55,0.004684142,0.000837177,0.003846965
309,768,56,0.004649491,0.000776858,0.003872633
309,768,57,0.00478844,0.000848091,0.003940349
309,768,58,0.004936128,0.000989,0.003947128
309,768,59,0.006092165,0.002044037,0.004048128
309,768,60,0.004533506,0.000579739,0.003953767
309,768,61,0.004546103,0.000615202,0.003930901
309,768,62,0.004581052,0.000636024,0.003945028
309,768,63,0.005027478,0.001099873,0.003927605
309,768,64,0.00455296,0.000612516,0.003940444
309,768,65,0.004770105,0.000840948,0.003929157
309,768,66,0.004416457,0.000488505,0.003927952
309,768,67,0.006277117,0.002301778,0.003975339
309,768,68,0.004582886,0.000573244,0.004009642
309,768,69,0.004570874,0.000576651,0.003994223
309,768,70,0.004601536,0.00052739,0.004074146
309,768,71,0.004539043,0.000544083,0.00399496
309,768,72,0.005435114,0.001410513,0.004024601
309,768,73,0.004666547,0.000666009,0.004000538
309,768,74,0.004738408,0.000788286,0.003950122
309,768,75,0.004674199,0.000698469,0.00397573
309,768,76,0.006387434,0.00234575,0.004041684
309,768,77,0.004534702,0.000634844,0.003899858
309,768,78,0.004569429,0.000679603,0.003889826
309,768,79,0.004508072,0.000658802,0.00384927
309,768,80,0.004681655,0.000805908,0.003875747
309,768,81,0.005521185,0.001581287,0.003939898
309,768,82,0.005661521,0.001641598,0.004019923
309,768,83,0.004658409,0.000671651,0.003986758
309,768,84,0.004533476,0.000700099,0.003833377
309,768,85,0.00445993,0.000606901,0.003853029
309,768,86,0.006596652,0.002757703,0.003838949
309,768,87,0.005223468,0.00138947,0.003833998
309,768,88,0.004395482,0.000592126,0.003803356
309,768,89,0.007741864,0.003978554,0.00376331
309,768,90,0.005343692,0.001588402,0.00375529
309,768,91,0.00441091,0.000702969,0.003707941
309,768,92,0.004292842,0.000540766,0.003752076
309,768,93,0.004579902,0.000720409,0.003859493
309,768,94,0.004576659,0.000753337,0.003823322
309,768,95,0.005667224,0.001891772,0.003775452
309,768,96,0.00439941,0.000669894,0.003729516
309,768,97,0.006371587,0.002606626,0.003764961
309,768,98,0.004418654,0.000766361,0.003652293
309,768,99,0.004567283,0.000815749,0.003751534
309,768,100,0.004633166,0.00093137,0.003701796
309,768,101,0.004569346,0.000794696,0.00377465
309,768,102,0.004711136,0.000870452,0.003840684
309,768,103,0.004971292,0.001122222,0.00384907
309,768,104,0.004882406,0.000971763,0.003910643
309,768,105,0.006143943,0.002301517,0.003842426
309,768,106,0.004542485,0.000730891,0.003811594
309,768,107,0.004925443,0.001048403,0.00387704
309,768,108,0.004877035,0.001055095,0.00382194
309,768,109,0.005462096,0.001632088,0.003830008
309,768,110,0.004351608,0.000779295,0.003572313
310,768,1,0.764935498,0.640919511,0.124015987
310,768,2,0.003590907,0.000463424,0.003127483
310,768,3,0.049845213,0.046766101,0.003079112
310,768,4,0.019906226,0.016864614,0.003041612
310,768,5,0.063499864,0.06043847,0.003061394
310,768,6,0.023427023,0.020390216,0.003036807
310,768,7,0.012246418,0.009185784,0.003060634
310,768,8,0.004091074,0.001044282,0.003046792
310,768,9,0.028829714,0.02578293,0.003046784
310,768,10,0.039650981,0.036568255,0.003082726
310,768,11,0.004526455,0.00141006,0.003116395
310,768,12,0.004405953,0.00115868,0.003247273
310,768,13,0.004308376,0.001076381,0.003231995
310,768,14,0.004181115,0.000943398,0.003237717
310,768,15,0.004183716,0.00087576,0.003307956
310,768,16,0.004350523,0.000987319,0.003363204
310,768,17,0.003873381,0.000528526,0.003344855
310,768,18,0.004348936,0.000972526,0.00337641
310,768,19,0.004502019,0.001167977,0.003334042
310,768,20,0.004502166,0.001104785,0.003397381
310,768,21,0.00453868,0.001247677,0.003291003
310,768,22,0.004511213,0.001155623,0.00335559
310,768,23,0.004428733,0.001057871,0.003370862
310,768,24,0.004296878,0.00083505,0.003461828
310,768,25,0.004194552,0.000750675,0.003443877
310,768,26,0.004141246,0.000724516,0.00341673
310,768,27,0.004275027,0.000790224,0.003484803
310,768,28,0.004144731,0.000555118,0.003589613
310,768,29,0.004401477,0.000768252,0.003633225
310,768,30,0.004492689,0.000900333,0.003592356
310,768,31,0.004405984,0.000767398,0.003638586
310,768,32,0.004807483,0.001143706,0.003663777
310,768,33,0.004561162,0.000812429,0.003748733
310,768,34,0.004549226,0.000815333,0.003733893
310,768,35,0.004927077,0.00110948,0.003817597
310,768,36,0.004511999,0.000666012,0.003845987
310,768,37,0.004649429,0.000730899,0.00391853
310,768,38,0.004661101,0.000812323,0.003848778
310,768,39,0.004620467,0.00072454,0.003895927
310,768,40,0.004884508,0.001025742,0.003858766
310,768,41,0.004450534,0.000533707,0.003916827
310,768,42,0.004761612,0.000884728,0.003876884
310,768,43,0.004560257,0.000584541,0.003975716
310,768,44,0.004711594,0.000755237,0.003956357
310,768,45,0.00468332,0.000643532,0.004039788
310,768,46,0.004514752,0.000556774,0.003957978
310,768,47,0.004701743,0.000676146,0.004025597
310,768,48,0.004668077,0.000674569,0.003993508
310,768,49,0.004636236,0.000686971,0.003949265
310,768,50,0.004653903,0.000664354,0.003989549
310,768,51,0.004673646,0.000695975,0.003977671
310,768,52,0.0046542,0.000741437,0.003912763
310,768,53,0.004732645,0.000739695,0.00399295
310,768,54,0.0046579,0.000716629,0.003941271
310,768,55,0.004624022,0.000723908,0.003900114
310,768,56,0.004734091,0.000749576,0.003984515
310,768,57,0.004920783,0.000875022,0.004045761
310,768,58,0.004815742,0.000755496,0.004060246
310,768,59,0.004806559,0.000741842,0.004064717
310,768,60,0.004748644,0.000769482,0.003979162
310,768,61,0.005327068,0.001431272,0.003895796
310,768,62,0.005094774,0.001243961,0.003850813
310,768,63,0.004422414,0.00053848,0.003883934
310,768,64,0.004420417,0.00048317,0.003937247
310,768,65,0.004409369,0.000497729,0.00391164
310,768,66,0.004605135,0.000699932,0.003905203
310,768,67,0.005676606,0.001650287,0.004026319
310,768,68,0.004847791,0.000837006,0.004010785
310,768,69,0.004590054,0.000593215,0.003996839
310,768,70,0.004967663,0.000906597,0.004061066
310,768,71,0.005725348,0.00161467,0.004110678
310,768,72,0.00471626,0.000635928,0.004080332
310,768,73,0.004780486,0.000653297,0.004127189
310,768,74,0.004645061,0.000632156,0.004012905
310,768,75,0.00628717,0.002246044,0.004041126
310,768,76,0.00470181,0.000752804,0.003949006
310,768,77,0.004577374,0.000656391,0.003920983
310,768,78,0.004592604,0.00068713,0.003905474
310,768,79,0.004596293,0.000745312,0.003850981
310,768,80,0.00539527,0.001521198,0.003874072
310,768,81,0.005643267,0.001623372,0.004019895
310,768,82,0.004647628,0.000669211,0.003978417
310,768,83,0.004707722,0.000631883,0.004075839
310,768,84,0.004434863,0.000577011,0.003857852
310,768,85,0.006647428,0.002796116,0.003851312
310,768,86,0.005234763,0.001371996,0.003862767
310,768,87,0.004441922,0.000648756,0.003793166
310,768,88,0.007736063,0.004004622,0.003731441
310,768,89,0.005365297,0.001651251,0.003714046
310,768,90,0.004477795,0.000770018,0.003707777
310,768,91,0.004152826,0.000456152,0.003696674
310,768,92,0.004548943,0.000833559,0.003715384
310,768,93,0.004643479,0.000812589,0.00383089
310,768,94,0.005706006,0.001843283,0.003862723
310,768,95,0.00443689,0.000679096,0.003757794
310,768,96,0.006345978,0.00259746,0.003748518
310,768,97,0.004530159,0.000787423,0.003742736
310,768,98,0.004469653,0.000811059,0.003658594
310,768,99,0.004676759,0.000907802,0.003768957
310,768,100,0.004557946,0.000804556,0.00375339
310,768,101,0.00457315,0.000795961,0.003777189
310,768,102,0.004974966,0.001145711,0.003829255
310,768,103,0.004855556,0.000969565,0.003885991
310,768,104,0.00618971,0.002317087,0.003872623
310,768,105,0.004603402,0.000794415,0.003808987
310,768,106,0.004860408,0.001019814,0.003840594
310,768,107,0.00493069,0.001002984,0.003927706
310,768,108,0.005377612,0.00146158,0.003916032
310,768,109,0.004720609,0.001020356,0.003700253
310,768,110,0.00430967,0.000845096,0.003464574
311,768,1,0.758386325,0.634582513,0.123803812
311,768,2,0.070313865,0.06727031,0.003043555
311,768,3,0.003745444,0.000587981,0.003157463
311,768,4,0.003573634,0.000467095,0.003106539
311,768,5,0.099492253,0.096471745,0.003020508
311,768,6,0.01219019,0.009172232,0.003017958
311,768,7,0.00406628,0.001022267,0.003044013
311,768,8,0.028881096,0.025869866,0.00301123
311,768,9,0.039660139,0.036546366,0.003113773
311,768,10,0.004522935,0.001353227,0.003169708
311,768,11,0.004225382,0.001061434,0.003163948
311,768,12,0.004357275,0.001123741,0.003233534
311,768,13,0.004216859,0.00094345,0.003273409
311,768,14,0.004118473,0.000866214,0.003252259
311,768,15,0.004261699,0.000931765,0.003329934
311,768,16,0.003902873,0.000607823,0.00329505
311,768,17,0.003935389,0.000597008,0.003338381
311,768,18,0.004252329,0.000965782,0.003286547
311,768,19,0.004507172,0.001188828,0.003318344
311,768,20,0.004519357,0.001199962,0.003319395
311,768,21,0.004573005,0.001213309,0.003359696
311,768,22,0.004415793,0.001138606,0.003277187
311,768,23,0.004433747,0.001052988,0.003380759
311,768,24,0.004163295,0.000723118,0.003440177
311,768,25,0.004164705,0.000753181,0.003411524
311,768,26,0.004092984,0.000731082,0.003361902
311,768,27,0.004249838,0.000800897,0.003448941
311,768,28,0.004413904,0.000866103,0.003547801
311,768,29,0.004478783,0.000910228,0.003568555
311,768,30,0.004298729,0.000719189,0.00357954
311,768,31,0.004631535,0.000982475,0.00364906
311,768,32,0.00444135,0.000791864,0.003649486
311,768,33,0.004733566,0.001107442,0.003626124
311,768,34,0.004707738,0.00103435,0.003673388
311,768,35,0.004817509,0.001090256,0.003727253
311,768,36,0.004683074,0.000939396,0.003743678
311,768,37,0.004651419,0.000879577,0.003771842
311,768,38,0.004587074,0.000787233,0.003799841
311,768,39,0.004598094,0.000847636,0.003750458
311,768,40,0.004765586,0.000988437,0.003777149
311,768,41,0.004593645,0.0007397,0.003853945
311,768,42,0.004682374,0.000789032,0.003893342
311,768,43,0.004783095,0.000872209,0.003910886
311,768,44,0.004554036,0.000680308,0.003873728
311,768,45,0.004563374,0.000628597,0.003934777
311,768,46,0.004616883,0.000721083,0.0038958
311,768,47,0.004632234,0.00071104,0.003921194
311,768,48,0.004604055,0.000700607,0.003903448
311,768,49,0.004802485,0.000895079,0.003907406
311,768,50,0.004560913,0.000630022,0.003930891
311,768,51,0.004667038,0.000710291,0.003956747
311,768,52,0.004602061,0.000660295,0.003941766
311,768,53,0.004635832,0.000710655,0.003925177
311,768,54,0.004604647,0.000730288,0.003874359
311,768,55,0.00490738,0.001051276,0.003856104
311,768,56,0.00504291,0.001119963,0.003922947
311,768,57,0.004786372,0.000851387,0.003934985
311,768,58,0.004874385,0.000881704,0.003992681
311,768,59,0.004699358,0.000752532,0.003946826
311,768,60,0.005479375,0.001556822,0.003922553
311,768,61,0.005209235,0.001341973,0.003867262
311,768,62,0.004330037,0.000474389,0.003855648
311,768,63,0.004352326,0.000525892,0.003826434
311,768,64,0.004450878,0.000593762,0.003857116
311,768,65,0.004627278,0.000743983,0.003883295
311,768,66,0.005561609,0.001624209,0.0039374
311,768,67,0.004919507,0.000955844,0.003963663
311,768,68,0.004561543,0.00057281,0.003988733
311,768,69,0.004908426,0.000866699,0.004041727
311,768,70,0.004579831,0.000550568,0.004029263
311,768,71,0.00576857,0.001755316,0.004013254
311,768,72,0.004659556,0.000636164,0.004023392
311,768,73,0.004684642,0.000629763,0.004054879
311,768,74,0.006485063,0.002575805,0.003909258
311,768,75,0.004821788,0.000855102,0.003966686
311,768,76,0.004626033,0.000674148,0.003951885
311,768,77,0.004584559,0.000703779,0.00388078
311,768,78,0.00464028,0.000800868,0.003839412
311,768,79,0.005406036,0.001565496,0.00384054
311,768,80,0.005496329,0.001537692,0.003958637
311,768,81,0.00458557,0.000670933,0.003914637
311,768,82,0.004631889,0.000671845,0.003960044
311,768,83,0.004585708,0.000567667,0.004018041
311,768,84,0.006829343,0.003009707,0.003819636
311,768,85,0.005171916,0.001412096,0.00375982
311,768,86,0.004582599,0.000787693,0.003794906
311,768,87,0.007774645,0.004002928,0.003771717
311,768,88,0.005383467,0.001643247,0.00374022
311,768,89,0.004515023,0.000785398,0.003729625
311,768,90,0.004187746,0.000525343,0.003662403
311,768,91,0.004491923,0.000786803,0.00370512
311,768,92,0.004502566,0.000799313,0.003703253
311,768,93,0.005659051,0.001837292,0.003821759
311,768,94,0.004547054,0.000817172,0.003729882
311,768,95,0.006322136,0.002616912,0.003705224
311,768,96,0.004565015,0.000895118,0.003669897
311,768,97,0.00455771,0.000862646,0.003695064
311,768,98,0.004610507,0.001017897,0.00359261
311,768,99,0.004562125,0.000897317,0.003664808
311,768,100,0.00456111,0.000804326,0.003756784
311,768,101,0.00490555,0.00121201,0.00369354
311,768,102,0.004739685,0.000927374,0.003812311
311,768,103,0.006190931,0.002279465,0.003911466
311,768,104,0.004738082,0.000933616,0.003804466
311,768,105,0.004803362,0.001000244,0.003803118
311,768,106,0.004858433,0.001047958,0.003810475
311,768,107,0.005358,0.00157081,0.00378719
311,768,108,0.004944809,0.001082046,0.003862763
311,768,109,0.004602792,0.000918829,0.003683963
311,768,110,0.004297665,0.000895835,0.00340183
312,768,1,0.811113462,0.681558958,0.129554504
312,768,2,0.003655484,0.000510912,0.003144572
312,768,3,0.003588289,0.000426468,0.003161821
312,768,4,0.052635183,0.049585724,0.003049459
312,768,5,0.059172998,0.056109461,0.003063537
312,768,6,0.003999438,0.000805007,0.003194431
312,768,7,0.028904759,0.025849664,0.003055095
312,768,8,0.039571023,0.03604615,0.003524873
312,768,9,0.004463158,0.000826624,0.003636534
312,768,10,0.004240113,0.00057291,0.003667203
312,768,11,0.004272224,0.000553393,0.003718831
312,768,12,0.004143513,0.000540819,0.003602694
312,768,13,0.004196765,0.000540721,0.003656044
312,768,14,0.004090977,0.000583699,0.003507278
312,768,15,0.003978148,0.000558793,0.003419355
312,768,16,0.003942788,0.00057046,0.003372328
312,768,17,0.004007871,0.000583624,0.003424247
312,768,18,0.004174689,0.000645182,0.003529507
312,768,19,0.004626314,0.000991063,0.003635251
312,768,20,0.004471402,0.000843722,0.00362768
312,768,21,0.004420841,0.000860914,0.003559927
312,768,22,0.004369975,0.000890977,0.003478998
312,768,23,0.004378208,0.000790693,0.003587515
312,768,24,0.004165619,0.000517419,0.0036482
312,768,25,0.004063422,0.000493074,0.003570348
312,768,26,0.004190295,0.000624841,0.003565454
312,768,27,0.004557283,0.000793088,0.003764195
312,768,28,0.004333398,0.000670037,0.003663361
312,768,29,0.004429823,0.000744321,0.003685502
312,768,30,0.004525556,0.000739232,0.003786324
312,768,31,0.00442253,0.000687975,0.003734555
312,768,32,0.004659999,0.000894035,0.003765964
312,768,33,0.004649451,0.000921707,0.003727744
312,768,34,0.004900197,0.001096293,0.003803904
312,768,35,0.004652881,0.000802471,0.00385041
312,768,36,0.004648706,0.000816464,0.003832242
312,768,37,0.004497558,0.000620371,0.003877187
312,768,38,0.004668802,0.000751428,0.003917374
312,768,39,0.004765484,0.000895905,0.003869579
312,768,40,0.004517343,0.000677126,0.003840217
312,768,41,0.004564242,0.00073191,0.003832332
312,768,42,0.004804875,0.00090438,0.003900495
312,768,43,0.004516631,0.000638863,0.003877768
312,768,44,0.004566849,0.000701627,0.003865222
312,768,45,0.00464964,0.000737168,0.003912472
312,768,46,0.004639742,0.000772592,0.00386715
312,768,47,0.004594071,0.000721042,0.003873029
312,768,48,0.004773262,0.000900363,0.003872899
312,768,49,0.004481493,0.000753447,0.003728046
312,768,50,0.004649839,0.000742846,0.003906993
312,768,51,0.004534175,0.00074553,0.003788645
312,768,52,0.00465073,0.000700217,0.003950513
312,768,53,0.004743041,0.000710948,0.004032093
312,768,54,0.004927833,0.000789119,0.004138714
312,768,55,0.004935162,0.000784492,0.00415067
312,768,56,0.004859579,0.000712251,0.004147328
312,768,57,0.004750133,0.000671257,0.004078876
312,768,58,0.004746092,0.000626866,0.004119226
312,768,59,0.004805967,0.000741373,0.004064594
312,768,60,0.004799427,0.000777472,0.004021955
312,768,61,0.005119359,0.00096765,0.004151709
312,768,62,0.004644433,0.000624924,0.004019509
312,768,63,0.004579598,0.000615303,0.003964295
312,768,64,0.004574734,0.000674112,0.003900622
312,768,65,0.005528547,0.001595603,0.003932944
312,768,66,0.00492559,0.001094554,0.003831036
312,768,67,0.004525814,0.000609731,0.003916083
312,768,68,0.004805657,0.000758704,0.004046953
312,768,69,0.004566812,0.00066064,0.003906172
312,768,70,0.005833632,0.001944038,0.003889594
312,768,71,0.004480369,0.000649792,0.003830577
312,768,72,0.00458002,0.000624061,0.003955959
312,768,73,0.006792404,0.002784937,0.004007467
312,768,74,0.004827242,0.000731863,0.004095379
312,768,75,0.004619478,0.000609773,0.004009705
312,768,76,0.004619936,0.000618321,0.004001615
312,768,77,0.004650395,0.000626132,0.004024263
312,768,78,0.00539496,0.001411463,0.003983497
312,768,79,0.005384554,0.001429634,0.00395492
312,768,80,0.004600839,0.000579292,0.004021547
312,768,81,0.004619423,0.000599693,0.00401973
312,768,82,0.004405514,0.000621004,0.00378451
312,768,83,0.007194899,0.003241396,0.003953503
312,768,84,0.005169364,0.001221575,0.003947789
312,768,85,0.004544945,0.000552398,0.003992547
312,768,86,0.0075322,0.000546036,0.006986164
312,768,87,0.00573477,0.001394042,0.004340728
312,768,88,0.004449989,0.000585712,0.003864277
312,768,89,0.004283342,0.000531851,0.003751491
312,768,90,0.004412033,0.000556128,0.003855905
312,768,91,0.004463403,0.000712519,0.003750884
312,768,92,0.005629199,0.00176296,0.003866239
312,768,93,0.004534206,0.000711546,0.00382266
312,768,94,0.006434651,0.002543416,0.003891235
312,768,95,0.004567181,0.000681635,0.003885546
312,768,96,0.00455616,0.000598321,0.003957839
312,768,97,0.004692994,0.000672674,0.00402032
312,768,98,0.004437244,0.000581546,0.003855698
312,768,99,0.004441567,0.000589722,0.003851845
312,768,100,0.004940235,0.001093315,0.00384692
312,768,101,0.0046558,0.000664573,0.003991227
312,768,102,0.006088134,0.002009713,0.004078421
312,768,103,0.004814908,0.000589032,0.004225876
312,768,104,0.004832548,0.00065421,0.004178338
312,768,105,0.004814795,0.000653284,0.004161511
312,768,106,0.005339627,0.001203333,0.004136294
312,768,107,0.00490405,0.00084257,0.00406148
312,768,108,0.004790322,0.000649116,0.004141206
312,768,109,0.004623357,0.000666253,0.003957104
312,768,110,0.003926642,0.000474541,0.003452101
313,768,1,0.760396832,0.636333008,0.124063824
313,768,2,0.068256774,0.065226577,0.003030197
313,768,3,0.004961949,0.001935183,0.003026766
313,768,4,0.005832136,0.002813337,0.003018799
313,768,5,0.062537022,0.059516931,0.003020091
313,768,6,0.045688752,0.042666685,0.003022067
313,768,7,0.065676831,0.062363884,0.003312947
313,768,8,0.004353846,0.000847387,0.003506459
313,768,9,0.004026018,0.000444845,0.003581173
313,768,10,0.004078421,0.00045782,0.003620601
313,768,11,0.004072418,0.00047938,0.003593038
313,768,12,0.00406013,0.000494311,0.003565819
313,768,13,0.004016864,0.000477208,0.003539656
313,768,14,0.004070895,0.000585325,0.00348557
313,768,15,0.003981158,0.000567978,0.00341318
313,768,16,0.003906312,0.000548075,0.003358237
313,768,17,0.003928854,0.000547519,0.003381335
313,768,18,0.004300515,0.000871489,0.003429026
313,768,19,0.004484485,0.000990523,0.003493962
313,768,20,0.004447341,0.000980056,0.003467285
313,768,21,0.004535749,0.001070055,0.003465694
313,768,22,0.004470645,0.001031103,0.003439542
313,768,23,0.004493197,0.000986842,0.003506355
313,768,24,0.004166994,0.000620338,0.003546656
313,768,25,0.004126482,0.000638368,0.003488114
313,768,26,0.004153325,0.000632524,0.003520801
313,768,27,0.004344715,0.000857781,0.003486934
313,768,28,0.00456112,0.001014511,0.003546609
313,768,29,0.004418129,0.000820677,0.003597452
313,768,30,0.004513744,0.000803694,0.00371005
313,768,31,0.004251808,0.000675214,0.003576594
313,768,32,0.004388912,0.000767068,0.003621844
313,768,33,0.004662462,0.001058124,0.003604338
313,768,34,0.004682853,0.001034283,0.00364857
313,768,35,0.004910217,0.001132466,0.003777751
313,768,36,0.004584083,0.000864139,0.003719944
313,768,37,0.004672118,0.000873534,0.003798584
313,768,38,0.004535115,0.000755174,0.003779941
313,768,39,0.004654434,0.000896333,0.003758101
313,768,40,0.004777438,0.001017576,0.003759862
313,768,41,0.004505868,0.000737509,0.003768359
313,768,42,0.004749719,0.000961343,0.003788376
313,768,43,0.004776699,0.001109653,0.003667046
313,768,44,0.004608942,0.000810161,0.003798781
313,768,45,0.004370171,0.000657825,0.003712346
313,768,46,0.004650884,0.000859061,0.003791823
313,768,47,0.004539473,0.0008296,0.003709873
313,768,48,0.004676373,0.000948811,0.003727562
313,768,49,0.004656324,0.000995388,0.003660936
313,768,50,0.004485944,0.000770467,0.003715477
313,768,51,0.004632107,0.000950908,0.003681199
313,768,52,0.004718689,0.000879706,0.003838983
313,768,53,0.004666055,0.000828224,0.003837831
313,768,54,0.004935872,0.00095551,0.003980362
313,768,55,0.004904133,0.000918898,0.003985235
313,768,56,0.004988379,0.00099816,0.003990219
313,768,57,0.004711812,0.00077573,0.003936082
313,768,58,0.004807845,0.000896685,0.00391116
313,768,59,0.00607865,0.00218284,0.00389581
313,768,60,0.004925442,0.0010269,0.003898542
313,768,61,0.004541231,0.000546646,0.003994585
313,768,62,0.004399449,0.000498839,0.00390061
313,768,63,0.004377971,0.00050804,0.003869931
313,768,64,0.00433291,0.000518721,0.003814189
313,768,65,0.004524421,0.00067056,0.003853861
313,768,66,0.005504123,0.001738279,0.003765844
313,768,67,0.004941029,0.001153881,0.003787148
313,768,68,0.004561474,0.000727793,0.003833681
313,768,69,0.007104804,0.003335886,0.003768918
313,768,70,0.00445573,0.000705856,0.003749874
313,768,71,0.004327834,0.000606421,0.003721413
313,768,72,0.006981448,0.003001624,0.003979824
313,768,73,0.004804095,0.00096935,0.003834745
313,768,74,0.004639973,0.000702378,0.003937595
313,768,75,0.004650208,0.000664531,0.003985677
313,768,76,0.004391352,0.000522275,0.003869077
313,768,77,0.005692812,0.001760128,0.003932684
313,768,78,0.005469745,0.001649894,0.003819851
313,768,79,0.004365867,0.000509617,0.00385625
313,768,80,0.00448786,0.000508321,0.003979539
313,768,81,0.004456623,0.000485709,0.003970914
313,768,82,0.007535101,0.003661333,0.003873768
313,768,83,0.005124622,0.001323687,0.003800935
313,768,84,0.004337659,0.000538754,0.003798905
313,768,85,0.004513884,0.000541957,0.003971927
313,768,86,0.00420304,0.000441568,0.003761472
313,768,87,0.007574448,0.003666389,0.003908059
313,768,88,0.005261469,0.001500806,0.003760663
313,768,89,0.004334531,0.000688743,0.003645788
313,768,90,0.005480547,0.001746655,0.003733892
313,768,91,0.005511301,0.0018122,0.003699101
313,768,92,0.004262169,0.000471912,0.003790257
313,768,93,0.00666567,0.002820943,0.003844727
313,768,94,0.004473472,0.000724583,0.003748889
313,768,95,0.004291012,0.000466864,0.003824148
313,768,96,0.004302833,0.000493231,0.003809602
313,768,97,0.004277881,0.000545945,0.003731936
313,768,98,0.004426535,0.000705453,0.003721082
313,768,99,0.005784371,0.002018148,0.003766223
313,768,100,0.00455976,0.000807575,0.003752185
313,768,101,0.006123596,0.002226897,0.003896699
313,768,102,0.004452116,0.000463427,0.003988689
313,768,103,0.004538129,0.000457345,0.004080784
313,768,104,0.004598724,0.000531303,0.004067421
313,768,105,0.006180537,0.002164646,0.004015891
313,768,106,0.005046093,0.001112369,0.003933724
313,768,107,0.004442724,0.000543572,0.003899152
313,768,108,0.004521168,0.000506083,0.004015085
313,768,109,0.004303102,0.000545596,0.003757506
313,768,110,0.003937772,0.00055608,0.003381692
314,768,1,0.755703886,0.631937003,0.123766883
314,768,2,0.007980229,0.004932387,0.003047842
314,768,3,0.072368063,0.069342002,0.003026061
314,768,4,0.00676295,0.003733815,0.003029135
314,768,5,0.076871927,0.073855276,0.003016651
314,768,6,0.090285283,0.087052122,0.003233161
314,768,7,0.004136653,0.000797795,0.003338858
314,768,8,0.003987123,0.000503799,0.003483324
314,768,9,0.003982028,0.000431138,0.00355089
314,768,10,0.004084478,0.000445927,0.003638551
314,768,11,0.004071175,0.000464698,0.003606477
314,768,12,0.003959985,0.000468685,0.0034913
314,768,13,0.004123097,0.000569228,0.003553869
314,768,14,0.00389113,0.000458509,0.003432621
314,768,15,0.003866779,0.000466551,0.003400228
314,768,16,0.003829409,0.000476255,0.003353154
314,768,17,0.004081993,0.00067935,0.003402643
314,768,18,0.004450691,0.000933907,0.003516784
314,768,19,0.004485408,0.000964109,0.003521299
314,768,20,0.004465299,0.000951637,0.003513662
314,768,21,0.00443612,0.000934391,0.003501729
314,768,22,0.004370122,0.000932793,0.003437329
314,768,23,0.004406551,0.000839516,0.003567035
314,768,24,0.004072144,0.000552625,0.003519519
314,768,25,0.004207264,0.000674102,0.003533162
314,768,26,0.004170069,0.000610177,0.003559892
314,768,27,0.004258322,0.000712372,0.00354595
314,768,28,0.00452241,0.000985326,0.003537084
314,768,29,0.004658362,0.000949919,0.003708443
314,768,30,0.004376881,0.000671281,0.0037056
314,768,31,0.004362598,0.000750515,0.003612083
314,768,32,0.004424792,0.000812429,0.003612363
314,768,33,0.004468381,0.000827334,0.003641047
314,768,34,0.004470798,0.000791287,0.003679511
314,768,35,0.004534911,0.000937765,0.003597146
314,768,36,0.004674199,0.001044845,0.003629354
314,768,37,0.004782612,0.00103574,0.003746872
314,768,38,0.004605224,0.000921612,0.003683612
314,768,39,0.004659204,0.0008941,0.003765104
314,768,40,0.004735376,0.000895572,0.003839804
314,768,41,0.004646028,0.000895111,0.003750917
314,768,42,0.004655334,0.000767267,0.003888067
314,768,43,0.004772581,0.000863339,0.003909242
314,768,44,0.00472906,0.0008164,0.00391266
314,768,45,0.004471563,0.000617481,0.003854082
314,768,46,0.004451527,0.000622309,0.003829218
314,768,47,0.004621516,0.000889245,0.003732271
314,768,48,0.004421686,0.000692532,0.003729154
314,768,49,0.004622307,0.000895445,0.003726862
314,768,50,0.004526868,0.000795908,0.00373096
314,768,51,0.004566302,0.000862359,0.003703943
314,768,52,0.004598453,0.000791509,0.003806944
314,768,53,0.004713289,0.000855815,0.003857474
314,768,54,0.004876182,0.000862786,0.004013396
314,768,55,0.00488688,0.0009394,0.00394748
314,768,56,0.004877631,0.000934721,0.00394291
314,768,57,0.004979156,0.001085155,0.003894001
314,768,58,0.007448158,0.003524741,0.003923417
314,768,59,0.004883077,0.000983243,0.003899834
314,768,60,0.004357335,0.000477105,0.00388023
314,768,61,0.004475986,0.000533055,0.003942931
314,768,62,0.004371016,0.000485293,0.003885723
314,768,63,0.004360911,0.000505049,0.003855862
314,768,64,0.004322111,0.000508551,0.00381356
314,768,65,0.004385591,0.000491183,0.003894408
314,768,66,0.00430496,0.000522333,0.003782627
314,768,67,0.006661953,0.002844021,0.003817932
314,768,68,0.007206141,0.0032861,0.003920041
314,768,69,0.00447835,0.000664348,0.003814002
314,768,70,0.004348355,0.000570537,0.003777818
314,768,71,0.006739315,0.002982448,0.003756867
314,768,72,0.004922155,0.000989587,0.003932568
314,768,73,0.004586506,0.000718967,0.003867539
314,768,74,0.004566426,0.000581026,0.0039854
314,768,75,0.004524439,0.000589054,0.003935385
314,768,76,0.005564626,0.001710257,0.003854369
314,768,77,0.005613921,0.001742762,0.003871159
314,768,78,0.004362491,0.000544503,0.003817988
314,768,79,0.00436657,0.000506472,0.003860098
314,768,80,0.004423745,0.000456589,0.003967156
314,768,81,0.00739728,0.000456333,0.006940947
314,768,82,0.005466844,0.001245966,0.004220878
314,768,83,0.004343309,0.000543233,0.003800076
314,768,84,0.00430843,0.00052012,0.00378831
314,768,85,0.004363069,0.000470919,0.00389215
314,768,86,0.004238171,0.000468731,0.00376944
314,768,87,0.004176151,0.000486377,0.003689774
314,768,88,0.007021279,0.003285997,0.003735282
314,768,89,0.007341796,0.003618336,0.00372346
314,768,90,0.005465928,0.00171736,0.003748568
314,768,91,0.004125688,0.000449172,0.003676516
314,768,92,0.006715111,0.002896437,0.003818674
314,768,93,0.004524319,0.000696977,0.003827342
314,768,94,0.004234559,0.000457155,0.003777404
314,768,95,0.004303508,0.000514034,0.003789474
314,768,96,0.0042822,0.000438083,0.003844117
314,768,97,0.004291033,0.000565811,0.003725222
314,768,98,0.005884123,0.002213854,0.003670269
314,768,99,0.004697881,0.000920202,0.003777679
314,768,100,0.005956997,0.002171833,0.003785164
314,768,101,0.004298294,0.000472917,0.003825377
314,768,102,0.004480601,0.000454946,0.004025655
314,768,103,0.004538,0.000475542,0.004062458
314,768,104,0.00454871,0.00047682,0.00407189
314,768,105,0.004573647,0.000524942,0.004048705
314,768,106,0.005610316,0.001535332,0.004074984
314,768,107,0.004869599,0.000941187,0.003928412
314,768,108,0.004549603,0.000512868,0.004036735
314,768,109,0.004363735,0.000552265,0.00381147
314,768,110,0.00385891,0.000464303,0.003394607
315,768,1,0.758478047,0.634638777,0.12383927
315,768,2,0.06671412,0.063639584,0.003074536
315,768,3,0.009698819,0.006661449,0.00303737
315,768,4,0.004723249,0.001697033,0.003026216
315,768,5,0.166934998,0.163850983,0.003084015
315,768,6,0.004099158,0.000695117,0.003404041
315,768,7,0.003834572,0.000425466,0.003409106
315,768,8,0.003900421,0.000464074,0.003436347
315,768,9,0.003982132,0.000472293,0.003509839
315,768,10,0.00407289,0.000482879,0.003590011
315,768,11,0.004109036,0.000513639,0.003595397
315,768,12,0.004008687,0.000494816,0.003513871
315,768,13,0.003997918,0.000475902,0.003522016
315,768,14,0.003877394,0.000447277,0.003430117
315,768,15,0.003854518,0.000455584,0.003398934
315,768,16,0.003789981,0.000453664,0.003336317
315,768,17,0.004091406,0.00072595,0.003365456
315,768,18,0.004400114,0.000989664,0.00341045
315,768,19,0.004367823,0.001007835,0.003359988
315,768,20,0.004531144,0.001057245,0.003473899
315,768,21,0.004422565,0.000962099,0.003460466
315,768,22,0.004439518,0.001038505,0.003401013
315,768,23,0.004432593,0.000904898,0.003527695
315,768,24,0.004092988,0.000616887,0.003476101
315,768,25,0.004210307,0.000686141,0.003524166
315,768,26,0.004062626,0.000610351,0.003452275
315,768,27,0.004184257,0.000685054,0.003499203
315,768,28,0.004367113,0.000851782,0.003515331
315,768,29,0.004437984,0.000838841,0.003599143
315,768,30,0.004429863,0.000801105,0.003628758
315,768,31,0.004401231,0.000839697,0.003561534
315,768,32,0.004577834,0.000957441,0.003620393
315,768,33,0.004715456,0.00108995,0.003625506
315,768,34,0.004718578,0.001054704,0.003663874
315,768,35,0.004675569,0.000960451,0.003715118
315,768,36,0.004688086,0.00103641,0.003651676
315,768,37,0.004792283,0.00099665,0.003795633
315,768,38,0.004631896,0.000860871,0.003771025
315,768,39,0.004660613,0.000893453,0.00376716
315,768,40,0.004698543,0.000995962,0.003702581
315,768,41,0.004617039,0.000871331,0.003745708
315,768,42,0.004644433,0.000938309,0.003706124
315,768,43,0.004513723,0.000775533,0.00373819
315,768,44,0.004642417,0.000903326,0.003739091
315,768,45,0.004494512,0.000794981,0.003699531
315,768,46,0.004484992,0.000762997,0.003721995
315,768,47,0.004610282,0.00096051,0.003649772
315,768,48,0.004583283,0.00086953,0.003713753
315,768,49,0.004585501,0.000944689,0.003640812
315,768,50,0.004646355,0.00096643,0.003679925
315,768,51,0.004459786,0.000727023,0.003732763
315,768,52,0.004435969,0.000639209,0.00379676
315,768,53,0.004482728,0.00064468,0.003838048
315,768,54,0.004613331,0.000659557,0.003953774
315,768,55,0.004586048,0.000585292,0.004000756
315,768,56,0.004792487,0.000809054,0.003983433
315,768,57,0.007056059,0.003153118,0.003902941
315,768,58,0.005197709,0.001280779,0.00391693
315,768,59,0.004914995,0.001039887,0.003875108
315,768,60,0.004860364,0.001024872,0.003835492
315,768,61,0.004469965,0.000510046,0.003959919
315,768,62,0.004372769,0.000509849,0.00386292
315,768,63,0.00440657,0.000520866,0.003885704
315,768,64,0.004294364,0.000527911,0.003766453
315,768,65,0.004354224,0.000501587,0.003852637
315,768,66,0.007364302,0.003648169,0.003716133
315,768,67,0.007095355,0.003253452,0.003841903
315,768,68,0.004624619,0.000811857,0.003812762
315,768,69,0.004374833,0.000596904,0.003777929
315,768,70,0.006740676,0.003041479,0.003699197
315,768,71,0.004748427,0.000933836,0.003814591
315,768,72,0.004598656,0.000577119,0.004021537
315,768,73,0.00434339,0.000514338,0.003829052
315,768,74,0.004515877,0.000588567,0.00392731
315,768,75,0.005828159,0.001859535,0.003968624
315,768,76,0.005625438,0.001715037,0.003910401
315,768,77,0.004348463,0.00052593,0.003822533
315,768,78,0.004323718,0.000561302,0.003762416
315,768,79,0.004321623,0.000494185,0.003827438
315,768,80,0.004378199,0.000482223,0.003895976
315,768,81,0.004479003,0.000555669,0.003923334
315,768,82,0.007102482,0.003168671,0.003933811
315,768,83,0.005054048,0.001255628,0.00379842
315,768,84,0.004354531,0.000559489,0.003795042
315,768,85,0.004439636,0.0005312,0.003908436
315,768,86,0.004166109,0.000438562,0.003727547
315,768,87,0.007300927,0.00340596,0.003894967
315,768,88,0.00739345,0.001366721,0.006026729
315,768,89,0.005696384,0.001271348,0.004425036
315,768,90,0.004245183,0.000596511,0.003648672
315,768,91,0.006543836,0.002809615,0.003734221
315,768,92,0.004459787,0.000691772,0.003768015
315,768,93,0.004320319,0.000522797,0.003797522
315,768,94,0.004314433,0.000573368,0.003741065
315,768,95,0.004261703,0.000465252,0.003796451
315,768,96,0.004349664,0.000556758,0.003792906
315,768,97,0.004247612,0.00056235,0.003685262
315,768,98,0.004180621,0.000467658,0.003712963
315,768,99,0.008096793,0.00436426,0.003732533
315,768,100,0.0041947,0.000432838,0.003761862
315,768,101,0.004336322,0.00045876,0.003877562
315,768,102,0.004422632,0.000484398,0.003938234
315,768,103,0.004554158,0.00051465,0.004039508
315,768,104,0.004523017,0.000519242,0.004003775
315,768,105,0.004532581,0.00051579,0.004016791
315,768,106,0.004560979,0.000567587,0.003993392
315,768,107,0.004831213,0.000968596,0.003862617
315,768,108,0.004990157,0.001015359,0.003974798
315,768,109,0.004360508,0.000582093,0.003778415
315,768,110,0.004013012,0.000572367,0.003440645
316,768,1,0.754537648,0.631784942,0.122752706
316,768,2,0.003604692,0.00045532,0.003149372
316,768,3,0.003481372,0.000370379,0.003110993
316,768,4,0.00924532,0.006212431,0.003032889
316,768,5,0.046722553,0.043696764,0.003025789
316,768,6,0.124929383,0.121700299,0.003229084
316,768,7,0.004155916,0.000830087,0.003325829
316,768,8,0.003945128,0.00048544,0.003459688
316,768,9,0.003972379,0.000441732,0.003530647
316,768,10,0.004053622,0.000456071,0.003597551
316,768,11,0.004016423,0.000474339,0.003542084
316,768,12,0.003991294,0.000554668,0.003436626
316,768,13,0.004059002,0.000573577,0.003485425
316,768,14,0.003952763,0.000564997,0.003387766
316,768,15,0.003847052,0.000476269,0.003370783
316,768,16,0.003814117,0.000472141,0.003341976
316,768,17,0.00416091,0.000780786,0.003380124
316,768,18,0.004460333,0.001084253,0.00337608
316,768,19,0.004419738,0.001063823,0.003355915
316,768,20,0.004518413,0.001120596,0.003397817
316,768,21,0.004467706,0.001094743,0.003372963
316,768,22,0.004454736,0.001080716,0.00337402
316,768,23,0.004430298,0.000912596,0.003517702
316,768,24,0.00412145,0.000662539,0.003458911
316,768,25,0.004165751,0.00072198,0.003443771
316,768,26,0.004162899,0.000700956,0.003461943
316,768,27,0.004081063,0.000630104,0.003450959
316,768,28,0.004328319,0.000868272,0.003460047
316,768,29,0.004576918,0.001110661,0.003466257
316,768,30,0.004524216,0.000948577,0.003575639
316,768,31,0.004513644,0.00098021,0.003533434
316,768,32,0.004520406,0.000939062,0.003581344
316,768,33,0.004537635,0.000878895,0.00365874
316,768,34,0.004622041,0.00101857,0.003603471
316,768,35,0.004562127,0.000963978,0.003598149
316,768,36,0.004593671,0.000988645,0.003605026
316,768,37,0.004619482,0.000919821,0.003699661
316,768,38,0.004629773,0.000956566,0.003673207
316,768,39,0.004688378,0.000926257,0.003762121
316,768,40,0.004612639,0.000831369,0.00378127
316,768,41,0.004628267,0.000922242,0.003706025
316,768,42,0.004582765,0.00082164,0.003761125
316,768,43,0.004773886,0.00101768,0.003756206
316,768,44,0.00452116,0.000822405,0.003698755
316,768,45,0.00470318,0.00100907,0.00369411
316,768,46,0.004711193,0.000948663,0.00376253
316,768,47,0.004514658,0.000828389,0.003686269
316,768,48,0.004695124,0.000961105,0.003734019
316,768,49,0.004451606,0.000809528,0.003642078
316,768,50,0.004727304,0.001044895,0.003682409
316,768,51,0.004622528,0.000952838,0.00366969
316,768,52,0.004728611,0.000948303,0.003780308
316,768,53,0.004481459,0.000718716,0.003762743
316,768,54,0.004645325,0.000751672,0.003893653
316,768,55,0.004519405,0.000618316,0.003901089
316,768,56,0.004547196,0.000601425,0.003945771
316,768,57,0.004495178,0.000631812,0.003863366
316,768,58,0.006495322,0.002614288,0.003881034
316,768,59,0.005104702,0.0012733,0.003831402
316,768,60,0.004994493,0.001115538,0.003878955
316,768,61,0.004876937,0.000930918,0.003946019
316,768,62,0.004389939,0.000511903,0.003878036
316,768,63,0.004398139,0.000563324,0.003834815
316,768,64,0.004309187,0.000557434,0.003751753
316,768,65,0.008196033,0.004431898,0.003764135
316,768,66,0.006983819,0.003215012,0.003768807
316,768,67,0.004656133,0.000850935,0.003805198
316,768,68,0.004419517,0.000638449,0.003781068
316,768,69,0.006800056,0.003065919,0.003734137
316,768,70,0.004688315,0.001002944,0.003685371
316,768,71,0.004362755,0.000534861,0.003827894
316,768,72,0.004473655,0.000555457,0.003918198
316,768,73,0.00429186,0.000508482,0.003783378
316,768,74,0.005970323,0.00202087,0.003949453
316,768,75,0.005725663,0.001748133,0.00397753
316,768,76,0.004388473,0.000489018,0.003899455
316,768,77,0.0043047,0.000511436,0.003793264
316,768,78,0.004296741,0.000508856,0.003787885
316,768,79,0.004321694,0.000525814,0.00379588
316,768,80,0.004475417,0.00060664,0.003868777
316,768,81,0.004445171,0.00051519,0.003929981
316,768,82,0.007386343,0.003498797,0.003887546
316,768,83,0.004459047,0.000684566,0.003774481
316,768,84,0.004220044,0.000448676,0.003771368
316,768,85,0.004444567,0.00054528,0.003899287
316,768,86,0.007555086,0.00384577,0.003709316
316,768,87,0.005252974,0.00139565,0.003857324
316,768,88,0.004184732,0.00047651,0.003708222
316,768,89,0.006068222,0.002382372,0.00368585
316,768,90,0.008466229,0.003353536,0.005112693
316,768,91,0.004447117,0.000731342,0.003715775
316,768,92,0.004337124,0.000534345,0.003802779
316,768,93,0.004355748,0.000552236,0.003803512
316,768,94,0.004250541,0.000499814,0.003750727
316,768,95,0.004318241,0.000492856,0.003825385
316,768,96,0.004318272,0.000500697,0.003817575
316,768,97,0.00418219,0.000476318,0.003705872
316,768,98,0.004200514,0.000516321,0.003684193
316,768,99,0.004166,0.000465108,0.003700892
316,768,100,0.007492747,0.0037402,0.003752547
316,768,101,0.004291724,0.000489436,0.003802288
316,768,102,0.004373666,0.000449746,0.00392392
316,768,103,0.00452026,0.000560001,0.003960259
316,768,104,0.004601507,0.000594378,0.004007129
316,768,105,0.004492256,0.00053777,0.003954486
316,768,106,0.004530296,0.000555136,0.00397516
316,768,107,0.004461951,0.000612696,0.003849255
316,768,108,0.004841062,0.001013282,0.00382778
316,768,109,0.004822981,0.001065398,0.003757583
316,768,110,0.004030521,0.000570449,0.003460072
317,768,1,0.761569741,0.637185571,0.12438417
317,768,2,0.06362284,0.060578611,0.003044229
317,768,3,0.00607384,0.003051176,0.003022664
317,768,4,0.003748244,0.000632585,0.003115659
317,768,5,0.068094889,0.065067616,0.003027273
317,768,6,0.003932628,0.000840981,0.003091647
317,768,7,0.106386885,0.103102934,0.003283951
317,768,8,0.00430224,0.000844804,0.003457436
317,768,9,0.003974917,0.000460294,0.003514623
317,768,10,0.004048246,0.000445715,0.003602531
317,768,11,0.004095129,0.000489453,0.003605676
317,768,12,0.003981346,0.000489606,0.00349174
317,768,13,0.003980605,0.000473811,0.003506794
317,768,14,0.003910683,0.000502762,0.003407921
317,768,15,0.00388595,0.000489929,0.003396021
317,768,16,0.003818022,0.000448656,0.003369366
317,768,17,0.004231428,0.00085003,0.003381398
317,768,18,0.0045057,0.001071557,0.003434143
317,768,19,0.004435251,0.000999025,0.003436226
317,768,20,0.004432582,0.001024987,0.003407595
317,768,21,0.004493602,0.001059489,0.003434113
317,768,22,0.004456416,0.001053781,0.003402635
317,768,23,0.004439938,0.000946391,0.003493547
317,768,24,0.004069595,0.000596748,0.003472847
317,768,25,0.004157294,0.000643876,0.003513418
317,768,26,0.004189646,0.000672438,0.003517208
317,768,27,0.004381798,0.000889056,0.003492742
317,768,28,0.004535412,0.001006928,0.003528484
317,768,29,0.004673256,0.001071562,0.003601694
317,768,30,0.004610963,0.000999236,0.003611727
317,768,31,0.004604238,0.001021779,0.003582459
317,768,32,0.004439473,0.000847629,0.003591844
317,768,33,0.004682735,0.001098647,0.003584088
317,768,34,0.004550769,0.000923935,0.003626834
317,768,35,0.004664411,0.000986411,0.003678
317,768,36,0.004605182,0.000885452,0.00371973
317,768,37,0.004535212,0.000834696,0.003700516
317,768,38,0.004771011,0.000955375,0.003815636
317,768,39,0.004358231,0.000628447,0.003729784
317,768,40,0.004791544,0.000972119,0.003819425
317,768,41,0.004360312,0.000594288,0.003766024
317,768,42,0.00446953,0.000700819,0.003768711
317,768,43,0.004491398,0.000765347,0.003726051
317,768,44,0.00456406,0.000802552,0.003761508
317,768,45,0.004404028,0.000747222,0.003656806
317,768,46,0.00455292,0.000845964,0.003706956
317,768,47,0.004622504,0.000946535,0.003675969
317,768,48,0.004572865,0.000913527,0.003659338
317,768,49,0.004454751,0.000792454,0.003662297
317,768,50,0.004752355,0.001105717,0.003646638
317,768,51,0.004586777,0.000944249,0.003642528
317,768,52,0.004783676,0.001048221,0.003735455
317,768,53,0.004581697,0.000792343,0.003789354
317,768,54,0.004796265,0.000893267,0.003902998
317,768,55,0.004682682,0.000763565,0.003919117
317,768,56,0.004693814,0.000735557,0.003958257
317,768,57,0.004626385,0.00073292,0.003893465
317,768,58,0.00464635,0.000779677,0.003866673
317,768,59,0.005766638,0.001929247,0.003837391
317,768,60,0.005024879,0.001187204,0.003837675
317,768,61,0.005119127,0.001170156,0.003948971
317,768,62,0.004848149,0.000955736,0.003892413
317,768,63,0.004439086,0.000572772,0.003866314
317,768,64,0.008810422,0.004968456,0.003841966
317,768,65,0.0070551,0.003321868,0.003733232
317,768,66,0.004607693,0.000787991,0.003819702
317,768,67,0.004367395,0.000552392,0.003815003
317,768,68,0.004259111,0.00048288,0.003776231
317,768,69,0.004255891,0.000497308,0.003758583
317,768,70,0.006129952,0.00242166,0.003708292
317,768,71,0.004780166,0.000972842,0.003807324
317,768,72,0.004503512,0.000576279,0.003927233
317,768,73,0.00652635,0.002527567,0.003998783
317,768,74,0.005717202,0.001794581,0.003922621
317,768,75,0.004391386,0.000517464,0.003873922
317,768,76,0.004415791,0.000488795,0.003926996
317,768,77,0.004340914,0.000508942,0.003831972
317,768,78,0.004336229,0.000517586,0.003818643
317,768,79,0.004311895,0.000546566,0.003765329
317,768,80,0.004415642,0.000581642,0.003834
317,768,81,0.007498796,0.003786167,0.003712629
317,768,82,0.004522256,0.000654505,0.003867751
317,768,83,0.004253419,0.000493937,0.003759482
317,768,84,0.004299075,0.000568162,0.003730913
317,768,85,0.007459704,0.000534291,0.006925413
317,768,86,0.005378438,0.001311901,0.004066537
317,768,87,0.004341565,0.000516305,0.00382526
317,768,88,0.004208967,0.00051366,0.003695307
317,768,89,0.004101817,0.000449767,0.00365205
317,768,90,0.005445672,0.001738556,0.003707116
317,768,91,0.008605024,0.004891804,0.00371322
317,768,92,0.004354827,0.000602159,0.003752668
317,768,93,0.004376731,0.000614503,0.003762228
317,768,94,0.004317189,0.000570952,0.003746237
317,768,95,0.004247598,0.000464443,0.003783155
317,768,96,0.004367496,0.000565292,0.003802204
317,768,97,0.004141716,0.000472229,0.003669487
317,768,98,0.004231851,0.000575481,0.00365637
317,768,99,0.004244028,0.000552959,0.003691069
317,768,100,0.004194871,0.00048696,0.003707911
317,768,101,0.007488054,0.003708707,0.003779347
317,768,102,0.004494581,0.000535169,0.003959412
317,768,103,0.004476701,0.000452665,0.004024036
317,768,104,0.004586777,0.000521528,0.004065249
317,768,105,0.004502929,0.000535172,0.003967757
317,768,106,0.004555639,0.000564862,0.003990777
317,768,107,0.004488052,0.000582587,0.003905465
317,768,108,0.004453543,0.00054492,0.003908623
317,768,109,0.004739054,0.000853972,0.003885082
317,768,110,0.004419953,0.000939438,0.003480515
318,768,1,0.757572473,0.634807175,0.122765298
318,768,2,0.003614921,0.000453016,0.003161905
318,768,3,0.003504807,0.000375493,0.003129314
318,768,4,0.005360967,0.002310177,0.00305079
318,768,5,0.065481057,0.062442969,0.003038088
318,768,6,0.006459067,0.003438444,0.003020623
318,768,7,0.062178419,0.059138337,0.003040082
318,768,8,0.048424636,0.045022348,0.003402288
318,768,9,0.004437532,0.00091108,0.003526452
318,768,10,0.004067857,0.000483413,0.003584444
318,768,11,0.004054583,0.000484237,0.003570346
318,768,12,0.003950201,0.00048859,0.003461611
318,768,13,0.004008198,0.00049223,0.003515968
318,768,14,0.003956693,0.000501569,0.003455124
318,768,15,0.003851047,0.000466189,0.003384858
318,768,16,0.003808061,0.000453251,0.00335481
318,768,17,0.004111251,0.000749004,0.003362247
318,768,18,0.004474321,0.001026399,0.003447922
318,768,19,0.004500547,0.001118314,0.003382233
318,768,20,0.004595768,0.00119468,0.003401088
318,768,21,0.004655376,0.001186158,0.003469218
318,768,22,0.004459526,0.001037646,0.00342188
318,768,23,0.004406822,0.000940817,0.003466005
318,768,24,0.004181087,0.000703401,0.003477686
318,768,25,0.004170599,0.000682863,0.003487736
318,768,26,0.004341943,0.000900798,0.003441145
318,768,27,0.004720343,0.001241849,0.003478494
318,768,28,0.004562962,0.001135364,0.003427598
318,768,29,0.004701395,0.001224995,0.0034764
318,768,30,0.004771396,0.001093106,0.00367829
318,768,31,0.004396593,0.000846285,0.003550308
318,768,32,0.004673118,0.001084076,0.003589042
318,768,33,0.004510616,0.000977104,0.003533512
318,768,34,0.004621849,0.001027594,0.003594255
318,768,35,0.004632262,0.000970558,0.003661704
318,768,36,0.004549907,0.000912179,0.003637728
318,768,37,0.004666869,0.000922905,0.003743964
318,768,38,0.004458388,0.00077796,0.003680428
318,768,39,0.004702179,0.000909194,0.003792985
318,768,40,0.004384901,0.000626821,0.00375808
318,768,41,0.004455058,0.000736635,0.003718423
318,768,42,0.004527872,0.000729358,0.003798514
318,768,43,0.004480678,0.000724323,0.003756355
318,768,44,0.004415318,0.000685993,0.003729325
318,768,45,0.004533468,0.000795179,0.003738289
318,768,46,0.004460668,0.000735349,0.003725319
318,768,47,0.004535077,0.000835626,0.003699451
318,768,48,0.00445025,0.000749353,0.003700897
318,768,49,0.004507971,0.000875815,0.003632156
318,768,50,0.004646365,0.000914421,0.003731944
318,768,51,0.004450574,0.000822149,0.003628425
318,768,52,0.00454662,0.000811164,0.003735456
318,768,53,0.004565887,0.000786222,0.003779665
318,768,54,0.004744137,0.000785284,0.003958853
318,768,55,0.004696822,0.00073855,0.003958272
318,768,56,0.004704569,0.000774583,0.003929986
318,768,57,0.004607006,0.00072542,0.003881586
318,768,58,0.004493236,0.00064856,0.003844676
318,768,59,0.004727648,0.000804731,0.003922917
318,768,60,0.006816298,0.002965602,0.003850696
318,768,61,0.005611128,0.001687452,0.003923676
318,768,62,0.004351844,0.000455136,0.003896708
318,768,63,0.006699574,0.002824041,0.003875533
318,768,64,0.004442548,0.000655147,0.003787401
318,768,65,0.005789349,0.001977176,0.003812173
318,768,66,0.007109723,0.003314853,0.00379487
318,768,67,0.004672091,0.000834407,0.003837684
318,768,68,0.004406136,0.000612491,0.003793645
318,768,69,0.004257457,0.000496947,0.00376051
318,768,70,0.004233503,0.000484006,0.003749497
318,768,71,0.006016504,0.002214817,0.003801687
318,768,72,0.007370354,0.000954679,0.006415675
318,768,73,0.006061412,0.00136879,0.004692622
318,768,74,0.004437182,0.000536019,0.003901163
318,768,75,0.004398189,0.000552702,0.003845487
318,768,76,0.00441278,0.000544876,0.003867904
318,768,77,0.004347749,0.000557599,0.00379015
318,768,78,0.004353659,0.000545741,0.003807918
318,768,79,0.004412893,0.000600501,0.003812392
318,768,80,0.007628819,0.00371148,0.003917339
318,768,81,0.0043628,0.000638842,0.003723958
318,768,82,0.004387245,0.000545378,0.003841867
318,768,83,0.0043236,0.000602269,0.003721331
318,768,84,0.004263953,0.000524288,0.003739665
318,768,85,0.004339691,0.000535252,0.003804439
318,768,86,0.006931256,0.003206748,0.003724508
318,768,87,0.005179007,0.001337998,0.003841009
318,768,88,0.004158753,0.000461299,0.003697454
318,768,89,0.004155536,0.000537486,0.00361805
318,768,90,0.004212584,0.000539146,0.003673438
318,768,91,0.006067748,0.002403074,0.003664674
318,768,92,0.008058807,0.004288362,0.003770445
318,768,93,0.004421166,0.000639449,0.003781717
318,768,94,0.00423596,0.000479487,0.003756473
318,768,95,0.00439775,0.000591485,0.003806265
318,768,96,0.00423486,0.000455217,0.003779643
318,768,97,0.004270518,0.000553101,0.003717417
318,768,98,0.00417603,0.000472373,0.003703657
318,768,99,0.004176186,0.000472914,0.003703272
318,768,100,0.004292835,0.000573328,0.003719507
318,768,101,0.004255933,0.000456357,0.003799576
318,768,102,0.007624401,0.003701456,0.003922945
318,768,103,0.004478107,0.000533127,0.00394498
318,768,104,0.004549703,0.000566973,0.00398273
318,768,105,0.004664075,0.000672881,0.003991194
318,768,106,0.004537581,0.000605343,0.003932238
318,768,107,0.004502766,0.000596576,0.00390619
318,768,108,0.004442798,0.000587511,0.003855287
318,768,109,0.005444687,0.001606833,0.003837854
318,768,110,0.004466271,0.001006003,0.003460268
319,768,1,0.626254488,0.499297622,0.126956866
319,768,2,0.199039774,0.195998075,0.003041699
319,768,3,0.003688556,0.000580812,0.003107744
319,768,4,0.003505784,0.000349308,0.003156476
319,768,5,0.005425033,0.002399083,0.00302595
319,768,6,0.065288641,0.062272265,0.003016376
319,768,7,0.006458709,0.003438564,0.003020145
319,768,8,0.062354185,0.059333637,0.003020548
319,768,9,0.048735405,0.045253107,0.003482298
319,768,10,0.004551967,0.000976968,0.003574999
319,768,11,0.00403268,0.000465004,0.003567676
319,768,12,0.004033935,0.00048683,0.003547105
319,768,13,0.003950362,0.000461199,0.003489163
319,768,14,0.003894472,0.000455134,0.003439338
319,768,15,0.003920895,0.00053479,0.003386105
319,768,16,0.003787932,0.000390204,0.003397728
319,768,17,0.004175531,0.000803513,0.003372018
319,768,18,0.00459787,0.001144478,0.003453392
319,768,19,0.004349138,0.001057542,0.003291596
319,768,20,0.004651127,0.001215723,0.003435404
319,768,21,0.004465325,0.001105847,0.003359478
319,768,22,0.004489216,0.001073297,0.003415919
319,768,23,0.004325799,0.000918731,0.003407068
319,768,24,0.0042646,0.000807093,0.003457507
319,768,25,0.004183273,0.000722183,0.00346109
319,768,26,0.00426939,0.000804028,0.003465362
319,768,27,0.004475053,0.001022411,0.003452642
319,768,28,0.004718269,0.00117448,0.003543789
319,768,29,0.004547319,0.000973708,0.003573611
319,768,30,0.004729721,0.001066777,0.003662944
319,768,31,0.004490334,0.000952619,0.003537715
319,768,32,0.004489642,0.000953032,0.00353661
319,768,33,0.004690959,0.001151097,0.003539862
319,768,34,0.004585309,0.000979575,0.003605734
319,768,35,0.004657831,0.000951873,0.003705958
319,768,36,0.004567463,0.000904706,0.003662757
319,768,37,0.004589756,0.000880541,0.003709215
319,768,38,0.004651047,0.000920132,0.003730915
319,768,39,0.004544962,0.000747972,0.00379699
319,768,40,0.004689674,0.000871603,0.003818071
319,768,41,0.004294403,0.000557572,0.003736831
319,768,42,0.004543295,0.000821072,0.003722223
319,768,43,0.004411501,0.000705333,0.003706168
319,768,44,0.004621386,0.000874189,0.003747197
319,768,45,0.004274943,0.000631874,0.003643069
319,768,46,0.004544154,0.000834884,0.00370927
319,768,47,0.004430462,0.000770857,0.003659605
319,768,48,0.004591769,0.000918487,0.003673282
319,768,49,0.004434618,0.000767892,0.003666726
319,768,50,0.004537471,0.000916744,0.003620727
319,768,51,0.004607858,0.000952343,0.003655515
319,768,52,0.004566013,0.000799406,0.003766607
319,768,53,0.004706467,0.000858121,0.003848346
319,768,54,0.004776928,0.000776973,0.003999955
319,768,55,0.004568214,0.000577545,0.003990669
319,768,56,0.004748854,0.000736651,0.004012203
319,768,57,0.004508826,0.00061302,0.003895806
319,768,58,0.004520186,0.000679693,0.003840493
319,768,59,0.004655431,0.000729571,0.00392586
319,768,60,0.004588492,0.000719663,0.003868829
319,768,61,0.006899884,0.003019086,0.003880798
319,768,62,0.008527284,0.004638753,0.003888531
319,768,63,0.004535201,0.000741117,0.003794084
319,768,64,0.004211541,0.000438013,0.003773528
319,768,65,0.004334783,0.000503256,0.003831527
319,768,66,0.005092046,0.00134138,0.003750666
319,768,67,0.007160191,0.003346903,0.003813288
319,768,68,0.004651088,0.000860611,0.003790477
319,768,69,0.004392095,0.000640805,0.00375129
319,768,70,0.004294521,0.000510334,0.003784187
319,768,71,0.004176855,0.000421802,0.003755053
319,768,72,0.006298134,0.002300589,0.003997545
319,768,73,0.007649171,0.003691411,0.00395776
319,768,74,0.005740907,0.00181819,0.003922717
319,768,75,0.004338871,0.000459643,0.003879228
319,768,76,0.004475897,0.000563053,0.003912844
319,768,77,0.004298747,0.000473173,0.003825574
319,768,78,0.004373151,0.000564718,0.003808433
319,768,79,0.008206546,0.002884486,0.00532206
319,768,80,0.004704302,0.000805379,0.003898923
319,768,81,0.00421753,0.000501589,0.003715941
319,768,82,0.004429878,0.000485218,0.00394466
319,768,83,0.004282899,0.000514503,0.003768396
319,768,84,0.004199669,0.000481983,0.003717686
319,768,85,0.00429453,0.000521028,0.003773502
319,768,86,0.004184242,0.00046486,0.003719382
319,768,87,0.006513318,0.002614566,0.003898752
319,768,88,0.004932893,0.001253053,0.00367984
319,768,89,0.004126685,0.0005116,0.003615085
319,768,90,0.004102777,0.000464033,0.003638744
319,768,91,0.004330833,0.000690972,0.003639861
319,768,92,0.006014648,0.0023171,0.003697548
319,768,93,0.008255493,0.004448538,0.003806955
319,768,94,0.004369522,0.000628487,0.003741035
319,768,95,0.00420834,0.00040904,0.0037993
319,768,96,0.004432826,0.000629785,0.003803041
319,768,97,0.004139767,0.000475085,0.003664682
319,768,98,0.004279029,0.000590944,0.003688085
319,768,99,0.004163807,0.000435858,0.003727949
319,768,100,0.004256506,0.000507182,0.003749324
319,768,101,0.004304336,0.000519513,0.003784823
319,768,102,0.004331204,0.000446464,0.00388474
319,768,103,0.007781888,0.00375624,0.004025648
319,768,104,0.004586374,0.00057214,0.004014234
319,768,105,0.004515273,0.00059841,0.003916863
319,768,106,0.004541004,0.00056848,0.003972524
319,768,107,0.004455889,0.000600362,0.003855527
319,768,108,0.006355981,0.002363223,0.003992758
319,768,109,0.004856772,0.001054229,0.003802543
319,768,110,0.003909712,0.000464274,0.003445438
320,768,1,0.626201709,0.500168076,0.126033633
320,768,2,0.134842916,0.131789875,0.003053041
320,768,3,0.04474485,0.041731874,0.003012976
320,768,4,0.0037637,0.000636648,0.003127052
320,768,5,0.035246444,0.032234184,0.00301226
320,768,6,0.00388497,0.000875154,0.003009816
320,768,7,0.053825091,0.050811203,0.003013888
320,768,8,0.01233803,0.009323357,0.003014673
320,768,9,0.004015659,0.00100572,0.003009939
320,768,10,0.013729479,0.010736529,0.00299295
320,768,11,0.055297668,0.052277567,0.003020101
320,768,12,0.004343198,0.001322519,0.003020679
320,768,13,0.004439942,0.00131349,0.003126452
320,768,14,0.004289321,0.001184303,0.003105018
320,768,15,0.004108745,0.000954006,0.003154739
320,768,16,0.004038066,0.000850088,0.003187978
320,768,17,0.004329087,0.000969157,0.00335993
320,768,18,0.004194645,0.000702828,0.003491817
320,768,19,0.004050082,0.000543427,0.003506655
320,768,20,0.004195213,0.000546188,0.003649025
320,768,21,0.004084965,0.000479891,0.003605074
320,768,22,0.016950586,0.013592197,0.003358389
320,768,23,0.005235236,0.001907385,0.003327851
320,768,24,0.005169369,0.001708774,0.003460595
320,768,25,0.004749758,0.001217976,0.003531782
320,768,26,0.004615155,0.001087305,0.00352785
320,768,27,0.004916641,0.00138853,0.003528111
320,768,28,0.00437779,0.00091584,0.00346195
320,768,29,0.004688136,0.001168892,0.003519244
320,768,30,0.004585302,0.001061658,0.003523644
320,768,31,0.0040907,0.000625091,0.003465609
320,768,32,0.004410454,0.00088629,0.003524164
320,768,33,0.010902121,0.007387849,0.003514272
320,768,34,0.00562115,0.001974775,0.003646375
320,768,35,0.006243057,0.002698322,0.003544735
320,768,36,0.00555322,0.002067734,0.003485486
320,768,37,0.006069388,0.002486893,0.003582495
320,768,38,0.006154223,0.002498778,0.003655445
320,768,39,0.005357589,0.001714778,0.003642811
320,768,40,0.005234486,0.001396855,0.003837631
320,768,41,0.005045504,0.001400761,0.003644743
320,768,42,0.004790973,0.001113221,0.003677752
320,768,43,0.005038758,0.001251798,0.00378696
320,768,44,0.005083894,0.001206718,0.003877176
320,768,45,0.004893059,0.000951595,0.003941464
320,768,46,0.004418323,0.000586042,0.003832281
320,768,47,0.004853445,0.001159459,0.003693986
320,768,48,0.004794718,0.000904413,0.003890305
320,768,49,0.004602811,0.000820271,0.00378254
320,768,50,0.004842859,0.001082316,0.003760543
320,768,51,0.004606746,0.000922203,0.003684543
320,768,52,0.00466478,0.000884782,0.003779998
320,768,53,0.004744769,0.000957845,0.003786924
320,768,54,0.004961337,0.001123718,0.003837619
320,768,55,0.004814955,0.00095653,0.003858425
320,768,56,0.004902831,0.000892749,0.004010082
320,768,57,0.004882286,0.000906563,0.003975723
320,768,58,0.00486036,0.00088174,0.00397862
320,768,59,0.004637682,0.000662368,0.003975314
320,768,60,0.004777661,0.000814167,0.003963494
320,768,61,0.004707201,0.000821887,0.003885314
320,768,62,0.004654849,0.000759552,0.003895297
320,768,63,0.004723071,0.000771555,0.003951516
320,768,64,0.004481701,0.000583999,0.003897702
320,768,65,0.004507857,0.000693347,0.00381451
320,768,66,0.004538746,0.000716412,0.003822334
320,768,67,0.004596822,0.000727676,0.003869146
320,768,68,0.004427549,0.000595155,0.003832394
320,768,69,0.004554475,0.000783098,0.003771377
320,768,70,0.004666644,0.000849394,0.00381725
320,768,71,0.004934771,0.001055698,0.003879073
320,768,72,0.005601114,0.001797743,0.003803371
320,768,73,0.005119967,0.001402346,0.003717621
320,768,74,0.008013489,0.004137984,0.003875505
320,768,75,0.004736541,0.000799272,0.003937269
320,768,76,0.004532796,0.000523046,0.00400975
320,768,77,0.004494057,0.000563426,0.003930631
320,768,78,0.00450081,0.000518995,0.003981815
320,768,79,0.008457592,0.003546468,0.004911124
320,768,80,0.004458311,0.000624856,0.003833455
320,768,81,0.004360996,0.000484849,0.003876147
320,768,82,0.004410787,0.000463578,0.003947209
320,768,83,0.004447542,0.000490431,0.003957111
320,768,84,0.004212882,0.000469271,0.003743611
320,768,85,0.004367675,0.000481126,0.003886549
320,768,86,0.004331538,0.000478188,0.00385335
320,768,87,0.004263475,0.000433279,0.003830196
320,768,88,0.004359925,0.000484799,0.003875126
320,768,89,0.004183899,0.000464199,0.0037197
320,768,90,0.005784,0.0020103,0.0037737
320,768,91,0.004358482,0.000563559,0.003794923
320,768,92,0.004459668,0.000826098,0.00363357
320,768,93,0.006977081,0.003233698,0.003743383
320,768,94,0.00874093,0.005019574,0.003721356
320,768,95,0.004590958,0.000791532,0.003799426
320,768,96,0.0043062,0.000463392,0.003842808
320,768,97,0.004355669,0.000517214,0.003838455
320,768,98,0.004287606,0.000476691,0.003810915
320,768,99,0.004790061,0.000970336,0.003819725
320,768,100,0.007201605,0.003456631,0.003744974
320,768,101,0.007744295,0.003971644,0.003772651
320,768,102,0.008280428,0.004425544,0.003854884
320,768,103,0.005711851,0.00163438,0.004077471
320,768,104,0.004530387,0.000480143,0.004050244
320,768,105,0.004590107,0.00051197,0.004078137
320,768,106,0.004574983,0.000509995,0.004064988
320,768,107,0.004541483,0.000520579,0.004020904
320,768,108,0.004455945,0.00050826,0.003947685
320,768,109,0.006508456,0.002473257,0.004035199
320,768,110,0.005055325,0.001261911,0.003793414
321,768,1,0.757816211,0.634324783,0.123491428
321,768,2,0.044767502,0.041749578,0.003017924
321,768,3,0.003641221,0.000550637,0.003090584
321,768,4,0.03524654,0.032223572,0.003022968
321,768,5,0.004059697,0.000931337,0.00312836
321,768,6,0.053782822,0.050762741,0.003020081
321,768,7,0.01234703,0.009337885,0.003009145
321,768,8,0.004006833,0.000992818,0.003014015
321,768,9,0.013795855,0.010781623,0.003014232
321,768,10,0.055114813,0.05210067,0.003014143
321,768,11,0.004174447,0.001167809,0.003006638
321,768,12,0.004065139,0.000970198,0.003094941
321,768,13,0.004191247,0.001089285,0.003101962
321,768,14,0.004120062,0.001019458,0.003100604
321,768,15,0.004219947,0.001015796,0.003204151
321,768,16,0.0041117,0.000815472,0.003296228
321,768,17,0.004161861,0.000812529,0.003349332
321,768,18,0.004187176,0.000728351,0.003458825
321,768,19,0.004111669,0.000637452,0.003474217
321,768,20,0.004199373,0.000598097,0.003601276
321,768,21,0.016320865,0.012948053,0.003372812
321,768,22,0.005476414,0.002173129,0.003303285
321,768,23,0.005031674,0.00173204,0.003299634
321,768,24,0.004963134,0.001485374,0.00347776
321,768,25,0.004606972,0.001149369,0.003457603
321,768,26,0.004799699,0.001409903,0.003389796
321,768,27,0.004610498,0.001160649,0.003449849
321,768,28,0.004764565,0.001294647,0.003469918
321,768,29,0.004770832,0.001315677,0.003455155
321,768,30,0.004228241,0.00076258,0.003465661
321,768,31,0.004291038,0.000791246,0.003499792
321,768,32,0.010963602,0.007600583,0.003363019
321,768,33,0.005496801,0.001954831,0.00354197
321,768,34,0.006270601,0.002768685,0.003501916
321,768,35,0.005574484,0.002154254,0.00342023
321,768,36,0.006042425,0.002470258,0.003572167
321,768,37,0.006058225,0.002516681,0.003541544
321,768,38,0.005271546,0.001666536,0.00360501
321,768,39,0.005058323,0.001433458,0.003624865
321,768,40,0.005358414,0.001558449,0.003799965
321,768,41,0.004666035,0.000946572,0.003719463
321,768,42,0.004980964,0.001204324,0.00377664
321,768,43,0.004852801,0.001146603,0.003706198
321,768,44,0.004826474,0.001111666,0.003714808
321,768,45,0.004523601,0.000836865,0.003686736
321,768,46,0.005052752,0.001308045,0.003744707
321,768,47,0.004580365,0.000820859,0.003759506
321,768,48,0.004666916,0.000897771,0.003769145
321,768,49,0.004874253,0.001241293,0.00363296
321,768,50,0.004810519,0.001037717,0.003772802
321,768,51,0.004522424,0.000839956,0.003682468
321,768,52,0.004648998,0.000948048,0.00370095
321,768,53,0.004838698,0.001219414,0.003619284
321,768,54,0.005031915,0.001221449,0.003810466
321,768,55,0.004783085,0.000940524,0.003842561
321,768,56,0.004911201,0.000922222,0.003988979
321,768,57,0.004688509,0.000780736,0.003907773
321,768,58,0.004773266,0.000855915,0.003917351
321,768,59,0.004854278,0.000930488,0.00392379
321,768,60,0.004733799,0.000843768,0.003890031
321,768,61,0.004630505,0.000771217,0.003859288
321,768,62,0.004654869,0.000807378,0.003847491
321,768,63,0.004556688,0.000630409,0.003926279
321,768,64,0.00461661,0.000770754,0.003845856
321,768,65,0.004560014,0.000695029,0.003864985
321,768,66,0.004581936,0.000755902,0.003826034
321,768,67,0.004441372,0.000604093,0.003837279
321,768,68,0.004473519,0.000672453,0.003801066
321,768,69,0.004590676,0.000861254,0.003729422
321,768,70,0.004832121,0.001029456,0.003802665
321,768,71,0.005728832,0.001913497,0.003815335
321,768,72,0.005077344,0.001331011,0.003746333
321,768,73,0.008199893,0.004433845,0.003766048
321,768,74,0.004686927,0.000752853,0.003934074
321,768,75,0.004441074,0.000587497,0.003853577
321,768,76,0.004458265,0.000502821,0.003955444
321,768,77,0.004468404,0.000571272,0.003897132
321,768,78,0.004565139,0.000554098,0.004011041
321,768,79,0.005557046,0.001625945,0.003931101
321,768,80,0.006518956,0.002685667,0.003833289
321,768,81,0.004434047,0.000627667,0.00380638
321,768,82,0.004492471,0.000601577,0.003890894
321,768,83,0.004419305,0.000536792,0.003882513
321,768,84,0.004285885,0.000558788,0.003727097
321,768,85,0.004340956,0.000497176,0.00384378
321,768,86,0.004342573,0.000592647,0.003749926
321,768,87,0.004471022,0.000681174,0.003789848
321,768,88,0.004334484,0.000479938,0.003854546
321,768,89,0.006111356,0.002428876,0.00368248
321,768,90,0.004407927,0.000599889,0.003808038
321,768,91,0.004619343,0.00087418,0.003745163
321,768,92,0.006824531,0.003185254,0.003639277
321,768,93,0.008746967,0.005041491,0.003705476
321,768,94,0.004506706,0.000824297,0.003682409
321,768,95,0.004303851,0.0005206,0.003783251
321,768,96,0.004315366,0.000506764,0.003808602
321,768,97,0.004417568,0.000668611,0.003748957
321,768,98,0.004777469,0.000969407,0.003808062
321,768,99,0.007230946,0.003509739,0.003721207
321,768,100,0.007751116,0.004096537,0.003654579
321,768,101,0.008216012,0.004512805,0.003703207
321,768,102,0.0054398,0.001580767,0.003859033
321,768,103,0.004367957,0.000431565,0.003936392
321,768,104,0.004499512,0.000487537,0.004011975
321,768,105,0.004642008,0.00063836,0.004003648
321,768,106,0.004620434,0.000609627,0.004010807
321,768,107,0.004642619,0.000654299,0.00398832
321,768,108,0.006389705,0.002497442,0.003892263
321,768,109,0.005302354,0.001324984,0.00397737
321,768,110,0.004179366,0.000430909,0.003748457
322,768,1,0.756321306,0.633056978,0.123264328
322,768,2,0.018704367,0.015652081,0.003052286
322,768,3,0.063072889,0.060040622,0.003032267
322,768,4,0.004094273,0.000990014,0.003104259
322,768,5,0.05132867,0.048306755,0.003021915
322,768,6,0.01503569,0.012020014,0.003015676
322,768,7,0.004023729,0.000898528,0.003125201
322,768,8,0.003596496,0.000410555,0.003185941
322,768,9,0.065256407,0.062242771,0.003013636
322,768,10,0.004029394,0.000891944,0.00313745
322,768,11,0.003881209,0.00074143,0.003139779
322,768,12,0.003839978,0.000752734,0.003087244
322,768,13,0.003971652,0.000872464,0.003099188
322,768,14,0.004138966,0.000979041,0.003159925
322,768,15,0.004064617,0.000863019,0.003201598
322,768,16,0.004116667,0.000835154,0.003281513
322,768,17,0.004210339,0.000865251,0.003345088
322,768,18,0.004070861,0.000615273,0.003455588
322,768,19,0.004106716,0.000565726,0.00354099
322,768,20,0.016482341,0.012978303,0.003504038
322,768,21,0.005267405,0.00190136,0.003366045
322,768,22,0.005148638,0.001831621,0.003317017
322,768,23,0.005011988,0.001633569,0.003378419
322,768,24,0.004715337,0.001216107,0.00349923
322,768,25,0.004841748,0.001380313,0.003461435
322,768,26,0.004568533,0.001019952,0.003548581
322,768,27,0.004857266,0.001343168,0.003514098
322,768,28,0.004842625,0.001372988,0.003469637
322,768,29,0.004494172,0.000918497,0.003575675
322,768,30,0.004206275,0.000701397,0.003504878
322,768,31,0.011186259,0.007715144,0.003471115
322,768,32,0.005243509,0.001801771,0.003441738
322,768,33,0.006318545,0.00281677,0.003501775
322,768,34,0.005471554,0.002030226,0.003441328
322,768,35,0.006150328,0.002545709,0.003604619
322,768,36,0.005774538,0.002343036,0.003431502
322,768,37,0.005327693,0.001833304,0.003494389
322,768,38,0.005041399,0.001304478,0.003736921
322,768,39,0.005098784,0.001411853,0.003686931
322,768,40,0.004599447,0.00083411,0.003765337
322,768,41,0.005165347,0.001280068,0.003885279
322,768,42,0.004770908,0.00088467,0.003886238
322,768,43,0.004801383,0.001028691,0.003772692
322,768,44,0.004744254,0.000849005,0.003895249
322,768,45,0.005094443,0.001216867,0.003877576
322,768,46,0.004438796,0.000537831,0.003900965
322,768,47,0.004763227,0.000913264,0.003849963
322,768,48,0.004896866,0.001087922,0.003808944
322,768,49,0.004730943,0.00092233,0.003808613
322,768,50,0.004495934,0.000694463,0.003801471
322,768,51,0.004734438,0.001005238,0.0037292
322,768,52,0.004782621,0.001057305,0.003725316
322,768,53,0.004880196,0.001166517,0.003713679
322,768,54,0.004755021,0.000895181,0.00385984
322,768,55,0.004928528,0.001032903,0.003895625
322,768,56,0.00484651,0.000880527,0.003965983
322,768,57,0.004696726,0.000719059,0.003977667
322,768,58,0.00483339,0.000852447,0.003980943
322,768,59,0.004841232,0.000862214,0.003979018
322,768,60,0.004623996,0.000620967,0.004003029
322,768,61,0.004680432,0.000731664,0.003948768
322,768,62,0.004493833,0.000548527,0.003945306
322,768,63,0.004725669,0.000749409,0.00397626
322,768,64,0.004510553,0.000599454,0.003911099
322,768,65,0.004644615,0.000753188,0.003891427
322,768,66,0.004439504,0.000637542,0.003801962
322,768,67,0.004477246,0.00061023,0.003867016
322,768,68,0.004665297,0.000866803,0.003798494
322,768,69,0.004553833,0.000809618,0.003744215
322,768,70,0.005683517,0.001877811,0.003805706
322,768,71,0.00524118,0.001423017,0.003818163
322,768,72,0.008322142,0.003578899,0.004743243
322,768,73,0.00449929,0.000690934,0.003808356
322,768,74,0.004456082,0.000515092,0.00394099
322,768,75,0.004438915,0.000589069,0.003849846
322,768,76,0.004469362,0.000535706,0.003933656
322,768,77,0.00447269,0.000569475,0.003903215
322,768,78,0.004595582,0.000568871,0.004026711
322,768,79,0.004416255,0.000490101,0.003926154
322,768,80,0.004755977,0.000918867,0.00383711
322,768,81,0.006568323,0.002706486,0.003861837
322,768,82,0.004385069,0.000546983,0.003838086
322,768,83,0.004565163,0.000682897,0.003882266
322,768,84,0.004355339,0.000639384,0.003715955
322,768,85,0.004688907,0.000745801,0.003943106
322,768,86,0.004612535,0.0007513,0.003861235
322,768,87,0.00443447,0.000562607,0.003871863
322,768,88,0.006291467,0.002465115,0.003826352
322,768,89,0.004368303,0.000632804,0.003735499
322,768,90,0.004607074,0.000806732,0.003800342
322,768,91,0.007004429,0.003303965,0.003700464
322,768,92,0.008659579,0.004915129,0.00374445
322,768,93,0.004526869,0.000792156,0.003734713
322,768,94,0.004183583,0.000433967,0.003749616
322,768,95,0.004286019,0.000494897,0.003791122
322,768,96,0.004550329,0.000719992,0.003830337
322,768,97,0.004681134,0.000855315,0.003825819
322,768,98,0.007337487,0.003535527,0.00380196
322,768,99,0.007809922,0.004063611,0.003746311
322,768,100,0.008135696,0.004329744,0.003805952
322,768,101,0.005236622,0.001477123,0.003759499
322,768,102,0.004342603,0.000485237,0.003857366
322,768,103,0.004458866,0.000449007,0.004009859
322,768,104,0.004619639,0.000552402,0.004067237
322,768,105,0.004617577,0.000513784,0.004103793
322,768,106,0.004664455,0.000631775,0.00403268
322,768,107,0.004729026,0.000679043,0.004049983
322,768,108,0.004967058,0.001106693,0.003860365
322,768,109,0.005183013,0.001200531,0.003982482
322,768,110,0.005018787,0.001172926,0.003845861
323,768,1,0.760896034,0.636933515,0.123962519
323,768,2,0.073843695,0.070823004,0.003020691
323,768,3,0.00389306,0.000742814,0.003150246
323,768,4,0.051733961,0.048712481,0.00302148
323,768,5,0.003750211,0.000661088,0.003089123
323,768,6,0.003525663,0.000415962,0.003109701
323,768,7,0.014116731,0.011107794,0.003008937
323,768,8,0.004047794,0.001046209,0.003001585
323,768,9,0.004847629,0.001845476,0.003002153
323,768,10,0.063999569,0.060980733,0.003018836
323,768,11,0.004464226,0.001441449,0.003022777
323,768,12,0.003886145,0.000785176,0.003100969
323,768,13,0.004160008,0.001059112,0.003100896
323,768,14,0.004146082,0.000975861,0.003170221
323,768,15,0.004090718,0.000877953,0.003212765
323,768,16,0.004099827,0.000804917,0.00329491
323,768,17,0.00419109,0.000810535,0.003380555
323,768,18,0.00415017,0.000661574,0.003488596
323,768,19,0.016684447,0.013215921,0.003468526
323,768,20,0.005091194,0.001653971,0.003437223
323,768,21,0.00503643,0.001602279,0.003434151
323,768,22,0.004679922,0.00134578,0.003334142
323,768,23,0.004687803,0.001375943,0.00331186
323,768,24,0.005068587,0.001731766,0.003336821
323,768,25,0.004468305,0.001021739,0.003446566
323,768,26,0.004934597,0.001620677,0.00331392
323,768,27,0.004994439,0.001528003,0.003466436
323,768,28,0.004440765,0.001016098,0.003424667
323,768,29,0.004275616,0.000811729,0.003463887
323,768,30,0.011699341,0.008268469,0.003430872
323,768,31,0.005216066,0.001800889,0.003415177
323,768,32,0.006195665,0.002609189,0.003586476
323,768,33,0.005566371,0.001928141,0.00363823
323,768,34,0.005995761,0.002464132,0.003531629
323,768,35,0.005805757,0.002317304,0.003488453
323,768,36,0.005161405,0.001514369,0.003647036
323,768,37,0.004816814,0.001179951,0.003636863
323,768,38,0.005075411,0.001354997,0.003720414
323,768,39,0.004576438,0.000940671,0.003635767
323,768,40,0.004898037,0.001104328,0.003793709
323,768,41,0.005018811,0.001290677,0.003728134
323,768,42,0.004841175,0.001022104,0.003819071
323,768,43,0.004637195,0.00088737,0.003749825
323,768,44,0.00500609,0.001176973,0.003829117
323,768,45,0.004640913,0.000906106,0.003734807
323,768,46,0.004826563,0.00108651,0.003740053
323,768,47,0.004829108,0.00112221,0.003706898
323,768,48,0.0047104,0.000966467,0.003743933
323,768,49,0.00447561,0.00088583,0.00358978
323,768,50,0.004939179,0.001247924,0.003691255
323,768,51,0.004720601,0.001126053,0.003594548
323,768,52,0.00478904,0.001153523,0.003635517
323,768,53,0.004774645,0.001100456,0.003674189
323,768,54,0.004857225,0.001096207,0.003761018
323,768,55,0.004849399,0.000995251,0.003854148
323,768,56,0.004616216,0.00070031,0.003915906
323,768,57,0.004887365,0.000976408,0.003910957
323,768,58,0.004728098,0.000834855,0.003893243
323,768,59,0.00471328,0.00084385,0.00386943
323,768,60,0.004721654,0.000785728,0.003935926
323,768,61,0.004540402,0.000620698,0.003919704
323,768,62,0.004647217,0.000783852,0.003863365
323,768,63,0.004684621,0.000672169,0.004012452
323,768,64,0.004686086,0.000756336,0.00392975
323,768,65,0.004479358,0.000621611,0.003857747
323,768,66,0.004380286,0.000620944,0.003759342
323,768,67,0.004746437,0.000873194,0.003873243
323,768,68,0.004548406,0.000749987,0.003798419
323,768,69,0.005528352,0.001704256,0.003824096
323,768,70,0.005176564,0.001348023,0.003828541
323,768,71,0.004616795,0.000808775,0.00380802
323,768,72,0.004841812,0.001022739,0.003819073
323,768,73,0.007053954,0.00325508,0.003798874
323,768,74,0.004532794,0.000621348,0.003911446
323,768,75,0.004639738,0.000808936,0.003830802
323,768,76,0.004827846,0.000890677,0.003937169
323,768,77,0.004698943,0.000796687,0.003902256
323,768,78,0.004492408,0.000603535,0.003888873
323,768,79,0.00476924,0.000848881,0.003920359
323,768,80,0.004383445,0.000582754,0.003800691
323,768,81,0.004549462,0.000732245,0.003817217
323,768,82,0.006478618,0.002517425,0.003961193
323,768,83,0.004663661,0.000701086,0.003962575
323,768,84,0.004281823,0.000558418,0.003723405
323,768,85,0.004815356,0.000968818,0.003846538
323,768,86,0.004565199,0.000767125,0.003798074
323,768,87,0.006344889,0.002528818,0.003816071
323,768,88,0.004439529,0.000650967,0.003788562
323,768,89,0.004496964,0.00080018,0.003696784
323,768,90,0.006851678,0.000606009,0.006245669
323,768,91,0.008879118,0.004453601,0.004425517
323,768,92,0.004513557,0.000770515,0.003743042
323,768,93,0.004207594,0.000528422,0.003679172
323,768,94,0.004187627,0.000467199,0.003720428
323,768,95,0.004592461,0.000770885,0.003821576
323,768,96,0.004693723,0.000893799,0.003799924
323,768,97,0.007365275,0.003534425,0.00383085
323,768,98,0.007804618,0.004098754,0.003705864
323,768,99,0.008073409,0.0044124,0.003661009
323,768,100,0.005319456,0.001554313,0.003765143
323,768,101,0.004208065,0.000426433,0.003781632
323,768,102,0.00437616,0.000559706,0.003816454
323,768,103,0.004593224,0.000633027,0.003960197
323,768,104,0.004580659,0.000591678,0.003988981
323,768,105,0.004729141,0.000663422,0.004065719
323,768,106,0.00464289,0.000626667,0.004016223
323,768,107,0.005195336,0.001102766,0.00409257
323,768,108,0.004994347,0.001148991,0.003845356
323,768,109,0.004701019,0.000625748,0.004075271
323,768,110,0.005270638,0.001594708,0.00367593
324,768,1,0.757139336,0.633459598,0.123679738
324,768,2,0.016553393,0.013527349,0.003026044
324,768,3,0.065832351,0.062801581,0.00303077
324,768,4,0.004029967,0.000889651,0.003140316
324,768,5,0.049935558,0.046923241,0.003012317
324,768,6,0.003916763,0.000776522,0.003140241
324,768,7,0.003707063,0.000626828,0.003080235
324,768,8,0.013805934,0.010797271,0.003008663
324,768,9,0.046360661,0.043334054,0.003026607
324,768,10,0.0043757,0.00123867,0.00313703
324,768,11,0.022228753,0.019207434,0.003021319
324,768,12,0.004419649,0.001400316,0.003019333
324,768,13,0.004440765,0.001312178,0.003128587
324,768,14,0.004167943,0.001044848,0.003123095
324,768,15,0.004204504,0.001051637,0.003152867
324,768,16,0.004196766,0.00091216,0.003284606
324,768,17,0.004169046,0.000826425,0.003342621
324,768,18,0.017365397,0.013824746,0.003540651
324,768,19,0.005047722,0.001603237,0.003444485
324,768,20,0.004756837,0.001282251,0.003474586
324,768,21,0.004100804,0.000653091,0.003447713
324,768,22,0.004783551,0.001402823,0.003380728
324,768,23,0.004981748,0.001665923,0.003315825
324,768,24,0.004864121,0.001483341,0.00338078
324,768,25,0.004994015,0.001687467,0.003306548
324,768,26,0.004843324,0.001573765,0.003269559
324,768,27,0.004583259,0.001202512,0.003380747
324,768,28,0.004464458,0.001077079,0.003387379
324,768,29,0.011959906,0.008515479,0.003444427
324,768,30,0.005259319,0.001779841,0.003479478
324,768,31,0.005803776,0.002420437,0.003383339
324,768,32,0.00563414,0.002135938,0.003498202
324,768,33,0.005982903,0.00252701,0.003455893
324,768,34,0.005583921,0.00210161,0.003482311
324,768,35,0.00502471,0.001512456,0.003512254
324,768,36,0.004780277,0.00118929,0.003590987
324,768,37,0.005376836,0.00167117,0.003705666
324,768,38,0.004607266,0.00090209,0.003705176
324,768,39,0.004805674,0.001122951,0.003682723
324,768,40,0.005008047,0.001318375,0.003689672
324,768,41,0.004850263,0.001101384,0.003748879
324,768,42,0.004486247,0.000747511,0.003738736
324,768,43,0.004911663,0.001212681,0.003698982
324,768,44,0.004949562,0.001216461,0.003733101
324,768,45,0.004727337,0.001004642,0.003722695
324,768,46,0.004806162,0.001081072,0.00372509
324,768,47,0.004784717,0.001088322,0.003696395
324,768,48,0.004609513,0.000934204,0.003675309
324,768,49,0.004823854,0.00117391,0.003649944
324,768,50,0.004790483,0.001078587,0.003711896
324,768,51,0.004726142,0.00105599,0.003670152
324,768,52,0.004623079,0.000972101,0.003650978
324,768,53,0.004830142,0.001148274,0.003681868
324,768,54,0.004875968,0.001066604,0.003809364
324,768,55,0.004692715,0.000769556,0.003923159
324,768,56,0.004843898,0.000900376,0.003943522
324,768,57,0.00476099,0.000807474,0.003953516
324,768,58,0.004590389,0.000688871,0.003901518
324,768,59,0.004662294,0.000784986,0.003877308
324,768,60,0.004753521,0.000814101,0.00393942
324,768,61,0.004641568,0.000770118,0.00387145
324,768,62,0.004555242,0.000721744,0.003833498
324,768,63,0.004879442,0.000939411,0.003940031
324,768,64,0.004498026,0.000609979,0.003888047
324,768,65,0.004500958,0.00065217,0.003848788
324,768,66,0.004602634,0.000833974,0.00376866
324,768,67,0.004571133,0.000704681,0.003866452
324,768,68,0.005440811,0.001699215,0.003741596
324,768,69,0.005066231,0.001305028,0.003761203
324,768,70,0.004663688,0.000786405,0.003877283
324,768,71,0.004742516,0.000951775,0.003790741
324,768,72,0.006584444,0.002826165,0.003758279
324,768,73,0.004716674,0.000929666,0.003787008
324,768,74,0.005133742,0.001187365,0.003946377
324,768,75,0.004596982,0.000766266,0.003830716
324,768,76,0.004876748,0.00094398,0.003932768
324,768,77,0.004499593,0.000582689,0.003916904
324,768,78,0.004743876,0.000867825,0.003876051
324,768,79,0.004577194,0.000666878,0.003910316
324,768,80,0.004471555,0.00066523,0.003806325
324,768,81,0.006364715,0.002538112,0.003826603
324,768,82,0.00467956,0.000743404,0.003936156
324,768,83,0.004497191,0.000548034,0.003949157
324,768,84,0.004533265,0.000822343,0.003710922
324,768,85,0.004698734,0.000797273,0.003901461
324,768,86,0.006398918,0.002604934,0.003793984
324,768,87,0.00448873,0.000669934,0.003818796
324,768,88,0.004606563,0.00083745,0.003769113
324,768,89,0.004277709,0.000575217,0.003702492
324,768,90,0.010453757,0.004314389,0.006139368
324,768,91,0.005466551,0.001101738,0.004364813
324,768,92,0.004255615,0.000534027,0.003721588
324,768,93,0.004114542,0.000460786,0.003653756
324,768,94,0.004512844,0.000767925,0.003744919
324,768,95,0.004735246,0.000956482,0.003778764
324,768,96,0.007328639,0.003540028,0.003788611
324,768,97,0.007850945,0.004033221,0.003817724
324,768,98,0.008160177,0.004401501,0.003758676
324,768,99,0.005252381,0.00151061,0.003741771
324,768,100,0.004201044,0.000462643,0.003738401
324,768,101,0.004321604,0.000551177,0.003770427
324,768,102,0.004478788,0.000592401,0.003886387
324,768,103,0.004512164,0.000571748,0.003940416
324,768,104,0.004710341,0.000636766,0.004073575
324,768,105,0.004592523,0.000547689,0.004044834
324,768,106,0.005117836,0.001112276,0.00400556
324,768,107,0.005247141,0.001344125,0.003903016
324,768,108,0.004470275,0.000581548,0.003888727
324,768,109,0.004507799,0.000495548,0.004012251
324,768,110,0.004776431,0.001092906,0.003683525
325,768,1,0.759617691,0.635372505,0.124245186
325,768,2,0.076572724,0.07353687,0.003035854
325,768,3,0.003859988,0.000756033,0.003103955
325,768,4,0.01108957,0.008070082,0.003019488
325,768,5,0.003836952,0.000752206,0.003084746
325,768,6,0.042512587,0.039478945,0.003033642
325,768,7,0.014134355,0.011121823,0.003012532
325,768,8,0.046551571,0.043531231,0.00302034
325,768,9,0.004187356,0.001029597,0.003157759
325,768,10,0.003598019,0.00048911,0.003108909
325,768,11,0.003603939,0.000473541,0.003130398
325,768,12,0.021797989,0.018778368,0.003019621
325,768,13,0.00464819,0.001609926,0.003038264
325,768,14,0.004508834,0.001368499,0.003140335
325,768,15,0.004178004,0.001011444,0.00316656
325,768,16,0.004150484,0.000972557,0.003177927
325,768,17,0.018322712,0.014757578,0.003565134
325,768,18,0.005114082,0.001668168,0.003445914
325,768,19,0.004693939,0.001235396,0.003458543
325,768,20,0.004154162,0.0007084,0.003445762
325,768,21,0.004303905,0.000892292,0.003411613
325,768,22,0.005083227,0.001783594,0.003299633
325,768,23,0.004706808,0.001373213,0.003333595
325,768,24,0.005075914,0.001732464,0.00334345
325,768,25,0.00494406,0.001641187,0.003302873
325,768,26,0.004529344,0.001157825,0.003371519
325,768,27,0.004596192,0.001185967,0.003410225
325,768,28,0.012153584,0.008772624,0.00338096
325,768,29,0.005298904,0.001910719,0.003388185
325,768,30,0.005927255,0.002498967,0.003428288
325,768,31,0.005471939,0.002018094,0.003453845
325,768,32,0.005917624,0.002426188,0.003491436
325,768,33,0.00553395,0.002033721,0.003500229
325,768,34,0.004745653,0.001231375,0.003514278
325,768,35,0.004847642,0.001230989,0.003616653
325,768,36,0.005174289,0.001613377,0.003560912
325,768,37,0.00498825,0.001352969,0.003635281
325,768,38,0.004777117,0.001121527,0.00365559
325,768,39,0.004935004,0.001247967,0.003687037
325,768,40,0.004799052,0.001140267,0.003658785
325,768,41,0.004518008,0.00084242,0.003675588
325,768,42,0.004767595,0.00113065,0.003636945
325,768,43,0.004680464,0.001025217,0.003655247
325,768,44,0.005010715,0.001264848,0.003745867
325,768,45,0.004678693,0.001019768,0.003658925
325,768,46,0.004563617,0.000881004,0.003682613
325,768,47,0.004952493,0.001276202,0.003676291
325,768,48,0.004767884,0.001028612,0.003739272
325,768,49,0.004707088,0.001042314,0.003664774
325,768,50,0.004535763,0.000856676,0.003679087
325,768,51,0.004714314,0.001123187,0.003591127
325,768,52,0.004724725,0.001032948,0.003691777
325,768,53,0.00487287,0.001112822,0.003760048
325,768,54,0.004727793,0.000940581,0.003787212
325,768,55,0.004842645,0.000926211,0.003916434
325,768,56,0.004689499,0.000748517,0.003940982
325,768,57,0.004687064,0.000766355,0.003920709
325,768,58,0.004984229,0.001090877,0.003893352
325,768,59,0.004573724,0.00074864,0.003825084
325,768,60,0.004747782,0.000854197,0.003893585
325,768,61,0.004598393,0.000742053,0.00385634
325,768,62,0.004715316,0.000892035,0.003823281
325,768,63,0.004639948,0.000740658,0.00389929
325,768,64,0.004644565,0.000746032,0.003898533
325,768,65,0.004667491,0.000844883,0.003822608
325,768,66,0.004427935,0.00061937,0.003808565
325,768,67,0.005610483,0.001815047,0.003795436
325,768,68,0.004889577,0.00114179,0.003747787
325,768,69,0.004595853,0.000829301,0.003766552
325,768,70,0.00480241,0.000986496,0.003815914
325,768,71,0.006425255,0.002665953,0.003759302
325,768,72,0.004815358,0.001045903,0.003769455
325,768,73,0.004889308,0.001127606,0.003761702
325,768,74,0.00487381,0.00095636,0.00391745
325,768,75,0.004653036,0.00084873,0.003804306
325,768,76,0.004789821,0.00079639,0.003993431
325,768,77,0.004673977,0.000760982,0.003912995
325,768,78,0.004620123,0.000729743,0.00389038
325,768,79,0.004583842,0.000712805,0.003871037
325,768,80,0.006247594,0.002404213,0.003843381
325,768,81,0.004646974,0.000804891,0.003842083
325,768,82,0.004525943,0.000600668,0.003925275
325,768,83,0.004448315,0.000568463,0.003879852
325,768,84,0.004495022,0.000772485,0.003722537
325,768,85,0.006892685,0.003052711,0.003839974
325,768,86,0.004469394,0.000665205,0.003804189
325,768,87,0.004582177,0.000747875,0.003834302
325,768,88,0.004337583,0.000588409,0.003749174
325,768,89,0.008002202,0.004157316,0.003844886
325,768,90,0.004703265,0.000925736,0.003777529
325,768,91,0.005722417,0.002022292,0.003700125
325,768,92,0.005269213,0.00151397,0.003755243
325,768,93,0.00512494,0.001455675,0.003669265
325,768,94,0.00470619,0.000960547,0.003745643
325,768,95,0.007348167,0.003537544,0.003810623
325,768,96,0.007791062,0.003976019,0.003815043
325,768,97,0.007881476,0.001593058,0.006288418
325,768,98,0.005563422,0.001331279,0.004232143
325,768,99,0.00419504,0.000494361,0.003700679
325,768,100,0.004292978,0.000507287,0.003785691
325,768,101,0.004369134,0.000563889,0.003805245
325,768,102,0.004470033,0.000624186,0.003845847
325,768,103,0.004569585,0.000568752,0.004000833
325,768,104,0.00466533,0.000626264,0.004039066
325,768,105,0.004629931,0.0006166,0.004013331
325,768,106,0.004571988,0.00057318,0.003998808
325,768,107,0.004613519,0.000605741,0.004007778
325,768,108,0.004907717,0.000976829,0.003930888
325,768,109,0.004521815,0.000518287,0.004003528
325,768,110,0.00426881,0.000542823,0.003725987
326,768,1,0.757144309,0.633351587,0.123792722
326,768,2,0.005741338,0.002715856,0.003025482
326,768,3,0.076801602,0.073773992,0.00302761
326,768,4,0.003948288,0.000816852,0.003131436
326,768,5,0.01329512,0.010281677,0.003013443
326,768,6,0.051543294,0.048517257,0.003026037
326,768,7,0.046594247,0.043570821,0.003023426
326,768,8,0.004080921,0.000984877,0.003096044
326,768,9,0.00367304,0.000556868,0.003116172
326,768,10,0.003557037,0.000387567,0.00316947
326,768,11,0.00355738,0.000457338,0.003100042
326,768,12,0.003500066,0.000354854,0.003145212
326,768,13,0.021594904,0.018565829,0.003029075
326,768,14,0.004762636,0.001741482,0.003021154
326,768,15,0.004554831,0.001356883,0.003197948
326,768,16,0.019124613,0.015664163,0.00346045
326,768,17,0.005299149,0.001803674,0.003495475
326,768,18,0.004650779,0.001125073,0.003525706
326,768,19,0.004229225,0.000749687,0.003479538
326,768,20,0.004260273,0.000833029,0.003427244
326,768,21,0.004318289,0.000925455,0.003392834
326,768,22,0.00489247,0.001552717,0.003339753
326,768,23,0.005093974,0.001788919,0.003305055
326,768,24,0.005045536,0.001761632,0.003283904
326,768,25,0.004531477,0.001127568,0.003403909
326,768,26,0.004502262,0.00111238,0.003389882
326,768,27,0.012637171,0.009206808,0.003430363
326,768,28,0.005444569,0.002049937,0.003394632
326,768,29,0.005916448,0.002528826,0.003387622
326,768,30,0.005314229,0.001953423,0.003360806
326,768,31,0.005742696,0.002325455,0.003417241
326,768,32,0.00563236,0.002054546,0.003577814
326,768,33,0.004801234,0.001249328,0.003551906
326,768,34,0.004763811,0.00118979,0.003574021
326,768,35,0.005108304,0.001672666,0.003435638
326,768,36,0.00505952,0.001459912,0.003599608
326,768,37,0.004686677,0.00100229,0.003684387
326,768,38,0.004797764,0.001153177,0.003644587
326,768,39,0.004807204,0.001064201,0.003743003
326,768,40,0.004653054,0.000914319,0.003738735
326,768,41,0.004724602,0.001041,0.003683602
326,768,42,0.004704592,0.001002708,0.003701884
326,768,43,0.004700552,0.001045309,0.003655243
326,768,44,0.00483415,0.001078745,0.003755405
326,768,45,0.004607106,0.000919914,0.003687192
326,768,46,0.004825387,0.00118552,0.003639867
326,768,47,0.004919716,0.001206557,0.003713159
326,768,48,0.004607745,0.000876611,0.003731134
326,768,49,0.004508163,0.000905719,0.003602444
326,768,50,0.004720082,0.001079421,0.003640661
326,768,51,0.004563573,0.000907375,0.003656198
326,768,52,0.004694589,0.001064768,0.003629821
326,768,53,0.00490314,0.001134507,0.003768633
326,768,54,0.004766864,0.000908913,0.003857951
326,768,55,0.00467544,0.000695723,0.003979717
326,768,56,0.004896521,0.000962537,0.003933984
326,768,57,0.0050959,0.001108916,0.003986984
326,768,58,0.004594232,0.00070675,0.003887482
326,768,59,0.00461099,0.000761333,0.003849657
326,768,60,0.004680303,0.000809916,0.003870387
326,768,61,0.00469958,0.000852234,0.003847346
326,768,62,0.004608433,0.000759354,0.003849079
326,768,63,0.004667246,0.000803522,0.003863724
326,768,64,0.004720944,0.000838304,0.00388264
326,768,65,0.004470482,0.000645417,0.003825065
326,768,66,0.005568168,0.001760833,0.003807335
326,768,67,0.004975308,0.001211142,0.003764166
326,768,68,0.004507208,0.000767413,0.003739795
326,768,69,0.004659867,0.000869912,0.003789955
326,768,70,0.006445017,0.002647131,0.003797886
326,768,71,0.004833945,0.001064833,0.003769112
326,768,72,0.004793569,0.001086476,0.003707093
326,768,73,0.004682514,0.00093942,0.003743094
326,768,74,0.005064751,0.001146236,0.003918515
326,768,75,0.004574011,0.000793746,0.003780265
326,768,76,0.004743565,0.000855114,0.003888451
326,768,77,0.004662046,0.000754978,0.003907068
326,768,78,0.004612995,0.000729645,0.00388335
326,768,79,0.006270695,0.002483516,0.003787179
326,768,80,0.004574975,0.000800046,0.003774929
326,768,81,0.004499328,0.000688784,0.003810544
326,768,82,0.004496087,0.000630074,0.003866013
326,768,83,0.004558938,0.000642361,0.003916577
326,768,84,0.006938778,0.003072966,0.003865812
326,768,85,0.004539984,0.000773512,0.003766472
326,768,86,0.004449864,0.00072312,0.003726744
326,768,87,0.004448609,0.000617329,0.00383128
326,768,88,0.007962457,0.00423968,0.003722777
326,768,89,0.004791151,0.001006742,0.003784409
326,768,90,0.004372871,0.000672011,0.00370086
326,768,91,0.004088454,0.000459555,0.003628899
326,768,92,0.007768377,0.004037379,0.003730998
326,768,93,0.0045815,0.000831476,0.003750024
326,768,94,0.007302664,0.003492063,0.003810601
326,768,95,0.007463697,0.001303274,0.006160423
326,768,96,0.005721121,0.00115796,0.004563161
326,768,97,0.004325439,0.000548959,0.00377648
326,768,98,0.006342986,0.002597484,0.003745502
326,768,99,0.005167046,0.00142721,0.003739836
326,768,100,0.004211989,0.000478641,0.003733348
326,768,101,0.004344123,0.000547003,0.00379712
326,768,102,0.004404323,0.000579479,0.003824844
326,768,103,0.004559851,0.000622126,0.003937725
326,768,104,0.004732766,0.000718542,0.004014224
326,768,105,0.004653789,0.000606434,0.004047355
326,768,106,0.004624659,0.000636033,0.003988626
326,768,107,0.004551009,0.000561189,0.00398982
326,768,108,0.004777369,0.000911781,0.003865588
326,768,109,0.005384808,0.001466161,0.003918647
326,768,110,0.004316771,0.000584834,0.003731937
327,768,1,0.7558601,0.632269515,0.123590585
327,768,2,0.020008148,0.01696375,0.003044398
327,768,3,0.010744321,0.007728318,0.003016003
327,768,4,0.067106932,0.064095488,0.003011444
327,768,5,0.003905874,0.000792134,0.00311374
327,768,6,0.094256585,0.091223673,0.003032912
327,768,7,0.003926157,0.000905245,0.003020912
327,768,8,0.003754514,0.000624437,0.003130077
327,768,9,0.003490424,0.000388763,0.003101661
327,768,10,0.003602069,0.000472845,0.003129224
327,768,11,0.003475666,0.000367445,0.003108221
327,768,12,0.00355751,0.000455962,0.003101548
327,768,13,0.003652211,0.000521762,0.003130449
327,768,14,0.021593854,0.018555928,0.003037926
327,768,15,0.020869336,0.017382639,0.003486697
327,768,16,0.005263154,0.001712165,0.003550989
327,768,17,0.00467801,0.001101667,0.003576343
327,768,18,0.004263575,0.000737246,0.003526329
327,768,19,0.0042996,0.000795395,0.003504205
327,768,20,0.004072563,0.000611338,0.003461225
327,768,21,0.00451448,0.00111463,0.00339985
327,768,22,0.005294725,0.001972838,0.003321887
327,768,23,0.005049439,0.001642975,0.003406464
327,768,24,0.004533104,0.00105936,0.003473744
327,768,25,0.004395092,0.000991669,0.003403423
327,768,26,0.013010442,0.009656879,0.003353563
327,768,27,0.005639824,0.00219119,0.003448634
327,768,28,0.005932785,0.002488838,0.003443947
327,768,29,0.005054123,0.001681575,0.003372548
327,768,30,0.005849895,0.002392124,0.003457771
327,768,31,0.005548872,0.002037909,0.003510963
327,768,32,0.004701928,0.001078478,0.00362345
327,768,33,0.004863388,0.001290485,0.003572903
327,768,34,0.005283879,0.001816536,0.003467343
327,768,35,0.004747837,0.001285328,0.003462509
327,768,36,0.004694204,0.001169398,0.003524806
327,768,37,0.004803453,0.001185101,0.003618352
327,768,38,0.004630628,0.001022356,0.003608272
327,768,39,0.00463413,0.000933368,0.003700762
327,768,40,0.004708092,0.00102816,0.003679932
327,768,41,0.004723476,0.001080891,0.003642585
327,768,42,0.00473781,0.00096141,0.0037764
327,768,43,0.004647048,0.001000553,0.003646495
327,768,44,0.004650129,0.000998081,0.003652048
327,768,45,0.004864193,0.001164158,0.003700035
327,768,46,0.004852145,0.001080898,0.003771247
327,768,47,0.00445556,0.000805741,0.003649819
327,768,48,0.004739585,0.00104483,0.003694755
327,768,49,0.004564341,0.000955873,0.003608468
327,768,50,0.004604743,0.000947582,0.003657161
327,768,51,0.004629946,0.001019936,0.00361001
327,768,52,0.00482834,0.001173436,0.003654904
327,768,53,0.004853643,0.001082182,0.003771461
327,768,54,0.004709328,0.000915298,0.00379403
327,768,55,0.004949656,0.001002456,0.0039472
327,768,56,0.005156541,0.001190836,0.003965705
327,768,57,0.004614389,0.000656346,0.003958043
327,768,58,0.004566312,0.000655745,0.003910567
327,768,59,0.004553169,0.000691203,0.003861966
327,768,60,0.004739851,0.000869899,0.003869952
327,768,61,0.004668945,0.000832252,0.003836693
327,768,62,0.004727168,0.00087435,0.003852818
327,768,63,0.004656593,0.000806167,0.003850426
327,768,64,0.004633682,0.000767206,0.003866476
327,768,65,0.005575089,0.001773207,0.003801882
327,768,66,0.004998361,0.001162763,0.003835598
327,768,67,0.004509298,0.000701947,0.003807351
327,768,68,0.004492236,0.000748586,0.00374365
327,768,69,0.006339523,0.002518374,0.003821149
327,768,70,0.004903284,0.001087982,0.003815302
327,768,71,0.004747853,0.001019187,0.003728666
327,768,72,0.004690298,0.001020222,0.003670076
327,768,73,0.004798426,0.001045182,0.003753244
327,768,74,0.005031129,0.001108243,0.003922886
327,768,75,0.004545781,0.000748386,0.003797395
327,768,76,0.004786276,0.000852128,0.003934148
327,768,77,0.004583126,0.000700263,0.003882863
327,768,78,0.006479914,0.002607744,0.00387217
327,768,79,0.00454012,0.000706546,0.003833574
327,768,80,0.00434878,0.000567463,0.003781317
327,768,81,0.004402291,0.000612726,0.003789565
327,768,82,0.004640703,0.00073148,0.003909223
327,768,83,0.00713426,0.003390082,0.003744178
327,768,84,0.004620774,0.000710326,0.003910448
327,768,85,0.004321502,0.000513896,0.003807606
327,768,86,0.004463839,0.000618194,0.003845645
327,768,87,0.008083242,0.004359671,0.003723571
327,768,88,0.004736725,0.00097991,0.003756815
327,768,89,0.00445454,0.000558491,0.003896049
327,768,90,0.004174601,0.000467161,0.00370744
327,768,91,0.007677764,0.003987135,0.003690629
327,768,92,0.00460672,0.00095365,0.00365307
327,768,93,0.007168636,0.003406206,0.00376243
327,768,94,0.005156863,0.001315096,0.003841767
327,768,95,0.004264436,0.000491649,0.003772787
327,768,96,0.006329847,0.002476996,0.003852851
327,768,97,0.005484268,0.001644374,0.003839894
327,768,98,0.004133396,0.000447085,0.003686311
327,768,99,0.007978353,0.003355061,0.004623292
327,768,100,0.004281155,0.000554521,0.003726634
327,768,101,0.004314919,0.000479984,0.003834935
327,768,102,0.004326966,0.00054667,0.003780296
327,768,103,0.004471262,0.000499627,0.003971635
327,768,104,0.004558137,0.000531545,0.004026592
327,768,105,0.004590325,0.00052712,0.004063205
327,768,106,0.004542908,0.000521345,0.004021563
327,768,107,0.005472484,0.001489552,0.003982932
327,768,108,0.005200488,0.001313835,0.003886653
327,768,109,0.004570031,0.000597176,0.003972855
327,768,110,0.004266574,0.000518365,0.003748209
328,768,1,0.758283905,0.634547455,0.12373645
328,768,2,0.025128836,0.022108165,0.003020671
328,768,3,0.067130449,0.064108417,0.003022032
328,768,4,0.003786928,0.000639867,0.003147061
328,768,5,0.094426464,0.091389946,0.003036518
328,768,6,0.00392649,0.00086625,0.00306024
328,768,7,0.003674672,0.000524993,0.003149679
328,768,8,0.003488892,0.000386166,0.003102726
328,768,9,0.00354505,0.000392162,0.003152888
328,768,10,0.003475071,0.000369479,0.003105592
328,768,11,0.003611829,0.000474186,0.003137643
328,768,12,0.00361731,0.000525721,0.003091589
328,768,13,0.003511557,0.000410229,0.003101328
328,768,14,0.038554124,0.035152026,0.003402098
328,768,15,0.005203343,0.001667092,0.003536251
328,768,16,0.004724712,0.00107968,0.003645032
328,768,17,0.004306316,0.000783205,0.003523111
328,768,18,0.00433386,0.000871201,0.003462659
328,768,19,0.004090703,0.000556551,0.003534152
328,768,20,0.003919292,0.000475796,0.003443496
328,768,21,0.004977343,0.001663342,0.003314001
328,768,22,0.004866402,0.001476143,0.003390259
328,768,23,0.004425384,0.001038203,0.003387181
328,768,24,0.004560827,0.001204636,0.003356191
328,768,25,0.014038403,0.010712349,0.003326054
328,768,26,0.005684239,0.002242613,0.003441626
328,768,27,0.005800778,0.002422576,0.003378202
328,768,28,0.005235909,0.001869339,0.00336657
328,768,29,0.005731167,0.002271101,0.003460066
328,768,30,0.0054586,0.001961106,0.003497494
328,768,31,0.00457262,0.001061101,0.003511519
328,768,32,0.004865167,0.001439098,0.003426069
328,768,33,0.005547245,0.001969512,0.003577733
328,768,34,0.004592527,0.001098132,0.003494395
328,768,35,0.00468386,0.001118882,0.003564978
328,768,36,0.004485644,0.001029327,0.003456317
328,768,37,0.004727906,0.001071758,0.003656148
328,768,38,0.004570049,0.000892443,0.003677606
328,768,39,0.004757207,0.001018339,0.003738868
328,768,40,0.004670852,0.000922351,0.003748501
328,768,41,0.004618376,0.000816612,0.003801764
328,768,42,0.004414393,0.000790868,0.003623525
328,768,43,0.004920827,0.001159502,0.003761325
328,768,44,0.004797336,0.001082845,0.003714491
328,768,45,0.004842996,0.001041331,0.003801665
328,768,46,0.004541169,0.000884752,0.003656417
328,768,47,0.004656192,0.00091204,0.003744152
328,768,48,0.00462245,0.000937907,0.003684543
328,768,49,0.004625201,0.000935892,0.003689309
328,768,50,0.004732431,0.001109125,0.003623306
328,768,51,0.004596928,0.000926444,0.003670484
328,768,52,0.004721659,0.001118815,0.003602844
328,768,53,0.004849122,0.001084706,0.003764416
328,768,54,0.004772777,0.000990163,0.003782614
328,768,55,0.005370661,0.001418848,0.003951813
328,768,56,0.004609469,0.00067492,0.003934549
328,768,57,0.004597621,0.000667407,0.003930214
328,768,58,0.004660686,0.000793396,0.00386729
328,768,59,0.004642926,0.00079377,0.003849156
328,768,60,0.004606898,0.000791443,0.003815455
328,768,61,0.004591603,0.000761189,0.003830414
328,768,62,0.004834529,0.000931347,0.003903182
328,768,63,0.004684977,0.000846036,0.003838941
328,768,64,0.00561682,0.001774333,0.003842487
328,768,65,0.00497927,0.001207126,0.003772144
328,768,66,0.004557941,0.000752609,0.003805332
328,768,67,0.004377909,0.000621291,0.003756618
328,768,68,0.006249198,0.002446922,0.003802276
328,768,69,0.004987861,0.001148146,0.003839715
328,768,70,0.004754483,0.000992501,0.003761982
328,768,71,0.004639202,0.000912326,0.003726876
328,768,72,0.004881233,0.00116551,0.003715723
328,768,73,0.00471511,0.000903968,0.003811142
328,768,74,0.00486478,0.000955452,0.003909328
328,768,75,0.00465131,0.000793914,0.003857396
328,768,76,0.0046968,0.00081362,0.00388318
328,768,77,0.006518539,0.002563013,0.003955526
328,768,78,0.004563151,0.000638707,0.003924444
328,768,79,0.004331084,0.000490589,0.003840495
328,768,80,0.004482305,0.000704725,0.00377758
328,768,81,0.004366854,0.000618656,0.003748198
328,768,82,0.007452204,0.003554906,0.003897298
328,768,83,0.004483742,0.000768698,0.003715044
328,768,84,0.004371391,0.00051691,0.003854481
328,768,85,0.004400465,0.000645597,0.003754868
328,768,86,0.008292341,0.004432914,0.003859427
328,768,87,0.004698101,0.000999477,0.003698624
328,768,88,0.00433424,0.000647604,0.003686636
328,768,89,0.00428786,0.000458419,0.003829441
328,768,90,0.00781669,0.004140759,0.003675931
328,768,91,0.004592427,0.000904837,0.00368759
328,768,92,0.006774855,0.000555551,0.006219304
328,768,93,0.005344017,0.001217863,0.004126154
328,768,94,0.004313097,0.000509191,0.003803906
328,768,95,0.004290636,0.000498055,0.003792581
328,768,96,0.004286496,0.000558607,0.003727889
328,768,97,0.005651119,0.001844679,0.00380644
328,768,98,0.005396375,0.001664824,0.003731551
328,768,99,0.004188908,0.000461875,0.003727033
328,768,100,0.007947363,0.004212097,0.003735266
328,768,101,0.004277,0.00050706,0.00376994
328,768,102,0.004348545,0.000557738,0.003790807
328,768,103,0.004428947,0.000574864,0.003854083
328,768,104,0.004476211,0.000572653,0.003903558
328,768,105,0.004663476,0.000682784,0.003980692
328,768,106,0.004518104,0.000595385,0.003922719
328,768,107,0.004637658,0.000642706,0.003994952
328,768,108,0.00524624,0.001396247,0.003849993
328,768,109,0.005552849,0.001543269,0.00400958
328,768,110,0.004296702,0.000524447,0.003772255
329,768,1,0.758400225,0.634458917,0.123941308
329,768,2,0.016429823,0.013404089,0.003025734
329,768,3,0.071715461,0.068699809,0.003015652
329,768,4,0.099133524,0.096113237,0.003020287
329,768,5,0.003875181,0.000724572,0.003150609
329,768,6,0.003554236,0.000441595,0.003112641
329,768,7,0.003606066,0.000475391,0.003130675
329,768,8,0.003518195,0.000418611,0.003099584
329,768,9,0.003520431,0.000397037,0.003123394
329,768,10,0.003592815,0.000417584,0.003175231
329,768,11,0.003513353,0.000394232,0.003119121
329,768,12,0.003556486,0.000404308,0.003152178
329,768,13,0.038256023,0.034863154,0.003392869
329,768,14,0.004956728,0.001539766,0.003416962
329,768,15,0.004810585,0.001342243,0.003468342
329,768,16,0.004439608,0.000837574,0.003602034
329,768,17,0.004358298,0.000834518,0.00352378
329,768,18,0.004001047,0.000524011,0.003477036
329,768,19,0.004002066,0.000552076,0.00344999
329,768,20,0.004118748,0.000738648,0.0033801
329,768,21,0.004971847,0.00165656,0.003315287
329,768,22,0.004658171,0.001265021,0.00339315
329,768,23,0.004721563,0.001277735,0.003443828
329,768,24,0.014304946,0.010902268,0.003402678
329,768,25,0.005761241,0.002383554,0.003377687
329,768,26,0.00563273,0.002227416,0.003405314
329,768,27,0.005383674,0.001917772,0.003465902
329,768,28,0.005181232,0.001686212,0.00349502
329,768,29,0.00534059,0.00196786,0.00337273
329,768,30,0.004758105,0.001245644,0.003512461
329,768,31,0.00510369,0.001574506,0.003529184
329,768,32,0.005146933,0.001744208,0.003402725
329,768,33,0.004627992,0.001131009,0.003496983
329,768,34,0.004618714,0.001002842,0.003615872
329,768,35,0.004424218,0.000856708,0.00356751
329,768,36,0.004785267,0.001172817,0.00361245
329,768,37,0.004608701,0.001006116,0.003602585
329,768,38,0.004717347,0.001104824,0.003612523
329,768,39,0.004545695,0.000853376,0.003692319
329,768,40,0.004770369,0.001064284,0.003706085
329,768,41,0.004545665,0.000781213,0.003764452
329,768,42,0.004481972,0.000807788,0.003674184
329,768,43,0.004668923,0.000961713,0.00370721
329,768,44,0.004691922,0.000926434,0.003765488
329,768,45,0.004420113,0.000748371,0.003671742
329,768,46,0.004822445,0.001148719,0.003673726
329,768,47,0.00492547,0.001143385,0.003782085
329,768,48,0.004449737,0.00073333,0.003716407
329,768,49,0.004754654,0.001039693,0.003714961
329,768,50,0.004926185,0.001195418,0.003730767
329,768,51,0.004928637,0.001178978,0.003749659
329,768,52,0.004711702,0.000988915,0.003722787
329,768,53,0.004592108,0.000797749,0.003794359
329,768,54,0.005599264,0.001746186,0.003853078
329,768,55,0.004647668,0.000686615,0.003961053
329,768,56,0.004635659,0.000680763,0.003954896
329,768,57,0.004771599,0.00080156,0.003970039
329,768,58,0.004688987,0.000748481,0.003940506
329,768,59,0.004570499,0.000666877,0.003903622
329,768,60,0.004510958,0.00069127,0.003819688
329,768,61,0.004676267,0.000825224,0.003851043
329,768,62,0.004856902,0.00095885,0.003898052
329,768,63,0.005680888,0.001734494,0.003946394
329,768,64,0.004998892,0.001197013,0.003801879
329,768,65,0.004582779,0.000792473,0.003790306
329,768,66,0.004390148,0.000569936,0.003820212
329,768,67,0.006073911,0.0023336,0.003740311
329,768,68,0.004837302,0.001070215,0.003767087
329,768,69,0.004879873,0.001002206,0.003877667
329,768,70,0.00463735,0.000841506,0.003795844
329,768,71,0.00464631,0.000886739,0.003759571
329,768,72,0.004553411,0.000865011,0.0036884
329,768,73,0.004832492,0.000999277,0.003833215
329,768,74,0.004687785,0.000787307,0.003900478
329,768,75,0.004690851,0.000876476,0.003814375
329,768,76,0.00555132,0.001648778,0.003902542
329,768,77,0.004552659,0.000583254,0.003969405
329,768,78,0.005038334,0.001145765,0.003892569
329,768,79,0.004608811,0.00076976,0.003839051
329,768,80,0.004349355,0.000548265,0.00380109
329,768,81,0.008122643,0.004155223,0.00396742
329,768,82,0.004644855,0.000724978,0.003919877
329,768,83,0.004219653,0.000490021,0.003729632
329,768,84,0.004454372,0.000569273,0.003885099
329,768,85,0.008312789,0.004487539,0.00382525
329,768,86,0.004776921,0.000943203,0.003833718
329,768,87,0.004396335,0.000673848,0.003722487
329,768,88,0.004140107,0.000440952,0.003699155
329,768,89,0.007627165,0.000604129,0.007023036
329,768,90,0.004916835,0.00109382,0.003823015
329,768,91,0.004200456,0.000503547,0.003696909
329,768,92,0.004139032,0.000472302,0.00366673
329,768,93,0.006467892,0.002683643,0.003784249
329,768,94,0.005138323,0.001278152,0.003860171
329,768,95,0.004311675,0.000545916,0.003765759
329,768,96,0.004272852,0.000574187,0.003698665
329,768,97,0.004348918,0.00054368,0.003805238
329,768,98,0.005524352,0.00182893,0.003695422
329,768,99,0.005382581,0.001646686,0.003735895
329,768,100,0.004166529,0.00043967,0.003726859
329,768,101,0.008081411,0.004287815,0.003793596
329,768,102,0.004242236,0.000454639,0.003787597
329,768,103,0.004578981,0.000567368,0.004011613
329,768,104,0.004529551,0.000504042,0.004025509
329,768,105,0.0045582,0.000488801,0.004069399
329,768,106,0.004528236,0.000521547,0.004006689
329,768,107,0.004552605,0.000562779,0.003989826
329,768,108,0.004484371,0.00063129,0.003853081
329,768,109,0.005446844,0.001378386,0.004068458
329,768,110,0.0051526,0.001405671,0.003746929
330,768,1,0.760508889,0.636284689,0.1242242
330,768,2,0.082596447,0.079574192,0.003022255
330,768,3,0.099356886,0.096333716,0.00302317
330,768,4,0.003679272,0.000570725,0.003108547
330,768,5,0.003557613,0.000421496,0.003136117
330,768,6,0.003666788,0.000498646,0.003168142
330,768,7,0.003502352,0.000385155,0.003117197
330,768,8,0.003549014,0.000392063,0.003156951
330,768,9,0.003491242,0.000381159,0.003110083
330,768,10,0.003548851,0.000386625,0.003162226
330,768,11,0.003483232,0.00038235,0.003100882
330,768,12,0.037764236,0.034649646,0.00311459
330,768,13,0.005270783,0.001938089,0.003332694
330,768,14,0.004832543,0.001304208,0.003528335
330,768,15,0.004320174,0.00077871,0.003541464
330,768,16,0.004367534,0.000805905,0.003561629
330,768,17,0.004105495,0.000559729,0.003545766
330,768,18,0.004001899,0.000517864,0.003484035
330,768,19,0.004140214,0.000660352,0.003479862
330,768,20,0.004626941,0.00124141,0.003385531
330,768,21,0.004442005,0.001076733,0.003365272
330,768,22,0.004727742,0.001303378,0.003424364
330,768,23,0.014903859,0.01155532,0.003348539
330,768,24,0.005802062,0.002481062,0.003321
330,768,25,0.005615224,0.002165356,0.003449868
330,768,26,0.00529196,0.001844775,0.003447185
330,768,27,0.004948197,0.001479413,0.003468784
330,768,28,0.005066052,0.001672302,0.00339375
330,768,29,0.004741236,0.001319095,0.003422141
330,768,30,0.00537734,0.001789533,0.003587807
330,768,31,0.005145989,0.001474397,0.003671592
330,768,32,0.004410835,0.000805359,0.003605476
330,768,33,0.004564707,0.000936934,0.003627773
330,768,34,0.004474477,0.000859345,0.003615132
330,768,35,0.004864364,0.001176361,0.003688003
330,768,36,0.004650178,0.001004766,0.003645412
330,768,37,0.004700648,0.000936007,0.003764641
330,768,38,0.004549481,0.000827259,0.003722222
330,768,39,0.004637153,0.000892056,0.003745097
330,768,40,0.004531648,0.000789218,0.00374243
330,768,41,0.0044304,0.000719299,0.003711101
330,768,42,0.00463124,0.000918529,0.003712711
330,768,43,0.004772546,0.000938054,0.003834492
330,768,44,0.00451954,0.000723918,0.003795622
330,768,45,0.004918,0.001093782,0.003824218
330,768,46,0.004748656,0.001003073,0.003745583
330,768,47,0.004599662,0.000732512,0.00386715
330,768,48,0.004664613,0.000940551,0.003724062
330,768,49,0.004907909,0.001143537,0.003764372
330,768,50,0.00486803,0.001254277,0.003613753
330,768,51,0.004742891,0.001090283,0.003652608
330,768,52,0.004566518,0.000928408,0.00363811
330,768,53,0.005447555,0.001714419,0.003733136
330,768,54,0.004590717,0.000740591,0.003850126
330,768,55,0.004808635,0.000875449,0.003933186
330,768,56,0.004806159,0.000875632,0.003930527
330,768,57,0.004684137,0.000769987,0.00391415
330,768,58,0.004660772,0.000753637,0.003907135
330,768,59,0.00456953,0.00059504,0.00397449
330,768,60,0.004463609,0.000597582,0.003866027
330,768,61,0.00486791,0.001006129,0.003861781
330,768,62,0.005714912,0.001734738,0.003980174
330,768,63,0.005183346,0.001243279,0.003940067
330,768,64,0.004510029,0.000637324,0.003872705
330,768,65,0.004374894,0.000558146,0.003816748
330,768,66,0.006137474,0.002348293,0.003789181
330,768,67,0.004843387,0.001114036,0.003729351
330,768,68,0.004610479,0.000804999,0.00380548
330,768,69,0.004627978,0.000784335,0.003843643
330,768,70,0.004506364,0.000740688,0.003765676
330,768,71,0.004676991,0.000883363,0.003793628
330,768,72,0.004514783,0.00080213,0.003712653
330,768,73,0.004983846,0.001171482,0.003812364
330,768,74,0.004834585,0.000887482,0.003947103
330,768,75,0.005589592,0.00159047,0.003999122
330,768,76,0.004485831,0.00056668,0.003919151
330,768,77,0.004762339,0.000791779,0.00397056
330,768,78,0.004511555,0.000623854,0.003887701
330,768,79,0.004418099,0.000618414,0.003799685
330,768,80,0.008471219,0.004629575,0.003841644
330,768,81,0.004748296,0.000758355,0.003989941
330,768,82,0.004396292,0.00044694,0.003949352
330,768,83,0.004281123,0.000524822,0.003756301
330,768,84,0.008062402,0.000541263,0.007521139
330,768,85,0.005013926,0.001231901,0.003782025
330,768,86,0.004453939,0.000580695,0.003873244
330,768,87,0.00426167,0.000523759,0.003737911
330,768,88,0.004230149,0.000483792,0.003746357
330,768,89,0.004371934,0.000629817,0.003742117
330,768,90,0.006922488,0.003271561,0.003650927
330,768,91,0.004810016,0.001029045,0.003780971
330,768,92,0.004130468,0.000462412,0.003668056
330,768,93,0.004242625,0.000487123,0.003755502
330,768,94,0.006489732,0.002672017,0.003817715
330,768,95,0.005117822,0.00130329,0.003814532
330,768,96,0.004272393,0.000558749,0.003713644
330,768,97,0.004282233,0.000473636,0.003808597
330,768,98,0.004339327,0.000555406,0.003783921
330,768,99,0.005441987,0.001699443,0.003742544
330,768,100,0.005429084,0.001671971,0.003757113
330,768,101,0.004256999,0.000467568,0.003789431
330,768,102,0.008101087,0.004292806,0.003808281
330,768,103,0.004449579,0.000415144,0.004034435
330,768,104,0.004464636,0.000439768,0.004024868
330,768,105,0.004564525,0.000512938,0.004051587
330,768,106,0.004532327,0.000518558,0.004013769
330,768,107,0.004562926,0.000532654,0.004030272
330,768,108,0.004467086,0.000563988,0.003903098
330,768,109,0.0045116,0.0006053,0.0039063
330,768,110,0.005391611,0.001518995,0.003872616
331,768,1,0.757821275,0.633908331,0.123912944
331,768,2,0.18140175,0.178342085,0.003059665
331,768,3,0.003598324,0.000430314,0.00316801
331,768,4,0.003552825,0.000341808,0.003211017
331,768,5,0.003559021,0.000352271,0.00320675
331,768,6,0.003551599,0.000348473,0.003203126
331,768,7,0.003492659,0.000351243,0.003141416
331,768,8,0.003524025,0.000331583,0.003192442
331,768,9,0.003488318,0.000344179,0.003144139
331,768,10,0.003529944,0.000336732,0.003193212
331,768,11,0.037527061,0.034399532,0.003127529
331,768,12,0.005109688,0.001819687,0.003290001
331,768,13,0.004677609,0.001303785,0.003373824
331,768,14,0.004564734,0.000982423,0.003582311
331,768,15,0.004363495,0.000777718,0.003585777
331,768,16,0.004120414,0.000487439,0.003632975
331,768,17,0.004105599,0.000515422,0.003590177
331,768,18,0.004001706,0.00047532,0.003526386
331,768,19,0.00417026,0.000666065,0.003504195
331,768,20,0.004551413,0.001133388,0.003418025
331,768,21,0.004587503,0.001178664,0.003408839
331,768,22,0.015640299,0.012285734,0.003354565
331,768,23,0.005824687,0.002364693,0.003459994
331,768,24,0.005487615,0.00201752,0.003470095
331,768,25,0.005258506,0.001759553,0.003498953
331,768,26,0.004894526,0.001439011,0.003455515
331,768,27,0.005152744,0.001702325,0.003450419
331,768,28,0.004756443,0.00127755,0.003478893
331,768,29,0.004736768,0.001275357,0.003461411
331,768,30,0.005084533,0.00151831,0.003566223
331,768,31,0.004459887,0.000759701,0.003700186
331,768,32,0.004540581,0.000948187,0.003592394
331,768,33,0.004524679,0.000880535,0.003644144
331,768,34,0.004908177,0.001239556,0.003668621
331,768,35,0.004619921,0.000924754,0.003695167
331,768,36,0.004680087,0.000907139,0.003772948
331,768,37,0.004488281,0.000787725,0.003700556
331,768,38,0.004798579,0.000983184,0.003815395
331,768,39,0.004628644,0.000794762,0.003833882
331,768,40,0.00438214,0.000621202,0.003760938
331,768,41,0.004665934,0.000894245,0.003771689
331,768,42,0.004676498,0.000908965,0.003767533
331,768,43,0.004614898,0.000833894,0.003781004
331,768,44,0.0049721,0.001183143,0.003788957
331,768,45,0.004766373,0.001008402,0.003757971
331,768,46,0.004432817,0.000765806,0.003667011
331,768,47,0.004885633,0.001164993,0.00372064
331,768,48,0.004804222,0.001203904,0.003600318
331,768,49,0.004854787,0.001214324,0.003640463
331,768,50,0.004832075,0.001173281,0.003658794
331,768,51,0.004620543,0.000963872,0.003656671
331,768,52,0.005123723,0.001403534,0.003720189
331,768,53,0.004757984,0.000947196,0.003810788
331,768,54,0.004777355,0.000862564,0.003914791
331,768,55,0.004744863,0.000762567,0.003982296
331,768,56,0.004781538,0.000787852,0.003993686
331,768,57,0.004637057,0.000648021,0.003989036
331,768,58,0.004534564,0.000544334,0.00399023
331,768,59,0.004516852,0.000555618,0.003961234
331,768,60,0.004824447,0.000894533,0.003929914
331,768,61,0.00562833,0.001664561,0.003963769
331,768,62,0.005278507,0.001305003,0.003973504
331,768,63,0.004523854,0.000534111,0.003989743
331,768,64,0.004437653,0.000549,0.003888653
331,768,65,0.006220074,0.002358089,0.003861985
331,768,66,0.004837527,0.000972701,0.003864826
331,768,67,0.00449404,0.000690032,0.003804008
331,768,68,0.004491758,0.000582254,0.003909504
331,768,69,0.004611733,0.000708998,0.003902735
331,768,70,0.004485918,0.000684986,0.003800932
331,768,71,0.00474583,0.000970843,0.003774987
331,768,72,0.004784562,0.001013689,0.003770873
331,768,73,0.004855116,0.000935794,0.003919322
331,768,74,0.00561398,0.001699396,0.003914584
331,768,75,0.004575637,0.000586976,0.003988661
331,768,76,0.004706268,0.000714216,0.003992052
331,768,77,0.004563561,0.000592861,0.0039707
331,768,78,0.00450642,0.000561633,0.003944787
331,768,79,0.008435192,0.003180622,0.00525457
331,768,80,0.004636809,0.000773252,0.003863557
331,768,81,0.004475027,0.000549523,0.003925504
331,768,82,0.004494599,0.000520048,0.003974551
331,768,83,0.004259244,0.00050541,0.003753834
331,768,84,0.004521152,0.000536974,0.003984178
331,768,85,0.007453213,0.003606776,0.003846437
331,768,86,0.004753686,0.000880128,0.003873558
331,768,87,0.004307779,0.000561403,0.003746376
331,768,88,0.004310312,0.000531851,0.003778461
331,768,89,0.004374861,0.000511378,0.003863483
331,768,90,0.00425845,0.000520129,0.003738321
331,768,91,0.006882264,0.003149109,0.003733155
331,768,92,0.004753591,0.001050519,0.003703072
331,768,93,0.004251991,0.000489521,0.00376247
331,768,94,0.004289285,0.000505478,0.003783807
331,768,95,0.00648756,0.002675835,0.003811725
331,768,96,0.005108483,0.00126756,0.003840923
331,768,97,0.00468265,0.000822458,0.003860192
331,768,98,0.004382143,0.000513484,0.003868659
331,768,99,0.004284766,0.00046555,0.003819216
331,768,100,0.004894454,0.001156553,0.003737901
331,768,101,0.005481747,0.001677283,0.003804464
331,768,102,0.004290738,0.00043936,0.003851378
331,768,103,0.008267382,0.004264669,0.004002713
331,768,104,0.004481517,0.000452684,0.004028833
331,768,105,0.004579516,0.000532754,0.004046762
331,768,106,0.004513219,0.000515382,0.003997837
331,768,107,0.004580363,0.000559239,0.004021124
331,768,108,0.004541542,0.000550751,0.003990791
331,768,109,0.004503472,0.000532463,0.003971009
331,768,110,0.004642008,0.00062034,0.004021668
332,768,1,0.759236472,0.635447363,0.123789109
332,768,2,0.013074033,0.010056556,0.003017477
332,768,3,0.170137538,0.167105568,0.00303197
332,768,4,0.003657784,0.000549527,0.003108257
332,768,5,0.003548916,0.000416534,0.003132382
332,768,6,0.003520096,0.000414133,0.003105963
332,768,7,0.003593514,0.000484879,0.003108635
332,768,8,0.003530696,0.000372256,0.00315844
332,768,9,0.003474691,0.000354746,0.003119945
332,768,10,0.037792524,0.034766537,0.003025987
332,768,11,0.004826294,0.001760231,0.003066063
332,768,12,0.004836369,0.001535844,0.003300525
332,768,13,0.004465911,0.001019775,0.003446136
332,768,14,0.004351612,0.000817806,0.003533806
332,768,15,0.00403907,0.000472612,0.003566458
332,768,16,0.004097107,0.000523803,0.003573304
332,768,17,0.004029303,0.000535938,0.003493365
332,768,18,0.004016178,0.000523497,0.003492681
332,768,19,0.004100638,0.000637239,0.003463399
332,768,20,0.004692625,0.001357136,0.003335489
332,768,21,0.016407801,0.01316388,0.003243921
332,768,22,0.005759287,0.002361651,0.003397636
332,768,23,0.005503501,0.002083219,0.003420282
332,768,24,0.005231032,0.001908076,0.003322956
332,768,25,0.004914181,0.001434544,0.003479637
332,768,26,0.005122146,0.001682056,0.00344009
332,768,27,0.004747206,0.001218943,0.003528263
332,768,28,0.00451953,0.001023901,0.003495629
332,768,29,0.004867413,0.001346045,0.003521368
332,768,30,0.004504489,0.000902587,0.003601902
332,768,31,0.004499157,0.000838265,0.003660892
332,768,32,0.004456085,0.000892901,0.003563184
332,768,33,0.004799072,0.001240121,0.003558951
332,768,34,0.004600106,0.001090152,0.003509954
332,768,35,0.004771435,0.001090842,0.003680593
332,768,36,0.004648322,0.000973835,0.003674487
332,768,37,0.004590038,0.000906008,0.00368403
332,768,38,0.004793381,0.001075648,0.003717733
332,768,39,0.004428024,0.000753404,0.00367462
332,768,40,0.004739886,0.00093288,0.003807006
332,768,41,0.004707379,0.000905328,0.003802051
332,768,42,0.00447688,0.000808754,0.003668126
332,768,43,0.004915308,0.001144771,0.003770537
332,768,44,0.004753441,0.00103411,0.003719331
332,768,45,0.004574274,0.00087692,0.003697354
332,768,46,0.00481628,0.001123493,0.003692787
332,768,47,0.004941633,0.001241942,0.003699691
332,768,48,0.004860476,0.001132491,0.003727985
332,768,49,0.004740291,0.000996507,0.003743784
332,768,50,0.004668891,0.000994282,0.003674609
332,768,51,0.004954118,0.001277275,0.003676843
332,768,52,0.004692738,0.00094855,0.003744188
332,768,53,0.004664304,0.000857237,0.003807067
332,768,54,0.004750019,0.000809145,0.003940874
332,768,55,0.004834117,0.00089631,0.003937807
332,768,56,0.004622337,0.000664334,0.003958003
332,768,57,0.004544675,0.000620731,0.003923944
332,768,58,0.004536615,0.00069032,0.003846295
332,768,59,0.004852674,0.000885743,0.003966931
332,768,60,0.005579331,0.001677059,0.003902272
332,768,61,0.005240287,0.001382418,0.003857869
332,768,62,0.004478661,0.000600996,0.003877665
332,768,63,0.004616637,0.000721142,0.003895495
332,768,64,0.006236577,0.002413397,0.00382318
332,768,65,0.00487422,0.001067081,0.003807139
332,768,66,0.004466878,0.000681623,0.003785255
332,768,67,0.004393968,0.000660184,0.003733784
332,768,68,0.004476499,0.000644946,0.003831553
332,768,69,0.004724216,0.000896385,0.003827831
332,768,70,0.004705525,0.000910541,0.003794984
332,768,71,0.004758229,0.000996712,0.003761517
332,768,72,0.004659171,0.000935551,0.00372362
332,768,73,0.005741382,0.001819813,0.003921569
332,768,74,0.004585686,0.000754933,0.003830753
332,768,75,0.004754493,0.000825008,0.003929485
332,768,76,0.004515986,0.00061665,0.003899336
332,768,77,0.004538725,0.000644417,0.003894308
332,768,78,0.004684045,0.000806368,0.003877677
332,768,79,0.004499296,0.000679538,0.003819758
332,768,80,0.007539061,0.003723808,0.003815253
332,768,81,0.004592461,0.000700162,0.003892299
332,768,82,0.004446128,0.000545299,0.003900829
332,768,83,0.004334079,0.000618448,0.003715631
332,768,84,0.00447009,0.000540195,0.003929895
332,768,85,0.004381112,0.000614632,0.00376648
332,768,86,0.007515082,0.003622516,0.003892566
332,768,87,0.004616498,0.000920234,0.003696264
332,768,88,0.004242237,0.000564188,0.003678049
332,768,89,0.004525511,0.000676463,0.003849048
332,768,90,0.004187474,0.000489584,0.00369789
332,768,91,0.004140768,0.00050198,0.003638788
332,768,92,0.007012315,0.003303221,0.003709094
332,768,93,0.004788703,0.001061207,0.003727496
332,768,94,0.004244224,0.000512661,0.003731563
332,768,95,0.006699369,0.00058462,0.006114749
332,768,96,0.005929955,0.001260325,0.00466963
332,768,97,0.004404458,0.000583409,0.003821049
332,768,98,0.004345528,0.000587517,0.003758011
332,768,99,0.004298848,0.000523651,0.003775197
332,768,100,0.004247997,0.000588372,0.003659625
332,768,101,0.004244931,0.000532061,0.00371287
332,768,102,0.005442903,0.001682218,0.003760685
332,768,103,0.004441479,0.000569471,0.003872008
332,768,104,0.008417369,0.004371788,0.004045581
332,768,105,0.004566458,0.00054521,0.004021248
332,768,106,0.004518288,0.000566721,0.003951567
332,768,107,0.004609448,0.000609354,0.004000094
332,768,108,0.004453234,0.000545962,0.003907272
332,768,109,0.004462974,0.000583278,0.003879696
332,768,110,0.004506549,0.00060569,0.003900859
333,768,1,0.758608694,0.634709453,0.123899241
333,768,2,0.072358114,0.069331835,0.003026279
333,768,3,0.003724582,0.000593523,0.003131059
333,768,4,0.11088003,0.107859392,0.003020638
333,768,5,0.003843432,0.00068503,0.003158402
333,768,6,0.003523385,0.000411441,0.003111944
333,768,7,0.003541736,0.000396466,0.00314527
333,768,8,0.003484676,0.000381327,0.003103349
333,768,9,0.038314791,0.035277027,0.003037764
333,768,10,0.004519404,0.001484165,0.003035239
333,768,11,0.004617859,0.001437195,0.003180664
333,768,12,0.004549582,0.00111882,0.003430762
333,768,13,0.004220344,0.000782139,0.003438205
333,768,14,0.004099549,0.00056245,0.003537099
333,768,15,0.004066764,0.000538845,0.003527919
333,768,16,0.004079818,0.000527783,0.003552035
333,768,17,0.004022222,0.000535983,0.003486239
333,768,18,0.004054752,0.000547346,0.003507406
333,768,19,0.004235836,0.000781161,0.003454675
333,768,20,0.01730185,0.013936686,0.003365164
333,768,21,0.005650927,0.002264636,0.003386291
333,768,22,0.005431754,0.002115588,0.003316166
333,768,23,0.005352245,0.00198688,0.003365365
333,768,24,0.00475723,0.001360603,0.003396627
333,768,25,0.005143638,0.001716162,0.003427476
333,768,26,0.004662976,0.001239681,0.003423295
333,768,27,0.004539727,0.001029055,0.003510672
333,768,28,0.004387963,0.000870302,0.003517661
333,768,29,0.004507995,0.000985998,0.003521997
333,768,30,0.004532917,0.00100513,0.003527787
333,768,31,0.004659543,0.001029252,0.003630291
333,768,32,0.004576742,0.00102773,0.003549012
333,768,33,0.004723762,0.001125463,0.003598299
333,768,34,0.004574393,0.001032873,0.00354152
333,768,35,0.004598889,0.00102239,0.003576499
333,768,36,0.00479814,0.001124803,0.003673337
333,768,37,0.00467304,0.000990471,0.003682569
333,768,38,0.004577029,0.000868015,0.003709014
333,768,39,0.004702564,0.000998776,0.003703788
333,768,40,0.004621092,0.00090536,0.003715732
333,768,41,0.004684452,0.001005147,0.003679305
333,768,42,0.004758072,0.001062639,0.003695433
333,768,43,0.004900989,0.001140252,0.003760737
333,768,44,0.004483198,0.000758071,0.003725127
333,768,45,0.004693324,0.001042722,0.003650602
333,768,46,0.005023562,0.001346205,0.003677357
333,768,47,0.004831991,0.00112814,0.003703851
333,768,48,0.004668976,0.000986616,0.00368236
333,768,49,0.004631326,0.000972629,0.003658697
333,768,50,0.004880157,0.001280134,0.003600023
333,768,51,0.004701262,0.001091993,0.003609269
333,768,52,0.004801384,0.000993433,0.003807951
333,768,53,0.004716764,0.000937946,0.003778818
333,768,54,0.004816614,0.000869327,0.003947287
333,768,55,0.004614896,0.000658655,0.003956241
333,768,56,0.004613403,0.00065507,0.003958333
333,768,57,0.004565441,0.000669806,0.003895635
333,768,58,0.004656819,0.000752172,0.003904647
333,768,59,0.004673129,0.000739167,0.003933962
333,768,60,0.004661685,0.00080899,0.003852695
333,768,61,0.004776664,0.0009163,0.003860364
333,768,62,0.005208843,0.001309805,0.003899038
333,768,63,0.007113921,0.003324792,0.003789129
333,768,64,0.004822968,0.00106036,0.003762608
333,768,65,0.004485539,0.000653586,0.003831953
333,768,66,0.00433482,0.000558835,0.003775985
333,768,67,0.004377196,0.000648884,0.003728312
333,768,68,0.004633677,0.00080307,0.003830607
333,768,69,0.00488134,0.001033486,0.003847854
333,768,70,0.004682102,0.000883053,0.003799049
333,768,71,0.00473624,0.000989144,0.003747096
333,768,72,0.00556867,0.001779621,0.003789049
333,768,73,0.004817187,0.000868402,0.003948785
333,768,74,0.004498058,0.000684245,0.003813813
333,768,75,0.004759194,0.000798548,0.003960646
333,768,76,0.004508489,0.000585236,0.003923253
333,768,77,0.004731206,0.000823236,0.00390797
333,768,78,0.004629764,0.000713084,0.00391668
333,768,79,0.004454986,0.000643137,0.003811849
333,768,80,0.004544423,0.000727847,0.003816576
333,768,81,0.006517311,0.002640562,0.003876749
333,768,82,0.004643831,0.00072304,0.003920791
333,768,83,0.004165597,0.000469579,0.003696018
333,768,84,0.004564523,0.000670647,0.003893876
333,768,85,0.007138657,0.000663403,0.006475254
333,768,86,0.005762017,0.001338916,0.004423101
333,768,87,0.004255004,0.000527789,0.003727215
333,768,88,0.00419382,0.000496616,0.003697204
333,768,89,0.004346383,0.000537319,0.003809064
333,768,90,0.004232943,0.000522495,0.003710448
333,768,91,0.004060679,0.000410901,0.003649778
333,768,92,0.004241289,0.000505781,0.003735508
333,768,93,0.006595849,0.002888556,0.003707293
333,768,94,0.004879869,0.001122409,0.00375746
333,768,95,0.004317752,0.00047691,0.003840842
333,768,96,0.007022631,0.003250162,0.003772469
333,768,97,0.005648883,0.001850857,0.003798026
333,768,98,0.004368123,0.000621862,0.003746261
333,768,99,0.004316217,0.000559283,0.003756934
333,768,100,0.004210951,0.000525443,0.003685508
333,768,101,0.004387213,0.000654477,0.003732736
333,768,102,0.004368189,0.000658907,0.003709282
333,768,103,0.005428712,0.001540746,0.003887966
333,768,104,0.004483518,0.000575367,0.003908151
333,768,105,0.008524113,0.004486936,0.004037177
333,768,106,0.004576518,0.00062178,0.003954738
333,768,107,0.004531958,0.000590106,0.003941852
333,768,108,0.004490053,0.000611864,0.003878189
333,768,109,0.00449789,0.000588751,0.003909139
333,768,110,0.004515153,0.000595841,0.003919312
334,768,1,0.756110233,0.632904117,0.123206116
334,768,2,0.073741166,0.070717082,0.003024084
334,768,3,0.04465591,0.041638644,0.003017266
334,768,4,0.00362729,0.000531778,0.003095512
334,768,5,0.070649238,0.067621481,0.003027757
334,768,6,0.003901552,0.000766272,0.00313528
334,768,7,0.003473841,0.000378577,0.003095264
334,768,8,0.038787578,0.035757817,0.003029761
334,768,9,0.004403988,0.00136884,0.003035148
334,768,10,0.004381159,0.001336748,0.003044411
334,768,11,0.004313357,0.001158761,0.003154596
334,768,12,0.004405281,0.001004317,0.003400964
334,768,13,0.003998682,0.00053538,0.003463302
334,768,14,0.004005276,0.000496942,0.003508334
334,768,15,0.004115504,0.000550834,0.00356467
334,768,16,0.004097087,0.000487893,0.003609194
334,768,17,0.004045573,0.000477369,0.003568204
334,768,18,0.004004644,0.00048844,0.003516204
334,768,19,0.017863703,0.014594208,0.003269495
334,768,20,0.005621686,0.002350729,0.003270957
334,768,21,0.005465882,0.002118277,0.003347605
334,768,22,0.005294671,0.001967697,0.003326974
334,768,23,0.004755561,0.001370319,0.003385242
334,768,24,0.005153261,0.001743113,0.003410148
334,768,25,0.004647916,0.001190936,0.00345698
334,768,26,0.00443381,0.000988971,0.003444839
334,768,27,0.004348648,0.000897373,0.003451275
334,768,28,0.004302815,0.000862256,0.003440559
334,768,29,0.004431397,0.000946582,0.003484815
334,768,30,0.004502504,0.000963639,0.003538865
334,768,31,0.004483719,0.000913326,0.003570393
334,768,32,0.004565836,0.000986943,0.003578893
334,768,33,0.00472075,0.001167287,0.003553463
334,768,34,0.004578959,0.001081305,0.003497654
334,768,35,0.0047175,0.00111766,0.00359984
334,768,36,0.00469703,0.001061042,0.003635988
334,768,37,0.004490144,0.000877201,0.003612943
334,768,38,0.004884086,0.001151056,0.00373303
334,768,39,0.004514541,0.000918505,0.003596036
334,768,40,0.004567083,0.000905241,0.003661842
334,768,41,0.00451194,0.0008474,0.00366454
334,768,42,0.004529748,0.000856473,0.003673275
334,768,43,0.004741811,0.000942796,0.003799015
334,768,44,0.004479557,0.000827226,0.003652331
334,768,45,0.00482109,0.00109572,0.00372537
334,768,46,0.004354186,0.000722875,0.003631311
334,768,47,0.004949695,0.001217105,0.00373259
334,768,48,0.004737565,0.001062215,0.00367535
334,768,49,0.004789393,0.001073604,0.003715789
334,768,50,0.004607446,0.000958532,0.003648914
334,768,51,0.004840302,0.00123003,0.003610272
334,768,52,0.004786808,0.001133485,0.003653323
334,768,53,0.004789486,0.000965925,0.003823561
334,768,54,0.004701383,0.000775928,0.003925455
334,768,55,0.004851676,0.000900269,0.003951407
334,768,56,0.004631712,0.000655976,0.003975736
334,768,57,0.004606812,0.000692946,0.003913866
334,768,58,0.004516092,0.000633687,0.003882405
334,768,59,0.004758937,0.000797427,0.00396151
334,768,60,0.004623911,0.000727161,0.00389675
334,768,61,0.004550396,0.000693731,0.003856665
334,768,62,0.00491055,0.000969474,0.003941076
334,768,63,0.005150245,0.001250328,0.003899917
334,768,64,0.007008008,0.003211796,0.003796212
334,768,65,0.004855767,0.001045762,0.003810005
334,768,66,0.004495994,0.000671455,0.003824539
334,768,67,0.004291042,0.000569169,0.003721873
334,768,68,0.004473877,0.000656481,0.003817396
334,768,69,0.004838825,0.000992387,0.003846438
334,768,70,0.004673343,0.000911162,0.003762181
334,768,71,0.006438536,0.00273061,0.003707926
334,768,72,0.004710095,0.000936244,0.003773851
334,768,73,0.004724045,0.000761788,0.003962257
334,768,74,0.00433171,0.000530866,0.003800844
334,768,75,0.004624858,0.000687605,0.003937253
334,768,76,0.004510408,0.000583032,0.003927376
334,768,77,0.005369119,0.001440909,0.00392821
334,768,78,0.004443639,0.000553518,0.003890121
334,768,79,0.004453246,0.000607829,0.003845417
334,768,80,0.004483973,0.000666807,0.003817166
334,768,81,0.004570778,0.000645043,0.003925735
334,768,82,0.005904342,0.002008589,0.003895753
334,768,83,0.004489151,0.000792014,0.003697137
334,768,84,0.004668049,0.00077093,0.003897119
334,768,85,0.004428842,0.000704965,0.003723877
334,768,86,0.006997692,0.003173631,0.003824061
334,768,87,0.005417677,0.001649878,0.003767799
334,768,88,0.004156969,0.000454306,0.003702663
334,768,89,0.004299004,0.000467003,0.003832001
334,768,90,0.004301108,0.000568531,0.003732577
334,768,91,0.004029106,0.000412442,0.003616664
334,768,92,0.004250886,0.000542195,0.003708691
334,768,93,0.006376989,0.002701803,0.003675186
334,768,94,0.005029343,0.001298705,0.003730638
334,768,95,0.004384827,0.000571796,0.003813031
334,768,96,0.004368181,0.000609234,0.003758947
334,768,97,0.006891642,0.003088201,0.003803441
334,768,98,0.005701923,0.001898268,0.003803655
334,768,99,0.004321222,0.000559198,0.003762024
334,768,100,0.004194566,0.00053518,0.003659386
334,768,101,0.004427665,0.00066605,0.003761615
334,768,102,0.004284849,0.000552375,0.003732474
334,768,103,0.004559028,0.00068182,0.003877208
334,768,104,0.00543406,0.001494943,0.003939117
334,768,105,0.005185172,0.001217909,0.003967263
334,768,106,0.007838299,0.00385285,0.003985449
334,768,107,0.004613105,0.000656867,0.003956238
334,768,108,0.004468918,0.000630221,0.003838697
334,768,109,0.004471746,0.00059072,0.003881026
334,768,110,0.004481526,0.000615582,0.003865944
335,768,1,0.753165282,0.631066576,0.122098706
335,768,2,0.049316022,0.046297716,0.003018306
335,768,3,0.003572099,0.000485927,0.003086172
335,768,4,0.003493183,0.000371737,0.003121446
335,768,5,0.003411804,0.000344614,0.00306719
335,768,6,0.070168162,0.067138306,0.003029856
335,768,7,0.03981422,0.036790322,0.003023898
335,768,8,0.004143605,0.001112007,0.003031598
335,768,9,0.004250625,0.00113656,0.003114065
335,768,10,0.004207915,0.001014132,0.003193783
335,768,11,0.004181782,0.000962563,0.003219219
335,768,12,0.004117526,0.000736776,0.00338075
335,768,13,0.004027667,0.000545908,0.003481759
335,768,14,0.004094419,0.000537173,0.003557246
335,768,15,0.004032584,0.00041157,0.003621014
335,768,16,0.004065259,0.000483947,0.003581312
335,768,17,0.004004803,0.000466976,0.003537827
335,768,18,0.01829826,0.014992443,0.003305817
335,768,19,0.00562335,0.002269078,0.003354272
335,768,20,0.005428825,0.002122415,0.00330641
335,768,21,0.005308532,0.001839998,0.003468534
335,768,22,0.004718284,0.001356726,0.003361558
335,768,23,0.005102289,0.001717085,0.003385204
335,768,24,0.004578952,0.001190775,0.003388177
335,768,25,0.004459234,0.000971131,0.003488103
335,768,26,0.004330342,0.000857823,0.003472519
335,768,27,0.004313132,0.000877154,0.003435978
335,768,28,0.004337375,0.000888992,0.003448383
335,768,29,0.004432159,0.000898981,0.003533178
335,768,30,0.004184625,0.000660507,0.003524118
335,768,31,0.004435274,0.000828232,0.003607042
335,768,32,0.004828644,0.001263494,0.00356515
335,768,33,0.004446931,0.000892222,0.003554709
335,768,34,0.004812589,0.001319111,0.003493478
335,768,35,0.004657277,0.001110012,0.003547265
335,768,36,0.004669608,0.000984924,0.003684684
335,768,37,0.004781141,0.001095832,0.003685309
335,768,38,0.004730862,0.000965362,0.0037655
335,768,39,0.004489653,0.000727294,0.003762359
335,768,40,0.004474647,0.000765147,0.0037095
335,768,41,0.004591163,0.000890644,0.003700519
335,768,42,0.004621471,0.000916304,0.003705167
335,768,43,0.004589168,0.000844539,0.003744629
335,768,44,0.004731503,0.000963623,0.00376788
335,768,45,0.004510036,0.000789897,0.003720139
335,768,46,0.004850246,0.001176293,0.003673953
335,768,47,0.004721715,0.000955906,0.003765809
335,768,48,0.004672332,0.000979467,0.003692865
335,768,49,0.004755825,0.001008154,0.003747671
335,768,50,0.004578901,0.000941222,0.003637679
335,768,51,0.004708956,0.000989276,0.00371968
335,768,52,0.004789464,0.000975752,0.003813712
335,768,53,0.004673943,0.000851798,0.003822145
335,768,54,0.004793558,0.000855995,0.003937563
335,768,55,0.004600015,0.000628268,0.003971747
335,768,56,0.004613179,0.00067442,0.003938759
335,768,57,0.004576848,0.000648096,0.003928752
335,768,58,0.00456835,0.0006579,0.00391045
335,768,59,0.004502502,0.000528107,0.003974395
335,768,60,0.004461216,0.000555877,0.003905339
335,768,61,0.004446624,0.0005368,0.003909824
335,768,62,0.004515575,0.000550984,0.003964591
335,768,63,0.004777521,0.000803696,0.003973825
335,768,64,0.005138599,0.001213085,0.003925514
335,768,65,0.00795294,0.004094396,0.003858544
335,768,66,0.00427461,0.000462301,0.003812309
335,768,67,0.004340017,0.000574228,0.003765789
335,768,68,0.004520635,0.000672129,0.003848506
335,768,69,0.004591954,0.000718544,0.00387341
335,768,70,0.005513779,0.001727309,0.00378647
335,768,71,0.004710477,0.000889867,0.00382061
335,768,72,0.005173515,0.001361098,0.003812417
335,768,73,0.004947944,0.000977047,0.003970897
335,768,74,0.00441546,0.000586115,0.003829345
335,768,75,0.004681303,0.000652748,0.004028555
335,768,76,0.005886755,0.00190022,0.003986535
335,768,77,0.004592629,0.00064199,0.003950639
335,768,78,0.004459194,0.000553603,0.003905591
335,768,79,0.004497045,0.000649113,0.003847932
335,768,80,0.004416524,0.000534204,0.00388232
335,768,81,0.005995613,0.002023452,0.003972161
335,768,82,0.004555029,0.000564083,0.003990946
335,768,83,0.004327768,0.000571593,0.003756175
335,768,84,0.00466486,0.000770618,0.003894242
335,768,85,0.004514896,0.00074526,0.003769636
335,768,86,0.004443148,0.000727521,0.003715627
335,768,87,0.006090965,0.002281289,0.003809676
335,768,88,0.005377293,0.001625645,0.003751648
335,768,89,0.004390727,0.000508321,0.003882406
335,768,90,0.004188748,0.000497886,0.003690862
335,768,91,0.00406661,0.000433924,0.003632686
335,768,92,0.006785119,0.000494013,0.006291106
335,768,93,0.00521879,0.001215188,0.004003602
335,768,94,0.004328085,0.000565007,0.003763078
335,768,95,0.004365729,0.000513688,0.003852041
335,768,96,0.004894291,0.001112296,0.003781995
335,768,97,0.005753832,0.001954142,0.00379969
335,768,98,0.004361791,0.00052897,0.003832821
335,768,99,0.005378003,0.001657111,0.003720892
335,768,100,0.004326405,0.00066099,0.003665415
335,768,101,0.004279092,0.000537461,0.003741631
335,768,102,0.004743071,0.001006912,0.003736159
335,768,103,0.004538735,0.000665015,0.00387372
335,768,104,0.006524638,0.00252907,0.003995568
335,768,105,0.00480137,0.00069904,0.00410233
335,768,106,0.004803894,0.00075483,0.004049064
335,768,107,0.006515188,0.002576873,0.003938315
335,768,108,0.004628603,0.000697356,0.003931247
335,768,109,0.004575205,0.000702859,0.003872346
335,768,110,0.004619493,0.00071587,0.003903623
336,768,1,0.780031553,0.653006125,0.127025428
336,768,2,0.046601783,0.043522021,0.003079762
336,768,3,0.048114572,0.045066721,0.003047851
336,768,4,0.003637826,0.000485455,0.003152371
336,768,5,0.003548387,0.000363457,0.00318493
336,768,6,0.106892773,0.103816392,0.003076381
336,768,7,0.003989633,0.000844349,0.003145284
336,768,8,0.004289775,0.001073946,0.003215829
336,768,9,0.004164834,0.000916095,0.003248739
336,768,10,0.003864473,0.000636963,0.00322751
336,768,11,0.003862796,0.000630251,0.003232545
336,768,12,0.003944743,0.000709057,0.003235686
336,768,13,0.004005742,0.000723037,0.003282705
336,768,14,0.004054574,0.000800722,0.003253852
336,768,15,0.003981212,0.000640637,0.003340575
336,768,16,0.004013409,0.000658679,0.00335473
336,768,17,0.018897739,0.01521512,0.003682619
336,768,18,0.005575594,0.001689433,0.003886161
336,768,19,0.005500333,0.001565151,0.003935182
336,768,20,0.005138947,0.001060714,0.004078233
336,768,21,0.004788143,0.000810656,0.003977487
336,768,22,0.005086564,0.001175637,0.003910927
336,768,23,0.004584601,0.00076871,0.003815891
336,768,24,0.004347605,0.000599481,0.003748124
336,768,25,0.004350253,0.00063047,0.003719783
336,768,26,0.004349406,0.000597646,0.00375176
336,768,27,0.004314993,0.000619176,0.003695817
336,768,28,0.004353698,0.000613935,0.003739763
336,768,29,0.004169566,0.000586194,0.003583372
336,768,30,0.004306704,0.000757534,0.00354917
336,768,31,0.004788048,0.00110295,0.003685098
336,768,32,0.004365395,0.000783547,0.003581848
336,768,33,0.005030257,0.001321605,0.003708652
336,768,34,0.004562061,0.000807471,0.00375459
336,768,35,0.004424624,0.00076955,0.003655074
336,768,36,0.004727443,0.00103684,0.003690603
336,768,37,0.004603636,0.000797346,0.00380629
336,768,38,0.00441978,0.000704533,0.003715247
336,768,39,0.004655255,0.000873702,0.003781553
336,768,40,0.004819226,0.000891426,0.0039278
336,768,41,0.004612855,0.000708221,0.003904634
336,768,42,0.004547879,0.000666427,0.003881452
336,768,43,0.004596236,0.00075791,0.003838326
336,768,44,0.004652314,0.000703055,0.003949259
336,768,45,0.004890232,0.000759987,0.004130245
336,768,46,0.004640318,0.000713576,0.003926742
336,768,47,0.004741376,0.000682523,0.004058853
336,768,48,0.004691389,0.000628001,0.004063388
336,768,49,0.004704596,0.00063002,0.004074576
336,768,50,0.00461587,0.000637458,0.003978412
336,768,51,0.004702317,0.000616155,0.004086162
336,768,52,0.004659574,0.000650735,0.004008839
336,768,53,0.004677961,0.000655632,0.004022329
336,768,54,0.004503932,0.000604886,0.003899046
336,768,55,0.004598286,0.000655493,0.003942793
336,768,56,0.004467339,0.000573597,0.003893742
336,768,57,0.004537563,0.000651187,0.003886376
336,768,58,0.00436077,0.000608907,0.003751863
336,768,59,0.004383047,0.000623519,0.003759528
336,768,60,0.004193962,0.000543211,0.003650751
336,768,61,0.004316122,0.000765958,0.003550164
336,768,62,0.004628862,0.001010521,0.003618341
336,768,63,0.004516248,0.000890429,0.003625819
336,768,64,0.00453571,0.000806677,0.003729033
336,768,65,0.005453654,0.001779999,0.003673655
336,768,66,0.007292726,0.003866435,0.003426291
336,768,67,0.004348219,0.000944949,0.00340327
336,768,68,0.004459504,0.001025611,0.003433893
336,768,69,0.006408141,0.002818888,0.003589253
336,768,70,0.004870415,0.001057057,0.003813358
336,768,71,0.00451663,0.000834732,0.003681898
336,768,72,0.004333009,0.0007802,0.003552809
336,768,73,0.004672503,0.00114417,0.003528333
336,768,74,0.004708303,0.001105576,0.003602727
336,768,75,0.006506542,0.003088195,0.003418347
336,768,76,0.004552154,0.001080899,0.003471255
336,768,77,0.004687951,0.001115084,0.003572867
336,768,78,0.004455016,0.000941351,0.003513665
336,768,79,0.004511596,0.000920526,0.00359107
336,768,80,0.006036887,0.002424319,0.003612568
336,768,81,0.004475235,0.000865324,0.003609911
336,768,82,0.004507719,0.000786551,0.003721168
336,768,83,0.004386618,0.000907892,0.003478726
336,768,84,0.004672507,0.001111937,0.00356057
336,768,85,0.004818689,0.001030091,0.003788598
336,768,86,0.004494306,0.000728759,0.003765547
336,768,87,0.004481099,0.000688642,0.003792457
336,768,88,0.00497288,0.001249831,0.003723049
336,768,89,0.005226921,0.001637557,0.003589364
336,768,90,0.004531052,0.000798313,0.003732739
336,768,91,0.004197187,0.000459864,0.003737323
336,768,92,0.004645125,0.000949459,0.003695666
336,768,93,0.006587496,0.002834904,0.003752592
336,768,94,0.004854426,0.001137904,0.003716522
336,768,95,0.005795388,0.001953434,0.003841954
336,768,96,0.005758836,0.001866982,0.003891854
336,768,97,0.004335612,0.000500873,0.003834739
336,768,98,0.004392277,0.000515062,0.003877215
336,768,99,0.004561352,0.00070159,0.003859762
336,768,100,0.004323113,0.000531578,0.003791535
336,768,101,0.005557743,0.001776926,0.003780817
336,768,102,0.004408316,0.000579843,0.003828473
336,768,103,0.006358114,0.002500251,0.003857863
336,768,104,0.004725145,0.000818913,0.003906232
336,768,105,0.004846916,0.000878568,0.003968348
336,768,106,0.005090892,0.001132631,0.003958261
336,768,107,0.00466834,0.000708595,0.003959745
336,768,108,0.004853181,0.001094348,0.003758833
336,768,109,0.004790414,0.000874087,0.003916327
336,768,110,0.004591663,0.00068239,0.003909273
337,768,1,0.752847729,0.62935797,0.123489759
337,768,2,0.076120533,0.073092554,0.003027979
337,768,3,0.003673192,0.00056159,0.003111602
337,768,4,0.0451912,0.042175975,0.003015225
337,768,5,0.003754977,0.000658879,0.003096098
337,768,6,0.010820134,0.007821164,0.00299897
337,768,7,0.09992547,0.096906178,0.003019292
337,768,8,0.004300792,0.001194013,0.003106779
337,768,9,0.004225567,0.001059176,0.003166391
337,768,10,0.0038206,0.000712032,0.003108568
337,768,11,0.003961237,0.000861918,0.003099319
337,768,12,0.004046693,0.000943259,0.003103434
337,768,13,0.003984178,0.000863937,0.003120241
337,768,14,0.004006987,0.000872973,0.003134014
337,768,15,0.003982958,0.000792249,0.003190709
337,768,16,0.01934008,0.015927172,0.003412908
337,768,17,0.005409249,0.001782653,0.003626596
337,768,18,0.005474384,0.001685738,0.003788646
337,768,19,0.004979147,0.001188678,0.003790469
337,768,20,0.00489661,0.001090679,0.003805931
337,768,21,0.005094513,0.001353433,0.00374108
337,768,22,0.004756989,0.000942099,0.00381489
337,768,23,0.004297034,0.000651966,0.003645068
337,768,24,0.004260069,0.000605493,0.003654576
337,768,25,0.004240005,0.000593274,0.003646731
337,768,26,0.004199908,0.000620496,0.003579412
337,768,27,0.00421783,0.000618571,0.003599259
337,768,28,0.004293196,0.000744992,0.003548204
337,768,29,0.0044265,0.000982577,0.003443923
337,768,30,0.00479652,0.001182089,0.003614431
337,768,31,0.004511602,0.001008738,0.003502864
337,768,32,0.00478199,0.001257972,0.003524018
337,768,33,0.00464243,0.001022371,0.003620059
337,768,34,0.004455448,0.000848521,0.003606927
337,768,35,0.00472953,0.001111997,0.003617533
337,768,36,0.004460279,0.000874257,0.003586022
337,768,37,0.004683599,0.001048895,0.003634704
337,768,38,0.004624311,0.000918562,0.003705749
337,768,39,0.004675711,0.000907116,0.003768595
337,768,40,0.004588243,0.00082362,0.003764623
337,768,41,0.004586946,0.000789784,0.003797162
337,768,42,0.004593186,0.000842858,0.003750328
337,768,43,0.004628919,0.000789019,0.0038399
337,768,44,0.004561596,0.000801578,0.003760018
337,768,45,0.004739283,0.000883375,0.003855908
337,768,46,0.004517206,0.000717423,0.003799783
337,768,47,0.004595277,0.000756518,0.003838759
337,768,48,0.004643476,0.000830313,0.003813163
337,768,49,0.004684013,0.000808625,0.003875388
337,768,50,0.004525084,0.000695145,0.003829939
337,768,51,0.004634979,0.00073094,0.003904039
337,768,52,0.004437234,0.000682881,0.003754353
337,768,53,0.004747736,0.000902504,0.003845232
337,768,54,0.004631929,0.000759112,0.003872817
337,768,55,0.004376481,0.000637326,0.003739155
337,768,56,0.004683356,0.00087805,0.003805306
337,768,57,0.004538165,0.000762495,0.00377567
337,768,58,0.004442881,0.000760195,0.003682686
337,768,59,0.00464451,0.00098918,0.00365533
337,768,60,0.004479605,0.000914676,0.003564929
337,768,61,0.004642627,0.0010907,0.003551927
337,768,62,0.004410241,0.000969198,0.003441043
337,768,63,0.004724691,0.001053695,0.003670996
337,768,64,0.005196614,0.001742109,0.003454505
337,768,65,0.004714469,0.00108003,0.003634439
337,768,66,0.00418678,0.000835883,0.003350897
337,768,67,0.007357487,0.004046933,0.003310554
337,768,68,0.00626065,0.002891244,0.003369406
337,768,69,0.004777021,0.001221272,0.003555749
337,768,70,0.004749661,0.001073,0.003676661
337,768,71,0.004572906,0.000980236,0.00359267
337,768,72,0.004284346,0.000876797,0.003407549
337,768,73,0.004607421,0.001195828,0.003411593
337,768,74,0.004672972,0.001175153,0.003497819
337,768,75,0.004527257,0.001112697,0.00341456
337,768,76,0.005901469,0.002471961,0.003429508
337,768,77,0.004667656,0.001163469,0.003504187
337,768,78,0.004490687,0.001043914,0.003446773
337,768,79,0.00678325,0.003393847,0.003389403
337,768,80,0.004646862,0.001073955,0.003572907
337,768,81,0.004323061,0.000733191,0.00358987
337,768,82,0.004522889,0.000999147,0.003523742
337,768,83,0.004532519,0.00108445,0.003448069
337,768,84,0.004497318,0.001169051,0.003328267
337,768,85,0.004703102,0.001243105,0.003459997
337,768,86,0.004664436,0.000989232,0.003675204
337,768,87,0.00431282,0.000669784,0.003643036
337,768,88,0.004302406,0.000740818,0.003561588
337,768,89,0.00431258,0.000812087,0.003500493
337,768,90,0.005116137,0.001541015,0.003575122
337,768,91,0.005857662,0.002202996,0.003654666
337,768,92,0.004875452,0.001323317,0.003552135
337,768,93,0.004289645,0.000643486,0.003646159
337,768,94,0.007916397,0.004214059,0.003702338
337,768,95,0.005656274,0.00195175,0.003704524
337,768,96,0.004446144,0.000692268,0.003753876
337,768,97,0.004443584,0.00073419,0.003709394
337,768,98,0.004538164,0.000823376,0.003714788
337,768,99,0.004356056,0.000682342,0.003673714
337,768,100,0.005598252,0.001916325,0.003681927
337,768,101,0.004152205,0.000496043,0.003656162
337,768,102,0.006517272,0.002835933,0.003681339
337,768,103,0.004709357,0.00091439,0.003794967
337,768,104,0.004759826,0.000975863,0.003783963
337,768,105,0.005068232,0.001125589,0.003942643
337,768,106,0.00468431,0.000829243,0.003855067
337,768,107,0.004749241,0.000968371,0.00378087
337,768,108,0.004726342,0.001097605,0.003628737
337,768,109,0.004716567,0.000981783,0.003734784
337,768,110,0.006027057,0.002303371,0.003723686
338,768,1,0.752202115,0.628900187,0.123301928
338,768,2,0.019029077,0.015961439,0.003067638
338,768,3,0.064368992,0.061083706,0.003285286
338,768,4,0.004081335,0.000597441,0.003483894
338,768,5,0.041226049,0.038171693,0.003054356
338,768,6,0.095882824,0.092813603,0.003069221
338,768,7,0.004030782,0.000821971,0.003208811
338,768,8,0.015105188,0.012027617,0.003077571
338,768,9,0.004370952,0.001208513,0.003162439
338,768,10,0.004046342,0.000902444,0.003143898
338,768,11,0.003950398,0.000788826,0.003161572
338,768,12,0.004020053,0.000873119,0.003146934
338,768,13,0.004026726,0.00087813,0.003148596
338,768,14,0.004067793,0.000888236,0.003179557
338,768,15,0.01999317,0.016618956,0.003374214
338,768,16,0.005161641,0.001502982,0.003658659
338,768,17,0.005317838,0.001646705,0.003671133
338,768,18,0.004975862,0.001140375,0.003835487
338,768,19,0.004909304,0.000978452,0.003930852
338,768,20,0.005062623,0.001158469,0.003904154
338,768,21,0.004656568,0.000619782,0.004036786
338,768,22,0.004483348,0.00065342,0.003829928
338,768,23,0.0043213,0.000576296,0.003745004
338,768,24,0.004211886,0.000563466,0.00364842
338,768,25,0.00423256,0.000574634,0.003657926
338,768,26,0.004290958,0.000640568,0.00365039
338,768,27,0.004207145,0.000562272,0.003644873
338,768,28,0.004370633,0.000787623,0.00358301
338,768,29,0.004691577,0.00102656,0.003665017
338,768,30,0.004573028,0.000902487,0.003670541
338,768,31,0.004759216,0.001003095,0.003756121
338,768,32,0.004553844,0.000851332,0.003702512
338,768,33,0.004529102,0.000862162,0.00366694
338,768,34,0.004667885,0.00094112,0.003726765
338,768,35,0.004545634,0.00078462,0.003761014
338,768,36,0.004604326,0.000813469,0.003790857
338,768,37,0.004591588,0.000777667,0.003813921
338,768,38,0.004530629,0.000733786,0.003796843
338,768,39,0.004622088,0.000724181,0.003897907
338,768,40,0.00452676,0.000697875,0.003828885
338,768,41,0.004556226,0.000674755,0.003881471
338,768,42,0.004683106,0.000769537,0.003913569
338,768,43,0.004531523,0.000595027,0.003936496
338,768,44,0.004790369,0.000766364,0.004024005
338,768,45,0.004537032,0.000606742,0.00393029
338,768,46,0.004636825,0.000652313,0.003984512
338,768,47,0.004569025,0.000606698,0.003962327
338,768,48,0.004569091,0.000568793,0.004000298
338,768,49,0.004494487,0.000553242,0.003941245
338,768,50,0.004590107,0.000595729,0.003994378
338,768,51,0.004571747,0.000602245,0.003969502
338,768,52,0.004617472,0.000607622,0.00400985
338,768,53,0.004558177,0.000618717,0.00393946
338,768,54,0.004507908,0.000561756,0.003946152
338,768,55,0.004486477,0.000623714,0.003862763
338,768,56,0.004449957,0.000590392,0.003859565
338,768,57,0.00449087,0.000644256,0.003846614
338,768,58,0.004406241,0.000656554,0.003749687
338,768,59,0.004412848,0.000784596,0.003628252
338,768,60,0.004572608,0.000934474,0.003638134
338,768,61,0.004444091,0.000896634,0.003547457
338,768,62,0.0048217,0.001285081,0.003536619
338,768,63,0.005985904,0.002444246,0.003541658
338,768,64,0.004639075,0.000977473,0.003661602
338,768,65,0.004402523,0.000757746,0.003644777
338,768,66,0.007197222,0.00380276,0.003394462
338,768,67,0.00603423,0.002693966,0.003340264
338,768,68,0.004631267,0.001153171,0.003478096
338,768,69,0.004777813,0.001073756,0.003704057
338,768,70,0.004509608,0.000778307,0.003731301
338,768,71,0.004366228,0.000734479,0.003631749
338,768,72,0.004454129,0.000946793,0.003507336
338,768,73,0.00459455,0.001005657,0.003588893
338,768,74,0.004611804,0.0010157,0.003596104
338,768,75,0.004384052,0.000878282,0.00350577
338,768,76,0.004604705,0.001031071,0.003573634
338,768,77,0.005543579,0.002102773,0.003440806
338,768,78,0.004656718,0.001055155,0.003601563
338,768,79,0.004470112,0.001024685,0.003445427
338,768,80,0.006786481,0.003160516,0.003625965
338,768,81,0.004519193,0.000828391,0.003690802
338,768,82,0.004437331,0.000682932,0.003754399
338,768,83,0.004458961,0.000928685,0.003530276
338,768,84,0.00451982,0.001071682,0.003448138
338,768,85,0.00479913,0.001202457,0.003596673
338,768,86,0.005237449,0.001442832,0.003794617
338,768,87,0.004328739,0.000663485,0.003665254
338,768,88,0.004283063,0.000669171,0.003613892
338,768,89,0.004334668,0.000790571,0.003544097
338,768,90,0.006801747,0.00314346,0.003658287
338,768,91,0.005047315,0.001334436,0.003712879
338,768,92,0.004213621,0.000621675,0.003591946
338,768,93,0.007775037,0.004134743,0.003640294
338,768,94,0.005636818,0.001884122,0.003752696
338,768,95,0.004498843,0.000689788,0.003809055
338,768,96,0.004443832,0.000575831,0.003868001
338,768,97,0.004544071,0.000758356,0.003785715
338,768,98,0.004447489,0.000676979,0.00377051
338,768,99,0.005526878,0.001818634,0.003708244
338,768,100,0.004228606,0.000493986,0.00373462
338,768,101,0.006418967,0.002656491,0.003762476
338,768,102,0.00465609,0.000924177,0.003731913
338,768,103,0.004717113,0.000794403,0.00392271
338,768,104,0.004896619,0.000975543,0.003921076
338,768,105,0.004805674,0.000826752,0.003978922
338,768,106,0.004820014,0.000826475,0.003993539
338,768,107,0.004871899,0.001070144,0.003801755
338,768,108,0.004557897,0.000855688,0.003702209
338,768,109,0.005990603,0.002213673,0.00377693
338,768,110,0.004788157,0.00100659,0.003781567
339,768,1,0.755071292,0.631535372,0.12353592
339,768,2,0.077086268,0.074031115,0.003055153
339,768,3,0.00398578,0.000618438,0.003367342
339,768,4,0.003818851,0.000433763,0.003385088
339,768,5,0.003638329,0.000425516,0.003212813
339,768,6,0.051101761,0.048083482,0.003018279
339,768,7,0.085324703,0.08229864,0.003026063
339,768,8,0.004092276,0.001067047,0.003025229
339,768,9,0.015335346,0.012301783,0.003033563
339,768,10,0.004194858,0.001167992,0.003026866
339,768,11,0.004320411,0.001174391,0.00314602
339,768,12,0.003963687,0.000817425,0.003146262
339,768,13,0.004049069,0.000879043,0.003170026
339,768,14,0.020909848,0.017631275,0.003278573
339,768,15,0.004925383,0.00153667,0.003388713
339,768,16,0.005301361,0.001682005,0.003619356
339,768,17,0.004830836,0.001169451,0.003661385
339,768,18,0.004816454,0.001047034,0.00376942
339,768,19,0.005041539,0.001204326,0.003837213
339,768,20,0.004493016,0.000647248,0.003845768
339,768,21,0.004587088,0.000684975,0.003902113
339,768,22,0.004469958,0.000669922,0.003800036
339,768,23,0.004316612,0.000644685,0.003671927
339,768,24,0.004196064,0.000614824,0.00358124
339,768,25,0.004425149,0.000754289,0.00367086
339,768,26,0.004181586,0.000594207,0.003587379
339,768,27,0.004190606,0.000631375,0.003559231
339,768,28,0.004202887,0.000696452,0.003506435
339,768,29,0.004544143,0.000971045,0.003573098
339,768,30,0.004515079,0.000950846,0.003564233
339,768,31,0.004626124,0.001002956,0.003623168
339,768,32,0.004594873,0.000959075,0.003635798
339,768,33,0.004643487,0.000983724,0.003659763
339,768,34,0.004534607,0.000811456,0.003723151
339,768,35,0.004680266,0.000921822,0.003758444
339,768,36,0.004602726,0.000903918,0.003698808
339,768,37,0.004705769,0.000958067,0.003747702
339,768,38,0.004566596,0.000843924,0.003722672
339,768,39,0.004777259,0.000979123,0.003798136
339,768,40,0.004386477,0.000621914,0.003764563
339,768,41,0.004671268,0.000908953,0.003762315
339,768,42,0.004626158,0.000825904,0.003800254
339,768,43,0.004764489,0.000900043,0.003864446
339,768,44,0.004482042,0.000627621,0.003854421
339,768,45,0.004717728,0.000826058,0.00389167
339,768,46,0.004489119,0.000681885,0.003807234
339,768,47,0.004581245,0.000732753,0.003848492
339,768,48,0.004490658,0.000648597,0.003842061
339,768,49,0.004493232,0.000581506,0.003911726
339,768,50,0.004539307,0.000665541,0.003873766
339,768,51,0.004569688,0.000664679,0.003905009
339,768,52,0.004537475,0.000685724,0.003851751
339,768,53,0.004478902,0.000661946,0.003816956
339,768,54,0.004453394,0.000643599,0.003809795
339,768,55,0.004480139,0.000673622,0.003806517
339,768,56,0.00445583,0.000682659,0.003773171
339,768,57,0.004427984,0.000689532,0.003738452
339,768,58,0.004498319,0.00085933,0.003638989
339,768,59,0.004579818,0.000990596,0.003589222
339,768,60,0.004858045,0.001355472,0.003502573
339,768,61,0.004863729,0.001394584,0.003469145
339,768,62,0.005754912,0.002459253,0.003295659
339,768,63,0.004880731,0.00128068,0.003600051
339,768,64,0.004396025,0.000812673,0.003583352
339,768,65,0.006067883,0.002550576,0.003517307
339,768,66,0.007041484,0.003794754,0.00324673
339,768,67,0.004462893,0.001164649,0.003298244
339,768,68,0.004640291,0.001211055,0.003429236
339,768,69,0.00464747,0.001114614,0.003532856
339,768,70,0.004714371,0.001035898,0.003678473
339,768,71,0.004465427,0.000882747,0.00358268
339,768,72,0.004376924,0.000889598,0.003487326
339,768,73,0.004637481,0.001108274,0.003529207
339,768,74,0.00460347,0.001000648,0.003602822
339,768,75,0.004402259,0.000924751,0.003477508
339,768,76,0.004579231,0.001021187,0.003558044
339,768,77,0.004572693,0.001048251,0.003524442
339,768,78,0.00467598,0.001143244,0.003532736
339,768,79,0.005955264,0.002555396,0.003399868
339,768,80,0.004585503,0.001016607,0.003568896
339,768,81,0.00527421,0.001603084,0.003671126
339,768,82,0.004478064,0.000865562,0.003612502
339,768,83,0.004388693,0.000902101,0.003486592
339,768,84,0.005318801,0.001873594,0.003445207
339,768,85,0.00553399,0.00201066,0.00352333
339,768,86,0.00464383,0.001032009,0.003611821
339,768,87,0.004382766,0.000778709,0.003604057
339,768,88,0.004313727,0.000732506,0.003581221
339,768,89,0.006592236,0.0031103,0.003481936
339,768,90,0.005139861,0.001532963,0.003606898
339,768,91,0.004386114,0.000717288,0.003668826
339,768,92,0.007710001,0.004052728,0.003657273
339,768,93,0.005431853,0.001780213,0.00365164
339,768,94,0.004475099,0.000735946,0.003739153
339,768,95,0.004500765,0.000720666,0.003780099
339,768,96,0.004620383,0.000797294,0.003823089
339,768,97,0.0044926,0.000770394,0.003722206
339,768,98,0.005577695,0.001847511,0.003730184
339,768,99,0.004246971,0.000649163,0.003597808
339,768,100,0.00636953,0.002771716,0.003597814
339,768,101,0.004641296,0.00088316,0.003758136
339,768,102,0.004408077,0.000723379,0.003684698
339,768,103,0.005020651,0.001122388,0.003898263
339,768,104,0.004614942,0.000777822,0.00383712
339,768,105,0.004910478,0.001048888,0.00386159
339,768,106,0.005122638,0.00125243,0.003870208
339,768,107,0.004688353,0.000991917,0.003696436
339,768,108,0.00590635,0.00209472,0.00381163
339,768,109,0.004652175,0.000925095,0.00372708
339,768,110,0.004789753,0.001116806,0.003672947
340,768,1,0.753351918,0.63027749,0.123074428
340,768,2,0.008814478,0.005804878,0.0030096
340,768,3,0.073297114,0.070104727,0.003192387
340,768,4,0.00417875,0.000743207,0.003435543
340,768,5,0.003635072,0.00040729,0.003227782
340,768,6,0.079816346,0.076807474,0.003008872
340,768,7,0.00386631,0.000840911,0.003025399
340,768,8,0.056259979,0.053238351,0.003021628
340,768,9,0.004404868,0.001350614,0.003054254
340,768,10,0.015259659,0.012238065,0.003021594
340,768,11,0.004284465,0.001262828,0.003021637
340,768,12,0.004329269,0.001304413,0.003024856
340,768,13,0.02197442,0.018734249,0.003240171
340,768,14,0.004803702,0.001503187,0.003300515
340,768,15,0.005033062,0.001469546,0.003563516
340,768,16,0.0048151,0.00110686,0.00370824
340,768,17,0.004618937,0.000858982,0.003759955
340,768,18,0.004975451,0.001161738,0.003813713
340,768,19,0.004400708,0.000616476,0.003784232
340,768,20,0.004588711,0.00082411,0.003764601
340,768,21,0.00453747,0.000718506,0.003818964
340,768,22,0.004502987,0.000854044,0.003648943
340,768,23,0.004340463,0.000778539,0.003561924
340,768,24,0.004307559,0.000717121,0.003590438
340,768,25,0.004236577,0.000695572,0.003541005
340,768,26,0.004308728,0.000734099,0.003574629
340,768,27,0.004177514,0.000657436,0.003520078
340,768,28,0.004098925,0.000572282,0.003526643
340,768,29,0.004307569,0.000833589,0.00347398
340,768,30,0.004557053,0.000963025,0.003594028
340,768,31,0.004407474,0.000863963,0.003543511
340,768,32,0.0045001,0.000923697,0.003576403
340,768,33,0.004646306,0.001037164,0.003609142
340,768,34,0.004567067,0.000884221,0.003682846
340,768,35,0.004445939,0.000746963,0.003698976
340,768,36,0.004538405,0.000865691,0.003672714
340,768,37,0.00452669,0.000899036,0.003627654
340,768,38,0.00466387,0.00092058,0.00374329
340,768,39,0.004559335,0.000860369,0.003698966
340,768,40,0.004655271,0.000946525,0.003708746
340,768,41,0.004532704,0.000725613,0.003807091
340,768,42,0.004687542,0.000934802,0.00375274
340,768,43,0.004513714,0.000706455,0.003807259
340,768,44,0.004823049,0.000955656,0.003867393
340,768,45,0.004517565,0.000730617,0.003786948
340,768,46,0.004735078,0.00087981,0.003855268
340,768,47,0.004425604,0.000634785,0.003790819
340,768,48,0.004616496,0.000780104,0.003836392
340,768,49,0.004563469,0.000694597,0.003868872
340,768,50,0.004493604,0.000625463,0.003868141
340,768,51,0.004696283,0.000817777,0.003878506
340,768,52,0.00449504,0.000684404,0.003810636
340,768,53,0.004549582,0.000736447,0.003813135
340,768,54,0.004715052,0.000917347,0.003797705
340,768,55,0.004438105,0.000796635,0.00364147
340,768,56,0.004701689,0.001023414,0.003678275
340,768,57,0.004771005,0.001025682,0.003745323
340,768,58,0.0045202,0.000905067,0.003615133
340,768,59,0.004699782,0.001209314,0.003490468
340,768,60,0.004911454,0.001428613,0.003482841
340,768,61,0.005779695,0.002441064,0.003338631
340,768,62,0.004864026,0.001336727,0.003527299
340,768,63,0.004476843,0.000988179,0.003488664
340,768,64,0.006004648,0.00246901,0.003535638
340,768,65,0.004752499,0.001270425,0.003482074
340,768,66,0.00413569,0.000741665,0.003394025
340,768,67,0.006272565,0.00301618,0.003256385
340,768,68,0.004753565,0.001300769,0.003452796
340,768,69,0.004675965,0.001058971,0.003616994
340,768,70,0.004586973,0.000891859,0.003695114
340,768,71,0.004537112,0.000934679,0.003602433
340,768,72,0.004325293,0.000915087,0.003410206
340,768,73,0.004574982,0.001089299,0.003485683
340,768,74,0.004856315,0.001295414,0.003560901
340,768,75,0.004545366,0.001145128,0.003400238
340,768,76,0.004858156,0.00136052,0.003497636
340,768,77,0.004664595,0.001175256,0.003489339
340,768,78,0.006157442,0.002825216,0.003332226
340,768,79,0.00468466,0.001201403,0.003483257
340,768,80,0.004518283,0.000979871,0.003538412
340,768,81,0.004534633,0.000975439,0.003559194
340,768,82,0.004817155,0.001186712,0.003630443
340,768,83,0.005445479,0.002075744,0.003369735
340,768,84,0.005615753,0.002228898,0.003386855
340,768,85,0.004762655,0.001183278,0.003579377
340,768,86,0.004674742,0.00090363,0.003771112
340,768,87,0.004160757,0.000628641,0.003532116
340,768,88,0.006583211,0.003092605,0.003490606
340,768,89,0.005100526,0.001592738,0.003507788
340,768,90,0.004442298,0.000869764,0.003572534
340,768,91,0.007800593,0.004275058,0.003525535
340,768,92,0.00541298,0.001787923,0.003625057
340,768,93,0.004376935,0.000749412,0.003627523
340,768,94,0.004437834,0.000779143,0.003658691
340,768,95,0.00463679,0.000910406,0.003726384
340,768,96,0.004620659,0.000871651,0.003749008
340,768,97,0.00565972,0.001951044,0.003708676
340,768,98,0.004362019,0.000693517,0.003668502
340,768,99,0.006347934,0.002695163,0.003652771
340,768,100,0.00443298,0.000847944,0.003585036
340,768,101,0.004500292,0.000787643,0.003712649
340,768,102,0.004761389,0.001065559,0.00369583
340,768,103,0.004756212,0.00089012,0.003866092
340,768,104,0.004862903,0.000954593,0.00390831
340,768,105,0.005155466,0.001200587,0.003954879
340,768,106,0.004815526,0.000958147,0.003857379
340,768,107,0.005762454,0.00213802,0.003624434
340,768,108,0.004805839,0.000985573,0.003820266
340,768,109,0.004818069,0.001025873,0.003792196
340,768,110,0.004687386,0.001016875,0.003670511
341,768,1,0.756964242,0.633009986,0.123954256
341,768,2,0.010113457,0.007065601,0.003047856
341,768,3,0.017705959,0.014649301,0.003056658
341,768,4,0.054089054,0.050750406,0.003338648
341,768,5,0.004158888,0.000838868,0.00332002
341,768,6,0.047277541,0.044226118,0.003051423
341,768,7,0.036285966,0.033231774,0.003054192
341,768,8,0.018410324,0.015366366,0.003043958
341,768,9,0.041786194,0.038694415,0.003091779
341,768,10,0.004400922,0.001238092,0.00316283
341,768,11,0.015364535,0.01230512,0.003059415
341,768,12,0.023538091,0.020338211,0.00319988
341,768,13,0.004757541,0.001474718,0.003282823
341,768,14,0.004733177,0.00134932,0.003383857
341,768,15,0.004631788,0.001017361,0.003614427
341,768,16,0.00461356,0.000920678,0.003692882
341,768,17,0.00482469,0.000940337,0.003884353
341,768,18,0.004492997,0.000606913,0.003886084
341,768,19,0.004545306,0.000629494,0.003915812
341,768,20,0.004530748,0.000630708,0.00390004
341,768,21,0.004641004,0.00068966,0.003951344
341,768,22,0.00447722,0.000601686,0.003875534
341,768,23,0.004274146,0.000597564,0.003676582
341,768,24,0.004271346,0.000561038,0.003710308
341,768,25,0.004253125,0.000526501,0.003726624
341,768,26,0.004223447,0.000498061,0.003725386
341,768,27,0.004112758,0.00047848,0.003634278
341,768,28,0.004136958,0.000525357,0.003611601
341,768,29,0.004462984,0.000804392,0.003658592
341,768,30,0.004443842,0.000703726,0.003740116
341,768,31,0.004564905,0.000801703,0.003763202
341,768,32,0.004472425,0.000804782,0.003667643
341,768,33,0.004453076,0.000730299,0.003722777
341,768,34,0.004563797,0.000791183,0.003772614
341,768,35,0.004568231,0.000738443,0.003829788
341,768,36,0.004479183,0.000667754,0.003811429
341,768,37,0.00440841,0.000591431,0.003816979
341,768,38,0.004413666,0.000648203,0.003765463
341,768,39,0.004457812,0.000651369,0.003806443
341,768,40,0.004444399,0.000631266,0.003813133
341,768,41,0.004576482,0.000713093,0.003863389
341,768,42,0.005121145,0.001258414,0.003862731
341,768,43,0.004497678,0.000661943,0.003835735
341,768,44,0.004698625,0.000708749,0.003989876
341,768,45,0.004536635,0.000666799,0.003869836
341,768,46,0.004584732,0.000686518,0.003898214
341,768,47,0.00467676,0.000757148,0.003919612
341,768,48,0.004562138,0.000634976,0.003927162
341,768,49,0.004631422,0.000686045,0.003945377
341,768,50,0.004613564,0.000661139,0.003952425
341,768,51,0.004674003,0.000785082,0.003888921
341,768,52,0.004591339,0.000631624,0.003959715
341,768,53,0.004656961,0.000806208,0.003850753
341,768,54,0.004650666,0.000777928,0.003872738
341,768,55,0.004722714,0.000784996,0.003937718
341,768,56,0.004636452,0.000743635,0.003892817
341,768,57,0.004597227,0.000807519,0.003789708
341,768,58,0.004601214,0.00086974,0.003731474
341,768,59,0.004723578,0.001188659,0.003534919
341,768,60,0.006060664,0.002573581,0.003487083
341,768,61,0.004574073,0.001052187,0.003521886
341,768,62,0.004586505,0.001021629,0.003564876
341,768,63,0.004664284,0.001009913,0.003654371
341,768,64,0.005072238,0.001345895,0.003726343
341,768,65,0.004420226,0.000823785,0.003596441
341,768,66,0.004685564,0.001172986,0.003512578
341,768,67,0.004309565,0.000911671,0.003397894
341,768,68,0.006379566,0.002912277,0.003467289
341,768,69,0.004835051,0.001115557,0.003719494
341,768,70,0.004637213,0.000829894,0.003807319
341,768,71,0.0044758,0.000809839,0.003665961
341,768,72,0.004425256,0.000871538,0.003553718
341,768,73,0.005388161,0.001901378,0.003486783
341,768,74,0.004862184,0.001182623,0.003679561
341,768,75,0.004542095,0.001054374,0.003487721
341,768,76,0.004795686,0.001199926,0.00359576
341,768,77,0.006236288,0.002831662,0.003404626
341,768,78,0.004596643,0.001106334,0.003490309
341,768,79,0.004538621,0.001069351,0.00346927
341,768,80,0.004700571,0.001022313,0.003678258
341,768,81,0.004710707,0.001014125,0.003696582
341,768,82,0.005388886,0.001900105,0.003488781
341,768,83,0.00548663,0.002153989,0.003332641
341,768,84,0.004893538,0.001336658,0.00355688
341,768,85,0.004687079,0.00091618,0.003770899
341,768,86,0.004485476,0.000690876,0.0037946
341,768,87,0.006392476,0.002815817,0.003576659
341,768,88,0.005156326,0.001625043,0.003531283
341,768,89,0.004471145,0.00085934,0.003611805
341,768,90,0.007845184,0.00415466,0.003690524
341,768,91,0.005248237,0.0016182,0.003630037
341,768,92,0.004457744,0.000805563,0.003652181
341,768,93,0.004356244,0.000632443,0.003723801
341,768,94,0.00459151,0.000867758,0.003723752
341,768,95,0.004629232,0.00085221,0.003777022
341,768,96,0.00571889,0.001977596,0.003741294
341,768,97,0.004426555,0.000665586,0.003760969
341,768,98,0.006320159,0.002630551,0.003689608
341,768,99,0.004484312,0.000750559,0.003733753
341,768,100,0.004366745,0.000687071,0.003679674
341,768,101,0.004854437,0.001072213,0.003782224
341,768,102,0.004467044,0.000685482,0.003781562
341,768,103,0.004791427,0.000908417,0.00388301
341,768,104,0.005150318,0.001223311,0.003927007
341,768,105,0.004982883,0.000983536,0.003999347
341,768,106,0.005966327,0.002153743,0.003812584
341,768,107,0.004595517,0.000954661,0.003640856
341,768,108,0.004803554,0.001013847,0.003789707
341,768,109,0.004798917,0.000981624,0.003817293
341,768,110,0.005252099,0.00162428,0.003627819
342,768,1,0.754624568,0.631130465,0.123494103
342,768,2,0.02697959,0.023954857,0.003024733
342,768,3,0.003617201,0.000509114,0.003108087
342,768,4,0.05001555,0.046786857,0.003228693
342,768,5,0.019672371,0.016650125,0.003022246
342,768,6,0.068515814,0.065497712,0.003018102
342,768,7,0.018388254,0.015380772,0.003007482
342,768,8,0.038816991,0.035787426,0.003029565
342,768,9,0.004309447,0.001283146,0.003026301
342,768,10,0.00540099,0.002377656,0.003023334
342,768,11,0.036503484,0.033388474,0.00311501
342,768,12,0.004704973,0.001528751,0.003176222
342,768,13,0.004580019,0.001229529,0.00335049
342,768,14,0.004439577,0.001061635,0.003377942
342,768,15,0.00447549,0.000897039,0.003578451
342,768,16,0.004640266,0.000868979,0.003771287
342,768,17,0.004417242,0.000612479,0.003804763
342,768,18,0.00451798,0.00060346,0.00391452
342,768,19,0.004427394,0.000572388,0.003855006
342,768,20,0.004614932,0.000682931,0.003932001
342,768,21,0.004465729,0.000607247,0.003858482
342,768,22,0.004387489,0.00057192,0.003815569
342,768,23,0.0042341,0.000595626,0.003638474
342,768,24,0.004234418,0.000549501,0.003684917
342,768,25,0.004161581,0.00051632,0.003645261
342,768,26,0.004196368,0.000500465,0.003695903
342,768,27,0.004063319,0.000511581,0.003551738
342,768,28,0.004089684,0.000476826,0.003612858
342,768,29,0.004366849,0.000787124,0.003579725
342,768,30,0.004657684,0.000918493,0.003739191
342,768,31,0.004166032,0.000553337,0.003612695
342,768,32,0.004529651,0.000870483,0.003659168
342,768,33,0.004388816,0.000801355,0.003587461
342,768,34,0.004709017,0.000947232,0.003761785
342,768,35,0.004548868,0.000795329,0.003753539
342,768,36,0.004477566,0.000716461,0.003761105
342,768,37,0.004440333,0.000763331,0.003677002
342,768,38,0.004618612,0.000880621,0.003737991
342,768,39,0.004725837,0.000945257,0.00378058
342,768,40,0.004596132,0.000825509,0.003770623
342,768,41,0.004872972,0.001113827,0.003759145
342,768,42,0.004618367,0.000700132,0.003918235
342,768,43,0.004621052,0.000835741,0.003785311
342,768,44,0.004761871,0.000763843,0.003998028
342,768,45,0.00468809,0.000805737,0.003882353
342,768,46,0.004653691,0.000755727,0.003897964
342,768,47,0.00451326,0.000640471,0.003872789
342,768,48,0.004746083,0.000807314,0.003938769
342,768,49,0.004560348,0.000773513,0.003786835
342,768,50,0.004740528,0.000818361,0.003922167
342,768,51,0.004612881,0.000733252,0.003879629
342,768,52,0.004689621,0.000818123,0.003871498
342,768,53,0.004649093,0.000768139,0.003880954
342,768,54,0.004730474,0.000866756,0.003863718
342,768,55,0.004595991,0.000782451,0.00381354
342,768,56,0.004696029,0.000818873,0.003877156
342,768,57,0.004598191,0.000827346,0.003770845
342,768,58,0.004912003,0.001174276,0.003737727
342,768,59,0.004613797,0.001059097,0.0035547
342,768,60,0.004716517,0.00124359,0.003472927
342,768,61,0.004721027,0.001283996,0.003437031
342,768,62,0.005376067,0.001898288,0.003477779
342,768,63,0.005119283,0.001559433,0.00355985
342,768,64,0.004580471,0.000853931,0.00372654
342,768,65,0.004284333,0.00069429,0.003590043
342,768,66,0.004315721,0.000830148,0.003485573
342,768,67,0.00455517,0.001117865,0.003437305
342,768,68,0.005664281,0.002268218,0.003396063
342,768,69,0.005109953,0.001443769,0.003666184
342,768,70,0.004681449,0.000907161,0.003774288
342,768,71,0.004784901,0.001187712,0.003597189
342,768,72,0.005552403,0.002185578,0.003366825
342,768,73,0.004712175,0.001333034,0.003379141
342,768,74,0.004864349,0.001415964,0.003448385
342,768,75,0.004639012,0.001186011,0.003453001
342,768,76,0.006273381,0.002843868,0.003429513
342,768,77,0.004777771,0.001265427,0.003512344
342,768,78,0.004455618,0.001066173,0.003389445
342,768,79,0.00466592,0.001197724,0.003468196
342,768,80,0.004783409,0.001126118,0.003657291
342,768,81,0.005346881,0.00179433,0.003552551
342,768,82,0.005469659,0.002087219,0.00338244
342,768,83,0.004626918,0.001269188,0.00335773
342,768,84,0.004803745,0.001334125,0.00346962
342,768,85,0.004651787,0.000945014,0.003706773
342,768,86,0.006591093,0.002955714,0.003635379
342,768,87,0.005144587,0.001571279,0.003573308
342,768,88,0.004368304,0.00086604,0.003502264
342,768,89,0.007831679,0.004261134,0.003570545
342,768,90,0.005442607,0.001832131,0.003610476
342,768,91,0.004412723,0.000793913,0.00361881
342,768,92,0.004261526,0.000635068,0.003626458
342,768,93,0.004532414,0.000837972,0.003694442
342,768,94,0.004680778,0.000956122,0.003724656
342,768,95,0.005785761,0.001992951,0.00379281
342,768,96,0.004417891,0.000677908,0.003739983
342,768,97,0.006378466,0.002658366,0.0037201
342,768,98,0.004481499,0.000816713,0.003664786
342,768,99,0.004428093,0.000779079,0.003649014
342,768,100,0.004714083,0.001020732,0.003693351
342,768,101,0.004555091,0.000829977,0.003725114
342,768,102,0.004608431,0.000835859,0.003772572
342,768,103,0.005104297,0.001321817,0.00378248
342,768,104,0.004948892,0.001071104,0.003877788
342,768,105,0.006128763,0.002290956,0.003837807
342,768,106,0.004785066,0.001036845,0.003748221
342,768,107,0.004567758,0.000937724,0.003630034
342,768,108,0.004791398,0.001095176,0.003696222
342,768,109,0.00541973,0.001686059,0.003733671
342,768,110,0.004554619,0.001006474,0.003548145
343,768,1,0.761083792,0.636428105,0.124655687
343,768,2,0.018756932,0.015698742,0.00305819
343,768,3,0.052049181,0.049005115,0.003044066
343,768,4,0.005305496,0.002041335,0.003264161
343,768,5,0.005795228,0.002653084,0.003142144
343,768,6,0.095639791,0.092597486,0.003042305
343,768,7,0.038841353,0.035799023,0.00304233
343,768,8,0.004086888,0.000967432,0.003119456
343,768,9,0.004279302,0.001106142,0.00317316
343,768,10,0.037679979,0.034568573,0.003111406
343,768,11,0.004717358,0.001457846,0.003259512
343,768,12,0.004412209,0.001105564,0.003306645
343,768,13,0.004393629,0.000985713,0.003407916
343,768,14,0.004237474,0.000735907,0.003501567
343,768,15,0.004488319,0.000837039,0.00365128
343,768,16,0.004384443,0.000615406,0.003769037
343,768,17,0.004399372,0.000521214,0.003878158
343,768,18,0.004463213,0.000542222,0.003920991
343,768,19,0.004508918,0.000547986,0.003960932
343,768,20,0.004536865,0.000552251,0.003984614
343,768,21,0.004498571,0.000550092,0.003948479
343,768,22,0.004325502,0.000519721,0.003805781
343,768,23,0.004132989,0.000507899,0.00362509
343,768,24,0.004193671,0.000483627,0.003710044
343,768,25,0.00415323,0.000475189,0.003678041
343,768,26,0.004149015,0.000465842,0.003683173
343,768,27,0.004035247,0.000458437,0.00357681
343,768,28,0.004211448,0.000599108,0.00361234
343,768,29,0.004510483,0.000862959,0.003647524
343,768,30,0.004384064,0.000775272,0.003608792
343,768,31,0.00444699,0.00078333,0.00366366
343,768,32,0.004365333,0.000706315,0.003659018
343,768,33,0.004426471,0.000751641,0.00367483
343,768,34,0.00450824,0.000768066,0.003740174
343,768,35,0.00441784,0.000685555,0.003732285
343,768,36,0.004741382,0.001020631,0.003720751
343,768,37,0.004664851,0.000964821,0.00370003
343,768,38,0.00470774,0.000984659,0.003723081
343,768,39,0.004636486,0.000853925,0.003782561
343,768,40,0.004710678,0.000886864,0.003823814
343,768,41,0.004702818,0.000919163,0.003783655
343,768,42,0.004680897,0.000762691,0.003918206
343,768,43,0.004581612,0.000742121,0.003839491
343,768,44,0.004973104,0.001044065,0.003929039
343,768,45,0.004450718,0.000625733,0.003824985
343,768,46,0.004696839,0.0007512,0.003945639
343,768,47,0.0044528,0.000634653,0.003818147
343,768,48,0.004731651,0.000781603,0.003950048
343,768,49,0.004562416,0.000633545,0.003928871
343,768,50,0.004808056,0.000875162,0.003932894
343,768,51,0.004511177,0.000595151,0.003916026
343,768,52,0.004698605,0.000778361,0.003920244
343,768,53,0.004532361,0.000700018,0.003832343
343,768,54,0.004666284,0.000798182,0.003868102
343,768,55,0.004581377,0.000734194,0.003847183
343,768,56,0.004787884,0.001050938,0.003736946
343,768,57,0.005007003,0.001318474,0.003688529
343,768,58,0.004887106,0.001106212,0.003780894
343,768,59,0.0046237,0.001078049,0.003545651
343,768,60,0.00471295,0.001153701,0.003559249
343,768,61,0.005355032,0.001944116,0.003410916
343,768,62,0.005347852,0.001768462,0.00357939
343,768,63,0.004386492,0.000721036,0.003665456
343,768,64,0.004355142,0.000681043,0.003674099
343,768,65,0.004289689,0.000775481,0.003514208
343,768,66,0.004536416,0.001112061,0.003424355
343,768,67,0.005498177,0.002207567,0.00329061
343,768,68,0.00508737,0.001588145,0.003499225
343,768,69,0.0046463,0.001073327,0.003572973
343,768,70,0.005021882,0.001345591,0.003676291
343,768,71,0.004420123,0.000864543,0.00355558
343,768,72,0.005659429,0.002297151,0.003362278
343,768,73,0.004649614,0.001283683,0.003365931
343,768,74,0.004726834,0.001324009,0.003402825
343,768,75,0.006500939,0.003077063,0.003423876
343,768,76,0.004874816,0.001356352,0.003518464
343,768,77,0.004617149,0.00110131,0.003515839
343,768,78,0.004539722,0.001057953,0.003481769
343,768,79,0.004663339,0.001204552,0.003458787
343,768,80,0.005449306,0.001966364,0.003482942
343,768,81,0.005573981,0.001990132,0.003583849
343,768,82,0.004490545,0.000982236,0.003508309
343,768,83,0.004531873,0.001139696,0.003392177
343,768,84,0.004675385,0.001196329,0.003479056
343,768,85,0.006988769,0.003353378,0.003635391
343,768,86,0.005043935,0.001511743,0.003532192
343,768,87,0.00463081,0.001039509,0.003591301
343,768,88,0.007809558,0.004177753,0.003631805
343,768,89,0.00548418,0.001783105,0.003701075
343,768,90,0.004404741,0.0007582,0.003646541
343,768,91,0.004259773,0.000618763,0.00364101
343,768,92,0.004427517,0.000812356,0.003615161
343,768,93,0.004648905,0.000874566,0.003774339
343,768,94,0.00568782,0.001912951,0.003774869
343,768,95,0.004605228,0.000795657,0.003809571
343,768,96,0.006329145,0.002550116,0.003779029
343,768,97,0.004563805,0.000842568,0.003721237
343,768,98,0.004433122,0.000807191,0.003625931
343,768,99,0.004617765,0.000940696,0.003677069
343,768,100,0.004504979,0.000772937,0.003732042
343,768,101,0.004605906,0.000863641,0.003742265
343,768,102,0.004990913,0.001221388,0.003769525
343,768,103,0.004875513,0.001073864,0.003801649
343,768,104,0.006271461,0.002276503,0.003994958
343,768,105,0.004900169,0.000923951,0.003976218
343,768,106,0.004658741,0.000790277,0.003868464
343,768,107,0.004582058,0.000874977,0.003707081
343,768,108,0.005343774,0.00162587,0.003717904
343,768,109,0.004897978,0.001180909,0.003717069
343,768,110,0.004417844,0.000936584,0.00348126
344,768,1,0.760024573,0.633616305,0.126408268
344,768,2,0.068636912,0.065606315,0.003030597
344,768,3,0.005060817,0.001973439,0.003087378
344,768,4,0.006020628,0.002674955,0.003345673
344,768,5,0.04873014,0.045719886,0.003010254
344,768,6,0.085742002,0.082718663,0.003023339
344,768,7,0.004021358,0.000990457,0.003030901
344,768,8,0.004018676,0.000981352,0.003037324
344,768,9,0.037986762,0.034928536,0.003058226
344,768,10,0.004528701,0.001404583,0.003124118
344,768,11,0.004418495,0.001148365,0.00327013
344,768,12,0.004315057,0.001009677,0.00330538
344,768,13,0.00420214,0.000835033,0.003367107
344,768,14,0.004321763,0.000825767,0.003495996
344,768,15,0.004227148,0.000603682,0.003623466
344,768,16,0.004206368,0.000427394,0.003778974
344,768,17,0.004364365,0.00049322,0.003871145
344,768,18,0.004514859,0.000503088,0.004011771
344,768,19,0.004451378,0.000534004,0.003917374
344,768,20,0.004507427,0.000550726,0.003956701
344,768,21,0.004456332,0.000551094,0.003905238
344,768,22,0.004285036,0.000513982,0.003771054
344,768,23,0.004109661,0.000469018,0.003640643
344,768,24,0.004131791,0.000484301,0.00364749
344,768,25,0.004069285,0.000455825,0.00361346
344,768,26,0.004098776,0.000463871,0.003634905
344,768,27,0.004012217,0.000462834,0.003549383
344,768,28,0.004275603,0.000697486,0.003578117
344,768,29,0.004309315,0.000705909,0.003603406
344,768,30,0.004414271,0.000777366,0.003636905
344,768,31,0.004430712,0.000806668,0.003624044
344,768,32,0.004459636,0.000815332,0.003644304
344,768,33,0.004697043,0.001027211,0.003669832
344,768,34,0.004687581,0.0009752,0.003712381
344,768,35,0.004849358,0.001192269,0.003657089
344,768,36,0.004728475,0.001026815,0.00370166
344,768,37,0.004622017,0.000928977,0.00369304
344,768,38,0.004592013,0.000817488,0.003774525
344,768,39,0.004742412,0.000887808,0.003854604
344,768,40,0.004724549,0.000913392,0.003811157
344,768,41,0.004566084,0.000711962,0.003854122
344,768,42,0.004616946,0.000705758,0.003911188
344,768,43,0.004785045,0.000927818,0.003857227
344,768,44,0.004581522,0.000640342,0.00394118
344,768,45,0.004580521,0.000653758,0.003926763
344,768,46,0.004610302,0.000720062,0.00389024
344,768,47,0.004611841,0.000764727,0.003847114
344,768,48,0.004622843,0.000735435,0.003887408
344,768,49,0.004753023,0.000922116,0.003830907
344,768,50,0.004554437,0.000636137,0.0039183
344,768,51,0.004573541,0.000732265,0.003841276
344,768,52,0.004569812,0.000701538,0.003868274
344,768,53,0.004703067,0.000803428,0.003899639
344,768,54,0.00468411,0.000854472,0.003829638
344,768,55,0.004868689,0.001139324,0.003729365
344,768,56,0.004948291,0.001200273,0.003748018
344,768,57,0.004762805,0.00107571,0.003687095
344,768,58,0.004741388,0.001047309,0.003694079
344,768,59,0.004709447,0.001093968,0.003615479
344,768,60,0.004590853,0.001179123,0.00341173
344,768,61,0.004884416,0.001399536,0.00348488
344,768,62,0.005230003,0.001604892,0.003625111
344,768,63,0.004632506,0.001044314,0.003588192
344,768,64,0.004674131,0.000990021,0.00368411
344,768,65,0.004316334,0.000879064,0.00343727
344,768,66,0.005400034,0.00212465,0.003275384
344,768,67,0.004989655,0.00164137,0.003348285
344,768,68,0.004587637,0.001180482,0.003407155
344,768,69,0.004889168,0.001428783,0.003460385
344,768,70,0.004766566,0.00112859,0.003637976
344,768,71,0.005469947,0.002165592,0.003304355
344,768,72,0.004487834,0.001164384,0.00332345
344,768,73,0.004728616,0.001321885,0.003406731
344,768,74,0.006663708,0.003354894,0.003308814
344,768,75,0.005009343,0.001510478,0.003498865
344,768,76,0.004656098,0.001151747,0.003504351
344,768,77,0.004660216,0.001091668,0.003568548
344,768,78,0.004553177,0.001135207,0.00341797
344,768,79,0.005358746,0.002004244,0.003354502
344,768,80,0.005542022,0.001969602,0.00357242
344,768,81,0.004754538,0.001061295,0.003693243
344,768,82,0.004329686,0.000894422,0.003435264
344,768,83,0.004328772,0.00099394,0.003334832
344,768,84,0.007404757,0.003891739,0.003513018
344,768,85,0.005297112,0.001618981,0.003678131
344,768,86,0.004429177,0.00084114,0.003588037
344,768,87,0.007835679,0.004357302,0.003478377
344,768,88,0.005523674,0.00189775,0.003625924
344,768,89,0.004455789,0.000790079,0.00366571
344,768,90,0.004261767,0.000655807,0.00360596
344,768,91,0.004427824,0.000807314,0.00362051
344,768,92,0.004472309,0.000851658,0.003620651
344,768,93,0.005768668,0.002046731,0.003721937
344,768,94,0.004610555,0.000842873,0.003767682
344,768,95,0.006315228,0.002636445,0.003678783
344,768,96,0.004635653,0.000890067,0.003745586
344,768,97,0.004524984,0.000815632,0.003709352
344,768,98,0.004613829,0.00096979,0.003644039
344,768,99,0.004398825,0.000814249,0.003584576
344,768,100,0.004594449,0.00087427,0.003720179
344,768,101,0.004951285,0.001273461,0.003677824
344,768,102,0.004894969,0.000986071,0.003908898
344,768,103,0.00607044,0.002150308,0.003920132
344,768,104,0.004982092,0.000915261,0.004066831
344,768,105,0.004710303,0.00075811,0.003952193
344,768,106,0.00464696,0.000868796,0.003778164
344,768,107,0.005427181,0.001605759,0.003821422
344,768,108,0.004785781,0.00103396,0.003751821
344,768,109,0.004742166,0.001077317,0.003664849
344,768,110,0.004329227,0.00088435,0.003444877
345,768,1,0.752753908,0.629713574,0.123040334
345,768,2,0.077646143,0.074619133,0.00302701
345,768,3,0.00583142,0.002588491,0.003242929
345,768,4,0.004020764,0.000559881,0.003460883
345,768,5,0.003639442,0.000388143,0.003251299
345,768,6,0.061845422,0.058827138,0.003018284
345,768,7,0.071681214,0.068645497,0.003035717
345,768,8,0.039083478,0.036047817,0.003035661
345,768,9,0.004503818,0.001322519,0.003181299
345,768,10,0.004075188,0.00085202,0.003223168
345,768,11,0.004130055,0.000886101,0.003243954
345,768,12,0.004113545,0.000823942,0.003289603
345,768,13,0.004119705,0.000774039,0.003345666
345,768,14,0.00414567,0.000679297,0.003466373
345,768,15,0.00418483,0.000597619,0.003587211
345,768,16,0.004316902,0.000601108,0.003715794
345,768,17,0.004393147,0.00051388,0.003879267
345,768,18,0.004397481,0.000566651,0.00383083
345,768,19,0.004454726,0.00054784,0.003906886
345,768,20,0.00454455,0.00057641,0.00396814
345,768,21,0.004503969,0.000571074,0.003932895
345,768,22,0.004426733,0.000549707,0.003877026
345,768,23,0.004146652,0.000499899,0.003646753
345,768,24,0.004181894,0.000484658,0.003697236
345,768,25,0.004110115,0.000470523,0.003639592
345,768,26,0.004133978,0.000475321,0.003658657
345,768,27,0.004025977,0.000464764,0.003561213
345,768,28,0.004150644,0.000615475,0.003535169
345,768,29,0.004461913,0.000869024,0.003592889
345,768,30,0.004479295,0.000800441,0.003678854
345,768,31,0.004411745,0.000788013,0.003623732
345,768,32,0.00447518,0.000839404,0.003635776
345,768,33,0.004474368,0.000842942,0.003631426
345,768,34,0.004681641,0.000962229,0.003719412
345,768,35,0.004574478,0.00079634,0.003778138
345,768,36,0.004654465,0.000960615,0.00369385
345,768,37,0.00470577,0.001046964,0.003658806
345,768,38,0.00482566,0.001038437,0.003787223
345,768,39,0.004536716,0.0007513,0.003785416
345,768,40,0.004701383,0.000917215,0.003784168
345,768,41,0.00466931,0.000835366,0.003833944
345,768,42,0.004430284,0.000647338,0.003782946
345,768,43,0.0048092,0.000979469,0.003829731
345,768,44,0.004717747,0.000814475,0.003903272
345,768,45,0.004543474,0.000650304,0.00389317
345,768,46,0.00457178,0.000657088,0.003914692
345,768,47,0.004595897,0.000710036,0.003885861
345,768,48,0.004511046,0.000624385,0.003886661
345,768,49,0.004647348,0.000729804,0.003917544
345,768,50,0.004642774,0.000749265,0.003893509
345,768,51,0.004589135,0.000736411,0.003852724
345,768,52,0.004613055,0.000714352,0.003898703
345,768,53,0.004567129,0.000736082,0.003831047
345,768,54,0.00465021,0.000792249,0.003857961
345,768,55,0.004858834,0.001019998,0.003838836
345,768,56,0.004911654,0.001068184,0.00384347
345,768,57,0.004962624,0.001129845,0.003832779
345,768,58,0.004560568,0.000871966,0.003688602
345,768,59,0.004654294,0.001125319,0.003528975
345,768,60,0.005996903,0.002512589,0.003484314
345,768,61,0.004961617,0.001442336,0.003519281
345,768,62,0.004706625,0.001005405,0.00370122
345,768,63,0.004360041,0.000713627,0.003646414
345,768,64,0.004385451,0.000729821,0.00365563
345,768,65,0.00423344,0.000661733,0.003571707
345,768,66,0.004378398,0.000958771,0.003419627
345,768,67,0.005368415,0.002099798,0.003268617
345,768,68,0.005147375,0.001655599,0.003491776
345,768,69,0.004686061,0.001081008,0.003605053
345,768,70,0.00698797,0.003523952,0.003464018
345,768,71,0.004344601,0.000968226,0.003376375
345,768,72,0.00427923,0.000946312,0.003332918
345,768,73,0.007121809,0.003669532,0.003452277
345,768,74,0.004730734,0.001319115,0.003411619
345,768,75,0.004820389,0.001224019,0.00359637
345,768,76,0.004561111,0.001078118,0.003482993
345,768,77,0.004452608,0.000926271,0.003526337
345,768,78,0.005507705,0.00217253,0.003335175
345,768,79,0.005605187,0.002110546,0.003494641
345,768,80,0.004436675,0.000849659,0.003587016
345,768,81,0.004564052,0.000900199,0.003663853
345,768,82,0.004277542,0.000806859,0.003470683
345,768,83,0.007502627,0.0040803,0.003422327
345,768,84,0.005452695,0.001674115,0.00377858
345,768,85,0.004324311,0.000550613,0.003773698
345,768,86,0.00434199,0.000738462,0.003603528
345,768,87,0.004160395,0.000614853,0.003545542
345,768,88,0.007584231,0.004033164,0.003551067
345,768,89,0.005346314,0.001691457,0.003654857
345,768,90,0.004337708,0.000753306,0.003584402
345,768,91,0.00548696,0.001840214,0.003646746
345,768,92,0.005503988,0.001867097,0.003636891
345,768,93,0.004373392,0.000645898,0.003727494
345,768,94,0.006716102,0.002938695,0.003777407
345,768,95,0.004383104,0.000696054,0.00368705
345,768,96,0.004294398,0.000566283,0.003728115
345,768,97,0.004290789,0.000619115,0.003671674
345,768,98,0.0042738,0.000682087,0.003591713
345,768,99,0.004358396,0.000723606,0.00363479
345,768,100,0.005937339,0.002166326,0.003771013
345,768,101,0.004510963,0.00083524,0.003675723
345,768,102,0.006346506,0.002439321,0.003907185
345,768,103,0.004421208,0.000539864,0.003881344
345,768,104,0.004569668,0.000652917,0.003916751
345,768,105,0.004526728,0.000649579,0.003877149
345,768,106,0.006038775,0.002320794,0.003717981
345,768,107,0.005216806,0.001314161,0.003902645
345,768,108,0.004299524,0.000519279,0.003780245
345,768,109,0.004452556,0.000780685,0.003671871
345,768,110,0.004043357,0.00059937,0.003443987
346,768,1,0.755057988,0.631549121,0.123508867
346,768,2,0.07777851,0.074717179,0.003061331
346,768,3,0.003912743,0.000586872,0.003325871
346,768,4,0.003832107,0.000490564,0.003341543
346,768,5,0.005364295,0.002327198,0.003037097
346,768,6,0.084841972,0.081828788,0.003013184
346,768,7,0.082306124,0.079278443,0.003027681
346,768,8,0.004148656,0.001114404,0.003034252
346,768,9,0.004114459,0.000966395,0.003148064
346,768,10,0.004044129,0.000853211,0.003190918
346,768,11,0.004106703,0.000884052,0.003222651
346,768,12,0.004168123,0.000862251,0.003305872
346,768,13,0.004034241,0.000658903,0.003375338
346,768,14,0.004206891,0.000750396,0.003456495
346,768,15,0.004074292,0.000439915,0.003634377
346,768,16,0.004380048,0.000550532,0.003829516
346,768,17,0.004316624,0.000500013,0.003816611
346,768,18,0.004478374,0.000606934,0.00387144
346,768,19,0.004463302,0.000541564,0.003921738
346,768,20,0.004464126,0.00055551,0.003908616
346,768,21,0.00441149,0.000522359,0.003889131
346,768,22,0.004296401,0.000540719,0.003755682
346,768,23,0.0041274,0.000517318,0.003610082
346,768,24,0.004197839,0.000496506,0.003701333
346,768,25,0.004140764,0.000486808,0.003653956
346,768,26,0.004096622,0.000484008,0.003612614
346,768,27,0.004037627,0.000502475,0.003535152
346,768,28,0.004289798,0.000728155,0.003561643
346,768,29,0.004519735,0.000983156,0.003536579
346,768,30,0.004457957,0.000853843,0.003604114
346,768,31,0.004545973,0.000911882,0.003634091
346,768,32,0.00447589,0.000896716,0.003579174
346,768,33,0.004766965,0.00116433,0.003602635
346,768,34,0.004666415,0.001000252,0.003666163
346,768,35,0.004767805,0.001039003,0.003728802
346,768,36,0.004693951,0.001047397,0.003646554
346,768,37,0.00460328,0.000899963,0.003703317
346,768,38,0.00459193,0.000913937,0.003677993
346,768,39,0.004740766,0.000995114,0.003745652
346,768,40,0.004704653,0.000928141,0.003776512
346,768,41,0.004437129,0.000692497,0.003744632
346,768,42,0.004861986,0.001081112,0.003780874
346,768,43,0.004528135,0.000645961,0.003882174
346,768,44,0.00454397,0.000714862,0.003829108
346,768,45,0.004621178,0.000729464,0.003891714
346,768,46,0.004753488,0.000639747,0.004113741
346,768,47,0.004415555,0.000564469,0.003851086
346,768,48,0.004515039,0.000626793,0.003888246
346,768,49,0.004493207,0.000660028,0.003833179
346,768,50,0.004672238,0.000780197,0.003892041
346,768,51,0.004397594,0.000576743,0.003820851
346,768,52,0.004338541,0.000552135,0.003786406
346,768,53,0.004432081,0.000641772,0.003790309
346,768,54,0.004488175,0.000703309,0.003784866
346,768,55,0.004614103,0.000762587,0.003851516
346,768,56,0.004824931,0.000994291,0.00383064
346,768,57,0.005002806,0.001117118,0.003885688
346,768,58,0.004798278,0.001090309,0.003707969
346,768,59,0.007202086,0.003684083,0.003518003
346,768,60,0.004786199,0.001350236,0.003435963
346,768,61,0.004400768,0.000934534,0.003466234
346,768,62,0.004613563,0.000979171,0.003634392
346,768,63,0.004343804,0.000748908,0.003594896
346,768,64,0.004453731,0.000772158,0.003681573
346,768,65,0.004105681,0.000625657,0.003480024
346,768,66,0.004404197,0.000921178,0.003483019
346,768,67,0.00421528,0.000806338,0.003408942
346,768,68,0.006683855,0.00329119,0.003392665
346,768,69,0.007288641,0.003807282,0.003481359
346,768,70,0.004550796,0.000999165,0.003551631
346,768,71,0.004191477,0.000786564,0.003404913
346,768,72,0.006743845,0.003327462,0.003416383
346,768,73,0.005052528,0.001520814,0.003531714
346,768,74,0.00454184,0.001095758,0.003446082
346,768,75,0.004594124,0.001098567,0.003495557
346,768,76,0.0045683,0.001024173,0.003544127
346,768,77,0.005469784,0.002061852,0.003407932
346,768,78,0.005565967,0.002182176,0.003383791
346,768,79,0.004527245,0.000951569,0.003575676
346,768,80,0.004376281,0.00078216,0.003594121
346,768,81,0.004505477,0.000831338,0.003674139
346,768,82,0.007436193,0.004131908,0.003304285
346,768,83,0.005319838,0.001825601,0.003494237
346,768,84,0.00451529,0.000813963,0.003701327
346,768,85,0.004474586,0.000610626,0.00386396
346,768,86,0.004076796,0.00049881,0.003577986
346,768,87,0.004187991,0.000665492,0.003522499
346,768,88,0.004119298,0.000652464,0.003466834
346,768,89,0.007179408,0.003558591,0.003620817
346,768,90,0.007325366,0.003758128,0.003567238
346,768,91,0.005457402,0.001850967,0.003606435
346,768,92,0.00421035,0.00055456,0.00365579
346,768,93,0.006727633,0.003046018,0.003681615
346,768,94,0.004568296,0.00083825,0.003730046
346,768,95,0.004203117,0.000481931,0.003721186
346,768,96,0.004374126,0.000631655,0.003742471
346,768,97,0.004389327,0.000699608,0.003689719
346,768,98,0.004230362,0.000618519,0.003611843
346,768,99,0.005663054,0.002061963,0.003601091
346,768,100,0.004841983,0.001125945,0.003716038
346,768,101,0.006008656,0.002242401,0.003766255
346,768,102,0.004401606,0.000557139,0.003844467
346,768,103,0.004467148,0.0005621,0.003905048
346,768,104,0.004595158,0.000651496,0.003943662
346,768,105,0.00579101,0.001876762,0.003914248
346,768,106,0.004175768,0.000451269,0.003724499
346,768,107,0.004667702,0.000852423,0.003815279
346,768,108,0.004824575,0.001097858,0.003726717
346,768,109,0.004454967,0.000770246,0.003684721
346,768,110,0.004109054,0.000650165,0.003458889
347,768,1,0.752785202,0.629687742,0.12309746
347,768,2,0.078896764,0.075861905,0.003034859
347,768,3,0.004726096,0.001502562,0.003223534
347,768,4,0.003851863,0.000453649,0.003398214
347,768,5,0.003642996,0.000397809,0.003245187
347,768,6,0.165805776,0.162770012,0.003035764
347,768,7,0.004230421,0.001076074,0.003154347
347,768,8,0.003844359,0.000663919,0.00318044
347,768,9,0.003858508,0.00072016,0.003138348
347,768,10,0.004041409,0.000854615,0.003186794
347,768,11,0.00418391,0.000900665,0.003283245
347,768,12,0.00413938,0.000828489,0.003310891
347,768,13,0.004106607,0.000692486,0.003414121
347,768,14,0.004042424,0.000567769,0.003474655
347,768,15,0.004172546,0.000525751,0.003646795
347,768,16,0.004254727,0.000522294,0.003732433
347,768,17,0.004331924,0.000504894,0.00382703
347,768,18,0.004423984,0.000537884,0.0038861
347,768,19,0.00440844,0.000533063,0.003875377
347,768,20,0.004437529,0.00054978,0.003887749
347,768,21,0.004502681,0.000544575,0.003958106
347,768,22,0.004317053,0.000527473,0.00378958
347,768,23,0.004137641,0.000475102,0.003662539
347,768,24,0.004174331,0.000502047,0.003672284
347,768,25,0.004138771,0.000470783,0.003667988
347,768,26,0.004130772,0.000456308,0.003674464
347,768,27,0.004024903,0.000519477,0.003505426
347,768,28,0.00452623,0.00099133,0.0035349
347,768,29,0.004414188,0.000871662,0.003542526
347,768,30,0.004631061,0.00097104,0.003660021
347,768,31,0.004482521,0.00090554,0.003576981
347,768,32,0.00469758,0.001111191,0.003586389
347,768,33,0.004659811,0.001091924,0.003567887
347,768,34,0.004663339,0.001079267,0.003584072
347,768,35,0.00473748,0.001146811,0.003590669
347,768,36,0.004651539,0.000991594,0.003659945
347,768,37,0.004648404,0.001010902,0.003637502
347,768,38,0.004641363,0.001020126,0.003621237
347,768,39,0.004755874,0.001067114,0.00368876
347,768,40,0.004584191,0.000907521,0.00367667
347,768,41,0.004678915,0.00098099,0.003697925
347,768,42,0.004507381,0.000810458,0.003696923
347,768,43,0.004619667,0.000885378,0.003734289
347,768,44,0.004555747,0.000800668,0.003755079
347,768,45,0.00446929,0.000686308,0.003782982
347,768,46,0.004665041,0.000852373,0.003812668
347,768,47,0.00452305,0.000718947,0.003804103
347,768,48,0.00464068,0.000855213,0.003785467
347,768,49,0.004579558,0.000685224,0.003894334
347,768,50,0.004446052,0.000641949,0.003804103
347,768,51,0.004403795,0.000551133,0.003852662
347,768,52,0.004453636,0.000631781,0.003821855
347,768,53,0.004464602,0.000647087,0.003817515
347,768,54,0.004457461,0.000626794,0.003830667
347,768,55,0.004433303,0.00058436,0.003848943
347,768,56,0.004437331,0.000576906,0.003860425
347,768,57,0.004348833,0.000625487,0.003723346
347,768,58,0.00671635,0.0031631,0.00355325
347,768,59,0.005016565,0.001615232,0.003401333
347,768,60,0.004943055,0.001493539,0.003449516
347,768,61,0.004873857,0.001413815,0.003460042
347,768,62,0.004653613,0.001004144,0.003649469
347,768,63,0.004393166,0.000740195,0.003652971
347,768,64,0.004443087,0.000760722,0.003682365
347,768,65,0.00415281,0.000577572,0.003575238
347,768,66,0.004204734,0.00079143,0.003413304
347,768,67,0.007208107,0.003986843,0.003221264
347,768,68,0.007238246,0.003876784,0.003361462
347,768,69,0.004803833,0.001235461,0.003568372
347,768,70,0.004400358,0.000803687,0.003596671
347,768,71,0.006497501,0.003167873,0.003329628
347,768,72,0.004874799,0.001422095,0.003452704
347,768,73,0.004724253,0.001148781,0.003575472
347,768,74,0.004196188,0.000773545,0.003422643
347,768,75,0.00467734,0.001115864,0.003561476
347,768,76,0.005641578,0.002308297,0.003333281
347,768,77,0.005571575,0.002233093,0.003338482
347,768,78,0.004441558,0.001011681,0.003429877
347,768,79,0.004469255,0.00086298,0.003606275
347,768,80,0.004274193,0.00070826,0.003565933
347,768,81,0.004417721,0.000809258,0.003608463
347,768,82,0.004290747,0.000852217,0.00343853
347,768,83,0.007201298,0.003743735,0.003457563
347,768,84,0.005287506,0.001542952,0.003744554
347,768,85,0.004411074,0.000615318,0.003795756
347,768,86,0.004275473,0.000683541,0.003591932
347,768,87,0.004132917,0.000525131,0.003607786
347,768,88,0.007239439,0.003706864,0.003532575
347,768,89,0.007916892,0.004280762,0.00363613
347,768,90,0.005258821,0.001687911,0.00357091
347,768,91,0.004294744,0.000668805,0.003625939
347,768,92,0.006721381,0.00298615,0.003735231
347,768,93,0.004487131,0.000754178,0.003732953
347,768,94,0.004245512,0.000517573,0.003727939
347,768,95,0.004361217,0.000641715,0.003719502
347,768,96,0.004469446,0.000715049,0.003754397
347,768,97,0.004303833,0.00058287,0.003720963
347,768,98,0.004276032,0.000649574,0.003626458
347,768,99,0.004132052,0.000568117,0.003563935
347,768,100,0.007873953,0.004146453,0.0037275
347,768,101,0.00420855,0.0004454,0.00376315
347,768,102,0.004393892,0.000582721,0.003811171
347,768,103,0.004542371,0.00063246,0.003909911
347,768,104,0.004585874,0.000635056,0.003950818
347,768,105,0.004493191,0.000584946,0.003908245
347,768,106,0.004894306,0.001150101,0.003744205
347,768,107,0.004342513,0.000548389,0.003794124
347,768,108,0.00448931,0.000799517,0.003689793
347,768,109,0.005043624,0.001324441,0.003719183
347,768,110,0.00408481,0.000574219,0.003510591
348,768,1,0.756958948,0.633053349,0.123905599
348,768,2,0.068299279,0.065250316,0.003048963
348,768,3,0.009911926,0.006676143,0.003235783
348,768,4,0.00483437,0.001445906,0.003388464
348,768,5,0.003656624,0.000391003,0.003265621
348,768,6,0.061887468,0.05882231,0.003065158
348,768,7,0.107664724,0.104606188,0.003058536
348,768,8,0.004140653,0.00107567,0.003064983
348,768,9,0.004080704,0.000893954,0.00318675
348,768,10,0.004056515,0.000800008,0.003256507
348,768,11,0.00407409,0.000797989,0.003276101
348,768,12,0.004082813,0.000748496,0.003334317
348,768,13,0.004047612,0.000658083,0.003389529
348,768,14,0.004222927,0.000708135,0.003514792
348,768,15,0.004170719,0.000495965,0.003674754
348,768,16,0.004308728,0.000478367,0.003830361
348,768,17,0.004458698,0.000530235,0.003928463
348,768,18,0.004444804,0.000527592,0.003917212
348,768,19,0.004461917,0.000519304,0.003942613
348,768,20,0.004493446,0.000554724,0.003938722
348,768,21,0.004454699,0.0005425,0.003912199
348,768,22,0.004302496,0.000526414,0.003776082
348,768,23,0.00418647,0.000488751,0.003697719
348,768,24,0.004195169,0.000502992,0.003692177
348,768,25,0.004146442,0.000467847,0.003678595
348,768,26,0.004094333,0.000454507,0.003639826
348,768,27,0.004023521,0.000448186,0.003575335
348,768,28,0.004164167,0.000593587,0.00357058
348,768,29,0.004555167,0.00096798,0.003587187
348,768,30,0.004447156,0.000779188,0.003667968
348,768,31,0.004578291,0.000870735,0.003707556
348,768,32,0.004443223,0.00078822,0.003655003
348,768,33,0.004666541,0.000965734,0.003700807
348,768,34,0.00470898,0.000993947,0.003715033
348,768,35,0.004667891,0.000937248,0.003730643
348,768,36,0.004731551,0.001031224,0.003700327
348,768,37,0.004627813,0.000894784,0.003733029
348,768,38,0.004604782,0.000884451,0.003720331
348,768,39,0.004667199,0.000888406,0.003778793
348,768,40,0.00481165,0.001010907,0.003800743
348,768,41,0.004532366,0.000745274,0.003787092
348,768,42,0.004746359,0.00091863,0.003827729
348,768,43,0.004574184,0.000586644,0.00398754
348,768,44,0.004721784,0.00074326,0.003978524
348,768,45,0.004617485,0.000563983,0.004053502
348,768,46,0.004590719,0.00057838,0.004012339
348,768,47,0.004636708,0.000593275,0.004043433
348,768,48,0.004564306,0.00062922,0.003935086
348,768,49,0.004651633,0.000591063,0.00406057
348,768,50,0.004647103,0.000639082,0.004008021
348,768,51,0.004624976,0.000596356,0.00402862
348,768,52,0.004531433,0.00064605,0.003885383
348,768,53,0.004523548,0.000609658,0.00391389
348,768,54,0.004387541,0.000583464,0.003804077
348,768,55,0.004392123,0.000544456,0.003847667
348,768,56,0.004442259,0.000547699,0.00389456
348,768,57,0.004492745,0.000561375,0.00393137
348,768,58,0.004303235,0.000569985,0.00373325
348,768,59,0.005840355,0.002381555,0.0034588
348,768,60,0.005140617,0.001631892,0.003508725
348,768,61,0.005047759,0.001485354,0.003562405
348,768,62,0.004915387,0.001306635,0.003608752
348,768,63,0.004517916,0.000789295,0.003728621
348,768,64,0.004373999,0.000668913,0.003705086
348,768,65,0.004262855,0.000642191,0.003620664
348,768,66,0.007765528,0.004533144,0.003232384
348,768,67,0.00719225,0.003754855,0.003437395
348,768,68,0.004812277,0.001199355,0.003612922
348,768,69,0.004544212,0.000810505,0.003733707
348,768,70,0.006489478,0.003084443,0.003405035
348,768,71,0.004543093,0.001252593,0.0032905
348,768,72,0.004556325,0.001094654,0.003461671
348,768,73,0.004576082,0.000992969,0.003583113
348,768,74,0.00419158,0.00076279,0.00342879
348,768,75,0.005963665,0.002539135,0.00342453
348,768,76,0.005757845,0.00225991,0.003497935
348,768,77,0.004374186,0.000881643,0.003492543
348,768,78,0.00436132,0.000818061,0.003543259
348,768,79,0.004423449,0.000753109,0.00367034
348,768,80,0.004249193,0.000643066,0.003606127
348,768,81,0.004659226,0.000879072,0.003780154
348,768,82,0.004126853,0.000662005,0.003464848
348,768,83,0.007439389,0.003935259,0.00350413
348,768,84,0.004729848,0.000940628,0.00378922
348,768,85,0.00435721,0.000473494,0.003883716
348,768,86,0.004164432,0.000535254,0.003629178
348,768,87,0.007425196,0.003916069,0.003509127
348,768,88,0.005410014,0.001740508,0.003669506
348,768,89,0.004183351,0.000503987,0.003679364
348,768,90,0.006069744,0.002465288,0.003604456
348,768,91,0.008607518,0.004959924,0.003647594
348,768,92,0.004498296,0.000654639,0.003843657
348,768,93,0.004276233,0.000508393,0.00376784
348,768,94,0.004444677,0.000564721,0.003879956
348,768,95,0.004372704,0.000545522,0.003827182
348,768,96,0.004402437,0.000514056,0.003888381
348,768,97,0.00430733,0.000467535,0.003839795
348,768,98,0.004237654,0.000468807,0.003768847
348,768,99,0.004164431,0.000518109,0.003646322
348,768,100,0.004356896,0.000541662,0.003815234
348,768,101,0.007066843,0.003254393,0.00381245
348,768,102,0.004482263,0.000551957,0.003930306
348,768,103,0.00453288,0.000523381,0.004009499
348,768,104,0.004637625,0.00054079,0.004096835
348,768,105,0.004542374,0.000511457,0.004030917
348,768,106,0.00429615,0.000549177,0.003746973
348,768,107,0.004611894,0.000831366,0.003780528
348,768,108,0.004341103,0.000607628,0.003733475
348,768,109,0.004614063,0.00084556,0.003768503
348,768,110,0.0046272,0.001046676,0.003580524
349,768,1,0.75753781,0.633476124,0.124061686
349,768,2,0.070503659,0.067479521,0.003024138
349,768,3,0.003675669,0.000497355,0.003178314
349,768,4,0.006707721,0.003446898,0.003260823
349,768,5,0.004841825,0.001628135,0.00321369
349,768,6,0.062942852,0.059901703,0.003041149
349,768,7,0.062430742,0.05936765,0.003063092
349,768,8,0.047967566,0.044903801,0.003063765
349,768,9,0.004393619,0.001214723,0.003178896
349,768,10,0.004039367,0.000794808,0.003244559
349,768,11,0.004114892,0.000822663,0.003292229
349,768,12,0.004118301,0.000815694,0.003302607
349,768,13,0.004039363,0.000667877,0.003371486
349,768,14,0.004076861,0.000621807,0.003455054
349,768,15,0.004318677,0.000601102,0.003717575
349,768,16,0.004342387,0.000515658,0.003826729
349,768,17,0.004428818,0.000500626,0.003928192
349,768,18,0.004423898,0.000596424,0.003827474
349,768,19,0.004435637,0.000539144,0.003896493
349,768,20,0.00447555,0.000570098,0.003905452
349,768,21,0.004482623,0.000563847,0.003918776
349,768,22,0.004361499,0.000552732,0.003808767
349,768,23,0.004088917,0.000524865,0.003564052
349,768,24,0.004121709,0.000522684,0.003599025
349,768,25,0.004135346,0.000512126,0.00362322
349,768,26,0.004479185,0.000585762,0.003893423
349,768,27,0.00397784,0.000464921,0.003512919
349,768,28,0.004088385,0.000515606,0.003572779
349,768,29,0.004396786,0.000734325,0.003662461
349,768,30,0.00442637,0.000839656,0.003586714
349,768,31,0.004419964,0.000823444,0.00359652
349,768,32,0.004589743,0.00096497,0.003624773
349,768,33,0.00447659,0.000828902,0.003647688
349,768,34,0.004679652,0.001006137,0.003673515
349,768,35,0.004751747,0.001033343,0.003718404
349,768,36,0.00463917,0.000843344,0.003795826
349,768,37,0.004562924,0.000921888,0.003641036
349,768,38,0.004614942,0.000939868,0.003675074
349,768,39,0.004746955,0.000951887,0.003795068
349,768,40,0.004576026,0.000784553,0.003791473
349,768,41,0.004810032,0.000994379,0.003815653
349,768,42,0.004565931,0.000744332,0.003821599
349,768,43,0.004701285,0.000837033,0.003864252
349,768,44,0.004592082,0.000658058,0.003934024
349,768,45,0.004734971,0.000856468,0.003878503
349,768,46,0.004599726,0.00074329,0.003856436
349,768,47,0.00468307,0.00068002,0.00400305
349,768,48,0.004413441,0.000608112,0.003805329
349,768,49,0.004799446,0.000766552,0.004032894
349,768,50,0.004579008,0.000685539,0.003893469
349,768,51,0.004716583,0.000776709,0.003939874
349,768,52,0.004513632,0.000649,0.003864632
349,768,53,0.004466277,0.000635247,0.00383103
349,768,54,0.004505355,0.000689123,0.003816232
349,768,55,0.004390589,0.000562283,0.003828306
349,768,56,0.004462023,0.000592459,0.003869564
349,768,57,0.004513602,0.000664229,0.003849373
349,768,58,0.004326316,0.000701598,0.003624718
349,768,59,0.0046416,0.001058732,0.003582868
349,768,60,0.005542746,0.00217472,0.003368026
349,768,61,0.005103195,0.00164456,0.003458635
349,768,62,0.005141124,0.00165345,0.003487674
349,768,63,0.004984723,0.001359693,0.00362503
349,768,64,0.004434324,0.000802836,0.003631488
349,768,65,0.008462919,0.005145604,0.003317315
349,768,66,0.007025622,0.003744572,0.00328105
349,768,67,0.004738988,0.00131258,0.003426408
349,768,68,0.004508511,0.000951466,0.003557045
349,768,69,0.004355986,0.00069662,0.003659366
349,768,70,0.004215983,0.000612073,0.00360391
349,768,71,0.005831368,0.002536516,0.003294852
349,768,72,0.004940398,0.001499714,0.003440684
349,768,73,0.004595209,0.00107121,0.003523999
349,768,74,0.006470444,0.003011267,0.003459177
349,768,75,0.005650628,0.002243677,0.003406951
349,768,76,0.004425638,0.000962962,0.003462676
349,768,77,0.004372629,0.000964036,0.003408593
349,768,78,0.004451235,0.000949233,0.003502002
349,768,79,0.00439137,0.000839726,0.003551644
349,768,80,0.004292251,0.00078436,0.003507891
349,768,81,0.004473109,0.000896352,0.003576757
349,768,82,0.007187362,0.003909117,0.003278245
349,768,83,0.004720668,0.001254264,0.003466404
349,768,84,0.004428863,0.000754781,0.003674082
349,768,85,0.00446101,0.000703059,0.003757951
349,768,86,0.007548482,0.004058183,0.003490299
349,768,87,0.004980397,0.00150234,0.003478057
349,768,88,0.00446362,0.000841361,0.003622259
349,768,89,0.004264997,0.00059529,0.003669707
349,768,90,0.00405843,0.000427251,0.003631179
349,768,91,0.005482045,0.001844873,0.003637172
349,768,92,0.008755029,0.004964527,0.003790502
349,768,93,0.004379438,0.000662042,0.003717396
349,768,94,0.0043018,0.000531916,0.003769884
349,768,95,0.004365274,0.000641597,0.003723677
349,768,96,0.004358252,0.000624802,0.00373345
349,768,97,0.004412771,0.000671633,0.003741138
349,768,98,0.004159775,0.000549902,0.003609873
349,768,99,0.004248278,0.000646663,0.003601615
349,768,100,0.004332523,0.000641614,0.003690909
349,768,101,0.004407137,0.000708449,0.003698688
349,768,102,0.007151657,0.003257002,0.003894655
349,768,103,0.004483119,0.000568084,0.003915035
349,768,104,0.00462624,0.000649194,0.003977046
349,768,105,0.004603831,0.000684417,0.003919414
349,768,106,0.004479034,0.000656708,0.003822326
349,768,107,0.00430504,0.000578653,0.003726387
349,768,108,0.004589583,0.000882874,0.003706709
349,768,109,0.005146832,0.001458412,0.00368842
349,768,110,0.004752266,0.001259981,0.003492285
350,768,1,0.754940728,0.631367984,0.123572744
350,768,2,0.070304761,0.06727819,0.003026571
350,768,3,0.006102816,0.003064239,0.003038577
350,768,4,0.003931028,0.000627908,0.00330312
350,768,5,0.012273801,0.009226527,0.003047274
350,768,6,0.117918219,0.114885323,0.003032896
350,768,7,0.003934782,0.000894436,0.003040346
350,768,8,0.003642134,0.000505069,0.003137065
350,768,9,0.047289393,0.044203086,0.003086307
350,768,10,0.004491705,0.001344151,0.003147554
350,768,11,0.004223581,0.000921679,0.003301902
350,768,12,0.004104022,0.000760515,0.003343507
350,768,13,0.004037202,0.000615991,0.003421211
350,768,14,0.004082949,0.000578781,0.003504168
350,768,15,0.004189915,0.000492221,0.003697694
350,768,16,0.004296649,0.000574583,0.003722066
350,768,17,0.00440648,0.000524393,0.003882087
350,768,18,0.004525368,0.000590911,0.003934457
350,768,19,0.004558256,0.000571305,0.003986951
350,768,20,0.004567041,0.000572615,0.003994426
350,768,21,0.004534821,0.000572872,0.003961949
350,768,22,0.004361975,0.000541714,0.003820261
350,768,23,0.004163293,0.000534604,0.003628689
350,768,24,0.004189613,0.000503585,0.003686028
350,768,25,0.004193472,0.000480458,0.003713014
350,768,26,0.004172008,0.000481538,0.00369047
350,768,27,0.004075348,0.00047609,0.003599258
350,768,28,0.004161128,0.000593169,0.003567959
350,768,29,0.004489844,0.000820486,0.003669358
350,768,30,0.004707589,0.001056176,0.003651413
350,768,31,0.004717875,0.001154354,0.003563521
350,768,32,0.004413934,0.000820041,0.003593893
350,768,33,0.004626851,0.001097655,0.003529196
350,768,34,0.004607218,0.000959819,0.003647399
350,768,35,0.004612876,0.000974335,0.003638541
350,768,36,0.004671131,0.000998714,0.003672417
350,768,37,0.004542523,0.000882819,0.003659704
350,768,38,0.004669629,0.001020576,0.003649053
350,768,39,0.004592258,0.000795407,0.003796851
350,768,40,0.004613685,0.000904045,0.00370964
350,768,41,0.004524382,0.000684572,0.00383981
350,768,42,0.004453709,0.000638257,0.003815452
350,768,43,0.004558211,0.000688834,0.003869377
350,768,44,0.004504858,0.000625864,0.003878994
350,768,45,0.004523232,0.000619696,0.003903536
350,768,46,0.00467014,0.000701621,0.003968519
350,768,47,0.004477306,0.000585431,0.003891875
350,768,48,0.004707376,0.000779989,0.003927387
350,768,49,0.004563454,0.000588788,0.003974666
350,768,50,0.004675222,0.000716265,0.003958957
350,768,51,0.004665966,0.000693211,0.003972755
350,768,52,0.004648186,0.000698858,0.003949328
350,768,53,0.004526952,0.000567362,0.00395959
350,768,54,0.004474402,0.000571277,0.003903125
350,768,55,0.004429316,0.000551781,0.003877535
350,768,56,0.004373377,0.000576477,0.0037969
350,768,57,0.004516503,0.000680223,0.00383628
350,768,58,0.004414815,0.000779612,0.003635203
350,768,59,0.004415632,0.000845866,0.003569766
350,768,60,0.004707789,0.001132458,0.003575331
350,768,61,0.006701733,0.003279056,0.003422677
350,768,62,0.005716302,0.002160793,0.003555509
350,768,63,0.004469787,0.000788433,0.003681354
350,768,64,0.006674224,0.003067674,0.00360655
350,768,65,0.004216877,0.000808415,0.003408462
350,768,66,0.005579882,0.002357821,0.003222061
350,768,67,0.007238991,0.003877552,0.003361439
350,768,68,0.004885965,0.001300751,0.003585214
350,768,69,0.004517026,0.000826157,0.003690869
350,768,70,0.004124027,0.0005397,0.003584327
350,768,71,0.004066391,0.000648143,0.003418248
350,768,72,0.006061359,0.002635967,0.003425392
350,768,73,0.007710486,0.004378942,0.003331544
350,768,74,0.005805645,0.00234314,0.003462505
350,768,75,0.004464696,0.0009601,0.003504596
350,768,76,0.004406056,0.000881679,0.003524377
350,768,77,0.004359982,0.000908872,0.00345111
350,768,78,0.004334902,0.000892202,0.0034427
350,768,79,0.004566717,0.000946639,0.003620078
350,768,80,0.004286839,0.000814048,0.003472791
350,768,81,0.007504938,0.004106702,0.003398236
350,768,82,0.0042653,0.000949912,0.003315388
350,768,83,0.004624025,0.001096439,0.003527586
350,768,84,0.004503427,0.000793085,0.003710342
350,768,85,0.004407933,0.00065462,0.003753313
350,768,86,0.004199853,0.00057803,0.003621823
350,768,87,0.00669475,0.003202864,0.003491886
350,768,88,0.005303701,0.001677461,0.00362624
350,768,89,0.004243123,0.000548876,0.003694247
350,768,90,0.004170856,0.000568194,0.003602662
350,768,91,0.004159267,0.000529919,0.003629348
350,768,92,0.006026793,0.002388546,0.003638247
350,768,93,0.008193909,0.004503622,0.003690287
350,768,94,0.004494685,0.000735285,0.0037594
350,768,95,0.004251094,0.000519111,0.003731983
350,768,96,0.004415138,0.000626125,0.003789013
350,768,97,0.004227458,0.000481924,0.003745534
350,768,98,0.004359319,0.000710944,0.003648375
350,768,99,0.00409778,0.000462198,0.003635582
350,768,100,0.004496326,0.000762483,0.003733843
350,768,101,0.004231636,0.000495014,0.003736622
350,768,102,0.005850557,0.001935202,0.003915355
350,768,103,0.00590554,0.001974547,0.003930993
350,768,104,0.004527536,0.00060362,0.003923916
350,768,105,0.00474093,0.000710108,0.004030822
350,768,106,0.004385281,0.000582265,0.003803016
350,768,107,0.004273976,0.000614843,0.003659133
350,768,108,0.006201198,0.002484828,0.00371637
350,768,109,0.005106439,0.001363472,0.003742967
350,768,110,0.003954654,0.00046374,0.003490914
351,768,1,0.619857014,0.494427812,0.125429202
351,768,2,0.138278078,0.135202946,0.003075132
351,768,3,0.070351752,0.067293587,0.003058165
351,768,4,0.006194522,0.003021248,0.003173274
351,768,5,0.004140341,0.000720013,0.003420328
351,768,6,0.01193087,0.008889945,0.003040925
351,768,7,0.118067017,0.115014379,0.003052638
351,768,8,0.00410423,0.000926547,0.003177683
351,768,9,0.00353582,0.000402244,0.003133576
351,768,10,0.04754393,0.044399325,0.003144605
351,768,11,0.004640298,0.001419183,0.003221115
351,768,12,0.004148056,0.000815376,0.00333268
351,768,13,0.004126469,0.000698885,0.003427584
351,768,14,0.004012841,0.000527846,0.003484995
351,768,15,0.00413428,0.000482884,0.003651396
351,768,16,0.004458034,0.000570959,0.003887075
351,768,17,0.004480604,0.000474536,0.004006068
351,768,18,0.00449763,0.0005303,0.00396733
351,768,19,0.004496405,0.000530895,0.00396551
351,768,20,0.004522442,0.000547165,0.003975277
351,768,21,0.0044516,0.000585142,0.003866458
351,768,22,0.004307124,0.000526959,0.003780165
351,768,23,0.004228129,0.000570975,0.003657154
351,768,24,0.004162577,0.000532748,0.003629829
351,768,25,0.004223666,0.000533238,0.003690428
351,768,26,0.00416753,0.000509446,0.003658084
351,768,27,0.004127733,0.000532987,0.003594746
351,768,28,0.004147905,0.000462081,0.003685824
351,768,29,0.004349673,0.000714844,0.003634829
351,768,30,0.004494525,0.000812195,0.00368233
351,768,31,0.004703232,0.001026205,0.003677027
351,768,32,0.004510687,0.000825726,0.003684961
351,768,33,0.00448735,0.000809306,0.003678044
351,768,34,0.004738821,0.001019166,0.003719655
351,768,35,0.004669036,0.000869096,0.00379994
351,768,36,0.004574569,0.00087153,0.003703039
351,768,37,0.004615597,0.000871002,0.003744595
351,768,38,0.004613655,0.000841808,0.003771847
351,768,39,0.004763891,0.000890671,0.00387322
351,768,40,0.004525521,0.000655884,0.003869637
351,768,41,0.004785228,0.000827343,0.003957885
351,768,42,0.004417001,0.00052077,0.003896231
351,768,43,0.004482237,0.000559474,0.003922763
351,768,44,0.004564768,0.000567562,0.003997206
351,768,45,0.004623532,0.000571081,0.004052451
351,768,46,0.004467053,0.000522586,0.003944467
351,768,47,0.004541091,0.00050263,0.004038461
351,768,48,0.004492918,0.000520333,0.003972585
351,768,49,0.004777039,0.000718594,0.004058445
351,768,50,0.004586447,0.00054335,0.004043097
351,768,51,0.004515338,0.000570958,0.00394438
351,768,52,0.004625683,0.000697929,0.003927754
351,768,53,0.004716693,0.000758855,0.003957838
351,768,54,0.004407537,0.000545058,0.003862479
351,768,55,0.00451885,0.00063444,0.00388441
351,768,56,0.004419817,0.000522549,0.003897268
351,768,57,0.004530387,0.000623895,0.003906492
351,768,58,0.004334111,0.000593357,0.003740754
351,768,59,0.004331262,0.000669019,0.003662243
351,768,60,0.00454624,0.000995511,0.003550729
351,768,61,0.004579657,0.00102307,0.003556587
351,768,62,0.006837058,0.003405776,0.003431282
351,768,63,0.008542912,0.005055389,0.003487523
351,768,64,0.00472592,0.001039457,0.003686463
351,768,65,0.003888321,0.000511456,0.003376865
351,768,66,0.004312009,0.000942032,0.003369977
351,768,67,0.005071731,0.001736909,0.003334822
351,768,68,0.007308967,0.003827833,0.003481134
351,768,69,0.004752958,0.001138827,0.003614131
351,768,70,0.004535206,0.000774748,0.003760458
351,768,71,0.004034182,0.000532063,0.003502119
351,768,72,0.004055804,0.000703435,0.003352369
351,768,73,0.006477163,0.002949582,0.003527581
351,768,74,0.007563,0.004136284,0.003426716
351,768,75,0.00582206,0.002297262,0.003524798
351,768,76,0.004319499,0.000800707,0.003518792
351,768,77,0.004475626,0.000976933,0.003498693
351,768,78,0.004313806,0.000802433,0.003511373
351,768,79,0.004486286,0.000881016,0.00360527
351,768,80,0.008380056,0.00478718,0.003592876
351,768,81,0.004405297,0.000946357,0.00345894
351,768,82,0.004162376,0.000745799,0.003416577
351,768,83,0.00459511,0.001034891,0.003560219
351,768,84,0.004392251,0.000723392,0.003668859
351,768,85,0.004438241,0.000634215,0.003804026
351,768,86,0.004159592,0.000557192,0.0036024
351,768,87,0.004037585,0.000507443,0.003530142
351,768,88,0.006507718,0.00289733,0.003610388
351,768,89,0.00499384,0.001314497,0.003679343
351,768,90,0.004104784,0.000475564,0.00362922
351,768,91,0.004228326,0.000603858,0.003624468
351,768,92,0.004200585,0.00053803,0.003662555
351,768,93,0.006262934,0.002454868,0.003808066
351,768,94,0.008230296,0.004354806,0.00387549
351,768,95,0.004391886,0.000612952,0.003778934
351,768,96,0.004296652,0.000435663,0.003860989
351,768,97,0.004388709,0.00057937,0.003809339
351,768,98,0.004169117,0.000442607,0.00372651
351,768,99,0.00424046,0.000547019,0.003693441
351,768,100,0.004240597,0.000481532,0.003759065
351,768,101,0.004418745,0.000665788,0.003752957
351,768,102,0.00433322,0.000539407,0.003793813
351,768,103,0.00587129,0.002003429,0.003867861
351,768,104,0.006269313,0.002223984,0.004045329
351,768,105,0.004560744,0.000538575,0.004022169
351,768,106,0.004357767,0.000561587,0.00379618
351,768,107,0.006955805,0.003094197,0.003861608
351,768,108,0.005069677,0.001250457,0.00381922
351,768,109,0.004254335,0.000521951,0.003732384
351,768,110,0.00387022,0.000393519,0.003476701
352,768,1,0.626422113,0.500318463,0.12610365
352,768,2,0.16647396,0.163452007,0.003021953
352,768,3,0.00368296,0.000567563,0.003115397
352,768,4,0.035344641,0.032107834,0.003236807
352,768,5,0.003898338,0.000771207,0.003127131
352,768,6,0.012007835,0.008993758,0.003014077
352,768,7,0.054165458,0.051141279,0.003024179
352,768,8,0.004041014,0.000887629,0.003153385
352,768,9,0.011724525,0.008719779,0.003004746
352,768,10,0.057288356,0.054259108,0.003029248
352,768,11,0.004345329,0.001322214,0.003023115
352,768,12,0.004338544,0.00122933,0.003109214
352,768,13,0.004308758,0.001138218,0.00317054
352,768,14,0.004058315,0.00090315,0.003155165
352,768,15,0.004004143,0.000844048,0.003160095
352,768,16,0.004152121,0.001115156,0.003036965
352,768,17,0.00406595,0.001043971,0.003021979
352,768,18,0.004035202,0.000895023,0.003140179
352,768,19,0.004043796,0.000879885,0.003163911
352,768,20,0.003958687,0.000758651,0.003200036
352,768,21,0.017238196,0.01381443,0.003423766
352,768,22,0.005312782,0.001670946,0.003641836
352,768,23,0.005045453,0.001170192,0.003875261
352,768,24,0.004657372,0.000749686,0.003907686
352,768,25,0.004625115,0.000714486,0.003910629
352,768,26,0.004927085,0.000926697,0.004000388
352,768,27,0.004439397,0.000515854,0.003923543
352,768,28,0.004671696,0.000885134,0.003786562
352,768,29,0.004518722,0.000895707,0.003623015
352,768,30,0.004197541,0.000617271,0.00358027
352,768,31,0.004331523,0.000684796,0.003646727
352,768,32,0.004348519,0.000690145,0.003658374
352,768,33,0.004044198,0.000557678,0.00348652
352,768,34,0.011460458,0.007875399,0.003585059
352,768,35,0.005461314,0.00187099,0.003590324
352,768,36,0.005730819,0.002263059,0.00346776
352,768,37,0.006300921,0.002714799,0.003586122
352,768,38,0.005847301,0.002102333,0.003744968
352,768,39,0.005534854,0.00183075,0.003704104
352,768,40,0.005647589,0.002040538,0.003607051
352,768,41,0.005261672,0.001619511,0.003642161
352,768,42,0.004833536,0.001124967,0.003708569
352,768,43,0.004789574,0.001143393,0.003646181
352,768,44,0.004835505,0.001059217,0.003776288
352,768,45,0.004668373,0.000929406,0.003738967
352,768,46,0.005397709,0.001533035,0.003864674
352,768,47,0.004410507,0.000546508,0.003863999
352,768,48,0.00495252,0.000973643,0.003978877
352,768,49,0.004422361,0.000566244,0.003856117
352,768,50,0.004634183,0.00071509,0.003919093
352,768,51,0.00484647,0.000872887,0.003973583
352,768,52,0.004818688,0.000787305,0.004031383
352,768,53,0.004467722,0.000573976,0.003893746
352,768,54,0.004844799,0.000914318,0.003930481
352,768,55,0.004753707,0.000856477,0.00389723
352,768,56,0.004773906,0.000874128,0.003899778
352,768,57,0.00487141,0.001034243,0.003837167
352,768,58,0.004889966,0.001060706,0.00382926
352,768,59,0.004723151,0.001001755,0.003721396
352,768,60,0.004637644,0.000924558,0.003713086
352,768,61,0.004595967,0.001061946,0.003534021
352,768,62,0.004719463,0.00118743,0.003532033
352,768,63,0.004562377,0.001109728,0.003452649
352,768,64,0.00480553,0.001274416,0.003531114
352,768,65,0.004479155,0.00095565,0.003523505
352,768,66,0.004581199,0.000976593,0.003604606
352,768,67,0.004463975,0.000923615,0.00354036
352,768,68,0.004431299,0.001043918,0.003387381
352,768,69,0.004373945,0.001026307,0.003347638
352,768,70,0.004491194,0.001220349,0.003270845
352,768,71,0.004786954,0.001403366,0.003383588
352,768,72,0.005070684,0.001575507,0.003495177
352,768,73,0.005564309,0.0020566,0.003507709
352,768,74,0.004982106,0.001604746,0.00337736
352,768,75,0.008052032,0.004733321,0.003318711
352,768,76,0.004705238,0.001373896,0.003331342
352,768,77,0.004628109,0.001215731,0.003412378
352,768,78,0.004531029,0.001078992,0.003452037
352,768,79,0.007061813,0.003616559,0.003445254
352,768,80,0.005960693,0.002493525,0.003467168
352,768,81,0.004563998,0.000939259,0.003624739
352,768,82,0.00432276,0.000736337,0.003586423
352,768,83,0.00459773,0.000836743,0.003760987
352,768,84,0.004152251,0.000681236,0.003471015
352,768,85,0.004099287,0.000739962,0.003359325
352,768,86,0.004564371,0.001012455,0.003551916
352,768,87,0.004457056,0.000766065,0.003690991
352,768,88,0.00428088,0.000588504,0.003692376
352,768,89,0.004290312,0.000664506,0.003625806
352,768,90,0.004130135,0.000553061,0.003577074
352,768,91,0.005731015,0.002269165,0.00346185
352,768,92,0.004466215,0.000864556,0.003601659
352,768,93,0.004565177,0.000908264,0.003656913
352,768,94,0.006896208,0.003293145,0.003603063
352,768,95,0.008833436,0.00511348,0.003719956
352,768,96,0.004649181,0.000918728,0.003730453
352,768,97,0.004421989,0.000617703,0.003804286
352,768,98,0.004248623,0.000502607,0.003746016
352,768,99,0.004384384,0.000626972,0.003757412
352,768,100,0.004703766,0.000970664,0.003733102
352,768,101,0.007089634,0.003418729,0.003670905
352,768,102,0.007922817,0.004191919,0.003730898
352,768,103,0.008326229,0.004468519,0.00385771
352,768,104,0.005715127,0.001822889,0.003892238
352,768,105,0.004544833,0.000644324,0.003900509
352,768,106,0.004650746,0.000674593,0.003976153
352,768,107,0.004368103,0.000603458,0.003764645
352,768,108,0.007292338,0.003463343,0.003828995
352,768,109,0.005252086,0.001479383,0.003772703
352,768,110,0.004271334,0.000592588,0.003678746
353,768,1,0.764007121,0.640063009,0.123944112
353,768,2,0.003599161,0.000454649,0.003144512
353,768,3,0.035252414,0.031999699,0.003252715
353,768,4,0.004016165,0.000766139,0.003250026
353,768,5,0.0120968,0.009065062,0.003031738
353,768,6,0.054170596,0.051133078,0.003037518
353,768,7,0.003920813,0.000899349,0.003021464
353,768,8,0.011843603,0.008829111,0.003014492
353,768,9,0.057135739,0.054107101,0.003028638
353,768,10,0.004189457,0.001074623,0.003114834
353,768,11,0.003978722,0.000861841,0.003116881
353,768,12,0.004190185,0.001029682,0.003160503
353,768,13,0.004119061,0.001070341,0.00304872
353,768,14,0.004118044,0.001078765,0.003039279
353,768,15,0.004015693,0.00098416,0.003031533
353,768,16,0.004106648,0.001060743,0.003045905
353,768,17,0.004072599,0.00103706,0.003035539
353,768,18,0.004092808,0.001051727,0.003041081
353,768,19,0.004062497,0.000924873,0.003137624
353,768,20,0.016459855,0.013133528,0.003326327
353,768,21,0.00552867,0.002070485,0.003458185
353,768,22,0.005042856,0.001265583,0.003777273
353,768,23,0.004803313,0.000954618,0.003848695
353,768,24,0.004614942,0.000662478,0.003952464
353,768,25,0.004862347,0.000944971,0.003917376
353,768,26,0.004570382,0.000574513,0.003995869
353,768,27,0.004733368,0.000866505,0.003866863
353,768,28,0.004715773,0.000966771,0.003749002
353,768,29,0.004241599,0.000651622,0.003589977
353,768,30,0.004238981,0.00062976,0.003609221
353,768,31,0.004329361,0.000737478,0.003591883
353,768,32,0.004231699,0.000635937,0.003595762
353,768,33,0.011378528,0.007842382,0.003536146
353,768,34,0.005467221,0.001999997,0.003467224
353,768,35,0.005824049,0.00238747,0.003436579
353,768,36,0.006203683,0.002608525,0.003595158
353,768,37,0.005698938,0.002078576,0.003620362
353,768,38,0.005560309,0.002029272,0.003531037
353,768,39,0.00574245,0.002120651,0.003621799
353,768,40,0.005196241,0.001547468,0.003648773
353,768,41,0.004779817,0.001050759,0.003729058
353,768,42,0.004790317,0.001040215,0.003750102
353,768,43,0.004800811,0.000986661,0.00381415
353,768,44,0.004521236,0.000800361,0.003720875
353,768,45,0.005406184,0.00157131,0.003834874
353,768,46,0.004441501,0.000554277,0.003887224
353,768,47,0.004844383,0.000970843,0.00387354
353,768,48,0.004564179,0.00063398,0.003930199
353,768,49,0.004522693,0.000673168,0.003849525
353,768,50,0.004753988,0.000848997,0.003904991
353,768,51,0.004822678,0.0008984,0.003924278
353,768,52,0.004555417,0.000634454,0.003920963
353,768,53,0.004807427,0.000895042,0.003912385
353,768,54,0.00472761,0.000728224,0.003999386
353,768,55,0.004830777,0.0009354,0.003895377
353,768,56,0.004790605,0.000901641,0.003888964
353,768,57,0.00477827,0.001033929,0.003744341
353,768,58,0.004736513,0.000943473,0.00379304
353,768,59,0.004743911,0.000959993,0.003783918
353,768,60,0.004818985,0.001060012,0.003758973
353,768,61,0.004544628,0.001001625,0.003543003
353,768,62,0.004655237,0.001066732,0.003588505
353,768,63,0.004615963,0.001073411,0.003542552
353,768,64,0.004584213,0.001036571,0.003547642
353,768,65,0.004640979,0.001045438,0.003595541
353,768,66,0.004564949,0.000970584,0.003594365
353,768,67,0.004563665,0.000958214,0.003605451
353,768,68,0.004277641,0.000833142,0.003444499
353,768,69,0.004355658,0.001030193,0.003325465
353,768,70,0.004602009,0.001261379,0.00334063
353,768,71,0.004878371,0.00150599,0.003372381
353,768,72,0.005814075,0.002336075,0.003478
353,768,73,0.005104034,0.001609089,0.003494945
353,768,74,0.00801463,0.004714854,0.003299776
353,768,75,0.004858877,0.001402952,0.003455925
353,768,76,0.00446587,0.000965319,0.003500551
353,768,77,0.004462183,0.00097127,0.003490913
353,768,78,0.004518298,0.000971614,0.003546684
353,768,79,0.004548782,0.001055281,0.003493501
353,768,80,0.00557868,0.002209215,0.003369465
353,768,81,0.006435419,0.003000257,0.003435162
353,768,82,0.004651529,0.00097702,0.003674509
353,768,83,0.00450304,0.00080943,0.00369361
353,768,84,0.004309527,0.000740146,0.003569381
353,768,85,0.004104825,0.000687125,0.0034177
353,768,86,0.0045145,0.000950859,0.003563641
353,768,87,0.004529254,0.000766134,0.00376312
353,768,88,0.00458774,0.000728049,0.003859691
353,768,89,0.004207549,0.000549256,0.003658293
353,768,90,0.005885345,0.002375999,0.003509346
353,768,91,0.00440165,0.000923922,0.003477728
353,768,92,0.004773141,0.001141894,0.003631247
353,768,93,0.006910382,0.00333177,0.003578612
353,768,94,0.008642287,0.005044864,0.003597423
353,768,95,0.004656454,0.000895177,0.003761277
353,768,96,0.004331678,0.000662441,0.003669237
353,768,97,0.004292087,0.000510967,0.00378112
353,768,98,0.004484893,0.00074906,0.003735833
353,768,99,0.004724565,0.000943247,0.003781318
353,768,100,0.007133217,0.003509812,0.003623405
353,768,101,0.007841767,0.004201951,0.003639816
353,768,102,0.008179064,0.00450773,0.003671334
353,768,103,0.005629512,0.001780776,0.003848736
353,768,104,0.004537879,0.000541049,0.00399683
353,768,105,0.004486121,0.000543847,0.003942274
353,768,106,0.004614788,0.00069604,0.003918748
353,768,107,0.007280382,0.003642351,0.003638031
353,768,108,0.005247203,0.001536971,0.003710232
353,768,109,0.004369428,0.000572341,0.003797087
353,768,110,0.004289257,0.000553144,0.003736113
354,768,1,0.760505185,0.636110182,0.124395003
354,768,2,0.063087909,0.059874444,0.003213465
354,768,3,0.004027608,0.000578669,0.003448939
354,768,4,0.004365033,0.001101882,0.003263151
354,768,5,0.062133198,0.059081413,0.003051785
354,768,6,0.003906166,0.000864018,0.003042148
354,768,7,0.003556821,0.000381595,0.003175226
354,768,8,0.065401829,0.062343822,0.003058007
354,768,9,0.003900945,0.000849787,0.003051158
354,768,10,0.003904611,0.000725531,0.00317908
354,768,11,0.003895523,0.000716212,0.003179311
354,768,12,0.003960436,0.000786988,0.003173448
354,768,13,0.00407479,0.001002241,0.003072549
354,768,14,0.004026599,0.000859958,0.003166641
354,768,15,0.004032765,0.000870174,0.003162591
354,768,16,0.004144981,0.000994319,0.003150662
354,768,17,0.003949188,0.000799751,0.003149437
354,768,18,0.004020519,0.000859944,0.003160575
354,768,19,0.016445975,0.013164613,0.003281362
354,768,20,0.005375119,0.002039167,0.003335952
354,768,21,0.005198352,0.001553258,0.003645094
354,768,22,0.0049508,0.001099365,0.003851435
354,768,23,0.004610678,0.000709275,0.003901403
354,768,24,0.004866196,0.000900508,0.003965688
354,768,25,0.004478315,0.000575456,0.003902859
354,768,26,0.004819402,0.000878325,0.003941077
354,768,27,0.004868343,0.000971909,0.003896434
354,768,28,0.004440203,0.00068069,0.003759513
354,768,29,0.004255215,0.000586202,0.003669013
354,768,30,0.00428138,0.000628661,0.003652719
354,768,31,0.004271784,0.000623412,0.003648372
354,768,32,0.011480388,0.00804966,0.003430728
354,768,33,0.005526793,0.002093069,0.003433724
354,768,34,0.00585532,0.00238253,0.00347279
354,768,35,0.006093589,0.002512622,0.003580967
354,768,36,0.005571446,0.002054609,0.003516837
354,768,37,0.005675525,0.002051761,0.003623764
354,768,38,0.005664575,0.002056624,0.003607951
354,768,39,0.00518102,0.001366371,0.003814649
354,768,40,0.004732858,0.000954855,0.003778003
354,768,41,0.00472997,0.000929845,0.003800125
354,768,42,0.004767259,0.00089974,0.003867519
354,768,43,0.004609275,0.000822656,0.003786619
354,768,44,0.005247295,0.001298917,0.003948378
354,768,45,0.004431418,0.000534839,0.003896579
354,768,46,0.004885692,0.000909859,0.003975833
354,768,47,0.004450233,0.000570623,0.00387961
354,768,48,0.004643761,0.000610738,0.004033023
354,768,49,0.004707305,0.000770685,0.00393662
354,768,50,0.004710209,0.000787932,0.003922277
354,768,51,0.004560743,0.000633591,0.003927152
354,768,52,0.004912388,0.000968053,0.003944335
354,768,53,0.004582345,0.000644251,0.003938094
354,768,54,0.004837121,0.000984943,0.003852178
354,768,55,0.004678844,0.000846753,0.003832091
354,768,56,0.004898007,0.001091201,0.003806806
354,768,57,0.004911388,0.001166902,0.003744486
354,768,58,0.004704417,0.000824093,0.003880324
354,768,59,0.004647789,0.000942862,0.003704927
354,768,60,0.004790743,0.001123863,0.00366688
354,768,61,0.00455661,0.000961527,0.003595083
354,768,62,0.004654246,0.001098522,0.003555724
354,768,63,0.004456938,0.000935792,0.003521146
354,768,64,0.004836452,0.001197647,0.003638805
354,768,65,0.004510156,0.000874241,0.003635915
354,768,66,0.004742755,0.001004656,0.003738099
354,768,67,0.004246288,0.000665486,0.003580802
354,768,68,0.004397563,0.000905403,0.00349216
354,768,69,0.004614926,0.001162997,0.003451929
354,768,70,0.004474185,0.00113284,0.003341345
354,768,71,0.005976468,0.002361133,0.003615335
354,768,72,0.005253119,0.00162231,0.003630809
354,768,73,0.008229549,0.004793408,0.003436141
354,768,74,0.00443177,0.000958384,0.003473386
354,768,75,0.0046127,0.001023489,0.003589211
354,768,76,0.004301019,0.000816331,0.003484688
354,768,77,0.004507467,0.0010088,0.003498667
354,768,78,0.004526144,0.000977643,0.003548501
354,768,79,0.00461337,0.001024339,0.003589031
354,768,80,0.004329363,0.000853498,0.003475865
354,768,81,0.004776028,0.001268822,0.003507206
354,768,82,0.00662223,0.003082576,0.003539654
354,768,83,0.004432225,0.000812185,0.00362004
354,768,84,0.004462153,0.000998063,0.00346409
354,768,85,0.004348157,0.000819449,0.003528708
354,768,86,0.004789558,0.001192658,0.0035969
354,768,87,0.004686474,0.00097215,0.003714324
354,768,88,0.004606175,0.000709281,0.003896894
354,768,89,0.00598829,0.002428585,0.003559705
354,768,90,0.004338028,0.000807203,0.003530825
354,768,91,0.004623029,0.001068321,0.003554708
354,768,92,0.007257549,0.003544066,0.003713483
354,768,93,0.008518545,0.004845676,0.003672869
354,768,94,0.004481828,0.000827986,0.003653842
354,768,95,0.004366362,0.000562959,0.003803403
354,768,96,0.004228581,0.000475857,0.003752724
354,768,97,0.004617856,0.000785131,0.003832725
354,768,98,0.004729933,0.000946922,0.003783011
354,768,99,0.007245486,0.003535783,0.003709703
354,768,100,0.007804016,0.004105741,0.003698275
354,768,101,0.00814672,0.004363483,0.003783237
354,768,102,0.005320716,0.001488654,0.003832062
354,768,103,0.004436221,0.00053581,0.003900411
354,768,104,0.004512076,0.000551181,0.003960895
354,768,105,0.004676538,0.000632164,0.004044374
354,768,106,0.005205739,0.001173995,0.004031744
354,768,107,0.004576615,0.000758266,0.003818349
354,768,108,0.005773737,0.001872143,0.003901594
354,768,109,0.005335234,0.001485255,0.003849979
354,768,110,0.004292063,0.000557926,0.003734137
355,768,1,0.751005145,0.629238225,0.12176692
355,768,2,0.003784438,0.000470301,0.003314137
355,768,3,0.004636904,0.00115187,0.003485034
355,768,4,0.003722785,0.000502282,0.003220503
355,768,5,0.049837933,0.046805491,0.003032442
355,768,6,0.015125572,0.012099829,0.003025743
355,768,7,0.00405411,0.000951681,0.003102429
355,768,8,0.004846132,0.001835863,0.003010269
355,768,9,0.063977189,0.060947362,0.003029827
355,768,10,0.004472334,0.00128337,0.003188964
355,768,11,0.003808791,0.000632641,0.00317615
355,768,12,0.004161537,0.001018087,0.00314345
355,768,13,0.004073949,0.000941953,0.003131996
355,768,14,0.004046597,0.000991125,0.003055472
355,768,15,0.004015883,0.000890085,0.003125798
355,768,16,0.004104333,0.001071715,0.003032618
355,768,17,0.00404019,0.00100317,0.00303702
355,768,18,0.01624013,0.013068805,0.003171325
355,768,19,0.005371381,0.002023796,0.003347585
355,768,20,0.005180406,0.001695382,0.003485024
355,768,21,0.004769751,0.001164598,0.003605153
355,768,22,0.004725102,0.000979788,0.003745314
355,768,23,0.004972548,0.001099513,0.003873035
355,768,24,0.004354643,0.000546496,0.003808147
355,768,25,0.005019564,0.001164069,0.003855495
355,768,26,0.004869512,0.001016416,0.003853096
355,768,27,0.004496499,0.000670574,0.003825925
355,768,28,0.004251727,0.000602301,0.003649426
355,768,29,0.004247564,0.000650744,0.00359682
355,768,30,0.004397976,0.000757068,0.003640908
355,768,31,0.01185603,0.008412115,0.003443915
355,768,32,0.005463404,0.0020001,0.003463304
355,768,33,0.005830634,0.002118415,0.003712219
355,768,34,0.006025971,0.002621118,0.003404853
355,768,35,0.005623103,0.002095514,0.003527589
355,768,36,0.005554765,0.001987015,0.00356775
355,768,37,0.005726313,0.001871902,0.003854411
355,768,38,0.004930776,0.001171213,0.003759563
355,768,39,0.004728642,0.001024172,0.00370447
355,768,40,0.004731005,0.001064853,0.003666152
355,768,41,0.004728352,0.000895109,0.003833243
355,768,42,0.004688219,0.000907983,0.003780236
355,768,43,0.005042007,0.001226624,0.003815383
355,768,44,0.004374169,0.000581573,0.003792596
355,768,45,0.004927015,0.001037299,0.003889716
355,768,46,0.004389964,0.000598366,0.003791598
355,768,47,0.004583947,0.000714466,0.003869481
355,768,48,0.004866007,0.001007895,0.003858112
355,768,49,0.004638606,0.000779693,0.003858913
355,768,50,0.004527363,0.000746991,0.003780372
355,768,51,0.004995312,0.001061032,0.00393428
355,768,52,0.004538623,0.000737565,0.003801058
355,768,53,0.004876127,0.000993317,0.00388281
355,768,54,0.004573857,0.000856554,0.003717303
355,768,55,0.00490624,0.00111221,0.00379403
355,768,56,0.005055028,0.001079347,0.003975681
355,768,57,0.00452729,0.000718532,0.003808758
355,768,58,0.004680118,0.000991258,0.00368886
355,768,59,0.004644554,0.001023307,0.003621247
355,768,60,0.004665995,0.001082542,0.003583453
355,768,61,0.00470036,0.001125369,0.003574991
355,768,62,0.004434196,0.000957509,0.003476687
355,768,63,0.004707871,0.001161599,0.003546272
355,768,64,0.004775678,0.001143355,0.003632323
355,768,65,0.004754489,0.00107239,0.003682099
355,768,66,0.004490364,0.000785534,0.00370483
355,768,67,0.00425424,0.000663985,0.003590255
355,768,68,0.004633015,0.001210655,0.00342236
355,768,69,0.004490873,0.001110812,0.003380061
355,768,70,0.005579657,0.002142683,0.003436974
355,768,71,0.005311864,0.001758974,0.00355289
355,768,72,0.004734535,0.00106834,0.003666195
355,768,73,0.004712797,0.001182326,0.003530471
355,768,74,0.006895283,0.003523992,0.003371291
355,768,75,0.004657295,0.001179416,0.003477879
355,768,76,0.004620211,0.001151402,0.003468809
355,768,77,0.004886457,0.001359643,0.003526814
355,768,78,0.004641299,0.001163451,0.003477848
355,768,79,0.004525117,0.000984114,0.003541003
355,768,80,0.004708914,0.001257528,0.003451386
355,768,81,0.004434742,0.00092662,0.003508122
355,768,82,0.004651787,0.001065739,0.003586048
355,768,83,0.006467984,0.002896206,0.003571778
355,768,84,0.004614484,0.001092867,0.003521617
355,768,85,0.004147687,0.000722123,0.003425564
355,768,86,0.004946634,0.001401615,0.003545019
355,768,87,0.004667236,0.001003372,0.003663864
355,768,88,0.006331137,0.002736969,0.003594168
355,768,89,0.004417323,0.000822256,0.003595067
355,768,90,0.004384219,0.000891138,0.003493081
355,768,91,0.007403299,0.003787524,0.003615775
355,768,92,0.008464562,0.004858738,0.003605824
355,768,93,0.004525684,0.000885902,0.003639782
355,768,94,0.004192481,0.000566787,0.003625694
355,768,95,0.004274895,0.000570038,0.003704857
355,768,96,0.004655087,0.000927003,0.003728084
355,768,97,0.004799147,0.0010156,0.003783547
355,768,98,0.007176552,0.003500786,0.003675766
355,768,99,0.007837513,0.004185371,0.003652142
355,768,100,0.008057295,0.004371429,0.003685866
355,768,101,0.005317353,0.001602958,0.003714395
355,768,102,0.004276455,0.000503282,0.003773173
355,768,103,0.004483381,0.000587166,0.003896215
355,768,104,0.004640801,0.000717031,0.00392377
355,768,105,0.004564045,0.00064738,0.003916665
355,768,106,0.004729214,0.000799524,0.00392969
355,768,107,0.004501644,0.000734389,0.003767255
355,768,108,0.00527327,0.001426991,0.003846279
355,768,109,0.004898846,0.001143463,0.003755383
355,768,110,0.005815401,0.002122094,0.003693307
356,768,1,0.755350472,0.631517805,0.123832667
356,768,2,0.065833314,0.062591343,0.003241971
356,768,3,0.003942482,0.000573404,0.003369078
356,768,4,0.003719821,0.000500437,0.003219384
356,768,5,0.010323865,0.007287583,0.003036282
356,768,6,0.042330535,0.039297679,0.003032856
356,768,7,0.015154204,0.012138635,0.003015569
356,768,8,0.046293434,0.043254766,0.003038668
356,768,9,0.00405392,0.00103445,0.00301947
356,768,10,0.02260539,0.019577105,0.003028285
356,768,11,0.004427624,0.001392782,0.003034842
356,768,12,0.004334576,0.001238691,0.003095885
356,768,13,0.004175225,0.001006277,0.003168948
356,768,14,0.004174133,0.001019599,0.003154534
356,768,15,0.004063024,0.00099344,0.003069584
356,768,16,0.004112564,0.00107529,0.003037274
356,768,17,0.016605252,0.013487744,0.003117508
356,768,18,0.004827053,0.00166332,0.003163733
356,768,19,0.005035237,0.001742844,0.003292393
356,768,20,0.004638466,0.001297876,0.00334059
356,768,21,0.00482666,0.001237525,0.003589135
356,768,22,0.005039397,0.001486934,0.003552463
356,768,23,0.004747615,0.000986952,0.003760663
356,768,24,0.005046193,0.001168631,0.003877562
356,768,25,0.00491267,0.001077376,0.003835294
356,768,26,0.004456252,0.000598425,0.003857827
356,768,27,0.004463414,0.000642333,0.003821081
356,768,28,0.004296875,0.000697396,0.003599479
356,768,29,0.004354095,0.00072372,0.003630375
356,768,30,0.012041285,0.008475022,0.003566263
356,768,31,0.005449845,0.001968671,0.003481174
356,768,32,0.00560806,0.002151474,0.003456586
356,768,33,0.006292658,0.002857413,0.003435245
356,768,34,0.005560811,0.002093414,0.003467397
356,768,35,0.005561682,0.001969284,0.003592398
356,768,36,0.005389903,0.001788258,0.003601645
356,768,37,0.005019744,0.001418979,0.003600765
356,768,38,0.004795885,0.001129216,0.003666669
356,768,39,0.004740795,0.00114424,0.003596555
356,768,40,0.004554651,0.000912725,0.003641926
356,768,41,0.00481204,0.001119489,0.003692551
356,768,42,0.00495824,0.001242844,0.003715396
356,768,43,0.004364481,0.000656755,0.003707726
356,768,44,0.004801701,0.001078045,0.003723656
356,768,45,0.004461088,0.000743942,0.003717146
356,768,46,0.004623451,0.000853698,0.003769753
356,768,47,0.004734184,0.000933402,0.003800782
356,768,48,0.004605686,0.000848264,0.003757422
356,768,49,0.004693978,0.000961937,0.003732041
356,768,50,0.004785313,0.000997315,0.003787998
356,768,51,0.00466368,0.000921531,0.003742149
356,768,52,0.004763038,0.001025983,0.003737055
356,768,53,0.004674438,0.000896736,0.003777702
356,768,54,0.004753242,0.001010242,0.003743
356,768,55,0.004933633,0.001152106,0.003781527
356,768,56,0.004600726,0.000913733,0.003686993
356,768,57,0.004792889,0.001144469,0.00364842
356,768,58,0.004825409,0.001073776,0.003751633
356,768,59,0.004496687,0.000851176,0.003645511
356,768,60,0.004590234,0.001003866,0.003586368
356,768,61,0.004732194,0.001181668,0.003550526
356,768,62,0.004592111,0.001086667,0.003505444
356,768,63,0.004498708,0.001042128,0.00345658
356,768,64,0.005023035,0.001424616,0.003598419
356,768,65,0.004517667,0.000894292,0.003623375
356,768,66,0.004489619,0.000891967,0.003597652
356,768,67,0.004430734,0.00103519,0.003395544
356,768,68,0.004473427,0.001161704,0.003311723
356,768,69,0.005349004,0.002102467,0.003246537
356,768,70,0.005128079,0.00184718,0.003280899
356,768,71,0.004883215,0.001424271,0.003458944
356,768,72,0.004753791,0.001236592,0.003517199
356,768,73,0.006332514,0.003072239,0.003260275
356,768,74,0.004933981,0.001464379,0.003469602
356,768,75,0.005190401,0.001674305,0.003516096
356,768,76,0.004483563,0.001073466,0.003410097
356,768,77,0.004864875,0.001480002,0.003384873
356,768,78,0.004649621,0.001128033,0.003521588
356,768,79,0.004661744,0.001189972,0.003471772
356,768,80,0.00453554,0.001124433,0.003411107
356,768,81,0.004519703,0.001067023,0.00345268
356,768,82,0.006379551,0.002895716,0.003483835
356,768,83,0.004887998,0.00122818,0.003659818
356,768,84,0.004257942,0.00081176,0.003446182
356,768,85,0.004435704,0.001087437,0.003348267
356,768,86,0.004791272,0.001370711,0.003420561
356,768,87,0.006613054,0.002990858,0.003622196
356,768,88,0.004571719,0.000995526,0.003576193
356,768,89,0.004480753,0.000937389,0.003543364
356,768,90,0.004142767,0.000668944,0.003473823
356,768,91,0.010966949,0.007332199,0.00363475
356,768,92,0.005043244,0.001512615,0.003530629
356,768,93,0.004298972,0.000701805,0.003597167
356,768,94,0.004151953,0.000529981,0.003621972
356,768,95,0.004684095,0.001002332,0.003681763
356,768,96,0.004796991,0.001048052,0.003748939
356,768,97,0.007255116,0.00356713,0.003687986
356,768,98,0.007859269,0.004187151,0.003672118
356,768,99,0.008053524,0.004409367,0.003644157
356,768,100,0.005295133,0.001588274,0.003706859
356,768,101,0.004219124,0.000527087,0.003692037
356,768,102,0.004361705,0.000594128,0.003767577
356,768,103,0.004519079,0.000725542,0.003793537
356,768,104,0.004582662,0.000738976,0.003843686
356,768,105,0.004715863,0.000871251,0.003844612
356,768,106,0.004689094,0.00078719,0.003901904
356,768,107,0.004997082,0.001333504,0.003663578
356,768,108,0.005288136,0.001464158,0.003823978
356,768,109,0.005810432,0.002063049,0.003747383
356,768,110,0.004598795,0.000993999,0.003604796
357,768,1,0.75220845,0.63078101,0.12142744
357,768,2,0.003808579,0.000507333,0.003301246
357,768,3,0.003846127,0.000460801,0.003385326
357,768,4,0.003588016,0.000381287,0.003206729
357,768,5,0.010100358,0.007052191,0.003048167
357,768,6,0.054186222,0.051159201,0.003027021
357,768,7,0.046484496,0.043456116,0.00302838
357,768,8,0.004020747,0.000993034,0.003027713
357,768,9,0.003592831,0.000504472,0.003088359
357,768,10,0.003589999,0.000488875,0.003101124
357,768,11,0.022056807,0.019024403,0.003032404
357,768,12,0.004640753,0.001621754,0.003018999
357,768,13,0.004404893,0.001296304,0.003108589
357,768,14,0.004153029,0.001029723,0.003123306
357,768,15,0.004130341,0.001018591,0.00311175
357,768,16,0.01759378,0.014453818,0.003139962
357,768,17,0.004709298,0.001443952,0.003265346
357,768,18,0.004389407,0.001183379,0.003206028
357,768,19,0.004570563,0.001165033,0.00340553
357,768,20,0.004899352,0.001454904,0.003444448
357,768,21,0.005251592,0.001581108,0.003670484
357,768,22,0.004666545,0.000874525,0.00379202
357,768,23,0.005056566,0.001265278,0.003791288
357,768,24,0.004963066,0.001159404,0.003803662
357,768,25,0.004460359,0.00062303,0.003837329
357,768,26,0.004540425,0.000662433,0.003877992
357,768,27,0.004450403,0.000654853,0.00379555
357,768,28,0.004380183,0.000721294,0.003658889
357,768,29,0.012071067,0.008511794,0.003559273
357,768,30,0.005565911,0.001996681,0.00356923
357,768,31,0.005604009,0.002192498,0.003411511
357,768,32,0.006312031,0.002793563,0.003518468
357,768,33,0.005557529,0.001947787,0.003609742
357,768,34,0.005461097,0.001900876,0.003560221
357,768,35,0.00536045,0.001867669,0.003492781
357,768,36,0.005012808,0.001460236,0.003552572
357,768,37,0.004682355,0.001057005,0.00362535
357,768,38,0.004830223,0.00117131,0.003658913
357,768,39,0.004451974,0.000789272,0.003662702
357,768,40,0.004791375,0.001073376,0.003717999
357,768,41,0.004894256,0.001129618,0.003764638
357,768,42,0.004402199,0.000747315,0.003654884
357,768,43,0.004743266,0.000965221,0.003778045
357,768,44,0.004467483,0.00077708,0.003690403
357,768,45,0.004600049,0.000798029,0.00380202
357,768,46,0.004665899,0.00085245,0.003813449
357,768,47,0.004560014,0.000753984,0.00380603
357,768,48,0.004759095,0.000889933,0.003869162
357,768,49,0.004716367,0.000739672,0.003976695
357,768,50,0.004648038,0.000843159,0.003804879
357,768,51,0.004720631,0.000780906,0.003939725
357,768,52,0.004622529,0.000773752,0.003848777
357,768,53,0.004670283,0.000800581,0.003869702
357,768,54,0.004613165,0.000849733,0.003763432
357,768,55,0.004798395,0.00095716,0.003841235
357,768,56,0.004810362,0.001002564,0.003807798
357,768,57,0.004588292,0.000886613,0.003701679
357,768,58,0.004709757,0.000972508,0.003737249
357,768,59,0.004938863,0.001275938,0.003662925
357,768,60,0.004511193,0.000881904,0.003629289
357,768,61,0.004646846,0.001108864,0.003537982
357,768,62,0.004576732,0.001051771,0.003524961
357,768,63,0.004685452,0.001225855,0.003459597
357,768,64,0.004759268,0.001174743,0.003584525
357,768,65,0.004648711,0.001049916,0.003598795
357,768,66,0.004747033,0.001074715,0.003672318
357,768,67,0.004128656,0.000753847,0.003374809
357,768,68,0.005445006,0.002215255,0.003229751
357,768,69,0.004868416,0.00167693,0.003191486
357,768,70,0.004770406,0.001438149,0.003332257
357,768,71,0.004922083,0.001462949,0.003459134
357,768,72,0.006406993,0.002921827,0.003485166
357,768,73,0.004823562,0.001306813,0.003516749
357,768,74,0.004906229,0.001392025,0.003514204
357,768,75,0.004863802,0.001387402,0.0034764
357,768,76,0.004674781,0.001146914,0.003527867
357,768,77,0.00489415,0.001256287,0.003637863
357,768,78,0.004602961,0.001059657,0.003543304
357,768,79,0.004617677,0.001078651,0.003539026
357,768,80,0.004494294,0.001068926,0.003425368
357,768,81,0.006363687,0.002796147,0.00356754
357,768,82,0.004651398,0.001057437,0.003593961
357,768,83,0.004651606,0.000927552,0.003724054
357,768,84,0.004236036,0.000728429,0.003507607
357,768,85,0.004342643,0.000992526,0.003350117
357,768,86,0.007096552,0.003563231,0.003533321
357,768,87,0.004859616,0.001086737,0.003772879
357,768,88,0.004399214,0.000797631,0.003601583
357,768,89,0.00412901,0.000574512,0.003554498
357,768,90,0.008027595,0.004465779,0.003561816
357,768,91,0.004806658,0.001110899,0.003695759
357,768,92,0.005685864,0.002067402,0.003618462
357,768,93,0.005246931,0.001602929,0.003644002
357,768,94,0.005223587,0.001599624,0.003623963
357,768,95,0.004816695,0.001086308,0.003730387
357,768,96,0.007358966,0.003606989,0.003751977
357,768,97,0.007736863,0.003968151,0.003768712
357,768,98,0.008137786,0.004529157,0.003608629
357,768,99,0.00512508,0.001539242,0.003585838
357,768,100,0.004281264,0.00058263,0.003698634
357,768,101,0.004334018,0.000612391,0.003721627
357,768,102,0.004475481,0.000688866,0.003786615
357,768,103,0.004542231,0.000660372,0.003881859
357,768,104,0.004609154,0.000707599,0.003901555
357,768,105,0.004758223,0.000784845,0.003973378
357,768,106,0.004516791,0.000627848,0.003888943
357,768,107,0.004437708,0.000673888,0.00376382
357,768,108,0.004726917,0.000851544,0.003875373
357,768,109,0.004837738,0.001024422,0.003813316
357,768,110,0.008211949,0.00474126,0.003470689
358,768,1,0.759213943,0.635141744,0.124072199
358,768,2,0.077157311,0.073865751,0.00329156
358,768,3,0.003874713,0.00047501,0.003399703
358,768,4,0.003642586,0.000404886,0.0032377
358,768,5,0.061310409,0.058284268,0.003026141
358,768,6,0.046562322,0.04352852,0.003033802
358,768,7,0.004063464,0.000929036,0.003134428
358,768,8,0.003499583,0.000422116,0.003077467
358,768,9,0.003593174,0.000494322,0.003098852
358,768,10,0.003493001,0.000414693,0.003078308
358,768,11,0.003512518,0.000404992,0.003107526
358,768,12,0.021842105,0.0188085,0.003033605
358,768,13,0.004776092,0.00175242,0.003023672
358,768,14,0.004376694,0.001240206,0.003136488
358,768,15,0.018475977,0.01542886,0.003047117
358,768,16,0.004834875,0.001728289,0.003106586
358,768,17,0.004578045,0.001259237,0.003318808
358,768,18,0.004225273,0.000913082,0.003312191
358,768,19,0.004435741,0.001044141,0.0033916
358,768,20,0.005072975,0.001633167,0.003439808
358,768,21,0.004865662,0.001158789,0.003706873
358,768,22,0.005108327,0.001419102,0.003689225
358,768,23,0.005098372,0.001249291,0.003849081
358,768,24,0.004401133,0.000613904,0.003787229
358,768,25,0.004489576,0.000641277,0.003848299
358,768,26,0.004595465,0.000676072,0.003919393
358,768,27,0.004487254,0.000694284,0.00379297
358,768,28,0.012185367,0.008643849,0.003541518
358,768,29,0.005628866,0.002017888,0.003610978
358,768,30,0.005748328,0.002282429,0.003465899
358,768,31,0.006163472,0.002693738,0.003469734
358,768,32,0.005510516,0.001932196,0.00357832
358,768,33,0.005473296,0.002047454,0.003425842
358,768,34,0.005444956,0.001955706,0.00348925
358,768,35,0.004940824,0.001373531,0.003567293
358,768,36,0.004617028,0.001089219,0.003527809
358,768,37,0.004785369,0.001165914,0.003619455
358,768,38,0.00440293,0.000826167,0.003576763
358,768,39,0.004766987,0.001082619,0.003684368
358,768,40,0.00481588,0.001060831,0.003755049
358,768,41,0.004421069,0.000750042,0.003671027
358,768,42,0.004753839,0.00101603,0.003737809
358,768,43,0.004380732,0.000654477,0.003726255
358,768,44,0.00463543,0.000920775,0.003714655
358,768,45,0.004610115,0.000804886,0.003805229
358,768,46,0.004461467,0.000723628,0.003737839
358,768,47,0.004757947,0.000905698,0.003852249
358,768,48,0.004650193,0.000859761,0.003790432
358,768,49,0.004580515,0.000816741,0.003763774
358,768,50,0.004632028,0.000808396,0.003823632
358,768,51,0.00460527,0.00079922,0.00380605
358,768,52,0.004719824,0.000866836,0.003852988
358,768,53,0.004682613,0.000766729,0.003915884
358,768,54,0.004797414,0.000938005,0.003859409
358,768,55,0.004730371,0.000907307,0.003823064
358,768,56,0.004653809,0.000836834,0.003816975
358,768,57,0.004871477,0.001102782,0.003768695
358,768,58,0.00515184,0.001337587,0.003814253
358,768,59,0.004496422,0.000778074,0.003718348
358,768,60,0.004376039,0.000891743,0.003484296
358,768,61,0.004728025,0.001187448,0.003540577
358,768,62,0.004635746,0.001159764,0.003475982
358,768,63,0.004502329,0.001146729,0.0033556
358,768,64,0.004863611,0.001295719,0.003567892
358,768,65,0.004790237,0.00117674,0.003613497
358,768,66,0.004428973,0.000831137,0.003597836
358,768,67,0.005243787,0.001980053,0.003263734
358,768,68,0.004918523,0.001704932,0.003213591
358,768,69,0.004562999,0.001298307,0.003264692
358,768,70,0.004815894,0.001401694,0.0034142
358,768,71,0.006545227,0.003026095,0.003519132
358,768,72,0.004895432,0.0013217,0.003573732
358,768,73,0.004724318,0.001197244,0.003527074
358,768,74,0.00470524,0.001172036,0.003533204
358,768,75,0.005049685,0.001561272,0.003488413
358,768,76,0.004560282,0.001082799,0.003477483
358,768,77,0.00479188,0.001259509,0.003532371
358,768,78,0.004647938,0.001123235,0.003524703
358,768,79,0.004647592,0.001129602,0.00351799
358,768,80,0.006105712,0.00274823,0.003357482
358,768,81,0.004837259,0.00120144,0.003635819
358,768,82,0.004483818,0.000846702,0.003637116
358,768,83,0.00453448,0.000862471,0.003672009
358,768,84,0.00433099,0.000871979,0.003459011
358,768,85,0.006938194,0.003522018,0.003416176
358,768,86,0.005041789,0.001301329,0.00374046
358,768,87,0.004511644,0.000736232,0.003775412
358,768,88,0.004185547,0.000593175,0.003592372
358,768,89,0.007747889,0.004276218,0.003471671
358,768,90,0.004838735,0.001259873,0.003578862
358,768,91,0.004711236,0.00105792,0.003653316
358,768,92,0.004128156,0.000534848,0.003593308
358,768,93,0.007516017,0.003922971,0.003593046
358,768,94,0.004683505,0.001027855,0.00365565
358,768,95,0.007323033,0.003582013,0.00374102
358,768,96,0.007758639,0.004030615,0.003728024
358,768,97,0.005443694,0.001663146,0.003780548
358,768,98,0.004208899,0.000486522,0.003722377
358,768,99,0.00632685,0.002665289,0.003661561
358,768,100,0.005159363,0.001479532,0.003679831
358,768,101,0.004310622,0.000620373,0.003690249
358,768,102,0.004433289,0.000668186,0.003765103
358,768,103,0.004527422,0.000699967,0.003827455
358,768,104,0.004504586,0.000607199,0.003897387
358,768,105,0.004798579,0.000828932,0.003969647
358,768,106,0.004580525,0.000664441,0.003916084
358,768,107,0.004471977,0.000737997,0.00373398
358,768,108,0.004645829,0.000814602,0.003831227
358,768,109,0.004661501,0.000950865,0.003710636
358,768,110,0.005338808,0.001655457,0.003683351
359,768,1,0.758630673,0.634798992,0.123831681
359,768,2,0.010726613,0.007676392,0.003050221
359,768,3,0.056549056,0.053159295,0.003389761
359,768,4,0.009751773,0.006714701,0.003037072
359,768,5,0.098999948,0.095962673,0.003037275
359,768,6,0.003921771,0.000833984,0.003087787
359,768,7,0.003620715,0.000517437,0.003103278
359,768,8,0.003553224,0.000416911,0.003136313
359,768,9,0.003501961,0.000423444,0.003078517
359,768,10,0.003546615,0.000412361,0.003134254
359,768,11,0.003508451,0.000420781,0.00308767
359,768,12,0.003768193,0.00067568,0.003092513
359,768,13,0.02167499,0.018636839,0.003038151
359,768,14,0.020264418,0.017218921,0.003045497
359,768,15,0.004859459,0.001783931,0.003075528
359,768,16,0.004502447,0.001342067,0.00316038
359,768,17,0.004292999,0.001054793,0.003238206
359,768,18,0.004342755,0.001023746,0.003319009
359,768,19,0.004298729,0.000878841,0.003419888
359,768,20,0.004959799,0.001398446,0.003561353
359,768,21,0.005338315,0.00161998,0.003718335
359,768,22,0.004945726,0.001014629,0.003931097
359,768,23,0.004457079,0.000605147,0.003851932
359,768,24,0.004448329,0.000612966,0.003835363
359,768,25,0.004492739,0.000671197,0.003821542
359,768,26,0.004557268,0.00068882,0.003868448
359,768,27,0.012571091,0.009033722,0.003537369
359,768,28,0.005599684,0.001978023,0.003621661
359,768,29,0.005886674,0.002289592,0.003597082
359,768,30,0.006234687,0.002685405,0.003549282
359,768,31,0.005323287,0.001849055,0.003474232
359,768,32,0.005669039,0.002186098,0.003482941
359,768,33,0.005381988,0.001909822,0.003472166
359,768,34,0.004830671,0.001177445,0.003653226
359,768,35,0.004646859,0.001012663,0.003634196
359,768,36,0.004688048,0.00096846,0.003719588
359,768,37,0.004459523,0.000773788,0.003685735
359,768,38,0.004617012,0.000889726,0.003727286
359,768,39,0.004740126,0.000965747,0.003774379
359,768,40,0.004588689,0.000774354,0.003814335
359,768,41,0.004628922,0.000790324,0.003838598
359,768,42,0.004455419,0.000680722,0.003774697
359,768,43,0.004567815,0.000725334,0.003842481
359,768,44,0.004583745,0.000712341,0.003871404
359,768,45,0.004506661,0.00064032,0.003866341
359,768,46,0.004646028,0.000739598,0.00390643
359,768,47,0.004582755,0.000743566,0.003839189
359,768,48,0.004601901,0.000755859,0.003846042
359,768,49,0.004638827,0.000735224,0.003903603
359,768,50,0.004602495,0.000776619,0.003825876
359,768,51,0.004620948,0.000746606,0.003874342
359,768,52,0.004579427,0.000752505,0.003826922
359,768,53,0.004741778,0.000850845,0.003890933
359,768,54,0.00475784,0.000967488,0.003790352
359,768,55,0.00477824,0.000910143,0.003868097
359,768,56,0.004887434,0.00111514,0.003772294
359,768,57,0.005180713,0.001381074,0.003799639
359,768,58,0.004705507,0.000776156,0.003929351
359,768,59,0.004386491,0.00065511,0.003731381
359,768,60,0.004487112,0.000938141,0.003548971
359,768,61,0.004533169,0.001087291,0.003445878
359,768,62,0.004640133,0.001198811,0.003441322
359,768,63,0.004745133,0.001286139,0.003458994
359,768,64,0.004783096,0.001197009,0.003586087
359,768,65,0.004573762,0.001026785,0.003546977
359,768,66,0.005463353,0.002043184,0.003420169
359,768,67,0.005030312,0.001632984,0.003397328
359,768,68,0.004558907,0.001177151,0.003381756
359,768,69,0.004438239,0.001072752,0.003365487
359,768,70,0.006396392,0.002862577,0.003533815
359,768,71,0.00506284,0.001371899,0.003690941
359,768,72,0.004755799,0.001058253,0.003697546
359,768,73,0.004572643,0.001042268,0.003530375
359,768,74,0.004802143,0.001331925,0.003470218
359,768,75,0.004986697,0.001473231,0.003513466
359,768,76,0.00452811,0.001115392,0.003412718
359,768,77,0.004771068,0.00129475,0.003476318
359,768,78,0.004620733,0.001124451,0.003496282
359,768,79,0.006333596,0.00297348,0.003360116
359,768,80,0.004728949,0.001299431,0.003429518
359,768,81,0.004463459,0.000816277,0.003647182
359,768,82,0.004459544,0.00090916,0.003550384
359,768,83,0.00472066,0.000951005,0.003769655
359,768,84,0.006901404,0.003585802,0.003315602
359,768,85,0.004949503,0.001335573,0.00361393
359,768,86,0.004516922,0.000750208,0.003766714
359,768,87,0.004403137,0.000485824,0.003917313
359,768,88,0.007878061,0.004374283,0.003503778
359,768,89,0.004637304,0.001156652,0.003480652
359,768,90,0.004675298,0.001024074,0.003651224
359,768,91,0.004173229,0.000497062,0.003676167
359,768,92,0.007584852,0.003991814,0.003593038
359,768,93,0.004598616,0.000977788,0.003620828
359,768,94,0.007156009,0.003397947,0.003758062
359,768,95,0.005108239,0.001303453,0.003804786
359,768,96,0.004359104,0.000539269,0.003819835
359,768,97,0.006185741,0.002447478,0.003738263
359,768,98,0.005523714,0.001712913,0.003810801
359,768,99,0.004221959,0.000511883,0.003710076
359,768,100,0.007866887,0.004129769,0.003737118
359,768,101,0.00422824,0.000480185,0.003748055
359,768,102,0.004331128,0.000578396,0.003752732
359,768,103,0.004406013,0.000590981,0.003815032
359,768,104,0.004553831,0.000655955,0.003897876
359,768,105,0.004687862,0.000655423,0.004032439
359,768,106,0.004556528,0.000554716,0.004001812
359,768,107,0.004364553,0.000520695,0.003843858
359,768,108,0.005503452,0.001641904,0.003861548
359,768,109,0.005182003,0.00136385,0.003818153
359,768,110,0.004467028,0.000731435,0.003735593
360,768,1,0.778964685,0.650560209,0.128404476
360,768,2,0.003667407,0.000510208,0.003157199
360,768,3,0.062642614,0.059495908,0.003146706
360,768,4,0.099054939,0.096011209,0.00304373
360,768,5,0.003818234,0.000703807,0.003114427
360,768,6,0.003652071,0.000513318,0.003138753
360,768,7,0.003525797,0.00041267,0.003113127
360,768,8,0.003524247,0.000407606,0.003116641
360,768,9,0.003493807,0.000397421,0.003096386
360,768,10,0.003510957,0.000396687,0.00311427
360,768,11,0.003772871,0.000492949,0.003279922
360,768,12,0.00349909,0.000402602,0.003096488
360,768,13,0.038206924,0.03508869,0.003118234
360,768,14,0.005060519,0.00175201,0.003308509
360,768,15,0.004493833,0.001145719,0.003348114
360,768,16,0.00416228,0.000763171,0.003399109
360,768,17,0.004269176,0.000874823,0.003394353
360,768,18,0.003994916,0.000617924,0.003376992
360,768,19,0.004300409,0.000919312,0.003381097
360,768,20,0.005265781,0.001815271,0.00345051
360,768,21,0.004806592,0.001359146,0.003447446
360,768,22,0.004423935,0.000987702,0.003436233
360,768,23,0.004616217,0.00115403,0.003462187
360,768,24,0.004304039,0.000842288,0.003461751
360,768,25,0.004193466,0.000815166,0.0033783
360,768,26,0.013900893,0.010156392,0.003744501
360,768,27,0.005504417,0.001802652,0.003701765
360,768,28,0.005890207,0.002215493,0.003674714
360,768,29,0.006329498,0.002472828,0.00385667
360,768,30,0.005321189,0.001560008,0.003761181
360,768,31,0.005700203,0.001929876,0.003770327
360,768,32,0.005384652,0.001542752,0.0038419
360,768,33,0.00466067,0.000765272,0.003895398
360,768,34,0.004646854,0.000756367,0.003890487
360,768,35,0.004576681,0.000684404,0.003892277
360,768,36,0.004541772,0.00068929,0.003852482
360,768,37,0.004538028,0.000652909,0.003885119
360,768,38,0.004687587,0.000758093,0.003929494
360,768,39,0.004521213,0.000642866,0.003878347
360,768,40,0.004638418,0.000722118,0.0039163
360,768,41,0.00451512,0.000637888,0.003877232
360,768,42,0.004496935,0.000649947,0.003846988
360,768,43,0.004503828,0.000673924,0.003829904
360,768,44,0.004547481,0.000685572,0.003861909
360,768,45,0.004519415,0.000669658,0.003849757
360,768,46,0.004581485,0.000759685,0.0038218
360,768,47,0.004601991,0.000721423,0.003880568
360,768,48,0.00453542,0.000748175,0.003787245
360,768,49,0.00467159,0.000836476,0.003835114
360,768,50,0.004619662,0.000769298,0.003850364
360,768,51,0.004653419,0.000879091,0.003774328
360,768,52,0.00464351,0.000813917,0.003829593
360,768,53,0.004635534,0.000881501,0.003754033
360,768,54,0.004894588,0.001084326,0.003810262
360,768,55,0.004727897,0.000960855,0.003767042
360,768,56,0.005434185,0.001643646,0.003790539
360,768,57,0.004558677,0.000793592,0.003765085
360,768,58,0.004707757,0.000828581,0.003879176
360,768,59,0.004728198,0.000880893,0.003847305
360,768,60,0.004532975,0.000777982,0.003754993
360,768,61,0.004376106,0.000749779,0.003626327
360,768,62,0.004557279,0.000972854,0.003584425
360,768,63,0.004802156,0.001283311,0.003518845
360,768,64,0.004730775,0.001111726,0.003619049
360,768,65,0.005800642,0.001983234,0.003817408
360,768,66,0.005112897,0.001251788,0.003861109
360,768,67,0.004579281,0.000779214,0.003800067
360,768,68,0.004461651,0.000658143,0.003803508
360,768,69,0.00603073,0.002344244,0.003686486
360,768,70,0.004893348,0.001155473,0.003737875
360,768,71,0.004828826,0.00099008,0.003838746
360,768,72,0.004788143,0.000845793,0.00394235
360,768,73,0.004777861,0.000896139,0.003881722
360,768,74,0.004757312,0.000822615,0.003934697
360,768,75,0.004793231,0.000906655,0.003886576
360,768,76,0.004633942,0.000794524,0.003839418
360,768,77,0.004665447,0.000895834,0.003769613
360,768,78,0.006467362,0.002655855,0.003811507
360,768,79,0.004660844,0.000744051,0.003916793
360,768,80,0.004406431,0.000608873,0.003797558
360,768,81,0.00446186,0.000644235,0.003817625
360,768,82,0.004458106,0.000669528,0.003788578
360,768,83,0.007384646,0.00346888,0.003915766
360,768,84,0.004682479,0.000718276,0.003964203
360,768,85,0.004379907,0.00061938,0.003760527
360,768,86,0.004276417,0.000619208,0.003657209
360,768,87,0.008236535,0.004346452,0.003890083
360,768,88,0.004717614,0.000817459,0.003900155
360,768,89,0.004440849,0.000677656,0.003763193
360,768,90,0.004195125,0.000552043,0.003643082
360,768,91,0.007596898,0.003808213,0.003788685
360,768,92,0.004608048,0.000819037,0.003789011
360,768,93,0.006941457,0.003266109,0.003675348
360,768,94,0.004960593,0.001314378,0.003646215
360,768,95,0.004343205,0.000645006,0.003698199
360,768,96,0.004361854,0.000630778,0.003731076
360,768,97,0.004427855,0.000550706,0.003877149
360,768,98,0.005811623,0.001927259,0.003884364
360,768,99,0.005278614,0.001387928,0.003890686
360,768,100,0.004489872,0.000674976,0.003814896
360,768,101,0.007491377,0.003773691,0.003717686
360,768,102,0.00437137,0.000617877,0.003753493
360,768,103,0.004333408,0.000580528,0.00375288
360,768,104,0.004381468,0.000628811,0.003752657
360,768,105,0.004467688,0.00070693,0.003760758
360,768,106,0.004685582,0.000892303,0.003793279
360,768,107,0.004609066,0.000772393,0.003836673
360,768,108,0.004539824,0.000698655,0.003841169
360,768,109,0.005305426,0.001496407,0.003809019
360,768,110,0.005268884,0.001608757,0.003660127
361,768,1,0.753800038,0.629153784,0.124646254
361,768,2,0.071772149,0.068475642,0.003296507
361,768,3,0.099124839,0.096017337,0.003107502
361,768,4,0.003757866,0.000569185,0.003188681
361,768,5,0.003600179,0.000368741,0.003231438
361,768,6,0.003536821,0.000353087,0.003183734
361,768,7,0.003555921,0.000341097,0.003214824
361,768,8,0.003498622,0.000346219,0.003152403
361,768,9,0.003535476,0.000331853,0.003203623
361,768,10,0.003610661,0.000347862,0.003262799
361,768,11,0.003538739,0.000342127,0.003196612
361,768,12,0.037989198,0.034857295,0.003131903
361,768,13,0.004931595,0.00175192,0.003179675
361,768,14,0.00463862,0.001247667,0.003390953
361,768,15,0.004150814,0.000765498,0.003385316
361,768,16,0.004344651,0.000824761,0.00351989
361,768,17,0.003946768,0.000471713,0.003475055
361,768,18,0.004005179,0.000512366,0.003492813
361,768,19,0.004615032,0.001208234,0.003406798
361,768,20,0.00505446,0.001647557,0.003406903
361,768,21,0.004591778,0.00108469,0.003507088
361,768,22,0.004683016,0.00117051,0.003512506
361,768,23,0.004449129,0.00100382,0.003445309
361,768,24,0.004397916,0.000905072,0.003492844
361,768,25,0.013685826,0.010175586,0.00351024
361,768,26,0.005544118,0.001891137,0.003652981
361,768,27,0.005871408,0.002131405,0.003740003
361,768,28,0.006194165,0.002375025,0.00381914
361,768,29,0.005401305,0.001481823,0.003919482
361,768,30,0.005707547,0.00191631,0.003791237
361,768,31,0.00529994,0.001348048,0.003951892
361,768,32,0.004522892,0.000564614,0.003958278
361,768,33,0.00447795,0.000547256,0.003930694
361,768,34,0.004485329,0.000593885,0.003891444
361,768,35,0.004786563,0.000855461,0.003931102
361,768,36,0.004633195,0.000697068,0.003936127
361,768,37,0.004671598,0.000706936,0.003964662
361,768,38,0.004473993,0.000572338,0.003901655
361,768,39,0.00474463,0.000725877,0.004018753
361,768,40,0.004489996,0.000604734,0.003885262
361,768,41,0.004476042,0.000578982,0.00389706
361,768,42,0.004502238,0.000658715,0.003843523
361,768,43,0.004684361,0.000792231,0.00389213
361,768,44,0.004480238,0.000605138,0.0038751
361,768,45,0.004479653,0.0005984,0.003881253
361,768,46,0.004437526,0.000576718,0.003860808
361,768,47,0.004586444,0.000759658,0.003826786
361,768,48,0.004555514,0.000716937,0.003838577
361,768,49,0.004377199,0.000601209,0.00377599
361,768,50,0.004896083,0.001077361,0.003818722
361,768,51,0.00480462,0.000902962,0.003901658
361,768,52,0.004901267,0.001059741,0.003841526
361,768,53,0.004639716,0.000809744,0.003829972
361,768,54,0.00453755,0.000731902,0.003805648
361,768,55,0.005548345,0.001848832,0.003699513
361,768,56,0.004689686,0.000926185,0.003763501
361,768,57,0.004754056,0.000902949,0.003851107
361,768,58,0.00475773,0.00089081,0.00386692
361,768,59,0.00469825,0.00085332,0.00384493
361,768,60,0.004489679,0.00071133,0.003778349
361,768,61,0.004356244,0.000725291,0.003630953
361,768,62,0.004617454,0.001060223,0.003557231
361,768,63,0.004891225,0.001275329,0.003615896
361,768,64,0.005789216,0.002042581,0.003746635
361,768,65,0.005157152,0.001277639,0.003879513
361,768,66,0.00467347,0.000759293,0.003914177
361,768,67,0.004484849,0.000635639,0.00384921
361,768,68,0.006069553,0.002254657,0.003814896
361,768,69,0.004754216,0.00098069,0.003773526
361,768,70,0.004686517,0.000879533,0.003806984
361,768,71,0.004713444,0.000815701,0.003897743
361,768,72,0.004703402,0.000733238,0.003970164
361,768,73,0.004615728,0.000684068,0.00393166
361,768,74,0.004770872,0.000847612,0.00392326
361,768,75,0.004659286,0.000711659,0.003947627
361,768,76,0.004693261,0.00080543,0.003887831
361,768,77,0.005537702,0.001637543,0.003900159
361,768,78,0.004520285,0.000657623,0.003862662
361,768,79,0.00514544,0.001176919,0.003968521
361,768,80,0.004588713,0.00070247,0.003886243
361,768,81,0.004391748,0.000496171,0.003895577
361,768,82,0.008063325,0.004185037,0.003878288
361,768,83,0.004703742,0.00076103,0.003942712
361,768,84,0.004468045,0.000543079,0.003924966
361,768,85,0.004375017,0.000553645,0.003821372
361,768,86,0.007988347,0.004253596,0.003734751
361,768,87,0.004836374,0.000916367,0.003920007
361,768,88,0.004598773,0.000609025,0.003989748
361,768,89,0.004264027,0.000461636,0.003802391
361,768,90,0.007488013,0.003728125,0.003759888
361,768,91,0.004628804,0.0008199,0.003808904
361,768,92,0.004178472,0.000375362,0.00380311
361,768,93,0.004166544,0.000427871,0.003738673
361,768,94,0.00635204,0.002733419,0.003618621
361,768,95,0.005223085,0.001452722,0.003770363
361,768,96,0.004364305,0.000546064,0.003818241
361,768,97,0.004391258,0.000470627,0.003920631
361,768,98,0.004540002,0.000539356,0.004000646
361,768,99,0.005664619,0.001723957,0.003940662
361,768,100,0.005249835,0.001377528,0.003872307
361,768,101,0.004526442,0.000737071,0.003789371
361,768,102,0.007420515,0.003568314,0.003852201
361,768,103,0.004296148,0.000501295,0.003794853
361,768,104,0.004472641,0.000643192,0.003829449
361,768,105,0.004534317,0.000699737,0.00383458
361,768,106,0.004610033,0.000747074,0.003862959
361,768,107,0.004538491,0.000681737,0.003856754
361,768,108,0.004616699,0.000731493,0.003885206
361,768,109,0.004452428,0.000610792,0.003841636
361,768,110,0.005415377,0.001558593,0.003856784
362,768,1,0.759517733,0.634973496,0.124544237
362,768,2,0.099383477,0.096285246,0.003098231
362,768,3,0.00364819,0.000421013,0.003227177
362,768,4,0.003541069,0.000380441,0.003160628
362,768,5,0.00357277,0.000357349,0.003215421
362,768,6,0.003520693,0.000369013,0.00315168
362,768,7,0.003542068,0.000341189,0.003200879
362,768,8,0.003486065,0.000338947,0.003147118
362,768,9,0.003527089,0.000332683,0.003194406
362,768,10,0.003504043,0.000344889,0.003159154
362,768,11,0.037875367,0.034780372,0.003094995
362,768,12,0.005039692,0.001864717,0.003174975
362,768,13,0.004591958,0.00128696,0.003304998
362,768,14,0.004230295,0.000766291,0.003464004
362,768,15,0.004205475,0.000749929,0.003455546
362,768,16,0.00398352,0.000455467,0.003528053
362,768,17,0.003904893,0.000454835,0.003450058
362,768,18,0.004493477,0.001057584,0.003435893
362,768,19,0.004914565,0.00145358,0.003460985
362,768,20,0.004485822,0.000974506,0.003511316
362,768,21,0.004671857,0.001195484,0.003476373
362,768,22,0.004516711,0.001015792,0.003500919
362,768,23,0.004546946,0.001060804,0.003486142
362,768,24,0.013891306,0.010500591,0.003390715
362,768,25,0.00540335,0.001806141,0.003597209
362,768,26,0.005784628,0.002114149,0.003670479
362,768,27,0.006113708,0.002362984,0.003750724
362,768,28,0.005300903,0.00141961,0.003881293
362,768,29,0.005893444,0.0020241,0.003869344
362,768,30,0.005122838,0.001131272,0.003991566
362,768,31,0.004489934,0.000528305,0.003961629
362,768,32,0.004545312,0.000493746,0.004051566
362,768,33,0.004486163,0.000517673,0.00396849
362,768,34,0.004768575,0.00077643,0.003992145
362,768,35,0.004658751,0.000647736,0.004011015
362,768,36,0.004599195,0.000616033,0.003983162
362,768,37,0.004588023,0.000589877,0.003998146
362,768,38,0.004617883,0.000619585,0.003998298
362,768,39,0.00450943,0.000606821,0.003902609
362,768,40,0.004485535,0.000589292,0.003896243
362,768,41,0.004466903,0.000608033,0.00385887
362,768,42,0.004741967,0.000875619,0.003866348
362,768,43,0.004539059,0.000628449,0.00391061
362,768,44,0.004481254,0.000604893,0.003876361
362,768,45,0.004483588,0.000594093,0.003889495
362,768,46,0.004561359,0.000673925,0.003887434
362,768,47,0.004595644,0.000698869,0.003896775
362,768,48,0.00444783,0.000624752,0.003823078
362,768,49,0.004772987,0.000959829,0.003813158
362,768,50,0.004735473,0.000927971,0.003807502
362,768,51,0.004911994,0.001081801,0.003830193
362,768,52,0.004707348,0.000903497,0.003803851
362,768,53,0.004545226,0.000752232,0.003792994
362,768,54,0.00516298,0.001556243,0.003606737
362,768,55,0.004745409,0.000990858,0.003754551
362,768,56,0.004892899,0.001051171,0.003841728
362,768,57,0.004824571,0.000972151,0.00385242
362,768,58,0.004715972,0.000878149,0.003837823
362,768,59,0.004575654,0.000777809,0.003797845
362,768,60,0.004476828,0.000740691,0.003736137
362,768,61,0.004403974,0.000788618,0.003615356
362,768,62,0.004752133,0.00117462,0.003577513
362,768,63,0.005739348,0.002139725,0.003599623
362,768,64,0.005396678,0.001607504,0.003789174
362,768,65,0.004568998,0.000710216,0.003858782
362,768,66,0.004549045,0.000590645,0.0039584
362,768,67,0.006210064,0.002305515,0.003904549
362,768,68,0.004726772,0.000872223,0.003854549
362,768,69,0.004488804,0.000624848,0.003863956
362,768,70,0.004612767,0.000753735,0.003859032
362,768,71,0.004563503,0.000632085,0.003931418
362,768,72,0.004718495,0.000724351,0.003994144
362,768,73,0.004620678,0.000703186,0.003917492
362,768,74,0.004870116,0.00092075,0.003949366
362,768,75,0.004773071,0.000863647,0.003909424
362,768,76,0.005551858,0.001706333,0.003845525
362,768,77,0.004518532,0.000625993,0.003892539
362,768,78,0.004737208,0.000859142,0.003878066
362,768,79,0.004587772,0.000635161,0.003952611
362,768,80,0.004444104,0.000557634,0.00388647
362,768,81,0.00843975,0.004536799,0.003902951
362,768,82,0.004644536,0.000764545,0.003879991
362,768,83,0.004583192,0.000523867,0.004059325
362,768,84,0.00445098,0.000443788,0.004007192
362,768,85,0.007989465,0.004245214,0.003744251
362,768,86,0.004680843,0.00092881,0.003752033
362,768,87,0.004619682,0.000698029,0.003921653
362,768,88,0.004387251,0.000451381,0.00393587
362,768,89,0.004326323,0.000471326,0.003854997
362,768,90,0.004227074,0.000466404,0.00376067
362,768,91,0.006912707,0.003026496,0.003886211
362,768,92,0.004598572,0.00080087,0.003797702
362,768,93,0.004214345,0.000483707,0.003730638
362,768,94,0.004244399,0.000539977,0.003704422
362,768,95,0.006374139,0.002633711,0.003740428
362,768,96,0.00520391,0.001370524,0.003833386
362,768,97,0.004400683,0.000499277,0.003901406
362,768,98,0.004490483,0.000540382,0.003950101
362,768,99,0.004501296,0.000529036,0.00397226
362,768,100,0.005562978,0.00164397,0.003919008
362,768,101,0.005194562,0.0013441,0.003850462
362,768,102,0.004430525,0.000646324,0.003784201
362,768,103,0.007522899,0.003745529,0.00377737
362,768,104,0.004429657,0.000601315,0.003828342
362,768,105,0.004638602,0.000678848,0.003959754
362,768,106,0.004491928,0.000602209,0.003889719
362,768,107,0.004483214,0.000641918,0.003841296
362,768,108,0.004614143,0.000735636,0.003878507
362,768,109,0.004573572,0.000683421,0.003890151
362,768,110,0.004549898,0.000592444,0.003957454
363,768,1,0.749099353,0.626976117,0.122123236
363,768,2,0.003514187,0.000417088,0.003097099
363,768,3,0.003476348,0.000346634,0.003129714
363,768,4,0.003462021,0.000345523,0.003116498
363,768,5,0.003478818,0.000337463,0.003141355
363,768,6,0.003427975,0.000337214,0.003090761
363,768,7,0.003484694,0.000338464,0.00314623
363,768,8,0.003438106,0.000336139,0.003101967
363,768,9,0.003592353,0.0004504,0.003141953
363,768,10,0.037927692,0.034899338,0.003028354
363,768,11,0.004943756,0.001917643,0.003026113
363,768,12,0.004576863,0.001503039,0.003073824
363,768,13,0.004305853,0.001065846,0.003240007
363,768,14,0.004285816,0.000905949,0.003379867
363,768,15,0.003772597,0.000430839,0.003341758
363,768,16,0.004021335,0.000578015,0.00344332
363,768,17,0.004173761,0.0007882,0.003385561
363,768,18,0.004642237,0.001291769,0.003350468
363,768,19,0.004666014,0.001223388,0.003442626
363,768,20,0.004611145,0.001180659,0.003430486
363,768,21,0.004689011,0.001159537,0.003529474
363,768,22,0.004478457,0.001016088,0.003462369
363,768,23,0.014409507,0.011085485,0.003324022
363,768,24,0.005252041,0.00185623,0.003395811
363,768,25,0.005708664,0.002056913,0.003651751
363,768,26,0.005969148,0.002218774,0.003750374
363,768,27,0.005199345,0.001455107,0.003744238
363,768,28,0.00592536,0.002047574,0.003877786
363,768,29,0.005007107,0.001085234,0.003921873
363,768,30,0.00432033,0.000472664,0.003847666
363,768,31,0.004647085,0.000677447,0.003969638
363,768,32,0.004458952,0.000521942,0.00393701
363,768,33,0.004852353,0.000878663,0.00397369
363,768,34,0.004587883,0.000659536,0.003928347
363,768,35,0.004616966,0.000677731,0.003939235
363,768,36,0.004564342,0.00068662,0.003877722
363,768,37,0.004654084,0.000696283,0.003957801
363,768,38,0.004521735,0.000673909,0.003847826
363,768,39,0.00450317,0.000600085,0.003903085
363,768,40,0.004426976,0.000561978,0.003864998
363,768,41,0.004943975,0.001048729,0.003895246
363,768,42,0.004394652,0.000586051,0.003808601
363,768,43,0.004606856,0.000775039,0.003831817
363,768,44,0.004397167,0.000573293,0.003823874
363,768,45,0.004633734,0.000784927,0.003848807
363,768,46,0.004561198,0.00070799,0.003853208
363,768,47,0.004563237,0.000675923,0.003887314
363,768,48,0.004703324,0.000868918,0.003834406
363,768,49,0.004787115,0.001036638,0.003750477
363,768,50,0.004902759,0.001047256,0.003855503
363,768,51,0.004618357,0.000944119,0.003674238
363,768,52,0.004590637,0.000828396,0.003762241
363,768,53,0.005088372,0.001413201,0.003675171
363,768,54,0.004698759,0.001040037,0.003658722
363,768,55,0.004880382,0.001142049,0.003738333
363,768,56,0.004789992,0.000983355,0.003806637
363,768,57,0.00478656,0.00104498,0.00374158
363,768,58,0.004644116,0.000840545,0.003803571
363,768,59,0.004479754,0.000748402,0.003731352
363,768,60,0.004561409,0.000801842,0.003759567
363,768,61,0.004593776,0.001000103,0.003593673
363,768,62,0.005478261,0.002065054,0.003413207
363,768,63,0.005389893,0.001861177,0.003528716
363,768,64,0.004681351,0.000980426,0.003700925
363,768,65,0.004538693,0.00075856,0.003780133
363,768,66,0.006402145,0.002536131,0.003866014
363,768,67,0.004802167,0.000972091,0.003830076
363,768,68,0.004285609,0.000547712,0.003737897
363,768,69,0.004528983,0.000776805,0.003752178
363,768,70,0.004676662,0.000877613,0.003799049
363,768,71,0.004609505,0.000746068,0.003863437
363,768,72,0.004724123,0.000796107,0.003928016
363,768,73,0.004812853,0.000952926,0.003859927
363,768,74,0.004785626,0.000944441,0.003841185
363,768,75,0.005670768,0.001801217,0.003869551
363,768,76,0.004377242,0.000638218,0.003739024
363,768,77,0.004767044,0.000979122,0.003787922
363,768,78,0.004557705,0.000749639,0.003808066
363,768,79,0.004620377,0.000709922,0.003910455
363,768,80,0.008474745,0.004697749,0.003776996
363,768,81,0.004476575,0.000718454,0.003758121
363,768,82,0.004447122,0.000683154,0.003763968
363,768,83,0.004632765,0.000748425,0.00388434
363,768,84,0.004331139,0.000390006,0.003941133
363,768,85,0.0043081,0.000588165,0.003719935
363,768,86,0.00740084,0.003741877,0.003658963
363,768,87,0.004917718,0.001081992,0.003835726
363,768,88,0.004538553,0.000671136,0.003867417
363,768,89,0.004304372,0.000543337,0.003761035
363,768,90,0.004169359,0.000527937,0.003641422
363,768,91,0.004249908,0.000576692,0.003673216
363,768,92,0.006917582,0.003234124,0.003683458
363,768,93,0.004591523,0.000969867,0.003621656
363,768,94,0.004292676,0.000624568,0.003668108
363,768,95,0.004279552,0.00062246,0.003657092
363,768,96,0.006427905,0.002723185,0.00370472
363,768,97,0.005318706,0.001484868,0.003833838
363,768,98,0.00476886,0.000871413,0.003897447
363,768,99,0.004432703,0.000522037,0.003910666
363,768,100,0.004361548,0.000500752,0.003860796
363,768,101,0.00582599,0.002079437,0.003746553
363,768,102,0.004547225,0.0008695,0.003677725
363,768,103,0.004548962,0.000785804,0.003763158
363,768,104,0.00761748,0.003874488,0.003742992
363,768,105,0.004541857,0.000759641,0.003782216
363,768,106,0.004635215,0.000796156,0.003839059
363,768,107,0.004465774,0.000689412,0.003776362
363,768,108,0.004630637,0.000801125,0.003829512
363,768,109,0.004524621,0.000717554,0.003807067
363,768,110,0.004610104,0.000728504,0.0038816
364,768,1,0.752276609,0.627855644,0.124420965
364,768,2,0.170088211,0.167027538,0.003060673
364,768,3,0.003622951,0.000418822,0.003204129
364,768,4,0.003516621,0.000365432,0.003151189
364,768,5,0.003558555,0.000356465,0.00320209
364,768,6,0.003501975,0.000363998,0.003137977
364,768,7,0.003524192,0.000338403,0.003185789
364,768,8,0.00346102,0.000333933,0.003127087
364,768,9,0.038030791,0.034963488,0.003067303
364,768,10,0.004789577,0.001717484,0.003072093
364,768,11,0.004595111,0.0015222,0.003072911
364,768,12,0.004295233,0.00098857,0.003306663
364,768,13,0.004270214,0.000913682,0.003356532
364,768,14,0.003819183,0.000412964,0.003406219
364,768,15,0.003946709,0.000526059,0.00342065
364,768,16,0.004002929,0.000501051,0.003501878
364,768,17,0.004197638,0.000724773,0.003472865
364,768,18,0.004395774,0.00100685,0.003388924
364,768,19,0.004835063,0.001445835,0.003389228
364,768,20,0.004742689,0.001208077,0.003534612
364,768,21,0.004507575,0.001054524,0.003453051
364,768,22,0.015046336,0.011662471,0.003383865
364,768,23,0.005264037,0.00186653,0.003397507
364,768,24,0.005476875,0.0019233,0.003553575
364,768,25,0.005747651,0.002009098,0.003738553
364,768,26,0.00523853,0.001465834,0.003772696
364,768,27,0.005792898,0.001962618,0.00383028
364,768,28,0.004995542,0.001018939,0.003976603
364,768,29,0.004415069,0.00054998,0.003865089
364,768,30,0.00444748,0.000577216,0.003870264
364,768,31,0.004540317,0.000687513,0.003852804
364,768,32,0.004770916,0.00078986,0.003981056
364,768,33,0.00462359,0.000668869,0.003954721
364,768,34,0.004608178,0.000686738,0.00392144
364,768,35,0.004643699,0.000666784,0.003976915
364,768,36,0.004574535,0.000674878,0.003899657
364,768,37,0.004579346,0.000655258,0.003924088
364,768,38,0.004516319,0.000642797,0.003873522
364,768,39,0.004483246,0.000660094,0.003823152
364,768,40,0.004890655,0.000917848,0.003972807
364,768,41,0.004460749,0.000648529,0.00381222
364,768,42,0.004570671,0.000645818,0.003924853
364,768,43,0.004444344,0.0006267,0.003817644
364,768,44,0.004562441,0.000634656,0.003927785
364,768,45,0.004523377,0.000641002,0.003882375
364,768,46,0.004566147,0.000713425,0.003852722
364,768,47,0.004742946,0.000827877,0.003915069
364,768,48,0.00487657,0.000977473,0.003899097
364,768,49,0.004804226,0.000973108,0.003831118
364,768,50,0.004647614,0.000905596,0.003742018
364,768,51,0.004581426,0.000919768,0.003661658
364,768,52,0.005059528,0.001300923,0.003758605
364,768,53,0.004702846,0.000928318,0.003774528
364,768,54,0.004599189,0.000896895,0.003702294
364,768,55,0.004800701,0.001054834,0.003745867
364,768,56,0.005038239,0.001079562,0.003958677
364,768,57,0.004558892,0.000639631,0.003919261
364,768,58,0.004461078,0.00062473,0.003836348
364,768,59,0.004612819,0.000730556,0.003882263
364,768,60,0.004703013,0.000922092,0.003780921
364,768,61,0.005321673,0.001792788,0.003528885
364,768,62,0.00524078,0.001726898,0.003513882
364,768,63,0.004592701,0.0009441,0.003648601
364,768,64,0.004762903,0.000973142,0.003789761
364,768,65,0.006423507,0.002482258,0.003941249
364,768,66,0.004874386,0.000877608,0.003996778
364,768,67,0.00439111,0.00045319,0.00393792
364,768,68,0.004307946,0.000453595,0.003854351
364,768,69,0.004465486,0.000651857,0.003813629
364,768,70,0.00478779,0.000908635,0.003879155
364,768,71,0.004747816,0.000827606,0.00392021
364,768,72,0.004830227,0.00084058,0.003989647
364,768,73,0.004712112,0.000798385,0.003913727
364,768,74,0.005705096,0.001713685,0.003991411
364,768,75,0.00458283,0.000666282,0.003916548
364,768,76,0.004563589,0.000753541,0.003810048
364,768,77,0.004580875,0.000721107,0.003859768
364,768,78,0.004530514,0.000647092,0.003883422
364,768,79,0.004892516,0.000901857,0.003990659
364,768,80,0.004494698,0.000617497,0.003877201
364,768,81,0.007352157,0.00349314,0.003859017
364,768,82,0.004537675,0.000657394,0.003880281
364,768,83,0.0045433,0.000560733,0.003982567
364,768,84,0.004513734,0.000530221,0.003983513
364,768,85,0.004277298,0.000461845,0.003815453
364,768,86,0.004269729,0.000535748,0.003733981
364,768,87,0.007638724,0.0036982,0.003940524
364,768,88,0.004818226,0.000830683,0.003987543
364,768,89,0.0043536,0.000511741,0.003841859
364,768,90,0.004192524,0.000477773,0.003714751
364,768,91,0.004236104,0.000514407,0.003721697
364,768,92,0.004331895,0.000503103,0.003828792
364,768,93,0.006786511,0.003016616,0.003769895
364,768,94,0.00466697,0.000923279,0.003743691
364,768,95,0.004161087,0.000466586,0.003694501
364,768,96,0.007138944,0.003365399,0.003773545
364,768,97,0.005725649,0.001821557,0.003904092
364,768,98,0.004410602,0.000482581,0.003928021
364,768,99,0.004430975,0.000474009,0.003956966
364,768,100,0.004510474,0.000547626,0.003962848
364,768,101,0.004474785,0.000574419,0.003900366
364,768,102,0.004807026,0.001040098,0.003766928
364,768,103,0.004640295,0.000738672,0.003901623
364,768,104,0.004530274,0.000721769,0.003808505
364,768,105,0.007936927,0.004136581,0.003800346
364,768,106,0.004652044,0.000764713,0.003887331
364,768,107,0.004429191,0.000629838,0.003799353
364,768,108,0.004680156,0.000783074,0.003897082
364,768,109,0.004466566,0.000590431,0.003876135
364,768,110,0.004473891,0.000587362,0.003886529
365,768,1,0.756064573,0.632414961,0.123649612
365,768,2,0.003661901,0.000481568,0.003180333
365,768,3,0.110968914,0.107877702,0.003091212
365,768,4,0.003686845,0.000496302,0.003190543
365,768,5,0.003520903,0.000392998,0.003127905
365,768,6,0.003518829,0.000361321,0.003157508
365,768,7,0.003492466,0.000369055,0.003123411
365,768,8,0.038492605,0.035437235,0.00305537
365,768,9,0.004534971,0.001471512,0.003063459
365,768,10,0.004459177,0.001403764,0.003055413
365,768,11,0.004318874,0.001131073,0.003187801
365,768,12,0.004206158,0.000985781,0.003220377
365,768,13,0.0039837,0.000653452,0.003330248
365,768,14,0.00388903,0.000491139,0.003397891
365,768,15,0.003876183,0.000458631,0.003417552
365,768,16,0.004139266,0.000649274,0.003489992
365,768,17,0.004217348,0.000774874,0.003442474
365,768,18,0.004444405,0.001047167,0.003397238
365,768,19,0.004844195,0.001414951,0.003429244
365,768,20,0.004458477,0.001010831,0.003447646
365,768,21,0.015816608,0.012316977,0.003499631
365,768,22,0.005331774,0.001921883,0.003409891
365,768,23,0.005272144,0.001889266,0.003382878
365,768,24,0.005506606,0.001966543,0.003540063
365,768,25,0.005249892,0.001544255,0.003705637
365,768,26,0.00576858,0.002017688,0.003750892
365,768,27,0.00479764,0.000944311,0.003853329
365,768,28,0.004506504,0.000722529,0.003783975
365,768,29,0.004495731,0.000639681,0.00385605
365,768,30,0.004519106,0.000701265,0.003817841
365,768,31,0.004631976,0.000699279,0.003932697
365,768,32,0.004685637,0.000785413,0.003900224
365,768,33,0.004634998,0.000737455,0.003897543
365,768,34,0.004566468,0.000713606,0.003852862
365,768,35,0.004597263,0.000716786,0.003880477
365,768,36,0.004569986,0.000715372,0.003854614
365,768,37,0.004588793,0.000723173,0.00386562
365,768,38,0.004562467,0.000729452,0.003833015
365,768,39,0.004719412,0.000874385,0.003845027
365,768,40,0.004573143,0.000742309,0.003830834
365,768,41,0.00451507,0.000693372,0.003821698
365,768,42,0.004457871,0.000685363,0.003772508
365,768,43,0.00452149,0.000675179,0.003846311
365,768,44,0.004559814,0.00074482,0.003814994
365,768,45,0.004537225,0.0007276,0.003809625
365,768,46,0.004688458,0.000864443,0.003824015
365,768,47,0.004912357,0.001074249,0.003838108
365,768,48,0.004742401,0.000984119,0.003758282
365,768,49,0.004677086,0.000925953,0.003751133
365,768,50,0.004678566,0.000859523,0.003819043
365,768,51,0.004847674,0.001069442,0.003778232
365,768,52,0.004659725,0.000912291,0.003747434
365,768,53,0.004803552,0.00106874,0.003734812
365,768,54,0.004722992,0.00095739,0.003765602
365,768,55,0.004898034,0.001067352,0.003830682
365,768,56,0.004707355,0.000802748,0.003904607
365,768,57,0.0046119,0.000696162,0.003915738
365,768,58,0.004578327,0.000653959,0.003924368
365,768,59,0.004529764,0.000720511,0.003809253
365,768,60,0.004563151,0.000856048,0.003707103
365,768,61,0.004582355,0.000968447,0.003613908
365,768,62,0.004672702,0.001162633,0.003510069
365,768,63,0.005335329,0.001713847,0.003621482
365,768,64,0.007332368,0.003481705,0.003850663
365,768,65,0.0048433,0.000943454,0.003899846
365,768,66,0.004417108,0.000577619,0.003839489
365,768,67,0.004383581,0.00049691,0.003886671
365,768,68,0.004268399,0.000480384,0.003788015
365,768,69,0.004700319,0.000870277,0.003830042
365,768,70,0.004985379,0.001050455,0.003934924
365,768,71,0.004741696,0.000748332,0.003993364
365,768,72,0.004776287,0.000748509,0.004027778
365,768,73,0.005470628,0.001545545,0.003925083
365,768,74,0.004797058,0.000902254,0.003894804
365,768,75,0.004499695,0.000603263,0.003896432
365,768,76,0.004642146,0.000850608,0.003791538
365,768,77,0.004550562,0.00073027,0.003820292
365,768,78,0.004839638,0.00090582,0.003933818
365,768,79,0.004689032,0.000761981,0.003927051
365,768,80,0.004471211,0.000601367,0.003869844
365,768,81,0.004499359,0.0006707,0.003828659
365,768,82,0.006425286,0.002594162,0.003831124
365,768,83,0.004673355,0.000716564,0.003956791
365,768,84,0.004475109,0.000539733,0.003935376
365,768,85,0.004280229,0.000497918,0.003782311
365,768,86,0.007385115,0.003660877,0.003724238
365,768,87,0.005568863,0.001598255,0.003970608
365,768,88,0.004431417,0.00047044,0.003960977
365,768,89,0.004269678,0.000483954,0.003785724
365,768,90,0.004163338,0.00047707,0.003686268
365,768,91,0.004210636,0.000504885,0.003705751
365,768,92,0.004339439,0.000533457,0.003805982
365,768,93,0.00422796,0.000510807,0.003717153
365,768,94,0.006371962,0.002595524,0.003776438
365,768,95,0.00455077,0.000901697,0.003649073
365,768,96,0.00431853,0.000574135,0.003744395
365,768,97,0.00723707,0.003405361,0.003831709
365,768,98,0.005762877,0.001790675,0.003972202
365,768,99,0.004503849,0.000540019,0.00396383
365,768,100,0.004472349,0.000562915,0.003909434
365,768,101,0.004491514,0.000585185,0.003906329
365,768,102,0.004318206,0.000576063,0.003742143
365,768,103,0.004727116,0.000883941,0.003843175
365,768,104,0.004643866,0.000852012,0.003791854
365,768,105,0.004507397,0.000678672,0.003828725
365,768,106,0.008267988,0.004388069,0.003879919
365,768,107,0.004460398,0.000674102,0.003786296
365,768,108,0.004625267,0.000772007,0.00385326
365,768,109,0.00451324,0.000671658,0.003841582
365,768,110,0.004524442,0.000615644,0.003908798
366,768,1,0.760307712,0.636399701,0.123908011
366,768,2,0.044641035,0.041593179,0.003047856
366,768,3,0.003647839,0.000496704,0.003151135
366,768,4,0.070656989,0.067618125,0.003038864
366,768,5,0.003767202,0.000660772,0.00310643
366,768,6,0.003516735,0.000361647,0.003155088
366,768,7,0.038906477,0.035875895,0.003030582
366,768,8,0.004425825,0.001403465,0.00302236
366,768,9,0.004373475,0.00126562,0.003107855
366,768,10,0.004202351,0.00103313,0.003169221
366,768,11,0.004155575,0.00096384,0.003191735
366,768,12,0.003920281,0.000675106,0.003245175
366,768,13,0.003964302,0.000649918,0.003314384
366,768,14,0.003873334,0.000533505,0.003339829
366,768,15,0.003947454,0.000576489,0.003370965
366,768,16,0.003989462,0.000570297,0.003419165
366,768,17,0.004162404,0.000771033,0.003391371
366,768,18,0.004456009,0.001073415,0.003382594
366,768,19,0.004764641,0.001447861,0.00331678
366,768,20,0.016635481,0.013299289,0.003336192
366,768,21,0.005405656,0.00204423,0.003361426
366,768,22,0.005342444,0.002012187,0.003330257
366,768,23,0.005329475,0.001907702,0.003421773
366,768,24,0.005121741,0.001520559,0.003601182
366,768,25,0.00567762,0.001916095,0.003761525
366,768,26,0.004726711,0.000990102,0.003736609
366,768,27,0.004498218,0.000640299,0.003857919
366,768,28,0.004449707,0.000665727,0.00378398
366,768,29,0.004496925,0.000656012,0.003840913
366,768,30,0.004493045,0.000684083,0.003808962
366,768,31,0.004519305,0.00070759,0.003811715
366,768,32,0.004751385,0.000908994,0.003842391
366,768,33,0.004627431,0.00076156,0.003865871
366,768,34,0.004602932,0.000838783,0.003764149
366,768,35,0.004674839,0.000812695,0.003862144
366,768,36,0.004541388,0.000740705,0.003800683
366,768,37,0.004705578,0.000948232,0.003757346
366,768,38,0.004646361,0.000837338,0.003809023
366,768,39,0.004503553,0.000750157,0.003753396
366,768,40,0.004547366,0.00079774,0.003749626
366,768,41,0.004435614,0.00070231,0.003733304
366,768,42,0.004593064,0.000804446,0.003788618
366,768,43,0.004395462,0.000681697,0.003713765
366,768,44,0.004650174,0.000884518,0.003765656
366,768,45,0.004669631,0.000879851,0.00378978
366,768,46,0.004437418,0.000718823,0.003718595
366,768,47,0.004523814,0.000686687,0.003837127
366,768,48,0.004391933,0.000682448,0.003709485
366,768,49,0.004615366,0.000899304,0.003716062
366,768,50,0.004552986,0.000880408,0.003672578
366,768,51,0.004689854,0.001015681,0.003674173
366,768,52,0.004781029,0.001035393,0.003745636
366,768,53,0.004757511,0.001045821,0.00371169
366,768,54,0.004803261,0.001092137,0.003711124
366,768,55,0.004733943,0.000978764,0.003755179
366,768,56,0.004902978,0.001098818,0.00380416
366,768,57,0.004648338,0.000825068,0.00382327
366,768,58,0.004609931,0.000782071,0.00382786
366,768,59,0.004544565,0.00075636,0.003788205
366,768,60,0.00462443,0.000871866,0.003752564
366,768,61,0.004441122,0.000855402,0.00358572
366,768,62,0.004527868,0.000976586,0.003551282
366,768,63,0.004931124,0.001350128,0.003580996
366,768,64,0.005322553,0.001605564,0.003716989
366,768,65,0.007098049,0.003260486,0.003837563
366,768,66,0.004873441,0.001011919,0.003861522
366,768,67,0.004458921,0.000642783,0.003816138
366,768,68,0.004335367,0.000568382,0.003766985
366,768,69,0.004400515,0.000620312,0.003780203
366,768,70,0.004915992,0.001074336,0.003841656
366,768,71,0.00473666,0.000852162,0.003884498
366,768,72,0.006440748,0.002539625,0.003901123
366,768,73,0.004707754,0.000776609,0.003931145
366,768,74,0.004713732,0.000820149,0.003893583
366,768,75,0.004385421,0.000529259,0.003856162
366,768,76,0.004393859,0.000652395,0.003741464
366,768,77,0.004623218,0.000795655,0.003827563
366,768,78,0.00547803,0.00155846,0.00391957
366,768,79,0.004557401,0.000618636,0.003938765
366,768,80,0.00440644,0.000571906,0.003834534
366,768,81,0.004368262,0.00058231,0.003785952
366,768,82,0.004557345,0.000737882,0.003819463
366,768,83,0.005917863,0.002029904,0.003887959
366,768,84,0.004561437,0.00068264,0.003878797
366,768,85,0.004416169,0.000686259,0.00372991
366,768,86,0.004354938,0.000706561,0.003648377
366,768,87,0.007298822,0.003498643,0.003800179
366,768,88,0.005450681,0.001587045,0.003863636
366,768,89,0.004349928,0.000604071,0.003745857
366,768,90,0.004134923,0.000485183,0.00364974
366,768,91,0.004202903,0.000522593,0.00368031
366,768,92,0.004317681,0.000566258,0.003751423
366,768,93,0.004337002,0.000622183,0.003714819
366,768,94,0.005902051,0.002223858,0.003678193
366,768,95,0.004872161,0.00127568,0.003596481
366,768,96,0.004370276,0.000730117,0.003640159
366,768,97,0.004521173,0.000719181,0.003801992
366,768,98,0.007276248,0.003314649,0.003961599
366,768,99,0.005652364,0.001753138,0.003899226
366,768,100,0.004522086,0.000644587,0.003877499
366,768,101,0.004401983,0.000560793,0.00384119
366,768,102,0.004378693,0.000659201,0.003719492
366,768,103,0.004371054,0.00058688,0.003784174
366,768,104,0.004710588,0.000945305,0.003765283
366,768,105,0.004654158,0.000864293,0.003789865
366,768,106,0.005724671,0.00191488,0.003809791
366,768,107,0.007174272,0.003454567,0.003719705
366,768,108,0.004630441,0.000849193,0.003781248
366,768,109,0.004499339,0.000684241,0.003815098
366,768,110,0.004776566,0.000914709,0.003861857
367,768,1,0.763386609,0.639314432,0.124072177
367,768,2,0.003541816,0.00043353,0.003108286
367,768,3,0.003461373,0.000348998,0.003112375
367,768,4,0.003425559,0.000337523,0.003088036
367,768,5,0.070225027,0.067189179,0.003035848
367,768,6,0.039830885,0.036798894,0.003031991
367,768,7,0.00418634,0.001028905,0.003157435
367,768,8,0.00414018,0.001126154,0.003014026
367,768,9,0.00410736,0.001085305,0.003022055
367,768,10,0.00420525,0.00108901,0.00311624
367,768,11,0.003956943,0.000790926,0.003166017
367,768,12,0.00391347,0.000672218,0.003241252
367,768,13,0.004013218,0.000663179,0.003350039
367,768,14,0.003882571,0.000526627,0.003355944
367,768,15,0.003972986,0.00057593,0.003397056
367,768,16,0.004008212,0.000532244,0.003475968
367,768,17,0.004114455,0.000692556,0.003421899
367,768,18,0.004480965,0.001154863,0.003326102
367,768,19,0.017620811,0.014252291,0.00336852
367,768,20,0.00532684,0.001996963,0.003329877
367,768,21,0.005403299,0.002092354,0.003310945
367,768,22,0.005245047,0.001848576,0.003396471
367,768,23,0.004986283,0.001413621,0.003572662
367,768,24,0.005439576,0.0016883,0.003751276
367,768,25,0.004762488,0.000967627,0.003794861
367,768,26,0.004204173,0.000544608,0.003659565
367,768,27,0.004692861,0.000909651,0.00378321
367,768,28,0.00441058,0.000660258,0.003750322
367,768,29,0.004376036,0.000660439,0.003715597
367,768,30,0.00451752,0.000773545,0.003743975
367,768,31,0.004846317,0.000971017,0.0038753
367,768,32,0.004480119,0.000728355,0.003751764
367,768,33,0.004801534,0.000964352,0.003837182
367,768,34,0.004635373,0.000801791,0.003833582
367,768,35,0.004548366,0.000764898,0.003783468
367,768,36,0.00476711,0.000904196,0.003862914
367,768,37,0.004630182,0.000720386,0.003909796
367,768,38,0.004525658,0.000725226,0.003800432
367,768,39,0.004541525,0.000670581,0.003870944
367,768,40,0.004518049,0.000680832,0.003837217
367,768,41,0.004544155,0.000666621,0.003877534
367,768,42,0.004492428,0.00071109,0.003781338
367,768,43,0.004589292,0.000701094,0.003888198
367,768,44,0.004574174,0.000742587,0.003831587
367,768,45,0.004481212,0.000679362,0.00380185
367,768,46,0.004487572,0.000664443,0.003823129
367,768,47,0.004494512,0.000684443,0.003810069
367,768,48,0.004628063,0.000764753,0.00386331
367,768,49,0.004552806,0.000821939,0.003730867
367,768,50,0.00469797,0.000940096,0.003757874
367,768,51,0.004656571,0.00090813,0.003748441
367,768,52,0.004753857,0.000966921,0.003786936
367,768,53,0.004574603,0.000830028,0.003744575
367,768,54,0.004726255,0.001006339,0.003719916
367,768,55,0.004821969,0.000995489,0.00382648
367,768,56,0.004604419,0.000803832,0.003800587
367,768,57,0.0046494,0.000803647,0.003845753
367,768,58,0.00452715,0.000729553,0.003797597
367,768,59,0.004487478,0.000750866,0.003736612
367,768,60,0.004468176,0.000771558,0.003696618
367,768,61,0.004405214,0.000762623,0.003642591
367,768,62,0.004301017,0.000806099,0.003494918
367,768,63,0.004582434,0.001013178,0.003569256
367,768,64,0.00488564,0.001216055,0.003669585
367,768,65,0.005259425,0.001497245,0.00376218
367,768,66,0.008017302,0.004160602,0.0038567
367,768,67,0.004259212,0.00042077,0.003838442
367,768,68,0.004237675,0.000468773,0.003768902
367,768,69,0.004562523,0.000774858,0.003787665
367,768,70,0.004667892,0.00084012,0.003827772
367,768,71,0.00563569,0.001663044,0.003972646
367,768,72,0.004799257,0.000721966,0.004077291
367,768,73,0.00500962,0.001152905,0.003856715
367,768,74,0.004994986,0.001056538,0.003938448
367,768,75,0.004390838,0.000511278,0.00387956
367,768,76,0.004535026,0.000771619,0.003763407
367,768,77,0.005906388,0.00218817,0.003718218
367,768,78,0.004724371,0.000830907,0.003893464
367,768,79,0.004442856,0.000561555,0.003881301
367,768,80,0.004497583,0.000602962,0.003894621
367,768,81,0.004321652,0.000543574,0.003778078
367,768,82,0.005998087,0.002182535,0.003815552
367,768,83,0.004685605,0.000731339,0.003954266
367,768,84,0.004321188,0.000393923,0.003927265
367,768,85,0.004510863,0.000758067,0.003752796
367,768,86,0.004397946,0.000745727,0.003652219
367,768,87,0.00445813,0.000814707,0.003643423
367,768,88,0.006525215,0.002658803,0.003866412
367,768,89,0.005287487,0.001497981,0.003789506
367,768,90,0.004271443,0.000618902,0.003652541
367,768,91,0.004160363,0.000446591,0.003713772
367,768,92,0.004235285,0.000501324,0.003733961
367,768,93,0.006892769,0.00317725,0.003715519
367,768,94,0.004851689,0.001139871,0.003711818
367,768,95,0.004202051,0.000587342,0.003614709
367,768,96,0.004465361,0.000764102,0.003701259
367,768,97,0.005051993,0.001259838,0.003792155
367,768,98,0.005862001,0.001965106,0.003896895
367,768,99,0.004488766,0.000646429,0.003842337
367,768,100,0.005562415,0.00172363,0.003838785
367,768,101,0.004581442,0.000725937,0.003855505
367,768,102,0.004278675,0.000530208,0.003748467
367,768,103,0.005231922,0.001357422,0.0038745
367,768,104,0.004442964,0.000616323,0.003826641
367,768,105,0.006283832,0.002545396,0.003738436
367,768,106,0.005365704,0.001544023,0.003821681
367,768,107,0.004360842,0.000583052,0.00377779
367,768,108,0.005658139,0.001798084,0.003860055
367,768,109,0.005525268,0.001730317,0.003794951
367,768,110,0.005346269,0.001393765,0.003952504
368,768,1,0.755080691,0.630811676,0.124269015
368,768,2,0.113529999,0.110497366,0.003032633
368,768,3,0.003640435,0.000497322,0.003143113
368,768,4,0.003456086,0.00035984,0.003096246
368,768,5,0.107012409,0.103969136,0.003043273
368,768,6,0.00393845,0.000915659,0.003022791
368,768,7,0.004237045,0.001142721,0.003094324
368,768,8,0.004175998,0.001013482,0.003162516
368,768,9,0.003890187,0.000773455,0.003116732
368,768,10,0.003813265,0.000709214,0.003104051
368,768,11,0.003934538,0.000789441,0.003145097
368,768,12,0.003986478,0.000785333,0.003201145
368,768,13,0.004035198,0.000675178,0.00336002
368,768,14,0.00395036,0.000580961,0.003369399
368,768,15,0.00391683,0.000503954,0.003412876
368,768,16,0.003917211,0.000479228,0.003437983
368,768,17,0.004203644,0.000793028,0.003410616
368,768,18,0.018290819,0.014976657,0.003314162
368,768,19,0.0052167,0.001899816,0.003316884
368,768,20,0.005596899,0.00216789,0.003429009
368,768,21,0.005189524,0.001762413,0.003427111
368,768,22,0.004782339,0.001362908,0.003419431
368,768,23,0.0051799,0.001658202,0.003521698
368,768,24,0.004741686,0.001036524,0.003705162
368,768,25,0.004342549,0.000673856,0.003668693
368,768,26,0.004542253,0.000759243,0.00378301
368,768,27,0.004452725,0.000688951,0.003763774
368,768,28,0.004424077,0.000667184,0.003756893
368,768,29,0.004477152,0.000692916,0.003784236
368,768,30,0.004709806,0.00087227,0.003837536
368,768,31,0.004544047,0.000738503,0.003805544
368,768,32,0.004738547,0.000907928,0.003830619
368,768,33,0.004622337,0.000732922,0.003889415
368,768,34,0.004498981,0.000687313,0.003811668
368,768,35,0.004781059,0.00088521,0.003895849
368,768,36,0.004435186,0.000622462,0.003812724
368,768,37,0.004521954,0.000676664,0.00384529
368,768,38,0.004508932,0.000661507,0.003847425
368,768,39,0.004518875,0.000705594,0.003813281
368,768,40,0.004542586,0.000684224,0.003858362
368,768,41,0.004497548,0.000721964,0.003775584
368,768,42,0.004590354,0.000776462,0.003813892
368,768,43,0.004520163,0.000706,0.003814163
368,768,44,0.004658131,0.000835877,0.003822254
368,768,45,0.0044265,0.000674581,0.003751919
368,768,46,0.004590932,0.00084786,0.003743072
368,768,47,0.004683078,0.000881419,0.003801659
368,768,48,0.004645569,0.000942479,0.00370309
368,768,49,0.004765263,0.001036333,0.00372893
368,768,50,0.004621216,0.000881829,0.003739387
368,768,51,0.004740275,0.000947475,0.0037928
368,768,52,0.004559185,0.000843809,0.003715376
368,768,53,0.004764136,0.000990098,0.003774038
368,768,54,0.004693159,0.000923368,0.003769791
368,768,55,0.004487179,0.000699291,0.003787888
368,768,56,0.004756885,0.000833239,0.003923646
368,768,57,0.004406743,0.0005865,0.003820243
368,768,58,0.004492465,0.000629233,0.003863232
368,768,59,0.004319749,0.000538084,0.003781665
368,768,60,0.004316375,0.000614202,0.003702173
368,768,61,0.004203369,0.000626605,0.003576764
368,768,62,0.004464555,0.000970895,0.00349366
368,768,63,0.004669963,0.001107566,0.003562397
368,768,64,0.004544374,0.000883138,0.003661236
368,768,65,0.004642048,0.000856579,0.003785469
368,768,66,0.005322076,0.001476055,0.003846021
368,768,67,0.007554256,0.003737354,0.003816902
368,768,68,0.004227294,0.000483782,0.003743512
368,768,69,0.00422584,0.000492322,0.003733518
368,768,70,0.006553613,0.002633844,0.003919769
368,768,71,0.004849977,0.000893389,0.003956588
368,768,72,0.004640417,0.000615832,0.004024585
368,768,73,0.004407853,0.000512765,0.003895088
368,768,74,0.0043865,0.000552118,0.003834382
368,768,75,0.004863301,0.00101438,0.003848921
368,768,76,0.006321648,0.002513179,0.003808469
368,768,77,0.004483309,0.00070044,0.003782869
368,768,78,0.004801954,0.000925061,0.003876893
368,768,79,0.004570201,0.000639465,0.003930736
368,768,80,0.004344565,0.000497886,0.003846679
368,768,81,0.006045074,0.002253259,0.003791815
368,768,82,0.004459592,0.000665313,0.003794279
368,768,83,0.00464282,0.00071935,0.00392347
368,768,84,0.004410675,0.000512349,0.003898326
368,768,85,0.004539125,0.000756706,0.003782419
368,768,86,0.004708727,0.001004824,0.003703903
368,768,87,0.004614837,0.000890576,0.003724261
368,768,88,0.004487724,0.000610955,0.003876769
368,768,89,0.005272382,0.001469582,0.0038028
368,768,90,0.005091846,0.001463376,0.00362847
368,768,91,0.004398783,0.000647498,0.003751285
368,768,92,0.00415143,0.00039727,0.00375416
368,768,93,0.004782147,0.001033418,0.003748729
368,768,94,0.006318332,0.002629144,0.003689188
368,768,95,0.004824917,0.001219777,0.00360514
368,768,96,0.00582216,0.0021487,0.00367346
368,768,97,0.005821295,0.002034932,0.003786363
368,768,98,0.004553888,0.000649137,0.003904751
368,768,99,0.004588323,0.000722979,0.003865344
368,768,100,0.004622232,0.000730754,0.003891478
368,768,101,0.004703214,0.00083952,0.003863694
368,768,102,0.005748822,0.002019022,0.0037298
368,768,103,0.004418887,0.00064516,0.003773727
368,768,104,0.006414134,0.002660952,0.003753182
368,768,105,0.005292831,0.001532787,0.003760044
368,768,106,0.004397533,0.00059068,0.003806853
368,768,107,0.004379975,0.000645194,0.003734781
368,768,108,0.004415825,0.000610566,0.003805259
368,768,109,0.004914276,0.001072221,0.003842055
368,768,110,0.005543531,0.001688481,0.00385505
369,768,1,0.753505327,0.629915367,0.12358996
369,768,2,0.003636234,0.00047533,0.003160904
369,768,3,0.045241165,0.042174859,0.003066306
369,768,4,0.003698885,0.00056705,0.003131835
369,768,5,0.003460646,0.000353572,0.003107074
369,768,6,0.107397701,0.104349423,0.003048278
369,768,7,0.004274752,0.00122446,0.003050292
369,768,8,0.004103717,0.000985326,0.003118391
369,768,9,0.003880924,0.000742946,0.003137978
369,768,10,0.003984382,0.000835582,0.0031488
369,768,11,0.004048025,0.00085783,0.003190195
369,768,12,0.003952926,0.000700339,0.003252587
369,768,13,0.00403733,0.000642084,0.003395246
369,768,14,0.003858376,0.000489029,0.003369347
369,768,15,0.003883394,0.000443554,0.00343984
369,768,16,0.003986024,0.000526328,0.003459696
369,768,17,0.019180992,0.01580303,0.003377962
369,768,18,0.004757279,0.00140351,0.003353769
369,768,19,0.005370445,0.001968239,0.003402206
369,768,20,0.005136492,0.001685816,0.003450676
369,768,21,0.00483317,0.00141466,0.00341851
369,768,22,0.005154421,0.00173849,0.003415931
369,768,23,0.004878472,0.001254419,0.003624053
369,768,24,0.004369005,0.000691356,0.003677649
369,768,25,0.004557423,0.000743109,0.003814314
369,768,26,0.004356155,0.000623303,0.003732852
369,768,27,0.004521214,0.000642624,0.00387859
369,768,28,0.004538395,0.00069299,0.003845405
369,768,29,0.004654097,0.000770184,0.003883913
369,768,30,0.004575004,0.000770861,0.003804143
369,768,31,0.00478258,0.00081025,0.00397233
369,768,32,0.004525619,0.000619005,0.003906614
369,768,33,0.004544573,0.000646265,0.003898308
369,768,34,0.004705045,0.000786606,0.003918439
369,768,35,0.004452472,0.000605133,0.003847339
369,768,36,0.004603415,0.000672765,0.00393065
369,768,37,0.004444192,0.00058774,0.003856452
369,768,38,0.004566643,0.000697604,0.003869039
369,768,39,0.004574976,0.000678453,0.003896523
369,768,40,0.004535824,0.000694616,0.003841208
369,768,41,0.004589307,0.0006874,0.003901907
369,768,42,0.004510108,0.000691206,0.003818902
369,768,43,0.004629825,0.000751307,0.003878518
369,768,44,0.004563293,0.000683523,0.00387977
369,768,45,0.004533025,0.00067776,0.003855265
369,768,46,0.004587055,0.000711777,0.003875278
369,768,47,0.004395811,0.00060143,0.003794381
369,768,48,0.004505748,0.000745467,0.003760281
369,768,49,0.004481261,0.000713718,0.003767543
369,768,50,0.004441725,0.000673528,0.003768197
369,768,51,0.004553152,0.000823155,0.003729997
369,768,52,0.004598211,0.000831585,0.003766626
369,768,53,0.004377773,0.000698193,0.00367958
369,768,54,0.004816969,0.001081121,0.003735848
369,768,55,0.004788149,0.000924462,0.003863687
369,768,56,0.00442456,0.00057929,0.00384527
369,768,57,0.004681439,0.000808828,0.003872611
369,768,58,0.004453661,0.000624717,0.003828944
369,768,59,0.004478631,0.0006323,0.003846331
369,768,60,0.004475393,0.000725925,0.003749468
369,768,61,0.004287264,0.000674684,0.00361258
369,768,62,0.004634299,0.001074325,0.003559974
369,768,63,0.004433468,0.000765605,0.003667863
369,768,64,0.004746143,0.001057139,0.003689004
369,768,65,0.005471285,0.001674027,0.003797258
369,768,66,0.004771367,0.000866792,0.003904575
369,768,67,0.004421472,0.000613351,0.003808121
369,768,68,0.007079298,0.003243851,0.003835447
369,768,69,0.006088869,0.002288336,0.003800533
369,768,70,0.004829988,0.000963575,0.003866413
369,768,71,0.004885405,0.000957229,0.003928176
369,768,72,0.004619592,0.00059588,0.004023712
369,768,73,0.004345802,0.000485626,0.003860176
369,768,74,0.004446361,0.000518223,0.003928138
369,768,75,0.004641266,0.000759089,0.003882177
369,768,76,0.0044206,0.000624781,0.003795819
369,768,77,0.005954671,0.002155817,0.003798854
369,768,78,0.004711569,0.000809539,0.00390203
369,768,79,0.004630029,0.000711246,0.003918783
369,768,80,0.006612502,0.0027933,0.003819202
369,768,81,0.004607171,0.000768435,0.003838736
369,768,82,0.004314288,0.00046008,0.003854208
369,768,83,0.00470168,0.00071859,0.00398309
369,768,84,0.004548363,0.000546222,0.004002141
369,768,85,0.004267495,0.000542903,0.003724592
369,768,86,0.004762648,0.000997022,0.003765626
369,768,87,0.004664234,0.000862336,0.003801898
369,768,88,0.004576818,0.000623862,0.003952956
369,768,89,0.004452722,0.000583379,0.003869343
369,768,90,0.004373113,0.000631515,0.003741598
369,768,91,0.005044515,0.001283732,0.003760783
369,768,92,0.005578393,0.0017592,0.003819193
369,768,93,0.004926002,0.001196748,0.003729254
369,768,94,0.004307637,0.000590861,0.003716776
369,768,95,0.00768856,0.004005242,0.003683318
369,768,96,0.005612282,0.001879147,0.003733135
369,768,97,0.004572564,0.000758059,0.003814505
369,768,98,0.00465765,0.000673716,0.003983934
369,768,99,0.004647808,0.000746755,0.003901053
369,768,100,0.004745138,0.000888859,0.003856279
369,768,101,0.005843576,0.001972745,0.003870831
369,768,102,0.004262675,0.00058802,0.003674655
369,768,103,0.006523443,0.002653907,0.003869536
369,768,104,0.004400285,0.000637881,0.003762404
369,768,105,0.004408003,0.000655577,0.003752426
369,768,106,0.004588525,0.000754759,0.003833766
369,768,107,0.004757876,0.000936011,0.003821865
369,768,108,0.004717225,0.000863177,0.003854048
369,768,109,0.005058738,0.001205197,0.003853541
369,768,110,0.006434963,0.002490767,0.003944196
370,768,1,0.753284384,0.628976354,0.12430803
370,768,2,0.064178855,0.060998645,0.00318021
370,768,3,0.003653289,0.000455323,0.003197966
370,768,4,0.04189584,0.038799894,0.003095946
370,768,5,0.095863082,0.09278412,0.003078962
370,768,6,0.003880348,0.000717242,0.003163106
370,768,7,0.015291368,0.012214964,0.003076404
370,768,8,0.004265043,0.001061895,0.003203148
370,768,9,0.00409325,0.000891997,0.003201253
370,768,10,0.003940003,0.000737332,0.003202671
370,768,11,0.00405992,0.000812696,0.003247224
370,768,12,0.003950859,0.000630644,0.003320215
370,768,13,0.004023568,0.000609912,0.003413656
370,768,14,0.003849038,0.000458815,0.003390223
370,768,15,0.003894324,0.00047912,0.003415204
370,768,16,0.019930058,0.016479921,0.003450137
370,768,17,0.00473981,0.001220641,0.003519169
370,768,18,0.005124165,0.001649815,0.00347435
370,768,19,0.004881413,0.001522236,0.003359177
370,768,20,0.004969589,0.001520752,0.003448837
370,768,21,0.005056058,0.00167779,0.003378268
370,768,22,0.004768559,0.001310449,0.00345811
370,768,23,0.004611771,0.000973968,0.003637803
370,768,24,0.004416365,0.000655286,0.003761079
370,768,25,0.004404093,0.000597075,0.003807018
370,768,26,0.004430555,0.000653096,0.003777459
370,768,27,0.004597305,0.000635135,0.00396217
370,768,28,0.004655437,0.000634638,0.004020799
370,768,29,0.004601045,0.000658308,0.003942737
370,768,30,0.004635914,0.000586781,0.004049133
370,768,31,0.004629845,0.000565007,0.004064838
370,768,32,0.004554313,0.000530055,0.004024258
370,768,33,0.00462267,0.000516976,0.004105694
370,768,34,0.004512867,0.00048971,0.004023157
370,768,35,0.004572207,0.000489256,0.004082951
370,768,36,0.004543101,0.000522028,0.004021073
370,768,37,0.004551472,0.000532675,0.004018797
370,768,38,0.004513164,0.000541338,0.003971826
370,768,39,0.004600305,0.000534749,0.004065556
370,768,40,0.004542027,0.000538401,0.004003626
370,768,41,0.004579178,0.000559443,0.004019735
370,768,42,0.004529631,0.000580074,0.003949557
370,768,43,0.004630486,0.000602764,0.004027722
370,768,44,0.004531161,0.000583421,0.00394774
370,768,45,0.004557506,0.000573115,0.003984391
370,768,46,0.004467409,0.00055734,0.003910069
370,768,47,0.004519499,0.000556783,0.003962716
370,768,48,0.004471039,0.000554236,0.003916803
370,768,49,0.004424878,0.00054041,0.003884468
370,768,50,0.004396894,0.000559088,0.003837806
370,768,51,0.004544719,0.000689348,0.003855371
370,768,52,0.004519014,0.000695961,0.003823053
370,768,53,0.00473459,0.000840718,0.003893872
370,768,54,0.004373805,0.000589564,0.003784241
370,768,55,0.004701271,0.00074816,0.003953111
370,768,56,0.004472517,0.000553016,0.003919501
370,768,57,0.004526193,0.000567661,0.003958532
370,768,58,0.004525055,0.000611059,0.003913996
370,768,59,0.004433905,0.000555599,0.003878306
370,768,60,0.004314728,0.000560617,0.003754111
370,768,61,0.004262451,0.000608116,0.003654335
370,768,62,0.004288709,0.000705988,0.003582721
370,768,63,0.004843796,0.001216627,0.003627169
370,768,64,0.006215943,0.002439381,0.003776562
370,768,65,0.004700533,0.000834288,0.003866245
370,768,66,0.004488468,0.000547981,0.003940487
370,768,67,0.007163027,0.003251559,0.003911468
370,768,68,0.005884378,0.002076076,0.003808302
370,768,69,0.004667399,0.000804973,0.003862426
370,768,70,0.004842438,0.000911417,0.003931021
370,768,71,0.004551896,0.000554111,0.003997785
370,768,72,0.00457725,0.00055772,0.00401953
370,768,73,0.004462753,0.000565526,0.003897227
370,768,74,0.004488416,0.000506726,0.00398169
370,768,75,0.004556714,0.000622256,0.003934458
370,768,76,0.004413562,0.000565513,0.003848049
370,768,77,0.004411544,0.000564345,0.003847199
370,768,78,0.005702318,0.00175132,0.003950998
370,768,79,0.004668776,0.000672263,0.003996513
370,768,80,0.004472416,0.000555347,0.003917069
370,768,81,0.006670013,0.002795965,0.003874048
370,768,82,0.004528545,0.000663885,0.00386466
370,768,83,0.004535933,0.000538005,0.003997928
370,768,84,0.004454081,0.000510849,0.003943232
370,768,85,0.004454858,0.00062149,0.003833368
370,768,86,0.004711839,0.00094642,0.003765419
370,768,87,0.005266748,0.00142989,0.003836858
370,768,88,0.004605443,0.000629086,0.003976357
370,768,89,0.004578043,0.000696847,0.003881196
370,768,90,0.004282231,0.000511185,0.003771046
370,768,91,0.006296523,0.002550212,0.003746311
370,768,92,0.00501262,0.001207858,0.003804762
370,768,93,0.004335883,0.000538343,0.00379754
370,768,94,0.007734316,0.004067802,0.003666514
370,768,95,0.0054473,0.001723347,0.003723953
370,768,96,0.004536724,0.000747346,0.003789378
370,768,97,0.004550999,0.000658475,0.003892524
370,768,98,0.004719876,0.000727428,0.003992448
370,768,99,0.004804396,0.000842158,0.003962238
370,768,100,0.005807725,0.001868838,0.003938887
370,768,101,0.004448171,0.000560433,0.003887738
370,768,102,0.006309558,0.002482345,0.003827213
370,768,103,0.00455078,0.000653824,0.003896956
370,768,104,0.004409152,0.000597492,0.00381166
370,768,105,0.00437945,0.000537472,0.003841978
370,768,106,0.004844526,0.001024109,0.003820417
370,768,107,0.004685395,0.000902572,0.003782823
370,768,108,0.00509342,0.001212006,0.003881414
370,768,109,0.006356948,0.002455728,0.00390122
370,768,110,0.004430248,0.000526526,0.003903722
371,768,1,0.757248356,0.633319561,0.123928795
371,768,2,0.00367233,0.000491334,0.003180996
371,768,3,0.003588617,0.000412872,0.003175745
371,768,4,0.003616202,0.00038674,0.003229462
371,768,5,0.041154688,0.038112994,0.003041694
371,768,6,0.095910977,0.092871774,0.003039203
371,768,7,0.004105716,0.000942599,0.003163117
371,768,8,0.015375168,0.012352447,0.003022721
371,768,9,0.00418369,0.001152968,0.003030722
371,768,10,0.004155451,0.001044046,0.003111405
371,768,11,0.004025663,0.000866621,0.003159042
371,768,12,0.004000968,0.000803731,0.003197237
371,768,13,0.004056653,0.000749968,0.003306685
371,768,14,0.003963362,0.000614484,0.003348878
371,768,15,0.020536678,0.017186703,0.003349975
371,768,16,0.00469536,0.001310891,0.003384469
371,768,17,0.00474272,0.001408654,0.003334066
371,768,18,0.004970618,0.001565719,0.003404899
371,768,19,0.004793398,0.001387784,0.003405614
371,768,20,0.005001584,0.001624675,0.003376909
371,768,21,0.004598097,0.001188665,0.003409432
371,768,22,0.004597091,0.001161436,0.003435655
371,768,23,0.004660253,0.000999079,0.003661174
371,768,24,0.004371341,0.000691284,0.003680057
371,768,25,0.00452432,0.000824656,0.003699664
371,768,26,0.004497586,0.000636975,0.003860611
371,768,27,0.004425723,0.000586823,0.0038389
371,768,28,0.004489839,0.000585775,0.003904064
371,768,29,0.004525142,0.000612514,0.003912628
371,768,30,0.004569736,0.000588223,0.003981513
371,768,31,0.004552971,0.000561809,0.003991162
371,768,32,0.004610185,0.000558276,0.004051909
371,768,33,0.004553173,0.000535667,0.004017506
371,768,34,0.004469367,0.000517019,0.003952348
371,768,35,0.004490474,0.000547798,0.003942676
371,768,36,0.00447488,0.000553445,0.003921435
371,768,37,0.004470857,0.000561896,0.003908961
371,768,38,0.004442056,0.000566166,0.00387589
371,768,39,0.004469266,0.000584721,0.003884545
371,768,40,0.004608936,0.000790966,0.00381797
371,768,41,0.00446982,0.00059873,0.00387109
371,768,42,0.004608251,0.000787401,0.00382085
371,768,43,0.004632981,0.000773633,0.003859348
371,768,44,0.004720535,0.000810064,0.003910471
371,768,45,0.0044438,0.000574733,0.003869067
371,768,46,0.004724709,0.000866523,0.003858186
371,768,47,0.004468083,0.000616036,0.003852047
371,768,48,0.004542698,0.000692141,0.003850557
371,768,49,0.00446582,0.000651855,0.003813965
371,768,50,0.004467657,0.00067484,0.003792817
371,768,51,0.004619443,0.000781441,0.003838002
371,768,52,0.004524574,0.000777726,0.003746848
371,768,53,0.00456773,0.000756229,0.003811501
371,768,54,0.004404258,0.000691389,0.003712869
371,768,55,0.004574014,0.000735725,0.003838289
371,768,56,0.004396808,0.000585247,0.003811561
371,768,57,0.004488103,0.000694674,0.003793429
371,768,58,0.004448579,0.000732826,0.003715753
371,768,59,0.0044368,0.000755103,0.003681697
371,768,60,0.004486008,0.000836799,0.003649209
371,768,61,0.004835656,0.001149957,0.003685699
371,768,62,0.004641242,0.001138435,0.003502807
371,768,63,0.00586348,0.002307169,0.003556311
371,768,64,0.005118648,0.001355794,0.003762854
371,768,65,0.004341535,0.000554309,0.003787226
371,768,66,0.006186146,0.002317346,0.0038688
371,768,67,0.006905162,0.003137458,0.003767704
371,768,68,0.004408677,0.00063243,0.003776247
371,768,69,0.004683961,0.000919176,0.003764785
371,768,70,0.004744113,0.000818753,0.00392536
371,768,71,0.004829195,0.000875961,0.003953234
371,768,72,0.004550183,0.000551791,0.003998392
371,768,73,0.004382261,0.000467798,0.003914463
371,768,74,0.004536667,0.000583295,0.003953372
371,768,75,0.004552023,0.000679433,0.00387259
371,768,76,0.004240961,0.000463491,0.00377747
371,768,77,0.004563557,0.000778015,0.003785542
371,768,78,0.004678389,0.000844428,0.003833961
371,768,79,0.004812287,0.000915832,0.003896455
371,768,80,0.005858131,0.002040976,0.003817155
371,768,81,0.004520174,0.000762337,0.003757837
371,768,82,0.005331564,0.001518348,0.003813216
371,768,83,0.004683012,0.00068259,0.004000422
371,768,84,0.004378047,0.000482372,0.003895675
371,768,85,0.004979388,0.001242473,0.003736915
371,768,86,0.005516563,0.001829136,0.003687427
371,768,87,0.004748513,0.000933845,0.003814668
371,768,88,0.004701174,0.000807833,0.003893341
371,768,89,0.004419226,0.000585558,0.003833668
371,768,90,0.00634985,0.002681765,0.003668085
371,768,91,0.004831752,0.001166619,0.003665133
371,768,92,0.004417373,0.000731497,0.003685876
371,768,93,0.007887764,0.004192581,0.003695183
371,768,94,0.005151809,0.001606261,0.003545548
371,768,95,0.004474272,0.000817765,0.003656507
371,768,96,0.004598162,0.000867793,0.003730369
371,768,97,0.004668651,0.000821868,0.003846783
371,768,98,0.004877687,0.000986094,0.003891593
371,768,99,0.005785602,0.001946483,0.003839119
371,768,100,0.004595398,0.000760668,0.00383473
371,768,101,0.006298847,0.002549995,0.003748852
371,768,102,0.004541009,0.000735445,0.003805564
371,768,103,0.004418586,0.000619794,0.003798792
371,768,104,0.004309716,0.000533165,0.003776551
371,768,105,0.004468995,0.000738798,0.003730197
371,768,106,0.005007943,0.001202019,0.003805924
371,768,107,0.005140427,0.001358595,0.003781832
371,768,108,0.006368042,0.00246695,0.003901092
371,768,109,0.004462036,0.000647757,0.003814279
371,768,110,0.00467136,0.000877879,0.003793481
372,768,1,0.753037185,0.628793212,0.124243973
372,768,2,0.074297246,0.071200198,0.003097048
372,768,3,0.003749061,0.000540858,0.003208203
372,768,4,0.003609813,0.000395829,0.003213984
372,768,5,0.080489958,0.07747195,0.003018008
372,768,6,0.003902766,0.000756301,0.003146465
372,768,7,0.056252698,0.053223931,0.003028767
372,768,8,0.004355795,0.001332703,0.003023092
372,768,9,0.015310851,0.012276612,0.003034239
372,768,10,0.004272184,0.001245403,0.003026781
372,768,11,0.004310961,0.001147858,0.003163103
372,768,12,0.003997993,0.00078002,0.003217973
372,768,13,0.004033872,0.000716299,0.003317573
372,768,14,0.021376463,0.018099966,0.003276497
372,768,15,0.004648396,0.001250059,0.003398337
372,768,16,0.004575352,0.001256226,0.003319126
372,768,17,0.004688184,0.001374519,0.003313665
372,768,18,0.004784262,0.001400235,0.003384027
372,768,19,0.004982513,0.001514978,0.003467535
372,768,20,0.004364061,0.000950679,0.003413382
372,768,21,0.004598239,0.00119977,0.003398469
372,768,22,0.004669756,0.001195304,0.003474452
372,768,23,0.004621532,0.000930196,0.003691336
372,768,24,0.004621969,0.000909914,0.003712055
372,768,25,0.004270164,0.000568124,0.00370204
372,768,26,0.004332369,0.000606701,0.003725668
372,768,27,0.004498893,0.000662007,0.003836886
372,768,28,0.004368868,0.000576458,0.00379241
372,768,29,0.004406468,0.000556468,0.00385
372,768,30,0.004521008,0.000656974,0.003864034
372,768,31,0.004486311,0.000555438,0.003930873
372,768,32,0.004589342,0.000649501,0.003939841
372,768,33,0.004474097,0.000506251,0.003967846
372,768,34,0.004427683,0.000523781,0.003903902
372,768,35,0.004550197,0.000574254,0.003975943
372,768,36,0.00445882,0.000574863,0.003883957
372,768,37,0.004530159,0.00056076,0.003969399
372,768,38,0.00443405,0.000562065,0.003871985
372,768,39,0.004538837,0.00059619,0.003942647
372,768,40,0.004446057,0.00058897,0.003857087
372,768,41,0.004515467,0.000598503,0.003916964
372,768,42,0.004483428,0.00060015,0.003883278
372,768,43,0.004546796,0.000613312,0.003933484
372,768,44,0.004397803,0.000616459,0.003781344
372,768,45,0.004771592,0.000847204,0.003924388
372,768,46,0.004414143,0.000628665,0.003785478
372,768,47,0.004739803,0.000855394,0.003884409
372,768,48,0.004423931,0.00059844,0.003825491
372,768,49,0.004515486,0.000718861,0.003796625
372,768,50,0.004518797,0.000747031,0.003771766
372,768,51,0.004522534,0.000724538,0.003797996
372,768,52,0.004655924,0.000907968,0.003747956
372,768,53,0.004525158,0.000699153,0.003826005
372,768,54,0.004530836,0.000786257,0.003744579
372,768,55,0.004816034,0.00094982,0.003866214
372,768,56,0.004560313,0.000753225,0.003807088
372,768,57,0.00477449,0.000928431,0.003846059
372,768,58,0.004627221,0.000833065,0.003794156
372,768,59,0.004432861,0.000661462,0.003771399
372,768,60,0.004530918,0.00089667,0.003634248
372,768,61,0.004787102,0.001210883,0.003576219
372,768,62,0.005608032,0.002160111,0.003447921
372,768,63,0.005071681,0.001468105,0.003603576
372,768,64,0.004612075,0.000853876,0.003758199
372,768,65,0.006109099,0.002236299,0.0038728
372,768,66,0.004728069,0.000853113,0.003874956
372,768,67,0.004303211,0.000438072,0.003865139
372,768,68,0.005990758,0.002237853,0.003752905
372,768,69,0.004755442,0.00092347,0.003831972
372,768,70,0.004805036,0.000906906,0.00389813
372,768,71,0.004623777,0.000644295,0.003979482
372,768,72,0.004614443,0.000649273,0.00396517
372,768,73,0.004496941,0.00056725,0.003929691
372,768,74,0.004381312,0.000486401,0.003894911
372,768,75,0.004755461,0.000871461,0.003884
372,768,76,0.004629801,0.000850206,0.003779595
372,768,77,0.004613959,0.00079283,0.003821129
372,768,78,0.004837472,0.000932147,0.003905325
372,768,79,0.006286757,0.002375482,0.003911275
372,768,80,0.004591136,0.000739745,0.003851391
372,768,81,0.004417879,0.000585075,0.003832804
372,768,82,0.004586824,0.000790694,0.00379613
372,768,83,0.004965649,0.000977951,0.003987698
372,768,84,0.005442483,0.001533658,0.003908825
372,768,85,0.005329749,0.001593768,0.003735981
372,768,86,0.004607911,0.000972307,0.003635604
372,768,87,0.004928543,0.001107937,0.003820606
372,768,88,0.004485777,0.00064785,0.003837927
372,768,89,0.006510253,0.002797551,0.003712702
372,768,90,0.00480451,0.001084412,0.003720098
372,768,91,0.004406403,0.000713729,0.003692674
372,768,92,0.007952141,0.004211132,0.003741009
372,768,93,0.00519588,0.001481818,0.003714062
372,768,94,0.004411557,0.000776624,0.003634933
372,768,95,0.00433266,0.000656334,0.003676326
372,768,96,0.00472751,0.000947363,0.003780147
372,768,97,0.00483098,0.000933043,0.003897937
372,768,98,0.005865301,0.001966244,0.003899057
372,768,99,0.00457892,0.000716988,0.003861932
372,768,100,0.006383685,0.002509246,0.003874439
372,768,101,0.004514811,0.000802138,0.003712673
372,768,102,0.004436033,0.000651,0.003785033
372,768,103,0.004307896,0.000505024,0.003802872
372,768,104,0.004448404,0.000677452,0.003770952
372,768,105,0.004830287,0.001086531,0.003743756
372,768,106,0.005248192,0.00140172,0.003846472
372,768,107,0.006347531,0.002543672,0.003803859
372,768,108,0.004589709,0.00078655,0.003803159
372,768,109,0.004655633,0.000872381,0.003783252
372,768,110,0.005293767,0.001728912,0.003564855
373,768,1,0.752704823,0.628428947,0.124275876
373,768,2,0.008808244,0.005684312,0.003123932
373,768,3,0.062624287,0.059513837,0.00311045
373,768,4,0.0039664,0.000674413,0.003291987
373,768,5,0.035075886,0.031991146,0.00308474
373,768,6,0.049068896,0.045989213,0.003079683
373,768,7,0.004033913,0.000881974,0.003151939
373,768,8,0.056093366,0.053002817,0.003090549
373,768,9,0.004363463,0.001256975,0.003106488
373,768,10,0.015435872,0.012347384,0.003088488
373,768,11,0.004491664,0.001389405,0.003102259
373,768,12,0.004282747,0.000983543,0.003299204
373,768,13,0.02212721,0.01874,0.00338721
373,768,14,0.004548411,0.001231957,0.003316454
373,768,15,0.004619771,0.001156773,0.003462998
373,768,16,0.004538021,0.001067737,0.003470284
373,768,17,0.004589727,0.001179948,0.003409779
373,768,18,0.004911678,0.001415586,0.003496092
373,768,19,0.00444815,0.000958802,0.003489348
373,768,20,0.004506984,0.001103693,0.003403291
373,768,21,0.004594725,0.001100733,0.003493992
373,768,22,0.004712664,0.001195277,0.003517387
373,768,23,0.00469472,0.000959293,0.003735427
373,768,24,0.00429722,0.000514138,0.003783082
373,768,25,0.004213195,0.000520669,0.003692526
373,768,26,0.004425072,0.000506261,0.003918811
373,768,27,0.004369066,0.000508467,0.003860599
373,768,28,0.004444498,0.000525064,0.003919434
373,768,29,0.004457028,0.000526043,0.003930985
373,768,30,0.004462854,0.00050991,0.003952944
373,768,31,0.004567011,0.000521906,0.004045105
373,768,32,0.004442096,0.000504077,0.003938019
373,768,33,0.004550661,0.000511293,0.004039368
373,768,34,0.004464235,0.00051144,0.003952795
373,768,35,0.004516844,0.000525227,0.003991617
373,768,36,0.004371666,0.000517754,0.003853912
373,768,37,0.004497747,0.000535892,0.003961855
373,768,38,0.004416822,0.000539667,0.003877155
373,768,39,0.004420081,0.000532488,0.003887593
373,768,40,0.004378783,0.000555167,0.003823616
373,768,41,0.004433382,0.000582178,0.003851204
373,768,42,0.004359254,0.000605399,0.003753855
373,768,43,0.004710656,0.000822361,0.003888295
373,768,44,0.004383002,0.000609255,0.003773747
373,768,45,0.004763168,0.000915457,0.003847711
373,768,46,0.004515517,0.000718791,0.003796726
373,768,47,0.004562788,0.000770979,0.003791809
373,768,48,0.004715649,0.000889592,0.003826057
373,768,49,0.004434097,0.000681143,0.003752954
373,768,50,0.004688006,0.000885822,0.003802184
373,768,51,0.004666225,0.000850448,0.003815777
373,768,52,0.004612245,0.000851504,0.003760741
373,768,53,0.004610517,0.000838354,0.003772163
373,768,54,0.00464891,0.000835789,0.003813121
373,768,55,0.004800051,0.000909596,0.003890455
373,768,56,0.004738502,0.000772621,0.003965881
373,768,57,0.004642318,0.000764254,0.003878064
373,768,58,0.004513153,0.000700297,0.003812856
373,768,59,0.00456946,0.000798519,0.003770941
373,768,60,0.004688579,0.000985058,0.003703521
373,768,61,0.005865047,0.002268021,0.003597026
373,768,62,0.00452425,0.000957659,0.003566591
373,768,63,0.004808521,0.001112777,0.003695744
373,768,64,0.004839412,0.00097514,0.003864272
373,768,65,0.005034146,0.001149082,0.003885064
373,768,66,0.004420088,0.000545152,0.003874936
373,768,67,0.004634103,0.000771425,0.003862678
373,768,68,0.004323501,0.000502778,0.003820723
373,768,69,0.006349323,0.002493771,0.003855552
373,768,70,0.004869206,0.000959477,0.003909729
373,768,71,0.00472375,0.000735242,0.003988508
373,768,72,0.004494379,0.000490057,0.004004322
373,768,73,0.00446706,0.000493497,0.003973563
373,768,74,0.005273635,0.00131186,0.003961775
373,768,75,0.00486905,0.000959094,0.003909956
373,768,76,0.004417566,0.00058986,0.003827706
373,768,77,0.004781329,0.000953649,0.00382768
373,768,78,0.006407002,0.002489985,0.003917017
373,768,79,0.004574589,0.000678679,0.00389591
373,768,80,0.004482396,0.000641489,0.003840907
373,768,81,0.004635865,0.000796386,0.003839479
373,768,82,0.004742062,0.000863224,0.003878838
373,768,83,0.005550585,0.001556031,0.003994554
373,768,84,0.005468826,0.001611718,0.003857108
373,768,85,0.00469371,0.000947476,0.003746234
373,768,86,0.004697637,0.000947481,0.003750156
373,768,87,0.004599656,0.000709928,0.003889728
373,768,88,0.006646964,0.002723837,0.003923127
373,768,89,0.004834954,0.001050292,0.003784662
373,768,90,0.004371052,0.000595122,0.00377593
373,768,91,0.00787832,0.004148483,0.003729837
373,768,92,0.005306636,0.001540884,0.003765752
373,768,93,0.004456918,0.000685593,0.003771325
373,768,94,0.004258716,0.000549243,0.003709473
373,768,95,0.004643874,0.000897451,0.003746423
373,768,96,0.004775533,0.000929588,0.003845945
373,768,97,0.005804348,0.001859513,0.003944835
373,768,98,0.004643377,0.000731482,0.003911895
373,768,99,0.006368726,0.002470662,0.003898064
373,768,100,0.004642189,0.000715223,0.003926966
373,768,101,0.00437184,0.000603161,0.003768679
373,768,102,0.004359854,0.000490221,0.003869633
373,768,103,0.00436051,0.000571387,0.003789123
373,768,104,0.004763665,0.000913662,0.003850003
373,768,105,0.005230938,0.001364792,0.003866146
373,768,106,0.006477726,0.0026566,0.003821126
373,768,107,0.004567959,0.000686092,0.003881867
373,768,108,0.004651147,0.000771107,0.00388004
373,768,109,0.005558405,0.00157877,0.003979635
373,768,110,0.004141911,0.000573144,0.003568767
374,768,1,0.753665042,0.628988863,0.124676179
374,768,2,0.010365771,0.007305798,0.003059973
374,768,3,0.004946288,0.001911444,0.003034844
374,768,4,0.053757735,0.050660847,0.003096888
374,768,5,0.0816604,0.078642442,0.003017958
374,768,6,0.003874251,0.000865253,0.003008998
374,768,7,0.053308536,0.05027326,0.003035276
374,768,8,0.004378203,0.001354247,0.003023956
374,768,9,0.005409328,0.002289527,0.003119801
374,768,10,0.004330547,0.001313479,0.003017068
374,768,11,0.015329306,0.012296832,0.003032474
374,768,12,0.023906146,0.020576238,0.003329908
374,768,13,0.004647219,0.001286156,0.003361063
374,768,14,0.004432904,0.001070728,0.003362176
374,768,15,0.004440909,0.001003902,0.003437007
374,768,16,0.004400587,0.001003891,0.003396696
374,768,17,0.004654167,0.001247975,0.003406192
374,768,18,0.004392895,0.001030275,0.00336262
374,768,19,0.004580545,0.001135139,0.003445406
374,768,20,0.004367056,0.001010007,0.003357049
374,768,21,0.004703382,0.00127208,0.003431302
374,768,22,0.004486911,0.000987115,0.003499796
374,768,23,0.004635386,0.000941215,0.003694171
374,768,24,0.00425489,0.000563251,0.003691639
374,768,25,0.004230501,0.000571571,0.00365893
374,768,26,0.004306126,0.000526736,0.00377939
374,768,27,0.004316786,0.000528775,0.003788011
374,768,28,0.004445417,0.000614359,0.003831058
374,768,29,0.004446465,0.000566076,0.003880389
374,768,30,0.004369878,0.000545817,0.003824061
374,768,31,0.004464494,0.00053709,0.003927404
374,768,32,0.004451417,0.000538305,0.003913112
374,768,33,0.004507388,0.000534755,0.003972633
374,768,34,0.004542347,0.000644063,0.003898284
374,768,35,0.004490403,0.000550052,0.003940351
374,768,36,0.004466684,0.000554152,0.003912532
374,768,37,0.004497172,0.000559206,0.003937966
374,768,38,0.004476333,0.000558801,0.003917532
374,768,39,0.004499318,0.000565495,0.003933823
374,768,40,0.004485494,0.000630793,0.003854701
374,768,41,0.00444026,0.000591078,0.003849182
374,768,42,0.004428379,0.000625071,0.003803308
374,768,43,0.004699516,0.000831829,0.003867687
374,768,44,0.004591668,0.000794735,0.003796933
374,768,45,0.00473598,0.000890089,0.003845891
374,768,46,0.004705645,0.000886612,0.003819033
374,768,47,0.004665248,0.000851876,0.003813372
374,768,48,0.004422351,0.000657865,0.003764486
374,768,49,0.004777191,0.001019331,0.00375786
374,768,50,0.004452807,0.000743267,0.00370954
374,768,51,0.004828433,0.001114743,0.00371369
374,768,52,0.004601712,0.000851266,0.003750446
374,768,53,0.004741958,0.001015342,0.003726616
374,768,54,0.004535556,0.00083827,0.003697286
374,768,55,0.004743837,0.001015036,0.003728801
374,768,56,0.004589762,0.000865538,0.003724224
374,768,57,0.004789732,0.001033359,0.003756373
374,768,58,0.00464135,0.000795339,0.003846011
374,768,59,0.004805317,0.001094236,0.003711081
374,768,60,0.004402473,0.000885953,0.00351652
374,768,61,0.00476673,0.00128216,0.00348457
374,768,62,0.004711955,0.001209452,0.003502503
374,768,63,0.005421609,0.001844081,0.003577528
374,768,64,0.005350716,0.001568689,0.003782027
374,768,65,0.004602725,0.000764216,0.003838509
374,768,66,0.004318996,0.000479846,0.00383915
374,768,67,0.004401597,0.000556582,0.003845015
374,768,68,0.004356961,0.000573223,0.003783738
374,768,69,0.005723294,0.001943847,0.003779447
374,768,70,0.005139018,0.001256372,0.003882646
374,768,71,0.004722285,0.000812565,0.00390972
374,768,72,0.00489165,0.000929314,0.003962336
374,768,73,0.005402679,0.001532923,0.003869756
374,768,74,0.004766549,0.000894695,0.003871854
374,768,75,0.004737969,0.000907957,0.003830012
374,768,76,0.004650239,0.000899293,0.003750946
374,768,77,0.00630787,0.002536424,0.003771446
374,768,78,0.004824894,0.000995584,0.00382931
374,768,79,0.00452712,0.000688643,0.003838477
374,768,80,0.004530944,0.000762715,0.003768229
374,768,81,0.004777229,0.000978207,0.003799022
374,768,82,0.005431944,0.001653814,0.00377813
374,768,83,0.005600877,0.001747423,0.003853454
374,768,84,0.004523504,0.000711152,0.003812352
374,768,85,0.004535762,0.000856062,0.0036797
374,768,86,0.004630624,0.000962045,0.003668579
374,768,87,0.00696897,0.003074106,0.003894864
374,768,88,0.005025163,0.001201685,0.003823478
374,768,89,0.004300065,0.000593637,0.003706428
374,768,90,0.007775029,0.004109604,0.003665425
374,768,91,0.005413557,0.00173383,0.003679727
374,768,92,0.00444034,0.00083362,0.00360672
374,768,93,0.00425159,0.000576128,0.003675462
374,768,94,0.004390967,0.000731833,0.003659134
374,768,95,0.004779052,0.00111208,0.003666972
374,768,96,0.005884742,0.002102556,0.003782186
374,768,97,0.004706962,0.000760845,0.003946117
374,768,98,0.006427783,0.002582488,0.003845295
374,768,99,0.00458704,0.000749924,0.003837116
374,768,100,0.004494333,0.00063333,0.003861003
374,768,101,0.004239698,0.000548148,0.00369155
374,768,102,0.00447401,0.00071752,0.00375649
374,768,103,0.004643548,0.00086481,0.003778738
374,768,104,0.005019484,0.001327092,0.003692392
374,768,105,0.006701613,0.002963167,0.003738446
374,768,106,0.004592966,0.000896894,0.003696072
374,768,107,0.004722721,0.000939481,0.00378324
374,768,108,0.00542616,0.001637269,0.003788891
374,768,109,0.004459201,0.000607449,0.003851752
374,768,110,0.004532376,0.001129042,0.003403334
375,768,1,0.754830216,0.63030614,0.124524076
375,768,2,0.003593871,0.000445674,0.003148197
375,768,3,0.053476776,0.050382295,0.003094481
375,768,4,0.005669782,0.002491125,0.003178657
375,768,5,0.057225905,0.05420883,0.003017075
375,768,6,0.077683527,0.0746559,0.003027627
375,768,7,0.003985178,0.00095483,0.003030348
375,768,8,0.004235726,0.001131033,0.003104693
375,768,9,0.003839738,0.000723671,0.003116067
375,768,10,0.004571345,0.001421889,0.003149456
375,768,11,0.036364806,0.032956592,0.003408214
375,768,12,0.004596373,0.001243823,0.00335255
375,768,13,0.004450455,0.001041421,0.003409034
375,768,14,0.004321507,0.000921984,0.003399523
375,768,15,0.004226282,0.000790559,0.003435723
375,768,16,0.004525091,0.001098436,0.003426655
375,768,17,0.004367757,0.000931058,0.003436699
375,768,18,0.00453959,0.00105749,0.0034821
375,768,19,0.004381833,0.000921264,0.003460569
375,768,20,0.004554108,0.001102792,0.003451316
375,768,21,0.004540429,0.001090781,0.003449648
375,768,22,0.004561071,0.001045574,0.003515497
375,768,23,0.0045677,0.000792817,0.003774883
375,768,24,0.004135161,0.000458343,0.003676818
375,768,25,0.004269166,0.000477514,0.003791652
375,768,26,0.004280345,0.000487094,0.003793251
375,768,27,0.004384557,0.000491502,0.003893055
375,768,28,0.00439184,0.000502252,0.003889588
375,768,29,0.004430052,0.000497806,0.003932246
375,768,30,0.004379488,0.000490801,0.003888687
375,768,31,0.004444058,0.000505838,0.00393822
375,768,32,0.004395548,0.000502406,0.003893142
375,768,33,0.004428368,0.000480613,0.003947755
375,768,34,0.004335404,0.000490652,0.003844752
375,768,35,0.004412255,0.000532767,0.003879488
375,768,36,0.004427842,0.000549879,0.003877963
375,768,37,0.004458305,0.000569914,0.003888391
375,768,38,0.004625577,0.000739463,0.003886114
375,768,39,0.004752963,0.000838618,0.003914345
375,768,40,0.004493272,0.000634513,0.003858759
375,768,41,0.004600756,0.000741968,0.003858788
375,768,42,0.004678093,0.000841489,0.003836604
375,768,43,0.004561515,0.000689249,0.003872266
375,768,44,0.004628111,0.000802211,0.0038259
375,768,45,0.004917275,0.001048035,0.00386924
375,768,46,0.004431581,0.000622753,0.003808828
375,768,47,0.0046622,0.000826778,0.003835422
375,768,48,0.004303251,0.000577812,0.003725439
375,768,49,0.004862736,0.001068126,0.00379461
375,768,50,0.004546535,0.000760943,0.003785592
375,768,51,0.004891076,0.001037663,0.003853413
375,768,52,0.004402342,0.000678492,0.00372385
375,768,53,0.004692244,0.000901447,0.003790797
375,768,54,0.004473498,0.000746678,0.00372682
375,768,55,0.004882544,0.000995368,0.003887176
375,768,56,0.004564846,0.000687411,0.003877435
375,768,57,0.004807153,0.000913551,0.003893602
375,768,58,0.004875518,0.001134309,0.003741209
375,768,59,0.004805076,0.001085049,0.003720027
375,768,60,0.004588401,0.000959932,0.003628469
375,768,61,0.004566824,0.001002799,0.003564025
375,768,62,0.005252079,0.001791672,0.003460407
375,768,63,0.005572156,0.001916019,0.003656137
375,768,64,0.00454047,0.000713226,0.003827244
375,768,65,0.004388137,0.000542644,0.003845493
375,768,66,0.00441512,0.000614684,0.003800436
375,768,67,0.004312402,0.000468065,0.003844337
375,768,68,0.005501828,0.001706664,0.003795164
375,768,69,0.005035221,0.001235483,0.003799738
375,768,70,0.004740629,0.00086352,0.003877109
375,768,71,0.005120575,0.001149925,0.00397065
375,768,72,0.004545423,0.000558769,0.003986654
375,768,73,0.005649582,0.001723588,0.003925994
375,768,74,0.004521305,0.000667955,0.00385335
375,768,75,0.004773675,0.000878029,0.003895646
375,768,76,0.006305766,0.002499652,0.003806114
375,768,77,0.004872118,0.001073731,0.003798387
375,768,78,0.004703157,0.000825884,0.003877273
375,768,79,0.00456453,0.000731705,0.003832825
375,768,80,0.004504167,0.000691005,0.003813162
375,768,81,0.005523124,0.001748098,0.003775026
375,768,82,0.005662883,0.001792033,0.00387085
375,768,83,0.004649149,0.000769701,0.003879448
375,768,84,0.004407197,0.000659578,0.003747619
375,768,85,0.004317003,0.000659654,0.003657349
375,768,86,0.007217624,0.003415837,0.003801787
375,768,87,0.005250483,0.001457795,0.003792688
375,768,88,0.004367823,0.00061673,0.003751093
375,768,89,0.007782315,0.004067528,0.003714787
375,768,90,0.005458424,0.001706475,0.003751949
375,768,91,0.004449548,0.00072132,0.003728228
375,768,92,0.004176391,0.000544069,0.003632322
375,768,93,0.004423309,0.000760162,0.003663147
375,768,94,0.004700563,0.001001572,0.003698991
375,768,95,0.005672301,0.001969905,0.003702396
375,768,96,0.004642825,0.000864549,0.003778276
375,768,97,0.006568129,0.002677691,0.003890438
375,768,98,0.004627911,0.000743015,0.003884896
375,768,99,0.004497068,0.00064016,0.003856908
375,768,100,0.004421855,0.00064021,0.003781645
375,768,101,0.004280666,0.000597601,0.003683065
375,768,102,0.004659119,0.000882993,0.003776126
375,768,103,0.005059741,0.001333589,0.003726152
375,768,104,0.006771786,0.003010289,0.003761497
375,768,105,0.004650054,0.000798578,0.003851476
375,768,106,0.004582428,0.000831815,0.003750613
375,768,107,0.005424083,0.001550954,0.003873129
375,768,108,0.004409478,0.000623916,0.003785562
375,768,109,0.004930991,0.001060099,0.003870892
375,768,110,0.004300236,0.000920403,0.003379833
376,768,1,0.754833036,0.630129449,0.124703587
376,768,2,0.064358527,0.061305081,0.003053446
376,768,3,0.005618096,0.002546454,0.003071642
376,768,4,0.003696321,0.000482715,0.003213606
376,768,5,0.131281087,0.128244923,0.003036164
376,768,6,0.003955815,0.000927342,0.003028473
376,768,7,0.004084564,0.000942913,0.003141651
376,768,8,0.003817957,0.000656936,0.003161021
376,768,9,0.003867864,0.000671054,0.00319681
376,768,10,0.036946272,0.033653678,0.003292594
376,768,11,0.004679333,0.001202897,0.003476436
376,768,12,0.004368702,0.000982488,0.003386214
376,768,13,0.004277022,0.00086001,0.003417012
376,768,14,0.004239537,0.000839015,0.003400522
376,768,15,0.004395481,0.000962378,0.003433103
376,768,16,0.004318896,0.000873276,0.00344562
376,768,17,0.004542402,0.001087911,0.003454491
376,768,18,0.004302987,0.000923233,0.003379754
376,768,19,0.004464334,0.000989926,0.003474408
376,768,20,0.004256898,0.000867549,0.003389349
376,768,21,0.00445692,0.000983745,0.003473175
376,768,22,0.004469317,0.000959332,0.003509985
376,768,23,0.00445508,0.000769529,0.003685551
376,768,24,0.004145953,0.000470943,0.00367501
376,768,25,0.004234926,0.000480315,0.003754611
376,768,26,0.004280976,0.000503615,0.003777361
376,768,27,0.004318373,0.000492268,0.003826105
376,768,28,0.004350353,0.000513282,0.003837071
376,768,29,0.004352019,0.00051336,0.003838659
376,768,30,0.004313594,0.000520299,0.003793295
376,768,31,0.004505362,0.000537139,0.003968223
376,768,32,0.004397845,0.000502515,0.00389533
376,768,33,0.004526159,0.000529823,0.003996336
376,768,34,0.004478458,0.000505172,0.003973286
376,768,35,0.004528626,0.000593523,0.003935103
376,768,36,0.00450526,0.000632786,0.003872474
376,768,37,0.004835475,0.00091461,0.003920865
376,768,38,0.004683746,0.000808915,0.003874831
376,768,39,0.004542023,0.000683011,0.003859012
376,768,40,0.004601253,0.000759691,0.003841562
376,768,41,0.004709643,0.000845277,0.003864366
376,768,42,0.00441339,0.000624701,0.003788689
376,768,43,0.004692515,0.000827735,0.00386478
376,768,44,0.004706711,0.000893275,0.003813436
376,768,45,0.00464815,0.000783357,0.003864793
376,768,46,0.004513543,0.000699824,0.003813719
376,768,47,0.004599715,0.000778654,0.003821061
376,768,48,0.004503452,0.000780121,0.003723331
376,768,49,0.004703883,0.000933995,0.003769888
376,768,50,0.004643835,0.000935278,0.003708557
376,768,51,0.004613476,0.000826972,0.003786504
376,768,52,0.00461462,0.000844451,0.003770169
376,768,53,0.004545812,0.00079117,0.003754642
376,768,54,0.004695897,0.000951268,0.003744629
376,768,55,0.004812897,0.000969805,0.003843092
376,768,56,0.004686298,0.000969781,0.003716517
376,768,57,0.005056448,0.001245837,0.003810611
376,768,58,0.00472114,0.000993979,0.003727161
376,768,59,0.004771016,0.000962573,0.003808443
376,768,60,0.004551087,0.000916272,0.003634815
376,768,61,0.004418727,0.000906038,0.003512689
376,768,62,0.004921015,0.001413948,0.003507067
376,768,63,0.005373542,0.001699198,0.003674344
376,768,64,0.00474744,0.000939662,0.003807778
376,768,65,0.004737674,0.000918221,0.003819453
376,768,66,0.00426668,0.000465858,0.003800822
376,768,67,0.005429688,0.001625858,0.00380383
376,768,68,0.004884769,0.001134093,0.003750676
376,768,69,0.004615844,0.000821362,0.003794482
376,768,70,0.005047499,0.001178068,0.003869431
376,768,71,0.004782529,0.000857464,0.003925065
376,768,72,0.005734299,0.001847272,0.003887027
376,768,73,0.004643783,0.00078095,0.003862833
376,768,74,0.004699008,0.000879822,0.003819186
376,768,75,0.006274675,0.002530978,0.003743697
376,768,76,0.004822206,0.001030162,0.003792044
376,768,77,0.004677894,0.000848355,0.003829539
376,768,78,0.004769883,0.000887188,0.003882695
376,768,79,0.004459533,0.000678532,0.003781001
376,768,80,0.005415258,0.001659765,0.003755493
376,768,81,0.005484397,0.001678056,0.003806341
376,768,82,0.004942772,0.001036393,0.003906379
376,768,83,0.004446382,0.000590278,0.003856104
376,768,84,0.004336081,0.000606053,0.003730028
376,768,85,0.006995286,0.003306993,0.003688293
376,768,86,0.005471388,0.001647202,0.003824186
376,768,87,0.00444313,0.000622284,0.003820846
376,768,88,0.007655044,0.003948455,0.003706589
376,768,89,0.005573543,0.001841221,0.003732322
376,768,90,0.004428204,0.000682397,0.003745807
376,768,91,0.004252916,0.000491738,0.003761178
376,768,92,0.004367303,0.000698132,0.003669171
376,768,93,0.004570627,0.000912312,0.003658315
376,768,94,0.005726856,0.002066637,0.003660219
376,768,95,0.004675175,0.000937552,0.003737623
376,768,96,0.006515331,0.002658486,0.003856845
376,768,97,0.004607509,0.000711784,0.003895725
376,768,98,0.004494656,0.000642416,0.00385224
376,768,99,0.004561714,0.000726188,0.003835526
376,768,100,0.00431051,0.000518072,0.003792438
376,768,101,0.004593576,0.000877675,0.003715901
376,768,102,0.004987317,0.001175555,0.003811762
376,768,103,0.006781064,0.003023846,0.003757218
376,768,104,0.004546864,0.000775485,0.003771379
376,768,105,0.00463474,0.000767463,0.003867277
376,768,106,0.00547224,0.001662265,0.003809975
376,768,107,0.004440559,0.000608541,0.003832018
376,768,108,0.004811786,0.001008319,0.003803467
376,768,109,0.004781682,0.00100845,0.003773232
376,768,110,0.004308119,0.000923506,0.003384613
377,768,1,0.756218151,0.632300193,0.123917958
377,768,2,0.00564722,0.002535521,0.003111699
377,768,3,0.003637532,0.000493732,0.0031438
377,768,4,0.003757527,0.000467861,0.003289666
377,768,5,0.062348771,0.05933189,0.003016881
377,768,6,0.071641037,0.068610423,0.003030614
377,768,7,0.004112646,0.001074712,0.003037934
377,768,8,0.004190224,0.001076868,0.003113356
377,768,9,0.037585948,0.034246915,0.003339033
377,768,10,0.004414249,0.001080537,0.003333712
377,768,11,0.004222079,0.000800933,0.003421146
377,768,12,0.004085095,0.000685683,0.003399412
377,768,13,0.004024038,0.000665639,0.003358399
377,768,14,0.004234756,0.000804989,0.003429767
377,768,15,0.004211655,0.000746646,0.003465009
377,768,16,0.004351533,0.00093847,0.003413063
377,768,17,0.004539856,0.001101145,0.003438711
377,768,18,0.004186922,0.000772184,0.003414738
377,768,19,0.004297844,0.000853106,0.003444738
377,768,20,0.004483219,0.001026623,0.003456596
377,768,21,0.004409761,0.000988626,0.003421135
377,768,22,0.00466241,0.00108547,0.00357694
377,768,23,0.004621494,0.000886856,0.003734638
377,768,24,0.004206916,0.000465966,0.00374095
377,768,25,0.004241896,0.000484022,0.003757874
377,768,26,0.00425922,0.00048658,0.00377264
377,768,27,0.004306038,0.000496638,0.0038094
377,768,28,0.004441946,0.000496884,0.003945062
377,768,29,0.004373474,0.000498975,0.003874499
377,768,30,0.004455103,0.000518768,0.003936335
377,768,31,0.004497459,0.000507113,0.003990346
377,768,32,0.004459889,0.000507344,0.003952545
377,768,33,0.004603277,0.000648227,0.00395505
377,768,34,0.00451759,0.000601583,0.003916007
377,768,35,0.004679376,0.000811781,0.003867595
377,768,36,0.004738114,0.000848706,0.003889408
377,768,37,0.004693256,0.000782387,0.003910869
377,768,38,0.004569178,0.00069859,0.003870588
377,768,39,0.004626815,0.000763578,0.003863237
377,768,40,0.004622423,0.000780408,0.003842015
377,768,41,0.004436302,0.00059903,0.003837272
377,768,42,0.004734203,0.000944088,0.003790115
377,768,43,0.004543693,0.0007169,0.003826793
377,768,44,0.004545434,0.000783637,0.003761797
377,768,45,0.004538591,0.000674079,0.003864512
377,768,46,0.00451232,0.000703371,0.003808949
377,768,47,0.004595661,0.000695563,0.003900098
377,768,48,0.004415818,0.000719807,0.003696011
377,768,49,0.004681941,0.000849165,0.003832776
377,768,50,0.004318428,0.000632474,0.003685954
377,768,51,0.004697726,0.000834011,0.003863715
377,768,52,0.004302011,0.000585929,0.003716082
377,768,53,0.004609218,0.00080904,0.003800178
377,768,54,0.004447902,0.000692466,0.003755436
377,768,55,0.004698849,0.000910116,0.003788733
377,768,56,0.004870983,0.00105744,0.003813543
377,768,57,0.004948742,0.001110347,0.003838395
377,768,58,0.004943846,0.001172603,0.003771243
377,768,59,0.00444411,0.000717539,0.003726571
377,768,60,0.004573267,0.000963121,0.003610146
377,768,61,0.005802109,0.002367378,0.003434731
377,768,62,0.00500341,0.001452254,0.003551156
377,768,63,0.004811427,0.001136703,0.003674724
377,768,64,0.004506965,0.00070916,0.003797805
377,768,65,0.004484466,0.000641539,0.003842927
377,768,66,0.004375882,0.000518191,0.003857691
377,768,67,0.004256754,0.000439339,0.003817415
377,768,68,0.005281913,0.001519161,0.003762752
377,768,69,0.005108642,0.001319361,0.003789281
377,768,70,0.004754193,0.000880103,0.00387409
377,768,71,0.007226452,0.003279294,0.003947158
377,768,72,0.004706727,0.000887099,0.003819628
377,768,73,0.004736934,0.000869843,0.003867091
377,768,74,0.006321667,0.002505023,0.003816644
377,768,75,0.00465396,0.000873256,0.003780704
377,768,76,0.004592795,0.00080123,0.003791565
377,768,77,0.004572582,0.000806478,0.003766104
377,768,78,0.00463399,0.000760905,0.003873085
377,768,79,0.005606176,0.00177591,0.003830266
377,768,80,0.005470912,0.001628101,0.003842811
377,768,81,0.00438092,0.000544661,0.003836259
377,768,82,0.004608156,0.000724813,0.003883343
377,768,83,0.004474675,0.000580319,0.003894356
377,768,84,0.007157661,0.00347155,0.003686111
377,768,85,0.005337874,0.001641818,0.003696056
377,768,86,0.004483836,0.000655804,0.003828032
377,768,87,0.004523177,0.000677126,0.003846051
377,768,88,0.004374005,0.000561531,0.003812474
377,768,89,0.007037617,0.003298927,0.00373869
377,768,90,0.005419213,0.001646813,0.0037724
377,768,91,0.004321683,0.000605203,0.00371648
377,768,92,0.005568798,0.001886195,0.003682603
377,768,93,0.005278714,0.001734539,0.003544175
377,768,94,0.004379027,0.000725698,0.003653329
377,768,95,0.006913719,0.003128464,0.003785255
377,768,96,0.004575943,0.000688456,0.003887487
377,768,97,0.004470146,0.000592108,0.003878038
377,768,98,0.004394609,0.000520719,0.00387389
377,768,99,0.004407793,0.000541348,0.003866445
377,768,100,0.00443788,0.000627729,0.003810151
377,768,101,0.005200258,0.001470445,0.003729813
377,768,102,0.004658445,0.000857315,0.00380113
377,768,103,0.006225678,0.002447933,0.003777745
377,768,104,0.004407527,0.000673899,0.003733628
377,768,105,0.006382272,0.002565468,0.003816804
377,768,106,0.004414341,0.000606579,0.003807762
377,768,107,0.004380354,0.000549523,0.003830831
377,768,108,0.005210819,0.001364657,0.003846162
377,768,109,0.004313651,0.000549752,0.003763899
377,768,110,0.003959586,0.000571829,0.003387757
378,768,1,0.757900245,0.634213139,0.123687106
378,768,2,0.003684829,0.00048116,0.003203669
378,768,3,0.003608599,0.000392855,0.003215744
378,768,4,0.003669791,0.000395562,0.003274229
378,768,5,0.087082239,0.084064169,0.00301807
378,768,6,0.003898366,0.000809401,0.003088965
378,768,7,0.045960651,0.042924114,0.003036537
378,768,8,0.039089578,0.035853648,0.00323593
378,768,9,0.004401416,0.001030695,0.003370721
378,768,10,0.004028484,0.000610196,0.003418288
378,768,11,0.004042541,0.000592376,0.003450165
378,768,12,0.004084525,0.000662487,0.003422038
378,768,13,0.00413719,0.000743632,0.003393558
378,768,14,0.004069131,0.000644237,0.003424894
378,768,15,0.004201447,0.00078252,0.003418927
378,768,16,0.004253118,0.000857704,0.003395414
378,768,17,0.004516231,0.001063598,0.003452633
378,768,18,0.004184268,0.00076194,0.003422328
378,768,19,0.004407822,0.000958296,0.003449526
378,768,20,0.0044084,0.00094827,0.00346013
378,768,21,0.004504115,0.001033136,0.003470979
378,768,22,0.004578901,0.000976336,0.003602565
378,768,23,0.004416747,0.000685102,0.003731645
378,768,24,0.004203576,0.00046606,0.003737516
378,768,25,0.004276604,0.000544252,0.003732352
378,768,26,0.00434968,0.000498198,0.003851482
378,768,27,0.004329355,0.000481264,0.003848091
378,768,28,0.004483754,0.000586395,0.003897359
378,768,29,0.00437112,0.000517867,0.003853253
378,768,30,0.004535152,0.000593599,0.003941553
378,768,31,0.004521828,0.000652102,0.003869726
378,768,32,0.004713028,0.000800236,0.003912792
378,768,33,0.004565973,0.000697723,0.00386825
378,768,34,0.004734818,0.000874021,0.003860797
378,768,35,0.004716519,0.000877347,0.003839172
378,768,36,0.004635394,0.000785118,0.003850276
378,768,37,0.004591242,0.000796909,0.003794333
378,768,38,0.004637522,0.000810901,0.003826621
378,768,39,0.004635315,0.000812111,0.003823204
378,768,40,0.004466247,0.00077048,0.003695767
378,768,41,0.004783624,0.000977339,0.003806285
378,768,42,0.00451241,0.000736599,0.003775811
378,768,43,0.004591871,0.000795446,0.003796425
378,768,44,0.004497882,0.000723045,0.003774837
378,768,45,0.004556467,0.000690835,0.003865632
378,768,46,0.004522655,0.000719396,0.003803259
378,768,47,0.004522666,0.000805738,0.003716928
378,768,48,0.004622494,0.000882458,0.003740036
378,768,49,0.004436074,0.000710076,0.003725998
378,768,50,0.004536806,0.000819795,0.003717011
378,768,51,0.004408612,0.000703008,0.003705604
378,768,52,0.004500441,0.000759054,0.003741387
378,768,53,0.004360358,0.000641171,0.003719187
378,768,54,0.004535698,0.000703621,0.003832077
378,768,55,0.004372017,0.000523642,0.003848375
378,768,56,0.004435781,0.000581247,0.003854534
378,768,57,0.004610766,0.000681143,0.003929623
378,768,58,0.004872772,0.001015858,0.003856914
378,768,59,0.004712552,0.000983396,0.003729156
378,768,60,0.006894858,0.00335784,0.003537018
378,768,61,0.004721283,0.001230303,0.00349098
378,768,62,0.004473815,0.00089304,0.003580775
378,768,63,0.004768349,0.001066034,0.003702315
378,768,64,0.004430408,0.00061129,0.003819118
378,768,65,0.004507533,0.000636764,0.003870769
378,768,66,0.004325052,0.000466023,0.003859029
378,768,67,0.004323396,0.000438156,0.00388524
378,768,68,0.004251365,0.000444294,0.003807071
378,768,69,0.006464011,0.002651748,0.003812263
378,768,70,0.007396756,0.003543725,0.003853031
378,768,71,0.004830251,0.000954443,0.003875808
378,768,72,0.004615642,0.000767525,0.003848117
378,768,73,0.006409901,0.002500309,0.003909592
378,768,74,0.004684972,0.00079369,0.003891282
378,768,75,0.004496851,0.000707028,0.003789823
378,768,76,0.004471471,0.000667645,0.003803826
378,768,77,0.004729325,0.0008201,0.003909225
378,768,78,0.005698411,0.001650541,0.00404787
378,768,79,0.005414428,0.00156181,0.003852618
378,768,80,0.00432988,0.000528258,0.003801622
378,768,81,0.00443315,0.00059089,0.00384226
378,768,82,0.004500213,0.000598216,0.003901997
378,768,83,0.007439911,0.003604396,0.003835515
378,768,84,0.005118151,0.001444668,0.003673483
378,768,85,0.00450536,0.000796354,0.003709006
378,768,86,0.004704389,0.000774026,0.003930363
378,768,87,0.00442676,0.000480515,0.003946245
378,768,88,0.004311648,0.000511806,0.003799842
378,768,89,0.004158382,0.000485209,0.003673173
378,768,90,0.006468074,0.002775045,0.003693029
378,768,91,0.007512642,0.003803973,0.003708669
378,768,92,0.005262179,0.001576108,0.003686071
378,768,93,0.004187279,0.000589817,0.003597462
378,768,94,0.006772932,0.003083308,0.003689624
378,768,95,0.004703681,0.000868655,0.003835026
378,768,96,0.004371187,0.000496405,0.003874782
378,768,97,0.004493759,0.000591196,0.003902563
378,768,98,0.004382793,0.000531174,0.003851619
378,768,99,0.004525997,0.000664757,0.00386124
378,768,100,0.005032524,0.001243298,0.003789226
378,768,101,0.004743228,0.000979778,0.00376345
378,768,102,0.006095648,0.002348071,0.003747577
378,768,103,0.004396474,0.000619884,0.00377659
378,768,104,0.006614245,0.002832984,0.003781261
378,768,105,0.004383665,0.00058252,0.003801145
378,768,106,0.004303399,0.00052571,0.003777689
378,768,107,0.004421657,0.00052313,0.003898527
378,768,108,0.004338596,0.000507242,0.003831354
378,768,109,0.004576667,0.000711221,0.003865446
378,768,110,0.003888636,0.000499253,0.003389383
379,768,1,0.758059712,0.633982183,0.124077529
379,768,2,0.004527507,0.001261863,0.003265644
379,768,3,0.003586472,0.000411147,0.003175325
379,768,4,0.003715885,0.000381373,0.003334512
379,768,5,0.018457102,0.015401858,0.003055244
379,768,6,0.072122474,0.069071181,0.003051293
379,768,7,0.082226992,0.079045502,0.00318149
379,768,8,0.004377554,0.001019975,0.003357579
379,768,9,0.003870444,0.000483079,0.003387365
379,768,10,0.003889257,0.000419439,0.003469818
379,768,11,0.004065064,0.000586197,0.003478867
379,768,12,0.004191413,0.000754066,0.003437347
379,768,13,0.00406045,0.000670501,0.003389949
379,768,14,0.004194007,0.000754497,0.00343951
379,768,15,0.004061702,0.000611648,0.003450054
379,768,16,0.004180597,0.000703989,0.003476608
379,768,17,0.004342858,0.000873479,0.003469379
379,768,18,0.004269918,0.000819664,0.003450254
379,768,19,0.004477225,0.000993378,0.003483847
379,768,20,0.004347333,0.000910267,0.003437066
379,768,21,0.004544193,0.001023245,0.003520948
379,768,22,0.004540739,0.000924099,0.00361664
379,768,23,0.004511235,0.000758143,0.003753092
379,768,24,0.00428133,0.000459704,0.003821626
379,768,25,0.004296305,0.000531275,0.00376503
379,768,26,0.004307683,0.000566208,0.003741475
379,768,27,0.004427841,0.000542507,0.003885334
379,768,28,0.004405041,0.000582382,0.003822659
379,768,29,0.004491306,0.00060759,0.003883716
379,768,30,0.004531992,0.000615594,0.003916398
379,768,31,0.004679824,0.000662275,0.004017549
379,768,32,0.004662331,0.000674001,0.00398833
379,768,33,0.004659318,0.000710903,0.003948415
379,768,34,0.004738333,0.000702397,0.004035936
379,768,35,0.004613555,0.000667158,0.003946397
379,768,36,0.004635402,0.0006906,0.003944802
379,768,37,0.004623901,0.000665892,0.003958009
379,768,38,0.004668412,0.00071949,0.003948922
379,768,39,0.004606959,0.000732716,0.003874243
379,768,40,0.004633551,0.00072453,0.003909021
379,768,41,0.004565497,0.000733295,0.003832202
379,768,42,0.004547637,0.000674664,0.003872973
379,768,43,0.004531863,0.000689288,0.003842575
379,768,44,0.004496247,0.00068323,0.003813017
379,768,45,0.004582568,0.000712507,0.003870061
379,768,46,0.004567324,0.000706698,0.003860626
379,768,47,0.004611967,0.000713006,0.003898961
379,768,48,0.00447967,0.000688735,0.003790935
379,768,49,0.004478907,0.000633061,0.003845846
379,768,50,0.004414653,0.00067853,0.003736123
379,768,51,0.004485774,0.000678364,0.00380741
379,768,52,0.004423038,0.000698049,0.003724989
379,768,53,0.004407887,0.000668778,0.003739109
379,768,54,0.004405761,0.000624467,0.003781294
379,768,55,0.004424878,0.000595725,0.003829153
379,768,56,0.004462524,0.00060448,0.003858044
379,768,57,0.00438789,0.000584686,0.003803204
379,768,58,0.004546194,0.00064061,0.003905584
379,768,59,0.005912744,0.002188225,0.003724519
379,768,60,0.004855666,0.001308448,0.003547218
379,768,61,0.004923684,0.001348365,0.003575319
379,768,62,0.004947461,0.001245576,0.003701885
379,768,63,0.004643731,0.000946802,0.003696929
379,768,64,0.004603812,0.000754648,0.003849164
379,768,65,0.004425977,0.000548672,0.003877305
379,768,66,0.004498692,0.000511157,0.003987535
379,768,67,0.004365229,0.000439535,0.003925694
379,768,68,0.006698765,0.002970926,0.003727839
379,768,69,0.007358862,0.003444282,0.00391458
379,768,70,0.004897028,0.000936612,0.003960416
379,768,71,0.004643665,0.000613231,0.004030434
379,768,72,0.006389905,0.002477753,0.003912152
379,768,73,0.004570176,0.000636921,0.003933255
379,768,74,0.004699891,0.000794448,0.003905443
379,768,75,0.004335482,0.000518896,0.003816586
379,768,76,0.004477451,0.000695671,0.00378178
379,768,77,0.005813469,0.001901435,0.003912034
379,768,78,0.005609308,0.001707549,0.003901759
379,768,79,0.004352621,0.000524649,0.003827972
379,768,80,0.004381195,0.0005254,0.003855795
379,768,81,0.004357107,0.000467654,0.003889453
379,768,82,0.004428543,0.000463312,0.003965231
379,768,83,0.004731314,0.000736839,0.003994475
379,768,84,0.006579095,0.002851866,0.003727229
379,768,85,0.005268685,0.001528017,0.003740668
379,768,86,0.004616934,0.000652102,0.003964832
379,768,87,0.004557732,0.000579348,0.003978384
379,768,88,0.004389414,0.000522886,0.003866528
379,768,89,0.006651879,0.002897681,0.003754198
379,768,90,0.007820965,0.004047133,0.003773832
379,768,91,0.00526523,0.001492611,0.003772619
379,768,92,0.004264773,0.000514597,0.003750176
379,768,93,0.006742374,0.003000774,0.0037416
379,768,94,0.004446286,0.000699796,0.00374649
379,768,95,0.004316422,0.000474713,0.003841709
379,768,96,0.004524005,0.000565703,0.003958302
379,768,97,0.004499817,0.000657994,0.003841823
379,768,98,0.004468691,0.000529635,0.003939056
379,768,99,0.004434241,0.000571618,0.003862623
379,768,100,0.004347714,0.00052634,0.003821374
379,768,101,0.007232861,0.00334723,0.003885631
379,768,102,0.004340958,0.00048869,0.003852268
379,768,103,0.004311794,0.000460381,0.003851413
379,768,104,0.004429593,0.00061693,0.003812663
379,768,105,0.005849466,0.002004389,0.003845077
379,768,106,0.004360096,0.000517395,0.003842701
379,768,107,0.004438087,0.000515188,0.003922899
379,768,108,0.004389188,0.000518551,0.003870637
379,768,109,0.004483226,0.000538878,0.003944348
379,768,110,0.003951365,0.000517288,0.003434077
380,768,1,0.756254031,0.631363645,0.124890386
380,768,2,0.071975266,0.068893797,0.003081469
380,768,3,0.004519138,0.001444284,0.003074854
380,768,4,0.003760579,0.000471064,0.003289515
380,768,5,0.06225192,0.059237426,0.003014494
380,768,6,0.003831428,0.000727944,0.003103484
380,768,7,0.062599489,0.05956927,0.003030219
380,768,8,0.047902234,0.044662249,0.003239985
380,768,9,0.004405193,0.001055304,0.003349889
380,768,10,0.003901411,0.000521838,0.003379573
380,768,11,0.00414839,0.000692026,0.003456364
380,768,12,0.004081327,0.000668529,0.003412798
380,768,13,0.00404002,0.000660523,0.003379497
380,768,14,0.004098719,0.000684323,0.003414396
380,768,15,0.004294231,0.000843006,0.003451225
380,768,16,0.004315421,0.000909888,0.003405533
380,768,17,0.004548442,0.001056598,0.003491844
380,768,18,0.004148157,0.000736725,0.003411432
380,768,19,0.004462907,0.000952626,0.003510281
380,768,20,0.004408674,0.000945665,0.003463009
380,768,21,0.004503702,0.001031533,0.003472169
380,768,22,0.004468719,0.000944785,0.003523934
380,768,23,0.004488736,0.000780994,0.003707742
380,768,24,0.00419449,0.000481028,0.003713462
380,768,25,0.004284833,0.000503359,0.003781474
380,768,26,0.004309539,0.000496709,0.00381283
380,768,27,0.004345178,0.000514067,0.003831111
380,768,28,0.004442223,0.000571586,0.003870637
380,768,29,0.004368329,0.000527752,0.003840577
380,768,30,0.004548507,0.00062756,0.003920947
380,768,31,0.004511501,0.00059802,0.003913481
380,768,32,0.004626718,0.000732067,0.003894651
380,768,33,0.004665767,0.00078478,0.003880987
380,768,34,0.004618596,0.000784921,0.003833675
380,768,35,0.004736894,0.000878798,0.003858096
380,768,36,0.00461323,0.000803031,0.003810199
380,768,37,0.004619278,0.000795585,0.003823693
380,768,38,0.004671499,0.000890042,0.003781457
380,768,39,0.00472257,0.000882469,0.003840101
380,768,40,0.004582264,0.000810479,0.003771785
380,768,41,0.004622889,0.000803058,0.003819831
380,768,42,0.00447107,0.000705684,0.003765386
380,768,43,0.004704235,0.000874128,0.003830107
380,768,44,0.004420142,0.000626224,0.003793918
380,768,45,0.004521083,0.000695272,0.003825811
380,768,46,0.004579904,0.000786752,0.003793152
380,768,47,0.004600363,0.000814862,0.003785501
380,768,48,0.004526881,0.000786024,0.003740857
380,768,49,0.004510147,0.000704623,0.003805524
380,768,50,0.004438803,0.00071214,0.003726663
380,768,51,0.004557515,0.000772884,0.003784631
380,768,52,0.004493459,0.000770336,0.003723123
380,768,53,0.004432382,0.000746795,0.003685587
380,768,54,0.004568959,0.000797288,0.003771671
380,768,55,0.004485924,0.000667321,0.003818603
380,768,56,0.004425362,0.000570852,0.00385451
380,768,57,0.004356107,0.000566055,0.003790052
380,768,58,0.00453161,0.00069448,0.00383713
380,768,59,0.004384141,0.000671886,0.003712255
380,768,60,0.005592325,0.001965027,0.003627298
380,768,61,0.004992612,0.001488262,0.00350435
380,768,62,0.005039767,0.001504745,0.003535022
380,768,63,0.005035402,0.001384521,0.003650881
380,768,64,0.004719717,0.000889568,0.003830149
380,768,65,0.004429924,0.000559846,0.003870078
380,768,66,0.004376512,0.000546512,0.00383
380,768,67,0.007639951,0.003909767,0.003730184
380,768,68,0.007059526,0.003297981,0.003761545
380,768,69,0.004903283,0.001042888,0.003860395
380,768,70,0.004610299,0.000691738,0.003918561
380,768,71,0.006513326,0.002625982,0.003887344
380,768,72,0.004449082,0.000561401,0.003887681
380,768,73,0.004511432,0.000656405,0.003855027
380,768,74,0.004701236,0.000786353,0.003914883
380,768,75,0.004244442,0.000512316,0.003732126
380,768,76,0.005772603,0.001993973,0.00377863
380,768,77,0.005805918,0.00194255,0.003863368
380,768,78,0.004405753,0.000584637,0.003821116
380,768,79,0.004264241,0.000506122,0.003758119
380,768,80,0.004428408,0.000646786,0.003781622
380,768,81,0.004283396,0.000487055,0.003796341
380,768,82,0.004799169,0.000828385,0.003970784
380,768,83,0.004390436,0.000449404,0.003941032
380,768,84,0.007215534,0.003528321,0.003687213
380,768,85,0.004429907,0.000742474,0.003687433
380,768,86,0.004516415,0.000625365,0.00389105
380,768,87,0.004503123,0.000585115,0.003918008
380,768,88,0.007190805,0.003471024,0.003719781
380,768,89,0.005130168,0.00140178,0.003728388
380,768,90,0.004259165,0.000496245,0.00376292
380,768,91,0.006236933,0.00249362,0.003743313
380,768,92,0.008239254,0.004660009,0.003579245
380,768,93,0.004635481,0.000949815,0.003685666
380,768,94,0.004280413,0.000548461,0.003731952
380,768,95,0.004512712,0.000735197,0.003777515
380,768,96,0.004546346,0.00059219,0.003954156
380,768,97,0.004407412,0.000525107,0.003882305
380,768,98,0.004468433,0.000556977,0.003911456
380,768,99,0.004412123,0.000584929,0.003827194
380,768,100,0.005204724,0.001479014,0.00372571
380,768,101,0.004919437,0.001109095,0.003810342
380,768,102,0.005030363,0.00132447,0.003705893
380,768,103,0.004406008,0.000669092,0.003736916
380,768,104,0.004587359,0.000807685,0.003779674
380,768,105,0.004666057,0.00081931,0.003846747
380,768,106,0.005330907,0.001514087,0.00381682
380,768,107,0.00439743,0.000526109,0.003871321
380,768,108,0.004361726,0.000514095,0.003847631
380,768,109,0.00452933,0.000648425,0.003880905
380,768,110,0.00503852,0.001650436,0.003388084
381,768,1,0.753285061,0.629813728,0.123471333
381,768,2,0.003611138,0.000489336,0.003121802
381,768,3,0.006543695,0.003461459,0.003082236
381,768,4,0.004544491,0.00139544,0.003149051
381,768,5,0.060521682,0.057502273,0.003019409
381,768,6,0.065459595,0.062426911,0.003032684
381,768,7,0.004045151,0.000931578,0.003113573
381,768,8,0.003539757,0.000417736,0.003122021
381,768,9,0.047066904,0.043745465,0.003321439
381,768,10,0.004364244,0.001051931,0.003312313
381,768,11,0.004136569,0.000706453,0.003430116
381,768,12,0.004070457,0.000696246,0.003374211
381,768,13,0.004181408,0.000763898,0.00341751
381,768,14,0.004023251,0.000593631,0.00342962
381,768,15,0.004192351,0.000720638,0.003471713
381,768,16,0.004387637,0.000958352,0.003429285
381,768,17,0.00440796,0.000951489,0.003456471
381,768,18,0.004318577,0.000900342,0.003418235
381,768,19,0.004401879,0.000983955,0.003417924
381,768,20,0.004436812,0.00098932,0.003447492
381,768,21,0.004458144,0.00102331,0.003434834
381,768,22,0.004632093,0.001053013,0.00357908
381,768,23,0.004532292,0.000791826,0.003740466
381,768,24,0.004156109,0.00046048,0.003695629
381,768,25,0.004251826,0.000505486,0.00374634
381,768,26,0.004300371,0.000488602,0.003811769
381,768,27,0.004324257,0.000489293,0.003834964
381,768,28,0.004384851,0.00054153,0.003843321
381,768,29,0.004466157,0.000570795,0.003895362
381,768,30,0.004433335,0.000525529,0.003907806
381,768,31,0.004509567,0.000510304,0.003999263
381,768,32,0.004431719,0.000488006,0.003943713
381,768,33,0.004593914,0.000671843,0.003922071
381,768,34,0.004734395,0.000766504,0.003967891
381,768,35,0.004502288,0.000652829,0.003849459
381,768,36,0.004819144,0.000900564,0.00391858
381,768,37,0.004548753,0.000690966,0.003857787
381,768,38,0.004580209,0.0007755,0.003804709
381,768,39,0.004682172,0.00085132,0.003830852
381,768,40,0.004788962,0.000970059,0.003818903
381,768,41,0.004510929,0.000717343,0.003793586
381,768,42,0.004608653,0.000783105,0.003825548
381,768,43,0.004480402,0.00069875,0.003781652
381,768,44,0.004614005,0.000850868,0.003763137
381,768,45,0.004553524,0.000741782,0.003811742
381,768,46,0.004409058,0.000668363,0.003740695
381,768,47,0.004683714,0.000853745,0.003829969
381,768,48,0.00445012,0.000767473,0.003682647
381,768,49,0.004577926,0.000858514,0.003719412
381,768,50,0.004449562,0.000780238,0.003669324
381,768,51,0.004570707,0.000823937,0.00374677
381,768,52,0.004577411,0.000869189,0.003708222
381,768,53,0.004485096,0.000795455,0.003689641
381,768,54,0.004426315,0.000722985,0.00370333
381,768,55,0.004598659,0.000812525,0.003786134
381,768,56,0.004515563,0.000661196,0.003854367
381,768,57,0.004464904,0.000622941,0.003841963
381,768,58,0.004390256,0.00065008,0.003740176
381,768,59,0.004368211,0.000660413,0.003707798
381,768,60,0.0044666,0.000855005,0.003611595
381,768,61,0.005437018,0.001965469,0.003471549
381,768,62,0.005071542,0.001545812,0.00352573
381,768,63,0.005196726,0.00162047,0.003576256
381,768,64,0.005248198,0.001451689,0.003796509
381,768,65,0.004435959,0.000611668,0.003824291
381,768,66,0.008455914,0.004673848,0.003782066
381,768,67,0.006898026,0.003185749,0.003712277
381,768,68,0.004790008,0.000991921,0.003798087
381,768,69,0.004559471,0.000716489,0.003842982
381,768,70,0.004468891,0.00053131,0.003937581
381,768,71,0.004434986,0.000480337,0.003954649
381,768,72,0.005955049,0.002064799,0.00389025
381,768,73,0.004528918,0.000624364,0.003904554
381,768,74,0.004604009,0.000705144,0.003898865
381,768,75,0.006417557,0.00262565,0.003791907
381,768,76,0.00565321,0.001842701,0.003810509
381,768,77,0.004518638,0.0006409,0.003877738
381,768,78,0.004360079,0.00055333,0.003806749
381,768,79,0.004267373,0.000466707,0.003800666
381,768,80,0.004452213,0.000666485,0.003785728
381,768,81,0.004429393,0.000619479,0.003809914
381,768,82,0.004543948,0.000570513,0.003973435
381,768,83,0.007600445,0.003848883,0.003751562
381,768,84,0.004153112,0.00052391,0.003629202
381,768,85,0.004217224,0.000543602,0.003673622
381,768,86,0.004781719,0.00088869,0.003893029
381,768,87,0.007471631,0.00367371,0.003797921
381,768,88,0.00472862,0.001074793,0.003653827
381,768,89,0.004516816,0.000792167,0.003724649
381,768,90,0.004323537,0.000561987,0.00376155
381,768,91,0.004125509,0.000408323,0.003717186
381,768,92,0.005601127,0.001934546,0.003666581
381,768,93,0.008559612,0.004866104,0.003693508
381,768,94,0.004363022,0.000642436,0.003720586
381,768,95,0.004419834,0.000646333,0.003773501
381,768,96,0.004546044,0.000617143,0.003928901
381,768,97,0.004446673,0.000624354,0.003822319
381,768,98,0.004460836,0.000604971,0.003855865
381,768,99,0.004443246,0.000647788,0.003795458
381,768,100,0.004313641,0.000598789,0.003714852
381,768,101,0.005214935,0.001446851,0.003768084
381,768,102,0.004981849,0.001182968,0.003798881
381,768,103,0.005063836,0.001258917,0.003804919
381,768,104,0.004387602,0.000630603,0.003756999
381,768,105,0.004776805,0.000956556,0.003820249
381,768,106,0.004480661,0.000706725,0.003773936
381,768,107,0.005318229,0.001500849,0.00381738
381,768,108,0.005249807,0.001422632,0.003827175
381,768,109,0.005020515,0.001255114,0.003765401
381,768,110,0.003873428,0.000480069,0.003393359
382,768,1,0.75413732,0.629473643,0.124663677
382,768,2,0.058812386,0.055759349,0.003053037
382,768,3,0.00359524,0.000453738,0.003141502
382,768,4,0.012621601,0.009477533,0.003144068
382,768,5,0.117990155,0.114967099,0.003023056
382,768,6,0.003855934,0.000832972,0.003022962
382,768,7,0.003590733,0.000420409,0.003170324
382,768,8,0.007384664,0.004350454,0.00303421
382,768,9,0.00423752,0.001217256,0.003020264
382,768,10,0.042427125,0.039120021,0.003307104
382,768,11,0.004579911,0.0012103,0.003369611
382,768,12,0.004185116,0.00077859,0.003406526
382,768,13,0.004055623,0.000705874,0.003349749
382,768,14,0.004111316,0.000711101,0.003400215
382,768,15,0.004162796,0.00074621,0.003416586
382,768,16,0.004420016,0.000985911,0.003434105
382,768,17,0.004422237,0.001018753,0.003403484
382,768,18,0.004323754,0.000884411,0.003439343
382,768,19,0.004308874,0.000843336,0.003465538
382,768,20,0.00457951,0.00114119,0.00343832
382,768,21,0.004513165,0.00113354,0.003379625
382,768,22,0.004677922,0.001151045,0.003526877
382,768,23,0.004541654,0.000799483,0.003742171
382,768,24,0.004156844,0.000488677,0.003668167
382,768,25,0.004244418,0.000502798,0.00374162
382,768,26,0.004288009,0.000485042,0.003802967
382,768,27,0.004389742,0.000504724,0.003885018
382,768,28,0.004345266,0.000537084,0.003808182
382,768,29,0.004424727,0.000546183,0.003878544
382,768,30,0.004359208,0.000546841,0.003812367
382,768,31,0.004442613,0.000528726,0.003913887
382,768,32,0.004439738,0.000532701,0.003907037
382,768,33,0.004428895,0.000540436,0.003888459
382,768,34,0.004560795,0.00064535,0.003915445
382,768,35,0.004529994,0.000708037,0.003821957
382,768,36,0.00463875,0.000778216,0.003860534
382,768,37,0.00474684,0.000933618,0.003813222
382,768,38,0.004553093,0.000710685,0.003842408
382,768,39,0.00458632,0.000781787,0.003804533
382,768,40,0.004648481,0.0007901,0.003858381
382,768,41,0.004761462,0.000953745,0.003807717
382,768,42,0.00454173,0.00070566,0.00383607
382,768,43,0.004594958,0.00077684,0.003818118
382,768,44,0.004396888,0.000624845,0.003772043
382,768,45,0.004682031,0.000845476,0.003836555
382,768,46,0.004612548,0.000759511,0.003853037
382,768,47,0.004346769,0.000576881,0.003769888
382,768,48,0.004720993,0.000926267,0.003794726
382,768,49,0.004414692,0.00067453,0.003740162
382,768,50,0.004515355,0.000756809,0.003758546
382,768,51,0.004526207,0.000779124,0.003747083
382,768,52,0.004663376,0.000930641,0.003732735
382,768,53,0.00466633,0.000925905,0.003740425
382,768,54,0.004479524,0.000750244,0.00372928
382,768,55,0.004522245,0.000742997,0.003779248
382,768,56,0.00454416,0.000706822,0.003837338
382,768,57,0.004440109,0.000597047,0.003843062
382,768,58,0.004491289,0.000718881,0.003772408
382,768,59,0.004302149,0.000601775,0.003700374
382,768,60,0.004257181,0.000568208,0.003688973
382,768,61,0.004657827,0.001056141,0.003601686
382,768,62,0.006555848,0.003106977,0.003448871
382,768,63,0.005908538,0.002276099,0.003632439
382,768,64,0.004616352,0.00080172,0.003814632
382,768,65,0.006743393,0.002890038,0.003853355
382,768,66,0.004576738,0.000790106,0.003786632
382,768,67,0.005211455,0.001484604,0.003726851
382,768,68,0.00723004,0.003445479,0.003784561
382,768,69,0.00491003,0.001024065,0.003885965
382,768,70,0.004606277,0.000665083,0.003941194
382,768,71,0.004514847,0.000504895,0.004009952
382,768,72,0.004398412,0.000524109,0.003874303
382,768,73,0.005651582,0.001765623,0.003885959
382,768,74,0.007222071,0.003464921,0.00375715
382,768,75,0.005796816,0.002003599,0.003793217
382,768,76,0.004559888,0.000717305,0.003842583
382,768,77,0.004370713,0.000481962,0.003888751
382,768,78,0.004339298,0.000488103,0.003851195
382,768,79,0.004284237,0.00048313,0.003801107
382,768,80,0.004640955,0.00087353,0.003767425
382,768,81,0.004337143,0.000535178,0.003801965
382,768,82,0.007875374,0.003915282,0.003960092
382,768,83,0.00425333,0.000504778,0.003748552
382,768,84,0.004131303,0.000501827,0.003629476
382,768,85,0.004462256,0.000782226,0.00368003
382,768,86,0.004597561,0.000738767,0.003858794
382,768,87,0.004428441,0.000534006,0.003894435
382,768,88,0.006530685,0.002807764,0.003722921
382,768,89,0.005014085,0.001297915,0.00371617
382,768,90,0.004353155,0.000580837,0.003772318
382,768,91,0.004238208,0.000505049,0.003733159
382,768,92,0.004126034,0.000522468,0.003603566
382,768,93,0.005776734,0.002195115,0.003581619
382,768,94,0.00831305,0.004628059,0.003684991
382,768,95,0.00457188,0.000783225,0.003788655
382,768,96,0.00446973,0.000558701,0.003911029
382,768,97,0.004492354,0.00062147,0.003870884
382,768,98,0.004415572,0.000540535,0.003875037
382,768,99,0.004462744,0.000644762,0.003817982
382,768,100,0.004297231,0.000547364,0.003749867
382,768,101,0.005700099,0.001951724,0.003748375
382,768,102,0.004438854,0.000671422,0.003767432
382,768,103,0.005729881,0.001963152,0.003766729
382,768,104,0.00477096,0.000998015,0.003772945
382,768,105,0.004350968,0.000504495,0.003846473
382,768,106,0.00427116,0.000514672,0.003756488
382,768,107,0.00662367,0.002790623,0.003833047
382,768,108,0.005090245,0.001261573,0.003828672
382,768,109,0.004264453,0.000559524,0.003704929
382,768,110,0.003748029,0.000367583,0.003380446
383,768,1,0.624034728,0.497904239,0.126130489
383,768,2,0.071728975,0.068680858,0.003048117
383,768,3,0.058784914,0.055703823,0.003081091
383,768,4,0.003734632,0.000523009,0.003211623
383,768,5,0.012520947,0.009442266,0.003078681
383,768,6,0.118029329,0.115006189,0.00302314
383,768,7,0.004040452,0.000932437,0.003108015
383,768,8,0.003543168,0.000428464,0.003114704
383,768,9,0.007419907,0.004392077,0.00302783
383,768,10,0.00453162,0.001405134,0.003126486
383,768,11,0.042484463,0.039083577,0.003400886
383,768,12,0.004694628,0.001251385,0.003443243
383,768,13,0.00411166,0.000679434,0.003432226
383,768,14,0.004085039,0.000685475,0.003399564
383,768,15,0.004215921,0.000742863,0.003473058
383,768,16,0.004434415,0.000987999,0.003446416
383,768,17,0.004595241,0.001174546,0.003420695
383,768,18,0.004380941,0.000908506,0.003472435
383,768,19,0.004209373,0.000750512,0.003458861
383,768,20,0.00433464,0.000944789,0.003389851
383,768,21,0.004542376,0.001119506,0.00342287
383,768,22,0.004474909,0.000971322,0.003503587
383,768,23,0.004593459,0.00084359,0.003749869
383,768,24,0.004269177,0.000549106,0.003720071
383,768,25,0.004191897,0.000527194,0.003664703
383,768,26,0.004269862,0.000512656,0.003757206
383,768,27,0.004301455,0.000492377,0.003809078
383,768,28,0.004388436,0.000608339,0.003780097
383,768,29,0.004366063,0.000549565,0.003816498
383,768,30,0.00449171,0.00063683,0.00385488
383,768,31,0.004522618,0.000551249,0.003971369
383,768,32,0.004444913,0.000533099,0.003911814
383,768,33,0.004493804,0.000547834,0.00394597
383,768,34,0.004476615,0.000550402,0.003926213
383,768,35,0.004444728,0.00055245,0.003892278
383,768,36,0.004559282,0.000582435,0.003976847
383,768,37,0.004517657,0.000629184,0.003888473
383,768,38,0.004690089,0.000744449,0.00394564
383,768,39,0.004648205,0.000719986,0.003928219
383,768,40,0.004570409,0.000740714,0.003829695
383,768,41,0.00468876,0.000764407,0.003924353
383,768,42,0.004655396,0.00084102,0.003814376
383,768,43,0.00450515,0.000620108,0.003885042
383,768,44,0.004587986,0.000718862,0.003869124
383,768,45,0.004489319,0.000621007,0.003868312
383,768,46,0.004534365,0.000710077,0.003824288
383,768,47,0.0046881,0.000810673,0.003877427
383,768,48,0.004347262,0.000512675,0.003834587
383,768,49,0.00460087,0.000788538,0.003812332
383,768,50,0.004498943,0.000727224,0.003771719
383,768,51,0.004662726,0.000858745,0.003803981
383,768,52,0.004424886,0.000699305,0.003725581
383,768,53,0.004705958,0.000954167,0.003751791
383,768,54,0.004661688,0.000914791,0.003746897
383,768,55,0.004443281,0.000678201,0.00376508
383,768,56,0.004668956,0.000797511,0.003871445
383,768,57,0.004395559,0.000586809,0.00380875
383,768,58,0.004494272,0.000627615,0.003866657
383,768,59,0.004316272,0.000567558,0.003748714
383,768,60,0.00424797,0.000526682,0.003721288
383,768,61,0.004394106,0.000776353,0.003617753
383,768,62,0.004499415,0.000962863,0.003536552
383,768,63,0.006910279,0.003357101,0.003553178
383,768,64,0.008788603,0.00500899,0.003779613
383,768,65,0.00490404,0.00092473,0.00397931
383,768,66,0.004271328,0.000515778,0.00375555
383,768,67,0.004230035,0.000489611,0.003740424
383,768,68,0.004573279,0.000878791,0.003694488
383,768,69,0.007380461,0.00354346,0.003837001
383,768,70,0.004899122,0.000984715,0.003914407
383,768,71,0.004613398,0.000650258,0.00396314
383,768,72,0.004446958,0.00060803,0.003838928
383,768,73,0.004401761,0.000519797,0.003881964
383,768,74,0.005637243,0.001779633,0.00385761
383,768,75,0.007440447,0.003572662,0.003867785
383,768,76,0.005756339,0.001916284,0.003840055
383,768,77,0.004467841,0.000511893,0.003955948
383,768,78,0.004308729,0.000504526,0.003804203
383,768,79,0.00434575,0.00050821,0.00383754
383,768,80,0.004454397,0.000664734,0.003789663
383,768,81,0.008476499,0.004548177,0.003928322
383,768,82,0.004434406,0.00047141,0.003962996
383,768,83,0.004225834,0.000438707,0.003787127
383,768,84,0.004198807,0.000539824,0.003658983
383,768,85,0.004502867,0.000840298,0.003662569
383,768,86,0.00455169,0.000681247,0.003870443
383,768,87,0.004432525,0.000461338,0.003971187
383,768,88,0.004204263,0.000428871,0.003775392
383,768,89,0.005862981,0.002145,0.003717981
383,768,90,0.005003045,0.001291205,0.00371184
383,768,91,0.004329198,0.000636073,0.003693125
383,768,92,0.004188856,0.00054903,0.003639826
383,768,93,0.004139887,0.000437716,0.003702171
383,768,94,0.006113882,0.002425974,0.003687908
383,768,95,0.008392598,0.004586363,0.003806235
383,768,96,0.004505451,0.000622739,0.003882712
383,768,97,0.00439628,0.000518577,0.003877703
383,768,98,0.004446171,0.000556594,0.003889577
383,768,99,0.004353036,0.00050141,0.003851626
383,768,100,0.004405533,0.000606156,0.003799377
383,768,101,0.00430213,0.000567232,0.003734898
383,768,102,0.0057108,0.001912875,0.003797925
383,768,103,0.004402827,0.000677093,0.003725734
383,768,104,0.00588324,0.002125489,0.003757751
383,768,105,0.004818887,0.00095548,0.003863407
383,768,106,0.007109907,0.003325521,0.003784386
383,768,107,0.005144963,0.001309561,0.003835402
383,768,108,0.004292537,0.000474825,0.003817712
383,768,109,0.004211826,0.000542817,0.003669009
383,768,110,0.003732795,0.000342878,0.003389917
384,768,1,0.629209837,0.503592328,0.125617509
384,768,2,0.13928304,0.136237948,0.003045092
384,768,3,0.132462037,0.129439217,0.00302282
384,768,4,0.006467002,0.00345288,0.003014122
384,768,5,0.042191966,0.039178714,0.003013252
384,768,6,0.054146011,0.05112061,0.003025401
384,768,7,0.003899516,0.00088068,0.003018836
384,768,8,0.011878398,0.00886935,0.003009048
384,768,9,0.057276547,0.0542547,0.003021847
384,768,10,0.004356765,0.001171805,0.00318496
384,768,11,0.004249473,0.001031063,0.00321841
384,768,12,0.00425004,0.000942572,0.003307468
384,768,13,0.004057741,0.000575928,0.003481813
384,768,14,0.003978872,0.000513734,0.003465138
384,768,15,0.004252318,0.00073649,0.003515828
384,768,16,0.004070448,0.000615256,0.003455192
384,768,17,0.003924418,0.000515487,0.003408931
384,768,18,0.004023311,0.00069317,0.003330141
384,768,19,0.003923893,0.000614837,0.003309056
384,768,20,0.016978797,0.013742707,0.00323609
384,768,21,0.005102004,0.001769883,0.003332121
384,768,22,0.004830433,0.001484559,0.003345874
384,768,23,0.004582488,0.001213555,0.003368933
384,768,24,0.004344256,0.000943617,0.003400639
384,768,25,0.004387021,0.00094669,0.003440331
384,768,26,0.004040754,0.000597372,0.003443382
384,768,27,0.004560581,0.001171401,0.00338918
384,768,28,0.004429822,0.001125737,0.003304085
384,768,29,0.004497198,0.001169164,0.003328034
384,768,30,0.00458255,0.001195861,0.003386689
384,768,31,0.004592847,0.001321923,0.003270924
384,768,32,0.004764546,0.001367692,0.003396854
384,768,33,0.004440311,0.001092601,0.00334771
384,768,34,0.004336985,0.000961548,0.003375437
384,768,35,0.01035632,0.006899953,0.003456367
384,768,36,0.005603149,0.002071893,0.003531256
384,768,37,0.005712742,0.002223692,0.00348905
384,768,38,0.006179834,0.002744272,0.003435562
384,768,39,0.005860667,0.002333205,0.003527462
384,768,40,0.005624442,0.002044348,0.003580094
384,768,41,0.005756688,0.0020997,0.003656988
384,768,42,0.005265931,0.001607741,0.00365819
384,768,43,0.004855307,0.001250829,0.003604478
384,768,44,0.0049449,0.001184842,0.003760058
384,768,45,0.004836568,0.001108999,0.003727569
384,768,46,0.004602476,0.000937471,0.003665005
384,768,47,0.005453348,0.001613641,0.003839707
384,768,48,0.004541721,0.000650635,0.003891086
384,768,49,0.004780957,0.000971457,0.0038095
384,768,50,0.004516624,0.000609106,0.003907518
384,768,51,0.004579539,0.000738526,0.003841013
384,768,52,0.004802637,0.000999625,0.003803012
384,768,53,0.004783446,0.001020368,0.003763078
384,768,54,0.004371763,0.000659178,0.003712585
384,768,55,0.004838421,0.001186653,0.003651768
384,768,56,0.004751077,0.001080855,0.003670222
384,768,57,0.004658703,0.001076304,0.003582399
384,768,58,0.004849038,0.001274461,0.003574577
384,768,59,0.004887951,0.001338085,0.003549866
384,768,60,0.004841442,0.001160014,0.003681428
384,768,61,0.004656211,0.000967809,0.003688402
384,768,62,0.004830726,0.001019602,0.003811124
384,768,63,0.004438284,0.000782613,0.003655671
384,768,64,0.004640054,0.00091316,0.003726894
384,768,65,0.004598061,0.001097271,0.00350079
384,768,66,0.004379667,0.000963226,0.003416441
384,768,67,0.004638409,0.001184039,0.00345437
384,768,68,0.004474979,0.000979714,0.003495265
384,768,69,0.004556117,0.000972076,0.003584041
384,768,70,0.004313659,0.0007281,0.003585559
384,768,71,0.004474254,0.000926762,0.003547492
384,768,72,0.004638122,0.001238592,0.00339953
384,768,73,0.005040347,0.001707892,0.003332455
384,768,74,0.005594855,0.002199517,0.003395338
384,768,75,0.005119419,0.001549932,0.003569487
384,768,76,0.008016974,0.004518908,0.003498066
384,768,77,0.004969779,0.001186462,0.003783317
384,768,78,0.004644819,0.00084751,0.003797309
384,768,79,0.004465206,0.000715088,0.003750118
384,768,80,0.007114253,0.003311996,0.003802257
384,768,81,0.006091453,0.002172295,0.003919158
384,768,82,0.004411449,0.000625103,0.003786346
384,768,83,0.004319517,0.000521646,0.003797871
384,768,84,0.004640413,0.000789386,0.003851027
384,768,85,0.004412486,0.000494964,0.003917522
384,768,86,0.004462197,0.00052996,0.003932237
384,768,87,0.004385371,0.000478895,0.003906476
384,768,88,0.004211683,0.000454454,0.003757229
384,768,89,0.004152399,0.00045945,0.003692949
384,768,90,0.004276367,0.000537507,0.00373886
384,768,91,0.004272047,0.000499902,0.003772145
384,768,92,0.006259286,0.002441371,0.003817915
384,768,93,0.00448874,0.000753608,0.003735132
384,768,94,0.004154119,0.000464954,0.003689165
384,768,95,0.006501574,0.002870225,0.003631349
384,768,96,0.008884994,0.005046144,0.00383885
384,768,97,0.004705153,0.000892551,0.003812602
384,768,98,0.004268948,0.000504831,0.003764117
384,768,99,0.004132813,0.000479134,0.003653679
384,768,100,0.00439083,0.000747241,0.003643589
384,768,101,0.004738786,0.001098577,0.003640209
384,768,102,0.007058579,0.003455964,0.003602615
384,768,103,0.008138736,0.004290166,0.00384857
384,768,104,0.008396888,0.004557104,0.003839784
384,768,105,0.005560167,0.001809305,0.003750862
384,768,106,0.004539011,0.000792021,0.00374699
384,768,107,0.008306214,0.004434006,0.003872208
384,768,108,0.005353806,0.001441758,0.003912048
384,768,109,0.004359414,0.000491478,0.003867936
384,768,110,0.003940144,0.000492257,0.003447887
385,768,1,0.749864051,0.626935211,0.12292884
385,768,2,0.132495119,0.129473224,0.003021895
385,768,3,0.003660221,0.000543049,0.003117172
385,768,4,0.044973818,0.041958828,0.00301499
385,768,5,0.054164859,0.05115204,0.003012819
385,768,6,0.003931204,0.000913114,0.00301809
385,768,7,0.011877382,0.00886006,0.003017322
385,768,8,0.057057746,0.054034328,0.003023418
385,768,9,0.004149987,0.00112772,0.003022267
385,768,10,0.003982495,0.000868312,0.003114183
385,768,11,0.004142136,0.000961548,0.003180588
385,768,12,0.004229852,0.000959215,0.003270637
385,768,13,0.00411469,0.000709203,0.003405487
385,768,14,0.004013971,0.000566855,0.003447116
385,768,15,0.004053256,0.000579032,0.003474224
385,768,16,0.004090828,0.00068213,0.003408698
385,768,17,0.004088693,0.000696773,0.00339192
385,768,18,0.003961108,0.000594197,0.003366911
385,768,19,0.01624736,0.013131742,0.003115618
385,768,20,0.005387668,0.002145296,0.003242372
385,768,21,0.004736409,0.001510019,0.00322639
385,768,22,0.00465906,0.001304464,0.003354596
385,768,23,0.004445571,0.001131805,0.003313766
385,768,24,0.004591041,0.001219966,0.003371075
385,768,25,0.004146613,0.000685509,0.003461104
385,768,26,0.004438134,0.001010533,0.003427601
385,768,27,0.004642946,0.001239065,0.003403881
385,768,28,0.004179548,0.000832509,0.003347039
385,768,29,0.004640854,0.001394078,0.003246776
385,768,30,0.004448161,0.001108558,0.003339603
385,768,31,0.004682152,0.001356257,0.003325895
385,768,32,0.004598188,0.00123149,0.003366698
385,768,33,0.004398048,0.001064179,0.003333869
385,768,34,0.010329814,0.007012099,0.003317715
385,768,35,0.0057419,0.002220216,0.003521684
385,768,36,0.005795848,0.002315073,0.003480775
385,768,37,0.00619632,0.002745004,0.003451316
385,768,38,0.005671621,0.002186449,0.003485172
385,768,39,0.005652944,0.002128162,0.003524782
385,768,40,0.005717466,0.002196503,0.003520963
385,768,41,0.005264047,0.001662239,0.003601808
385,768,42,0.004874509,0.001233285,0.003641224
385,768,43,0.004861186,0.001088628,0.003772558
385,768,44,0.004840309,0.001032739,0.00380757
385,768,45,0.004605172,0.000800557,0.003804615
385,768,46,0.005312452,0.001526884,0.003785568
385,768,47,0.004475984,0.000656316,0.003819668
385,768,48,0.004835885,0.001019132,0.003816753
385,768,49,0.004475817,0.000762361,0.003713456
385,768,50,0.004641691,0.000831439,0.003810252
385,768,51,0.004748804,0.000947272,0.003801532
385,768,52,0.004844153,0.001032586,0.003811567
385,768,53,0.004469205,0.000743418,0.003725787
385,768,54,0.004761604,0.001073637,0.003687967
385,768,55,0.004700066,0.001013,0.003687066
385,768,56,0.004790664,0.001154803,0.003635861
385,768,57,0.004655569,0.001148877,0.003506692
385,768,58,0.004769564,0.001282915,0.003486649
385,768,59,0.00476746,0.001259119,0.003508341
385,768,60,0.004902355,0.001206344,0.003696011
385,768,61,0.004837423,0.001132562,0.003704861
385,768,62,0.004501495,0.000826514,0.003674981
385,768,63,0.004640829,0.000970064,0.003670765
385,768,64,0.00454473,0.000944408,0.003600322
385,768,65,0.00449134,0.001016113,0.003475227
385,768,66,0.004590484,0.001181548,0.003408936
385,768,67,0.004573628,0.001144993,0.003428635
385,768,68,0.004683231,0.001112924,0.003570307
385,768,69,0.004268925,0.000702373,0.003566552
385,768,70,0.004346553,0.000773591,0.003572962
385,768,71,0.004637689,0.001047853,0.003589836
385,768,72,0.00482195,0.001311435,0.003510515
385,768,73,0.005728362,0.002299179,0.003429183
385,768,74,0.005175619,0.001642213,0.003533406
385,768,75,0.007989399,0.004539266,0.003450133
385,768,76,0.004809424,0.001385653,0.003423771
385,768,77,0.004576285,0.00100406,0.003572225
385,768,78,0.00464026,0.000928216,0.003712044
385,768,79,0.004497835,0.000782652,0.003715183
385,768,80,0.004608073,0.000828423,0.00377965
385,768,81,0.006180766,0.002246295,0.003934471
385,768,82,0.006013956,0.002193834,0.003820122
385,768,83,0.004496944,0.000699742,0.003797202
385,768,84,0.004535058,0.000707833,0.003827225
385,768,85,0.00452221,0.000616228,0.003905982
385,768,86,0.004495965,0.000540836,0.003955129
385,768,87,0.004393739,0.000517469,0.00387627
385,768,88,0.004229291,0.00048728,0.003742011
385,768,89,0.004302776,0.000589408,0.003713368
385,768,90,0.00419826,0.000479487,0.003718773
385,768,91,0.006625227,0.00280784,0.003817387
385,768,92,0.004630074,0.000872233,0.003757841
385,768,93,0.004226783,0.000516055,0.003710728
385,768,94,0.006543442,0.0029143,0.003629142
385,768,95,0.00856074,0.004931529,0.003629211
385,768,96,0.00471184,0.000911932,0.003799908
385,768,97,0.004382498,0.000607393,0.003775105
385,768,98,0.004215681,0.000519268,0.003696413
385,768,99,0.004443483,0.000773642,0.003669841
385,768,100,0.004729004,0.001064409,0.003664595
385,768,101,0.007045748,0.003463625,0.003582123
385,768,102,0.007924874,0.004228677,0.003696197
385,768,103,0.008370266,0.004593004,0.003777262
385,768,104,0.005535731,0.001736289,0.003799442
385,768,105,0.004495447,0.000728544,0.003766903
385,768,106,0.008227803,0.002093269,0.006134534
385,768,107,0.005496038,0.00108453,0.004411508
385,768,108,0.004304147,0.000445217,0.00385893
385,768,109,0.004350004,0.000479153,0.003870851
385,768,110,0.00393006,0.00048725,0.00344281
386,768,1,0.753564975,0.630422788,0.123142187
386,768,2,0.112423835,0.109399289,0.003024546
386,768,3,0.063092508,0.060062051,0.003030457
386,768,4,0.064156934,0.061130588,0.003026346
386,768,5,0.003903756,0.000757849,0.003145907
386,768,6,0.003458775,0.000351614,0.003107161
386,768,7,0.065502018,0.062455196,0.003046822
386,768,8,0.003897467,0.000737101,0.003160366
386,768,9,0.003796001,0.000696357,0.003099644
386,768,10,0.00389895,0.000793715,0.003105235
386,768,11,0.003965911,0.000786037,0.003179874
386,768,12,0.004150483,0.000880357,0.003270126
386,768,13,0.003947289,0.00053797,0.003409319
386,768,14,0.00401257,0.000541675,0.003470895
386,768,15,0.00412382,0.000607989,0.003515831
386,768,16,0.003950929,0.000561556,0.003389373
386,768,17,0.00402809,0.000653557,0.003374533
386,768,18,0.016308011,0.013210246,0.003097765
386,768,19,0.005320662,0.002180734,0.003139928
386,768,20,0.00490705,0.001706127,0.003200923
386,768,21,0.004746929,0.001402961,0.003343968
386,768,22,0.004572155,0.001238111,0.003334044
386,768,23,0.004707469,0.001314611,0.003392858
386,768,24,0.004246338,0.000885992,0.003360346
386,768,25,0.004452945,0.001010128,0.003442817
386,768,26,0.00469757,0.001324151,0.003373419
386,768,27,0.00410208,0.000720648,0.003381432
386,768,28,0.004527712,0.001137591,0.003390121
386,768,29,0.004371309,0.001020881,0.003350428
386,768,30,0.004458544,0.001081939,0.003376605
386,768,31,0.004641027,0.001263501,0.003377526
386,768,32,0.004534056,0.001203672,0.003330384
386,768,33,0.010524686,0.007270816,0.00325387
386,768,34,0.005690561,0.002344717,0.003345844
386,768,35,0.005869659,0.002483062,0.003386597
386,768,36,0.006229125,0.002742935,0.00348619
386,768,37,0.005560292,0.002178849,0.003381443
386,768,38,0.005653671,0.002200041,0.00345363
386,768,39,0.005715121,0.002237645,0.003477476
386,768,40,0.005171572,0.001618286,0.003553286
386,768,41,0.004870482,0.001195781,0.003674701
386,768,42,0.004727816,0.001055655,0.003672161
386,768,43,0.004817414,0.001102094,0.00371532
386,768,44,0.004677633,0.000968411,0.003709222
386,768,45,0.005120216,0.001460752,0.003659464
386,768,46,0.004468202,0.000778536,0.003689666
386,768,47,0.004969098,0.001199092,0.003770006
386,768,48,0.004407144,0.000675406,0.003731738
386,768,49,0.004702654,0.000926401,0.003776253
386,768,50,0.004739708,0.000974594,0.003765114
386,768,51,0.004603962,0.000883579,0.003720383
386,768,52,0.00460505,0.000867578,0.003737472
386,768,53,0.004954041,0.001177627,0.003776414
386,768,54,0.004594858,0.000795764,0.003799094
386,768,55,0.004679633,0.001025193,0.00365444
386,768,56,0.004686831,0.001050351,0.00363648
386,768,57,0.004856731,0.001272036,0.003584695
386,768,58,0.004942425,0.001338566,0.003603859
386,768,59,0.00477576,0.001086306,0.003689454
386,768,60,0.004591369,0.000911784,0.003679585
386,768,61,0.004842917,0.001082117,0.0037608
386,768,62,0.004589728,0.000792165,0.003797563
386,768,63,0.004583908,0.000843029,0.003740879
386,768,64,0.004331197,0.000726465,0.003604732
386,768,65,0.004752753,0.001254945,0.003497808
386,768,66,0.004497997,0.00101772,0.003480277
386,768,67,0.00470122,0.001242098,0.003459122
386,768,68,0.00418273,0.000771932,0.003410798
386,768,69,0.004560643,0.000979597,0.003581046
386,768,70,0.004613846,0.001038313,0.003575533
386,768,71,0.004549336,0.000910898,0.003638438
386,768,72,0.005737197,0.002349891,0.003387306
386,768,73,0.005317543,0.001847699,0.003469844
386,768,74,0.008283513,0.004749013,0.0035345
386,768,75,0.004540564,0.000912274,0.00362829
386,768,76,0.004612489,0.000972025,0.003640464
386,768,77,0.004539734,0.000648197,0.003891537
386,768,78,0.004443621,0.00063252,0.003811101
386,768,79,0.004500949,0.000722651,0.003778298
386,768,80,0.004611943,0.00081573,0.003796213
386,768,81,0.004308542,0.000516368,0.003792174
386,768,82,0.005456819,0.001632585,0.003824234
386,768,83,0.006049277,0.002248016,0.003801261
386,768,84,0.004577615,0.000724501,0.003853114
386,768,85,0.004521378,0.000609203,0.003912175
386,768,86,0.004586361,0.000624678,0.003961683
386,768,87,0.00448433,0.000617229,0.003867101
386,768,88,0.004469793,0.000705923,0.00376387
386,768,89,0.004526549,0.000817928,0.003708621
386,768,90,0.006633346,0.002864169,0.003769177
386,768,91,0.00460943,0.00079821,0.00381122
386,768,92,0.004368765,0.000654512,0.003714253
386,768,93,0.006587189,0.002906214,0.003680975
386,768,94,0.008494855,0.004812414,0.003682441
386,768,95,0.00450486,0.000785524,0.003719336
386,768,96,0.004404548,0.000642602,0.003761946
386,768,97,0.004265937,0.000513227,0.00375271
386,768,98,0.004622745,0.000944241,0.003678504
386,768,99,0.004632333,0.000980744,0.003651589
386,768,100,0.007191182,0.003580733,0.003610449
386,768,101,0.007785735,0.00416117,0.003624565
386,768,102,0.008378524,0.004545352,0.003833172
386,768,103,0.005315722,0.001565872,0.00374985
386,768,104,0.004404397,0.000590669,0.003813728
386,768,105,0.006200689,0.002386037,0.003814652
386,768,106,0.004779624,0.001020553,0.003759071
386,768,107,0.005675879,0.001852822,0.003823057
386,768,108,0.005373383,0.001477301,0.003896082
386,768,109,0.004298672,0.000497407,0.003801265
386,768,110,0.004002544,0.000554431,0.003448113
387,768,1,0.755389243,0.63178028,0.123608963
387,768,2,0.170288769,0.167267803,0.003020966
387,768,3,0.003848924,0.000736328,0.003112596
387,768,4,0.0092358,0.006219228,0.003016572
387,768,5,0.057679965,0.054654758,0.003025207
387,768,6,0.003983254,0.000859589,0.003123665
387,768,7,0.004945919,0.001924721,0.003021198
387,768,8,0.06394531,0.060912035,0.003033275
387,768,9,0.004314767,0.001206417,0.00310835
387,768,10,0.003822739,0.000713485,0.003109254
387,768,11,0.004188028,0.000989241,0.003198787
387,768,12,0.004084086,0.000809599,0.003274487
387,768,13,0.004114448,0.000736102,0.003378346
387,768,14,0.003924368,0.000472364,0.003452004
387,768,15,0.004176801,0.000706115,0.003470686
387,768,16,0.004024894,0.000624449,0.003400445
387,768,17,0.016103266,0.013032136,0.00307113
387,768,18,0.005203055,0.002120048,0.003083007
387,768,19,0.005042088,0.001770094,0.003271994
387,768,20,0.004652963,0.001326173,0.00332679
387,768,21,0.004581778,0.001306471,0.003275307
387,768,22,0.004827653,0.001525106,0.003302547
387,768,23,0.004436714,0.001072749,0.003363965
387,768,24,0.004590866,0.001160031,0.003430835
387,768,25,0.004679566,0.001282081,0.003397485
387,768,26,0.004184689,0.000727176,0.003457513
387,768,27,0.004169848,0.000781935,0.003387913
387,768,28,0.004325735,0.000967141,0.003358594
387,768,29,0.004411462,0.001000371,0.003411091
387,768,30,0.004326781,0.000972044,0.003354737
387,768,31,0.004806221,0.001458704,0.003347517
387,768,32,0.011151801,0.007846455,0.003305346
387,768,33,0.005399566,0.002187162,0.003212404
387,768,34,0.005947979,0.002578346,0.003369633
387,768,35,0.00620882,0.00279601,0.00341281
387,768,36,0.005618855,0.002174287,0.003444568
387,768,37,0.00559414,0.002143774,0.003450366
387,768,38,0.005658735,0.002128414,0.003530321
387,768,39,0.005072541,0.001511244,0.003561297
387,768,40,0.004783989,0.001208188,0.003575801
387,768,41,0.004725234,0.001103373,0.003621861
387,768,42,0.004803248,0.001148882,0.003654366
387,768,43,0.004689064,0.001043865,0.003645199
387,768,44,0.004999964,0.001340844,0.00365912
387,768,45,0.004575972,0.000764332,0.00381164
387,768,46,0.004800321,0.000998408,0.003801913
387,768,47,0.004532801,0.000751861,0.00378094
387,768,48,0.004669265,0.000826988,0.003842277
387,768,49,0.004708254,0.000884627,0.003823627
387,768,50,0.004544124,0.000757275,0.003786849
387,768,51,0.004592134,0.000811072,0.003781062
387,768,52,0.004979028,0.001170417,0.003808611
387,768,53,0.004437611,0.000706406,0.003731205
387,768,54,0.004928616,0.001173568,0.003755048
387,768,55,0.004542629,0.000848412,0.003694217
387,768,56,0.004869434,0.001202121,0.003667313
387,768,57,0.004947331,0.001383788,0.003563543
387,768,58,0.004521759,0.000955341,0.003566418
387,768,59,0.00467712,0.001080952,0.003596168
387,768,60,0.004747056,0.001055932,0.003691124
387,768,61,0.004662097,0.000950363,0.003711734
387,768,62,0.004743549,0.000972898,0.003770651
387,768,63,0.00438709,0.000681004,0.003706086
387,768,64,0.004525723,0.000953213,0.00357251
387,768,65,0.004692129,0.001226502,0.003465627
387,768,66,0.004704636,0.001260942,0.003443694
387,768,67,0.004453452,0.001051831,0.003401621
387,768,68,0.004363906,0.0008257,0.003538206
387,768,69,0.004550514,0.001091764,0.00345875
387,768,70,0.004678964,0.001063252,0.003615712
387,768,71,0.005352975,0.001965506,0.003387469
387,768,72,0.005267826,0.001916637,0.003351189
387,768,73,0.004817121,0.001378719,0.003438402
387,768,74,0.00467118,0.001279497,0.003391683
387,768,75,0.007024315,0.003559271,0.003465044
387,768,76,0.004880082,0.001204092,0.00367599
387,768,77,0.004583075,0.000897798,0.003685277
387,768,78,0.004973145,0.001178198,0.003794947
387,768,79,0.004609064,0.000851567,0.003757497
387,768,80,0.004575321,0.000781358,0.003793963
387,768,81,0.004791912,0.000898023,0.003893889
387,768,82,0.004475749,0.000657062,0.003818687
387,768,83,0.00443597,0.000707472,0.003728498
387,768,84,0.006654094,0.002811136,0.003842958
387,768,85,0.004759141,0.000838873,0.003920268
387,768,86,0.004472091,0.000526567,0.003945524
387,768,87,0.004534987,0.000686929,0.003848058
387,768,88,0.004458424,0.000695444,0.00376298
387,768,89,0.006914012,0.003176792,0.00373722
387,768,90,0.004575048,0.000791858,0.00378319
387,768,91,0.004523698,0.000715051,0.003808647
387,768,92,0.006480819,0.002796561,0.003684258
387,768,93,0.008376578,0.004739379,0.003637199
387,768,94,0.004551467,0.000871185,0.003680282
387,768,95,0.004296587,0.000542534,0.003754053
387,768,96,0.004324785,0.000583433,0.003741352
387,768,97,0.004806532,0.00108215,0.003724382
387,768,98,0.004644374,0.00094853,0.003695844
387,768,99,0.007089586,0.003448552,0.003641034
387,768,100,0.007722237,0.004121673,0.003600564
387,768,101,0.00814499,0.004457357,0.003687633
387,768,102,0.005500059,0.001719594,0.003780465
387,768,103,0.004254172,0.000522522,0.00373165
387,768,104,0.004488198,0.000636834,0.003851364
387,768,105,0.004553307,0.000790304,0.003763003
387,768,106,0.0052774,0.00152125,0.00375615
387,768,107,0.005504641,0.001823641,0.003681
387,768,108,0.004901517,0.001175746,0.003725771
387,768,109,0.006250916,0.002431522,0.003819394
387,768,110,0.004438642,0.001069072,0.00336957
388,768,1,0.76370967,0.639156082,0.124553588
388,768,2,0.101017868,0.097985453,0.003032415
388,768,3,0.065808637,0.062775259,0.003033378
388,768,4,0.01165234,0.008621539,0.003030801
388,768,5,0.003826788,0.000681368,0.00314542
388,768,6,0.053685493,0.050657912,0.003027581
388,768,7,0.029148896,0.026123121,0.003025775
388,768,8,0.004143815,0.000997371,0.003146444
388,768,9,0.039628628,0.036602161,0.003026467
388,768,10,0.004432371,0.001281323,0.003151048
388,768,11,0.004275914,0.001061737,0.003214177
388,768,12,0.004098347,0.000789689,0.003308658
388,768,13,0.004174216,0.000710432,0.003463784
388,768,14,0.004122341,0.000640637,0.003481704
388,768,15,0.004109632,0.000611205,0.003498427
388,768,16,0.016537164,0.013289374,0.00324779
388,768,17,0.004775755,0.001686289,0.003089466
388,768,18,0.004921309,0.001691281,0.003230028
388,768,19,0.004586295,0.001358505,0.00322779
388,768,20,0.00456366,0.001330465,0.003233195
388,768,21,0.005071937,0.001769929,0.003302008
388,768,22,0.004560346,0.001149689,0.003410657
388,768,23,0.004710534,0.00138,0.003330534
388,768,24,0.004788724,0.001413855,0.003374869
388,768,25,0.004151384,0.000751103,0.003400281
388,768,26,0.004122387,0.000724827,0.00339756
388,768,27,0.00417564,0.000787013,0.003388627
388,768,28,0.004412211,0.001075857,0.003336354
388,768,29,0.00441399,0.001039226,0.003374764
388,768,30,0.00473571,0.001384489,0.003351221
388,768,31,0.011539036,0.008225971,0.003313065
388,768,32,0.005434729,0.002106197,0.003328532
388,768,33,0.005658908,0.002242366,0.003416542
388,768,34,0.006396401,0.00296899,0.003427411
388,768,35,0.005590574,0.002154331,0.003436243
388,768,36,0.005614482,0.002080984,0.003533498
388,768,37,0.005533338,0.001901784,0.003631554
388,768,38,0.005057261,0.001425893,0.003631368
388,768,39,0.004767515,0.001133366,0.003634149
388,768,40,0.004763519,0.001157073,0.003606446
388,768,41,0.004658075,0.001003412,0.003654663
388,768,42,0.004770597,0.001098969,0.003671628
388,768,43,0.00499166,0.001283781,0.003707879
388,768,44,0.004381529,0.000689363,0.003692166
388,768,45,0.004815248,0.00111425,0.003700998
388,768,46,0.004496078,0.000805104,0.003690974
388,768,47,0.004705407,0.000927556,0.003777851
388,768,48,0.004734917,0.000926561,0.003808356
388,768,49,0.004564672,0.000802216,0.003762456
388,768,50,0.004584288,0.000819667,0.003764621
388,768,51,0.004936731,0.001100659,0.003836072
388,768,52,0.004542939,0.000738763,0.003804176
388,768,53,0.004665088,0.000929347,0.003735741
388,768,54,0.004769218,0.000945317,0.003823901
388,768,55,0.004744804,0.000925129,0.003819675
388,768,56,0.004901591,0.001137614,0.003763977
388,768,57,0.004441246,0.000822391,0.003618855
388,768,58,0.004805414,0.001179249,0.003626165
388,768,59,0.004885233,0.001203985,0.003681248
388,768,60,0.004482218,0.000790376,0.003691842
388,768,61,0.004715574,0.000871343,0.003844231
388,768,62,0.004674311,0.000863101,0.00381121
388,768,63,0.004545824,0.000771181,0.003774643
388,768,64,0.004402034,0.000716549,0.003685485
388,768,65,0.004997972,0.00133379,0.003664182
388,768,66,0.004307668,0.000849953,0.003457715
388,768,67,0.004637022,0.001051526,0.003585496
388,768,68,0.00446487,0.000929102,0.003535768
388,768,69,0.004441499,0.000819744,0.003621755
388,768,70,0.005326356,0.001739108,0.003587248
388,768,71,0.004875581,0.001514483,0.003361098
388,768,72,0.004852187,0.001539389,0.003312798
388,768,73,0.004947743,0.001430511,0.003517232
388,768,74,0.006188269,0.00285065,0.003337619
388,768,75,0.005150455,0.001587251,0.003563204
388,768,76,0.005322894,0.001636675,0.003686219
388,768,77,0.004540103,0.000761704,0.003778399
388,768,78,0.004878747,0.001105481,0.003773266
388,768,79,0.004594791,0.000932169,0.003662622
388,768,80,0.004674992,0.000912717,0.003762275
388,768,81,0.004740684,0.000873619,0.003867065
388,768,82,0.004490597,0.000722396,0.003768201
388,768,83,0.006457054,0.002603486,0.003853568
388,768,84,0.00475339,0.000878781,0.003874609
388,768,85,0.004569984,0.000627815,0.003942169
388,768,86,0.004499214,0.00056441,0.003934804
388,768,87,0.004542595,0.00068888,0.003853715
388,768,88,0.006987071,0.003285068,0.003702003
388,768,89,0.004631796,0.00088648,0.003745316
388,768,90,0.004437487,0.000587174,0.003850313
388,768,91,0.004444196,0.000496769,0.003947427
388,768,92,0.009931235,0.006263099,0.003668136
388,768,93,0.00500552,0.001366839,0.003638681
388,768,94,0.004345662,0.000648343,0.003697319
388,768,95,0.004254935,0.000455532,0.003799403
388,768,96,0.004932792,0.001102672,0.00383012
388,768,97,0.004711695,0.000927293,0.003784402
388,768,98,0.007078393,0.00342709,0.003651303
388,768,99,0.007746491,0.004105116,0.003641375
388,768,100,0.008007202,0.004375755,0.003631447
388,768,101,0.005444545,0.001668887,0.003775658
388,768,102,0.004286863,0.00044384,0.003843023
388,768,103,0.004269069,0.000536524,0.003732545
388,768,104,0.004634447,0.000814387,0.00382006
388,768,105,0.004538216,0.000759272,0.003778944
388,768,106,0.006593643,0.002878165,0.003715478
388,768,107,0.004614841,0.000862616,0.003752225
388,768,108,0.006360375,0.002451575,0.0039088
388,768,109,0.004780216,0.000932476,0.00384774
388,768,110,0.005552684,0.0021873,0.003365384
389,768,1,0.761704804,0.637257511,0.124447293
389,768,2,0.165441623,0.162402391,0.003039232
389,768,3,0.003905674,0.000755347,0.003150327
389,768,4,0.00921341,0.006186864,0.003026546
389,768,5,0.056033931,0.052996836,0.003037095
389,768,6,0.003984341,0.00084561,0.003138731
389,768,7,0.028893379,0.025865022,0.003028357
389,768,8,0.020005931,0.016981495,0.003024436
389,768,9,0.00402692,0.001000071,0.003026849
389,768,10,0.022806657,0.019761612,0.003045045
389,768,11,0.004673265,0.00156475,0.003108515
389,768,12,0.004307922,0.000990896,0.003317026
389,768,13,0.004125253,0.000651979,0.003473274
389,768,14,0.004139794,0.000652592,0.003487202
389,768,15,0.017517234,0.014229846,0.003287388
389,768,16,0.004606542,0.001389649,0.003216893
389,768,17,0.0044584,0.001183273,0.003275127
389,768,18,0.004375407,0.001223198,0.003152209
389,768,19,0.004827176,0.00145641,0.003370766
389,768,20,0.005012226,0.001754497,0.003257729
389,768,21,0.004571069,0.001228929,0.00334214
389,768,22,0.005035539,0.001686557,0.003348982
389,768,23,0.004750021,0.001370144,0.003379877
389,768,24,0.004189517,0.000758309,0.003431208
389,768,25,0.004080474,0.00072347,0.003357004
389,768,26,0.004162852,0.000764032,0.00339882
389,768,27,0.004385929,0.001015447,0.003370482
389,768,28,0.004430473,0.001081179,0.003349294
389,768,29,0.004394222,0.001009372,0.00338485
389,768,30,0.011976605,0.00869581,0.003280795
389,768,31,0.005560363,0.002261767,0.003298596
389,768,32,0.005656773,0.002387088,0.003269685
389,768,33,0.006405126,0.002987859,0.003417267
389,768,34,0.005520809,0.002103582,0.003417227
389,768,35,0.005561114,0.002070109,0.003491005
389,768,36,0.005501434,0.002013831,0.003487603
389,768,37,0.005011175,0.001433176,0.003577999
389,768,38,0.004811953,0.001181464,0.003630489
389,768,39,0.004827648,0.001192712,0.003634936
389,768,40,0.004556268,0.000850026,0.003706242
389,768,41,0.004783401,0.0010481,0.003735301
389,768,42,0.004967021,0.001199645,0.003767376
389,768,43,0.004370026,0.000675433,0.003694593
389,768,44,0.004765743,0.000952494,0.003813249
389,768,45,0.004419886,0.000714785,0.003705101
389,768,46,0.004712778,0.000956659,0.003756119
389,768,47,0.004657599,0.000856995,0.003800604
389,768,48,0.004606238,0.000847968,0.00375827
389,768,49,0.004573708,0.000812614,0.003761094
389,768,50,0.00481498,0.000992513,0.003822467
389,768,51,0.004525204,0.000816516,0.003708688
389,768,52,0.004796048,0.001023659,0.003772389
389,768,53,0.004574446,0.000864866,0.00370958
389,768,54,0.004728467,0.000953526,0.003774941
389,768,55,0.004509157,0.000851494,0.003657663
389,768,56,0.004916712,0.001146137,0.003770575
389,768,57,0.004674317,0.001028737,0.00364558
389,768,58,0.004651534,0.0009329,0.003718634
389,768,59,0.004705429,0.001002986,0.003702443
389,768,60,0.004894207,0.001263638,0.003630569
389,768,61,0.004532479,0.000876873,0.003655606
389,768,62,0.004650891,0.000879832,0.003771059
389,768,63,0.004566734,0.000864382,0.003702352
389,768,64,0.004483588,0.000901183,0.003582405
389,768,65,0.004737103,0.001219632,0.003517471
389,768,66,0.004633677,0.001121555,0.003512122
389,768,67,0.004778549,0.001265116,0.003513433
389,768,68,0.004118381,0.000605708,0.003512673
389,768,69,0.005394295,0.001894263,0.003500032
389,768,70,0.004938118,0.001337546,0.003600572
389,768,71,0.004626934,0.001192646,0.003434288
389,768,72,0.004863775,0.001518393,0.003345382
389,768,73,0.006430656,0.003033386,0.00339727
389,768,74,0.004991727,0.001409467,0.00358226
389,768,75,0.004919459,0.001342134,0.003577325
389,768,76,0.005079014,0.001293314,0.0037857
389,768,77,0.004609239,0.000864594,0.003744645
389,768,78,0.005030284,0.001154383,0.003875901
389,768,79,0.004507571,0.000698927,0.003808644
389,768,80,0.004652344,0.000811972,0.003840372
389,768,81,0.004631314,0.000724282,0.003907032
389,768,82,0.006350248,0.002535821,0.003814427
389,768,83,0.004574662,0.000798364,0.003776298
389,768,84,0.004742114,0.000779775,0.003962339
389,768,85,0.004479175,0.000553496,0.003925679
389,768,86,0.004632204,0.00066942,0.003962784
389,768,87,0.007108513,0.003338752,0.003769761
389,768,88,0.004600224,0.000856282,0.003743942
389,768,89,0.004304067,0.000599448,0.003704619
389,768,90,0.004379985,0.00058867,0.003791315
389,768,91,0.007911938,0.004201726,0.003710212
389,768,92,0.004751722,0.001080494,0.003671228
389,768,93,0.005126063,0.001493561,0.003632502
389,768,94,0.005244156,0.001537583,0.003706573
389,768,95,0.005553028,0.001810031,0.003742997
389,768,96,0.004753709,0.00092465,0.003829059
389,768,97,0.007225593,0.003484358,0.003741235
389,768,98,0.007609737,0.003951093,0.003658644
389,768,99,0.008030626,0.004456722,0.003573904
389,768,100,0.005168102,0.001537221,0.003630881
389,768,101,0.004380381,0.000644787,0.003735594
389,768,102,0.004415524,0.000613204,0.00380232
389,768,103,0.004388894,0.000691276,0.003697618
389,768,104,0.004674508,0.000886708,0.0037878
389,768,105,0.004619211,0.000811085,0.003808126
389,768,106,0.004666897,0.000926626,0.003740271
389,768,107,0.005202514,0.0014974,0.003705114
389,768,108,0.004675581,0.000938757,0.003736824
389,768,109,0.009315436,0.005753566,0.00356187
389,768,110,0.004210434,0.00082238,0.003388054
390,768,1,0.75913227,0.635260983,0.123871287
390,768,2,0.094367296,0.09132552,0.003041776
390,768,3,0.077128801,0.074102813,0.003025988
390,768,4,0.062499504,0.059470106,0.003029398
390,768,5,0.003887942,0.000737018,0.003150924
390,768,6,0.003529592,0.000425731,0.003103861
390,768,7,0.045562357,0.04252957,0.003032787
390,768,8,0.004047257,0.001018367,0.00302889
390,768,9,0.003730896,0.000573258,0.003157638
390,768,10,0.003533452,0.000439695,0.003093757
390,768,11,0.022272592,0.019228511,0.003044081
390,768,12,0.004773767,0.001488499,0.003285268
390,768,13,0.004256942,0.000912663,0.003344279
390,768,14,0.018506637,0.015235412,0.003271225
390,768,15,0.00480849,0.001550993,0.003257497
390,768,16,0.004271446,0.001044277,0.003227169
390,768,17,0.003952124,0.000737649,0.003214475
390,768,18,0.004454779,0.001248769,0.00320601
390,768,19,0.005295447,0.002034844,0.003260603
390,768,20,0.004599039,0.001317197,0.003281842
390,768,21,0.005099156,0.001762032,0.003337124
390,768,22,0.004825838,0.001468367,0.003357471
390,768,23,0.004267535,0.000881657,0.003385878
390,768,24,0.004397125,0.00093219,0.003464935
390,768,25,0.00403735,0.00061034,0.00342701
390,768,26,0.00405395,0.000665776,0.003388174
390,768,27,0.004483299,0.001135967,0.003347332
390,768,28,0.004503313,0.001143097,0.003360216
390,768,29,0.012066848,0.008794256,0.003272592
390,768,30,0.005632226,0.002332463,0.003299763
390,768,31,0.005834949,0.002493134,0.003341815
390,768,32,0.006109015,0.002799367,0.003309648
390,768,33,0.00574545,0.002180637,0.003564813
390,768,34,0.005511466,0.002049121,0.003462345
390,768,35,0.005481671,0.00201993,0.003461741
390,768,36,0.004819448,0.001391414,0.003428034
390,768,37,0.004834046,0.001272426,0.00356162
390,768,38,0.00482043,0.001170623,0.003649807
390,768,39,0.004438498,0.000865288,0.00357321
390,768,40,0.004742856,0.001050447,0.003692409
390,768,41,0.004938825,0.001275654,0.003663171
390,768,42,0.004437401,0.00076243,0.003674971
390,768,43,0.004761749,0.001021155,0.003740594
390,768,44,0.00447422,0.000774679,0.003699541
390,768,45,0.004650598,0.000944927,0.003705671
390,768,46,0.004604668,0.000842551,0.003762117
390,768,47,0.00461296,0.000841261,0.003771699
390,768,48,0.00464311,0.000849478,0.003793632
390,768,49,0.004533901,0.000743404,0.003790497
390,768,50,0.004606092,0.000811819,0.003794273
390,768,51,0.00467683,0.000862171,0.003814659
390,768,52,0.00446146,0.000714667,0.003746793
390,768,53,0.004762951,0.001015034,0.003747917
390,768,54,0.004735469,0.000898763,0.003836706
390,768,55,0.004775951,0.000984843,0.003791108
390,768,56,0.004614548,0.000918159,0.003696389
390,768,57,0.00464502,0.000986187,0.003658833
390,768,58,0.004860055,0.001182362,0.003677693
390,768,59,0.00517304,0.001479754,0.003693286
390,768,60,0.004516629,0.000847561,0.003669068
390,768,61,0.004522673,0.00076641,0.003756263
390,768,62,0.00469617,0.00093341,0.00376276
390,768,63,0.004427032,0.000768866,0.003658166
390,768,64,0.004404226,0.00084379,0.003560436
390,768,65,0.00488287,0.001343688,0.003539182
390,768,66,0.004695202,0.001244594,0.003450608
390,768,67,0.004451738,0.000960481,0.003491257
390,768,68,0.005235449,0.001762356,0.003473093
390,768,69,0.004868189,0.001413593,0.003454596
390,768,70,0.004899916,0.00127513,0.003624786
390,768,71,0.00448262,0.001047772,0.003434848
390,768,72,0.006584833,0.003109608,0.003475225
390,768,73,0.00491541,0.001378846,0.003536564
390,768,74,0.004781606,0.001200997,0.003580609
390,768,75,0.004751658,0.001123024,0.003628634
390,768,76,0.005073705,0.001437023,0.003636682
390,768,77,0.004702783,0.000894379,0.003808404
390,768,78,0.004792393,0.000987689,0.003804704
390,768,79,0.004672685,0.000908717,0.003763968
390,768,80,0.004645765,0.000838525,0.00380724
390,768,81,0.006532635,0.002706515,0.00382612
390,768,82,0.004559514,0.000807459,0.003752055
390,768,83,0.004418457,0.000632475,0.003785982
390,768,84,0.004620741,0.000668487,0.003952254
390,768,85,0.004680429,0.000678573,0.004001856
390,768,86,0.007274345,0.003423661,0.003850684
390,768,87,0.0046554,0.000901195,0.003754205
390,768,88,0.00428851,0.000565935,0.003722575
390,768,89,0.004310181,0.000548209,0.003761972
390,768,90,0.008035157,0.004209771,0.003825386
390,768,91,0.004763047,0.001033495,0.003729552
390,768,92,0.004261207,0.000551578,0.003709629
390,768,93,0.004177941,0.000508018,0.003669923
390,768,94,0.007423355,0.003745458,0.003677897
390,768,95,0.004651997,0.000874019,0.003777978
390,768,96,0.007241959,0.003503908,0.003738051
390,768,97,0.007652057,0.003977323,0.003674734
390,768,98,0.005423616,0.00176511,0.003658506
390,768,99,0.004178765,0.000536064,0.003642701
390,768,100,0.00632785,0.002692832,0.003635018
390,768,101,0.005247229,0.001553659,0.00369357
390,768,102,0.004434985,0.00062142,0.003813565
390,768,103,0.004332884,0.000598687,0.003734197
390,768,104,0.004642877,0.000821636,0.003821241
390,768,105,0.004499928,0.000678744,0.003821184
390,768,106,0.00469506,0.000963106,0.003731954
390,768,107,0.004447026,0.000835017,0.003612009
390,768,108,0.005219877,0.0014791,0.003740777
390,768,109,0.00473233,0.000893072,0.003839258
390,768,110,0.008780821,0.005407093,0.003373728
391,768,1,0.760287267,0.635576601,0.124710666
391,768,2,0.106543375,0.103509333,0.003034042
391,768,3,0.010740877,0.007716318,0.003024559
391,768,4,0.066137029,0.063104603,0.003032426
391,768,5,0.052630574,0.049604994,0.00302558
391,768,6,0.046589699,0.043562802,0.003026897
391,768,7,0.004049496,0.000895445,0.003154051
391,768,8,0.003597292,0.000486364,0.003110928
391,768,9,0.003579265,0.00045911,0.003120155
391,768,10,0.003443998,0.000355938,0.00308806
391,768,11,0.003576639,0.000465915,0.003110724
391,768,12,0.022406465,0.019281215,0.00312525
391,768,13,0.020228751,0.016840307,0.003388444
391,768,14,0.004823675,0.00147407,0.003349605
391,768,15,0.004355622,0.001036362,0.00331926
391,768,16,0.003912463,0.000679251,0.003233212
391,768,17,0.003828007,0.000648158,0.003179849
391,768,18,0.005026561,0.001830047,0.003196514
391,768,19,0.00479597,0.001553989,0.003241981
391,768,20,0.005144615,0.001851816,0.003292799
391,768,21,0.004752413,0.001460683,0.00329173
391,768,22,0.00449527,0.001096448,0.003398822
391,768,23,0.00434737,0.000921447,0.003425923
391,768,24,0.004181023,0.000715224,0.003465799
391,768,25,0.004084337,0.000660686,0.003423651
391,768,26,0.004213445,0.000810509,0.003402936
391,768,27,0.004438829,0.001030707,0.003408122
391,768,28,0.012443437,0.009147574,0.003295863
391,768,29,0.005579161,0.002259022,0.003320139
391,768,30,0.005888917,0.002598261,0.003290656
391,768,31,0.00617042,0.002876309,0.003294111
391,768,32,0.005478127,0.00210028,0.003377847
391,768,33,0.005719233,0.002384277,0.003334956
391,768,34,0.005510366,0.002020456,0.00348991
391,768,35,0.004806601,0.0013666,0.003440001
391,768,36,0.00467456,0.001154605,0.003519955
391,768,37,0.004797074,0.00116384,0.003633234
391,768,38,0.004496127,0.000900032,0.003596095
391,768,39,0.004590691,0.000937483,0.003653208
391,768,40,0.005006212,0.001176228,0.003829984
391,768,41,0.004480496,0.000667618,0.003812878
391,768,42,0.004664156,0.000811601,0.003852555
391,768,43,0.004504894,0.000718605,0.003786289
391,768,44,0.00459933,0.000752124,0.003847206
391,768,45,0.004556394,0.000656852,0.003899542
391,768,46,0.004597215,0.000756151,0.003841064
391,768,47,0.004622262,0.000702818,0.003919444
391,768,48,0.004470007,0.000663587,0.00380642
391,768,49,0.00467338,0.000791333,0.003882047
391,768,50,0.004611538,0.000764239,0.003847299
391,768,51,0.004565017,0.000710809,0.003854208
391,768,52,0.004646767,0.000797512,0.003849255
391,768,53,0.004648905,0.000779161,0.003869744
391,768,54,0.004610681,0.000787388,0.003823293
391,768,55,0.004690293,0.000938863,0.00375143
391,768,56,0.004743438,0.001037802,0.003705636
391,768,57,0.004735387,0.001163103,0.003572284
391,768,58,0.005186381,0.001627519,0.003558862
391,768,59,0.004787666,0.001123132,0.003664534
391,768,60,0.004461926,0.000793573,0.003668353
391,768,61,0.004706939,0.000916834,0.003790105
391,768,62,0.004502749,0.000811656,0.003691093
391,768,63,0.004521332,0.000793238,0.003728094
391,768,64,0.004467253,0.000959832,0.003507421
391,768,65,0.004733883,0.001253551,0.003480332
391,768,66,0.004557873,0.001099618,0.003458255
391,768,67,0.005382238,0.002000171,0.003382067
391,768,68,0.005194874,0.00169718,0.003497694
391,768,69,0.004756437,0.00115198,0.003604457
391,768,70,0.004579105,0.000941083,0.003638022
391,768,71,0.005842268,0.002512065,0.003330203
391,768,72,0.005184845,0.001713843,0.003471002
391,768,73,0.004731097,0.001264612,0.003466485
391,768,74,0.004646524,0.001099954,0.00354657
391,768,75,0.004804942,0.001279036,0.003525906
391,768,76,0.005141064,0.001472917,0.003668147
391,768,77,0.004788369,0.000967717,0.003820652
391,768,78,0.004774328,0.000985487,0.003788841
391,768,79,0.004548932,0.000806709,0.003742223
391,768,80,0.006664584,0.002848841,0.003815743
391,768,81,0.004692432,0.000895927,0.003796505
391,768,82,0.00436543,0.000591157,0.003774273
391,768,83,0.004395396,0.000579675,0.003815721
391,768,84,0.004684387,0.000799261,0.003885126
391,768,85,0.007468945,0.003557237,0.003911708
391,768,86,0.004684112,0.000839235,0.003844877
391,768,87,0.004325178,0.000609451,0.003715727
391,768,88,0.004281618,0.000576808,0.00370481
391,768,89,0.007989952,0.00423028,0.003759672
391,768,90,0.004815344,0.001002957,0.003812387
391,768,91,0.004321886,0.000618153,0.003703733
391,768,92,0.004212333,0.000568765,0.003643568
391,768,93,0.00740748,0.00374076,0.00366672
391,768,94,0.004576684,0.000951935,0.003624749
391,768,95,0.007191628,0.003404958,0.00378667
391,768,96,0.005126941,0.001371843,0.003755098
391,768,97,0.004309669,0.00057115,0.003738519
391,768,98,0.006242858,0.002569434,0.003673424
391,768,99,0.005359316,0.001726297,0.003633019
391,768,100,0.004136629,0.000587234,0.003549395
391,768,101,0.008082748,0.004337103,0.003745645
391,768,102,0.004256869,0.000453636,0.003803233
391,768,103,0.00427047,0.000576407,0.003694063
391,768,104,0.004510909,0.000717094,0.003793815
391,768,105,0.004505473,0.000762963,0.00374251
391,768,106,0.004690638,0.00091848,0.003772158
391,768,107,0.004378749,0.000767106,0.003611643
391,768,108,0.00450244,0.000768094,0.003734346
391,768,109,0.006198527,0.002389506,0.003809021
391,768,110,0.00494309,0.001471402,0.003471688
392,768,1,0.756841357,0.633060849,0.123780508
392,768,2,0.093217982,0.090175303,0.003042679
392,768,3,0.030852239,0.027814674,0.003037565
392,768,4,0.065707778,0.062669603,0.003038175
392,768,5,0.068780176,0.065734058,0.003046118
392,768,6,0.003928497,0.000797034,0.003131463
392,768,7,0.003687632,0.000543465,0.003144167
392,768,8,0.003566003,0.000394158,0.003171845
392,768,9,0.003498105,0.000382467,0.003115638
392,768,10,0.003523725,0.000364808,0.003158917
392,768,11,0.003545378,0.000436571,0.003108807
392,768,12,0.038768236,0.035386812,0.003381424
392,768,13,0.004859112,0.001454443,0.003404669
392,768,14,0.004362092,0.000995165,0.003366927
392,768,15,0.004042198,0.00075243,0.003289768
392,768,16,0.00388551,0.000714489,0.003171021
392,768,17,0.004287464,0.001106072,0.003181392
392,768,18,0.0046244,0.001473294,0.003151106
392,768,19,0.005171828,0.00191392,0.003257908
392,768,20,0.004821564,0.001529381,0.003292183
392,768,21,0.004429292,0.001069644,0.003359648
392,768,22,0.004613406,0.001245418,0.003367988
392,768,23,0.004292364,0.000882821,0.003409543
392,768,24,0.004270439,0.000817711,0.003452728
392,768,25,0.004137843,0.000637028,0.003500815
392,768,26,0.003967462,0.000519855,0.003447607
392,768,27,0.012878275,0.009599872,0.003278403
392,768,28,0.005457784,0.002239229,0.003218555
392,768,29,0.005961019,0.002698282,0.003262737
392,768,30,0.006318823,0.002995483,0.00332334
392,768,31,0.005339366,0.002106895,0.003232471
392,768,32,0.005913133,0.002477668,0.003435465
392,768,33,0.005383772,0.00193515,0.003448622
392,768,34,0.004817672,0.001245192,0.00357248
392,768,35,0.004566243,0.001027775,0.003538468
392,768,36,0.00475113,0.001059037,0.003692093
392,768,37,0.004493337,0.000841602,0.003651735
392,768,38,0.004606747,0.000893794,0.003712953
392,768,39,0.004755466,0.000979632,0.003775834
392,768,40,0.00453548,0.000747168,0.003788312
392,768,41,0.00463527,0.000847068,0.003788202
392,768,42,0.004555016,0.000733677,0.003821339
392,768,43,0.00455325,0.000680766,0.003872484
392,768,44,0.004524099,0.000655813,0.003868286
392,768,45,0.004629403,0.000704049,0.003925354
392,768,46,0.004549434,0.00059511,0.003954324
392,768,47,0.004528445,0.000638451,0.003889994
392,768,48,0.004519912,0.000703078,0.003816834
392,768,49,0.004604368,0.000742449,0.003861919
392,768,50,0.00466995,0.000770789,0.003899161
392,768,51,0.004665918,0.000748366,0.003917552
392,768,52,0.004553707,0.000698318,0.003855389
392,768,53,0.004643757,0.000807252,0.003836505
392,768,54,0.004694513,0.000828038,0.003866475
392,768,55,0.004756871,0.000992289,0.003764582
392,768,56,0.004574341,0.000973261,0.00360108
392,768,57,0.00544037,0.001891416,0.003548954
392,768,58,0.004496732,0.00097854,0.003518192
392,768,59,0.004919875,0.001225637,0.003694238
392,768,60,0.004713314,0.001014468,0.003698846
392,768,61,0.004537303,0.000827637,0.003709666
392,768,62,0.004532152,0.000771973,0.003760179
392,768,63,0.004373401,0.000676427,0.003696974
392,768,64,0.004585982,0.001091008,0.003494974
392,768,65,0.004694121,0.001227785,0.003466336
392,768,66,0.005812798,0.00231482,0.003497978
392,768,67,0.005061432,0.00163432,0.003427112
392,768,68,0.004689915,0.001169496,0.003520419
392,768,69,0.004583781,0.000948771,0.00363501
392,768,70,0.005796658,0.002407424,0.003389234
392,768,71,0.00486432,0.001519102,0.003345218
392,768,72,0.004997145,0.001509721,0.003487424
392,768,73,0.0046691,0.001293291,0.003375809
392,768,74,0.004856128,0.001393102,0.003463026
392,768,75,0.004739504,0.001311045,0.003428459
392,768,76,0.004971078,0.001379756,0.003591322
392,768,77,0.004821705,0.00105338,0.003768325
392,768,78,0.004611835,0.000873104,0.003738731
392,768,79,0.006567723,0.002711939,0.003855784
392,768,80,0.00467713,0.000787668,0.003889462
392,768,81,0.004406787,0.000576689,0.003830098
392,768,82,0.004391568,0.000625874,0.003765694
392,768,83,0.004508927,0.00066608,0.003842847
392,768,84,0.007504401,0.003587809,0.003916592
392,768,85,0.004708803,0.000752002,0.003956801
392,768,86,0.004485359,0.000585101,0.003900258
392,768,87,0.00430434,0.000560303,0.003744037
392,768,88,0.007916977,0.0041403,0.003776677
392,768,89,0.004750122,0.000911172,0.00383895
392,768,90,0.00451649,0.000657149,0.003859341
392,768,91,0.004232156,0.000503882,0.003728274
392,768,92,0.007349217,0.003677539,0.003671678
392,768,93,0.004581751,0.000911264,0.003670487
392,768,94,0.007035265,0.003293838,0.003741427
392,768,95,0.005040198,0.001191705,0.003848493
392,768,96,0.00430132,0.000520893,0.003780427
392,768,97,0.0064434,0.002763506,0.003679894
392,768,98,0.004111116,0.000428409,0.003682707
392,768,99,0.004120205,0.000469284,0.003650921
392,768,100,0.005061548,0.001482115,0.003579433
392,768,101,0.004686764,0.001037865,0.003648899
392,768,102,0.007538242,0.003690129,0.003848113
392,768,103,0.004282293,0.000515869,0.003766424
392,768,104,0.004434465,0.000573024,0.003861441
392,768,105,0.004422129,0.000590944,0.003831185
392,768,106,0.004284592,0.000573645,0.003710947
392,768,107,0.004645448,0.00099218,0.003653268
392,768,108,0.004722326,0.000947572,0.003774754
392,768,109,0.004686745,0.00079016,0.003896585
392,768,110,0.005645425,0.001971949,0.003673476
393,768,1,0.748586109,0.626259898,0.122326211
393,768,2,0.117105914,0.114084093,0.003021821
393,768,3,0.071719188,0.068697252,0.003021936
393,768,4,0.099125808,0.096099597,0.003026211
393,768,5,0.003845734,0.000725978,0.003119756
393,768,6,0.003613376,0.000471449,0.003141927
393,768,7,0.003488285,0.000391765,0.00309652
393,768,8,0.003587701,0.000456685,0.003131016
393,768,9,0.003549833,0.000462536,0.003087297
393,768,10,0.003503635,0.000381102,0.003122533
393,768,11,0.038570281,0.035175638,0.003394643
393,768,12,0.004876538,0.001511082,0.003365456
393,768,13,0.004449129,0.001032156,0.003416973
393,768,14,0.004108145,0.000730306,0.003377839
393,768,15,0.003968106,0.000627869,0.003340237
393,768,16,0.003589612,0.000437277,0.003152335
393,768,17,0.004546061,0.001378043,0.003168018
393,768,18,0.004853062,0.00173429,0.003118772
393,768,19,0.005071341,0.001884896,0.003186445
393,768,20,0.004495569,0.001218964,0.003276605
393,768,21,0.004672463,0.001401129,0.003271334
393,768,22,0.004510924,0.001224279,0.003286645
393,768,23,0.004349211,0.000961254,0.003387957
393,768,24,0.004128288,0.000679442,0.003448846
393,768,25,0.004067396,0.000608628,0.003458768
393,768,26,0.012554972,0.009286455,0.003268517
393,768,27,0.005602584,0.002330774,0.00327181
393,768,28,0.005881158,0.002604301,0.003276857
393,768,29,0.006184791,0.002913718,0.003271073
393,768,30,0.005509558,0.00216324,0.003346318
393,768,31,0.00566781,0.002367649,0.003300161
393,768,32,0.005502105,0.001980402,0.003521703
393,768,33,0.004561977,0.000996956,0.003565021
393,768,34,0.004517305,0.000935098,0.003582207
393,768,35,0.00453859,0.000912516,0.003626074
393,768,36,0.004716131,0.00113004,0.003586091
393,768,37,0.004716604,0.001040858,0.003675746
393,768,38,0.004686396,0.001012547,0.003673849
393,768,39,0.004440133,0.000788483,0.00365165
393,768,40,0.004831687,0.001119394,0.003712293
393,768,41,0.004435562,0.000761347,0.003674215
393,768,42,0.004592556,0.000846885,0.003745671
393,768,43,0.004525149,0.000737366,0.003787783
393,768,44,0.004684626,0.000912388,0.003772238
393,768,45,0.004464804,0.000688229,0.003776575
393,768,46,0.004548979,0.000701763,0.003847216
393,768,47,0.004474038,0.00060443,0.003869608
393,768,48,0.004548396,0.000706536,0.00384186
393,768,49,0.004633643,0.00072657,0.003907073
393,768,50,0.004490749,0.000633519,0.00385723
393,768,51,0.004685144,0.000859183,0.003825961
393,768,52,0.004873487,0.001065096,0.003808391
393,768,53,0.004843891,0.001085443,0.003758448
393,768,54,0.004589396,0.000802599,0.003786797
393,768,55,0.004448076,0.000758278,0.003689798
393,768,56,0.005409208,0.001894344,0.003514864
393,768,57,0.004747147,0.00118557,0.003561577
393,768,58,0.004790195,0.001179612,0.003610583
393,768,59,0.004877071,0.001149048,0.003728023
393,768,60,0.004631247,0.000965582,0.003665665
393,768,61,0.004579514,0.000837011,0.003742503
393,768,62,0.00431793,0.000668141,0.003649789
393,768,63,0.004543641,0.000848876,0.003694765
393,768,64,0.004682693,0.001185035,0.003497658
393,768,65,0.005675037,0.00229113,0.003383907
393,768,66,0.005150542,0.001797154,0.003353388
393,768,67,0.004840026,0.00133747,0.003502556
393,768,68,0.004518643,0.000977385,0.003541258
393,768,69,0.006023789,0.002545541,0.003478248
393,768,70,0.004696211,0.001267972,0.003428239
393,768,71,0.004559286,0.001262799,0.003296487
393,768,72,0.004790236,0.001424427,0.003365809
393,768,73,0.004629512,0.001336456,0.003293056
393,768,74,0.004895785,0.001331089,0.003564696
393,768,75,0.004670401,0.001211399,0.003459002
393,768,76,0.004886693,0.001206659,0.003680034
393,768,77,0.004698538,0.000987671,0.003710867
393,768,78,0.005537929,0.001804802,0.003733127
393,768,79,0.004587708,0.000803713,0.003783995
393,768,80,0.005255664,0.001360799,0.003894865
393,768,81,0.004469844,0.000649631,0.003820213
393,768,82,0.004354062,0.000561343,0.003792719
393,768,83,0.008203995,0.004289844,0.003914151
393,768,84,0.004755112,0.000775389,0.003979723
393,768,85,0.004592658,0.000607379,0.003985279
393,768,86,0.004406759,0.000512561,0.003894198
393,768,87,0.007613163,0.003899861,0.003713302
393,768,88,0.004848637,0.001076576,0.003772061
393,768,89,0.004598855,0.000809315,0.00378954
393,768,90,0.004411311,0.00055787,0.003853441
393,768,91,0.007278209,0.003550057,0.003728152
393,768,92,0.004533216,0.000882714,0.003650502
393,768,93,0.00420638,0.000541131,0.003665249
393,768,94,0.004181142,0.000521003,0.003660139
393,768,95,0.006660223,0.002828368,0.003831855
393,768,96,0.005073183,0.001285616,0.003787567
393,768,97,0.00429243,0.00056475,0.00372768
393,768,98,0.006148679,0.002473615,0.003675064
393,768,99,0.004125124,0.000479523,0.003645601
393,768,100,0.006234399,0.00268584,0.003548559
393,768,101,0.004484467,0.000814304,0.003670163
393,768,102,0.004380698,0.00052341,0.003857288
393,768,103,0.006528323,0.002783469,0.003744854
393,768,104,0.004394302,0.000496155,0.003898147
393,768,105,0.004284601,0.000540379,0.003744222
393,768,106,0.004518955,0.000773574,0.003745381
393,768,107,0.00453213,0.000888571,0.003643559
393,768,108,0.004650359,0.000901065,0.003749294
393,768,109,0.00479662,0.000889481,0.003907139
393,768,110,0.004431284,0.000596993,0.003834291
394,768,1,0.756058165,0.632208816,0.123849349
394,768,2,0.177999944,0.174985832,0.003014112
394,768,3,0.099328983,0.09630876,0.003020223
394,768,4,0.003745385,0.000604276,0.003141109
394,768,5,0.003488114,0.000391526,0.003096588
394,768,6,0.00360876,0.000476522,0.003132238
394,768,7,0.003488124,0.000382924,0.0031052
394,768,8,0.003635315,0.000520087,0.003115228
394,768,9,0.003515991,0.000361134,0.003154857
394,768,10,0.038302888,0.03492399,0.003378898
394,768,11,0.004968934,0.001485063,0.003483871
394,768,12,0.004463,0.001054213,0.003408787
394,768,13,0.004072037,0.00074092,0.003331117
394,768,14,0.004044862,0.000730259,0.003314603
394,768,15,0.00374623,0.000435358,0.003310872
394,768,16,0.003995895,0.000835875,0.00316002
394,768,17,0.004833365,0.001733403,0.003099962
394,768,18,0.004874358,0.00169923,0.003175128
394,768,19,0.004461182,0.001267155,0.003194027
394,768,20,0.004681103,0.001424447,0.003256656
394,768,21,0.004518676,0.001185934,0.003332742
394,768,22,0.00453804,0.00114233,0.00339571
394,768,23,0.004180583,0.000783106,0.003397477
394,768,24,0.004119616,0.000707542,0.003412074
394,768,25,0.012769588,0.009448119,0.003321469
394,768,26,0.005397445,0.002097569,0.003299876
394,768,27,0.005740905,0.002472942,0.003267963
394,768,28,0.00614594,0.002868258,0.003277682
394,768,29,0.005375487,0.002062511,0.003312976
394,768,30,0.005867598,0.002563387,0.003304211
394,768,31,0.005169476,0.001777922,0.003391554
394,768,32,0.004630815,0.001085723,0.003545092
394,768,33,0.004624078,0.001011945,0.003612133
394,768,34,0.004444465,0.000872188,0.003572277
394,768,35,0.004816166,0.001206847,0.003609319
394,768,36,0.004713334,0.001100723,0.003612611
394,768,37,0.004586289,0.000963047,0.003623242
394,768,38,0.004607985,0.000983931,0.003624054
394,768,39,0.004654374,0.00098187,0.003672504
394,768,40,0.004486196,0.000848382,0.003637814
394,768,41,0.004544124,0.000845235,0.003698889
394,768,42,0.004502563,0.000792687,0.003709876
394,768,43,0.004829238,0.001084598,0.00374464
394,768,44,0.004484458,0.000729236,0.003755222
394,768,45,0.004450029,0.000728536,0.003721493
394,768,46,0.004502879,0.000755471,0.003747408
394,768,47,0.004650374,0.000821151,0.003829223
394,768,48,0.004532254,0.000766171,0.003766083
394,768,49,0.00460797,0.000826432,0.003781538
394,768,50,0.004676918,0.000964548,0.00371237
394,768,51,0.004864586,0.001140457,0.003724129
394,768,52,0.004773196,0.001025393,0.003747803
394,768,53,0.004653554,0.000977096,0.003676458
394,768,54,0.004566821,0.000869324,0.003697497
394,768,55,0.00504818,0.001420831,0.003627349
394,768,56,0.004701918,0.001129968,0.00357195
394,768,57,0.004900523,0.001326418,0.003574105
394,768,58,0.00488224,0.001249804,0.003632436
394,768,59,0.004623301,0.001039696,0.003583605
394,768,60,0.004734488,0.00100724,0.003727248
394,768,61,0.004424461,0.000732298,0.003692163
394,768,62,0.004438073,0.00077291,0.003665163
394,768,63,0.004543999,0.001020063,0.003523936
394,768,64,0.005585473,0.002165439,0.003420034
394,768,65,0.005455329,0.002027947,0.003427382
394,768,66,0.004577461,0.001122261,0.0034552
394,768,67,0.004710397,0.001156905,0.003553492
394,768,68,0.006063764,0.002619006,0.003444758
394,768,69,0.004901322,0.001286622,0.0036147
394,768,70,0.004268353,0.000852576,0.003415777
394,768,71,0.0046097,0.001253057,0.003356643
394,768,72,0.004614896,0.001209252,0.003405644
394,768,73,0.004671633,0.001308428,0.003363205
394,768,74,0.004767677,0.001273499,0.003494178
394,768,75,0.004894785,0.00137824,0.003516545
394,768,76,0.004907127,0.001236226,0.003670901
394,768,77,0.00555985,0.001886745,0.003673105
394,768,78,0.004581218,0.000811743,0.003769475
394,768,79,0.004754078,0.000978632,0.003775446
394,768,80,0.004723242,0.000839942,0.0038833
394,768,81,0.004330571,0.000539592,0.003790979
394,768,82,0.008416645,0.00463441,0.003782235
394,768,83,0.004772289,0.000870133,0.003902156
394,768,84,0.00459898,0.000643531,0.003955449
394,768,85,0.004492993,0.000504082,0.003988911
394,768,86,0.007772818,0.004054122,0.003718696
394,768,87,0.004618568,0.000909541,0.003709027
394,768,88,0.004651017,0.000929875,0.003721142
394,768,89,0.00440499,0.000639421,0.003765569
394,768,90,0.004412526,0.000571123,0.003841403
394,768,91,0.00416252,0.000449239,0.003713281
394,768,92,0.00679199,0.003130432,0.003661558
394,768,93,0.004586962,0.000930967,0.003655995
394,768,94,0.004228062,0.000589196,0.003638866
394,768,95,0.004387539,0.00060576,0.003781779
394,768,96,0.006353849,0.00261913,0.003734719
394,768,97,0.005176714,0.001435248,0.003741466
394,768,98,0.004312524,0.00065836,0.003654164
394,768,99,0.005879644,0.002257712,0.003621932
394,768,100,0.004164651,0.000559739,0.003604912
394,768,101,0.006164802,0.002544358,0.003620444
394,768,102,0.004699769,0.00086396,0.003835809
394,768,103,0.004335904,0.000624891,0.003711013
394,768,104,0.006691008,0.00284961,0.003841398
394,768,105,0.004353299,0.000535628,0.003817671
394,768,106,0.004518249,0.000797887,0.003720362
394,768,107,0.00439358,0.000773607,0.003619973
394,768,108,0.004655616,0.000878743,0.003776873
394,768,109,0.004746055,0.000855485,0.00389057
394,768,110,0.004520965,0.000704636,0.003816329
395,768,1,0.753179212,0.629781452,0.12339776
395,768,2,0.276949349,0.273927412,0.003021937
395,768,3,0.003566061,0.000474465,0.003091596
395,768,4,0.003517305,0.000397073,0.003120232
395,768,5,0.003460949,0.000374522,0.003086427
395,768,6,0.003488793,0.000367846,0.003120947
395,768,7,0.003458445,0.00036191,0.003096535
395,768,8,0.003478992,0.000349643,0.003129349
395,768,9,0.03848537,0.035146938,0.003338432
395,768,10,0.004921552,0.001463761,0.003457791
395,768,11,0.004518112,0.001084751,0.003433361
395,768,12,0.004120159,0.000651163,0.003468996
395,768,13,0.00407796,0.00073206,0.0033459
395,768,14,0.003798469,0.000435655,0.003362814
395,768,15,0.003774094,0.000519282,0.003254812
395,768,16,0.004483852,0.001274425,0.003209427
395,768,17,0.004665341,0.00141349,0.003251851
395,768,18,0.004578904,0.001377443,0.003201461
395,768,19,0.004617043,0.001318152,0.003298891
395,768,20,0.004581824,0.00122672,0.003355104
395,768,21,0.004535338,0.00116559,0.003369748
395,768,22,0.004367038,0.000982832,0.003384206
395,768,23,0.004185718,0.000786699,0.003399019
395,768,24,0.013059945,0.009739465,0.00332048
395,768,25,0.005256519,0.001959558,0.003296961
395,768,26,0.005553701,0.002299919,0.003253782
395,768,27,0.005989263,0.002740917,0.003248346
395,768,28,0.005224045,0.00195716,0.003266885
395,768,29,0.005953061,0.002658621,0.00329444
395,768,30,0.004972969,0.001691064,0.003281905
395,768,31,0.004507859,0.001038228,0.003469631
395,768,32,0.004762131,0.001189631,0.0035725
395,768,33,0.004430628,0.00087646,0.003554168
395,768,34,0.004887887,0.001339963,0.003547924
395,768,35,0.004552415,0.00103724,0.003515175
395,768,36,0.004680936,0.00110482,0.003576116
395,768,37,0.004568537,0.000987592,0.003580945
395,768,38,0.004703865,0.001083086,0.003620779
395,768,39,0.004475442,0.000891649,0.003583793
395,768,40,0.004532111,0.000915267,0.003616844
395,768,41,0.004453005,0.000801613,0.003651392
395,768,42,0.00504318,0.001286128,0.003757052
395,768,43,0.004301264,0.000672333,0.003628931
395,768,44,0.004733021,0.000965636,0.003767385
395,768,45,0.004367802,0.000681591,0.003686211
395,768,46,0.004621403,0.000857564,0.003763839
395,768,47,0.004606484,0.000805687,0.003800797
395,768,48,0.0045472,0.000816758,0.003730442
395,768,49,0.004772473,0.000969371,0.003803102
395,768,50,0.004954806,0.001151702,0.003803104
395,768,51,0.004760155,0.000987095,0.00377306
395,768,52,0.004585026,0.000835339,0.003749687
395,768,53,0.004585931,0.000818899,0.003767032
395,768,54,0.004946457,0.001257896,0.003688561
395,768,55,0.004680392,0.000981632,0.00369876
395,768,56,0.004799785,0.001206552,0.003593233
395,768,57,0.004722206,0.001168602,0.003553604
395,768,58,0.00482571,0.001249461,0.003576249
395,768,59,0.004715535,0.001058666,0.003656869
395,768,60,0.004500607,0.000787754,0.003712853
395,768,61,0.004634318,0.0008461,0.003788218
395,768,62,0.00460525,0.000901992,0.003703258
395,768,63,0.005291646,0.001634929,0.003656717
395,768,64,0.005318624,0.001765009,0.003553615
395,768,65,0.004604861,0.001115747,0.003489114
395,768,66,0.004507116,0.001049793,0.003457323
395,768,67,0.006540866,0.002929731,0.003611135
395,768,68,0.004886394,0.001189199,0.003697195
395,768,69,0.004206414,0.000587376,0.003619038
395,768,70,0.004422056,0.000906999,0.003515057
395,768,71,0.004549353,0.001183138,0.003366215
395,768,72,0.004698699,0.001263869,0.00343483
395,768,73,0.00469671,0.001292972,0.003403738
395,768,74,0.004919371,0.001415979,0.003503392
395,768,75,0.004727376,0.001254496,0.00347288
395,768,76,0.005892803,0.002205399,0.003687404
395,768,77,0.004487911,0.000722872,0.003765039
395,768,78,0.004652994,0.00090032,0.003752674
395,768,79,0.004595066,0.000806395,0.003788671
395,768,80,0.004701125,0.000838659,0.003862466
395,768,81,0.008392337,0.004617923,0.003774414
395,768,82,0.004436808,0.000671788,0.00376502
395,768,83,0.00456921,0.000681401,0.003887809
395,768,84,0.00470171,0.000754326,0.003947384
395,768,85,0.004449932,0.000522657,0.003927275
395,768,86,0.004383207,0.000504569,0.003878638
395,768,87,0.007035529,0.003338444,0.003697085
395,768,88,0.004887973,0.001132949,0.003755024
395,768,89,0.004580383,0.000783159,0.003797224
395,768,90,0.004404661,0.000589176,0.003815485
395,768,91,0.00428057,0.000571986,0.003708584
395,768,92,0.004201379,0.000498132,0.003703247
395,768,93,0.006779348,0.003106847,0.003672501
395,768,94,0.004495303,0.000857192,0.003638111
395,768,95,0.004298795,0.000561536,0.003737259
395,768,96,0.004479459,0.000642124,0.003837335
395,768,97,0.006238466,0.002550927,0.003687539
395,768,98,0.005260388,0.001623139,0.003637249
395,768,99,0.004809424,0.001107214,0.00370221
395,768,100,0.006829819,0.00333713,0.003492689
395,768,101,0.004064218,0.000455349,0.003608869
395,768,102,0.004773961,0.001005366,0.003768595
395,768,103,0.004714289,0.000953043,0.003761246
395,768,104,0.004292538,0.000515557,0.003776981
395,768,105,0.006780261,0.003040971,0.00373929
395,768,106,0.004414634,0.000672083,0.003742551
395,768,107,0.004558434,0.000917732,0.003640702
395,768,108,0.004640233,0.00081434,0.003825893
395,768,109,0.004700506,0.000817744,0.003882762
395,768,110,0.004478522,0.000665146,0.003813376
396,768,1,0.75665173,0.632808851,0.123842879
396,768,2,0.10597652,0.102950643,0.003025877
396,768,3,0.170039835,0.167023993,0.003015842
396,768,4,0.003788038,0.000640052,0.003147986
396,768,5,0.003496131,0.000396941,0.00309919
396,768,6,0.003528765,0.000395115,0.00313365
396,768,7,0.003495227,0.0003993,0.003095927
396,768,8,0.038555364,0.035338108,0.003217256
396,768,9,0.004751848,0.001376827,0.003375021
396,768,10,0.00458205,0.001071069,0.003510981
396,768,11,0.004067682,0.000614592,0.00345309
396,768,12,0.004205625,0.000733786,0.003471839
396,768,13,0.003791551,0.000438298,0.003353253
396,768,14,0.003851388,0.000512299,0.003339089
396,768,15,0.004015968,0.000745823,0.003270145
396,768,16,0.004234954,0.001039779,0.003195175
396,768,17,0.004465502,0.001326048,0.003139454
396,768,18,0.004845342,0.00148054,0.003364802
396,768,19,0.004591336,0.001283745,0.003307591
396,768,20,0.004583771,0.001219546,0.003364225
396,768,21,0.004506258,0.001138952,0.003367306
396,768,22,0.004396154,0.00096684,0.003429314
396,768,23,0.013419867,0.010012389,0.003407478
396,768,24,0.005251146,0.001915517,0.003335629
396,768,25,0.005231419,0.0019846,0.003246819
396,768,26,0.005848492,0.002560275,0.003288217
396,768,27,0.005200055,0.001947202,0.003252853
396,768,28,0.00583599,0.00252465,0.00331134
396,768,29,0.005030721,0.001707701,0.00332302
396,768,30,0.004482983,0.001093254,0.003389729
396,768,31,0.004547794,0.001068154,0.00347964
396,768,32,0.004619063,0.001072296,0.003546767
396,768,33,0.004825717,0.001238497,0.00358722
396,768,34,0.004649604,0.001039938,0.003609666
396,768,35,0.004535847,0.001009134,0.003526713
396,768,36,0.004720908,0.001122578,0.00359833
396,768,37,0.004576257,0.000979204,0.003597053
396,768,38,0.004623368,0.00096892,0.003654448
396,768,39,0.004487064,0.000876304,0.00361076
396,768,40,0.004553279,0.000843275,0.003710004
396,768,41,0.004869195,0.001208974,0.003660221
396,768,42,0.004452846,0.000787153,0.003665693
396,768,43,0.004650062,0.000910044,0.003740018
396,768,44,0.00445403,0.000707458,0.003746572
396,768,45,0.004517033,0.000803481,0.003713552
396,768,46,0.004665581,0.000817238,0.003848343
396,768,47,0.004514505,0.000726902,0.003787603
396,768,48,0.004804996,0.000963906,0.00384109
396,768,49,0.004944069,0.00112634,0.003817729
396,768,50,0.004704662,0.000894697,0.003809965
396,768,51,0.004592139,0.00081727,0.003774869
396,768,52,0.004684775,0.000910656,0.003774119
396,768,53,0.005034617,0.001194154,0.003840463
396,768,54,0.004591737,0.000874354,0.003717383
396,768,55,0.004558448,0.00087254,0.003685908
396,768,56,0.004747292,0.001134245,0.003613047
396,768,57,0.005166955,0.001410461,0.003756494
396,768,58,0.00457008,0.00081561,0.00375447
396,768,59,0.004423097,0.000699694,0.003723403
396,768,60,0.004737312,0.000893423,0.003843889
396,768,61,0.004683387,0.000811712,0.003871675
396,768,62,0.005207791,0.001496156,0.003711635
396,768,63,0.005081836,0.001538671,0.003543165
396,768,64,0.004613928,0.001016784,0.003597144
396,768,65,0.004651804,0.001177397,0.003474407
396,768,66,0.006387805,0.002948451,0.003439354
396,768,67,0.005004198,0.001409045,0.003595153
396,768,68,0.004480643,0.000796942,0.003683701
396,768,69,0.004210472,0.000609804,0.003600668
396,768,70,0.004395999,0.000887439,0.00350856
396,768,71,0.004788336,0.001323023,0.003465313
396,768,72,0.004804353,0.001308135,0.003496218
396,768,73,0.004780096,0.001331942,0.003448154
396,768,74,0.004791222,0.00125048,0.003540742
396,768,75,0.005836638,0.002126768,0.00370987
396,768,76,0.004688088,0.00087091,0.003817178
396,768,77,0.004658148,0.000743048,0.0039151
396,768,78,0.004454675,0.000646818,0.003807857
396,768,79,0.004590632,0.000752072,0.00383856
396,768,80,0.005024541,0.001099303,0.003925238
396,768,81,0.004506585,0.000660874,0.003845711
396,768,82,0.007189733,0.0033554,0.003834333
396,768,83,0.004640935,0.000688463,0.003952472
396,768,84,0.004622154,0.000586839,0.004035315
396,768,85,0.00456402,0.00056824,0.00399578
396,768,86,0.004434758,0.000502666,0.003932092
396,768,87,0.004230562,0.000502964,0.003727598
396,768,88,0.007278599,0.003480818,0.003797781
396,768,89,0.004850302,0.001024679,0.003825623
396,768,90,0.004443594,0.000537985,0.003905609
396,768,91,0.004162962,0.000490466,0.003672496
396,768,92,0.004178011,0.000499736,0.003678275
396,768,93,0.004291356,0.000593164,0.003698192
396,768,94,0.006771295,0.003075181,0.003696114
396,768,95,0.004587064,0.000850317,0.003736747
396,768,96,0.004384376,0.000580346,0.00380403
396,768,97,0.006965513,0.003231733,0.00373378
396,768,98,0.005598049,0.001956807,0.003641242
396,768,99,0.004462683,0.000782144,0.003680539
396,768,100,0.004418837,0.000780228,0.003638609
396,768,101,0.005882153,0.002223894,0.003658259
396,768,102,0.004194743,0.0004157,0.003779043
396,768,103,0.004837474,0.001042393,0.003795081
396,768,104,0.004622892,0.000902485,0.003720407
396,768,105,0.004385849,0.000604551,0.003781298
396,768,106,0.007084492,0.003345147,0.003739345
396,768,107,0.004580326,0.000919729,0.003660597
396,768,108,0.005033722,0.001253294,0.003780428
396,768,109,0.004351045,0.00047035,0.003880695
396,768,110,0.004352817,0.000526165,0.003826652
397,768,1,0.759759828,0.63531231,0.124447518
397,768,2,0.171353353,0.168327474,0.003025879
397,768,3,0.003691683,0.000592527,0.003099156
397,768,4,0.110904027,0.107880801,0.003023226
397,768,5,0.003874693,0.000765524,0.003109169
397,768,6,0.003546314,0.000395342,0.003150972
397,768,7,0.038913052,0.03578043,0.003132622
397,768,8,0.004526732,0.001257747,0.003268985
397,768,9,0.004454148,0.001019342,0.003434806
397,768,10,0.004175565,0.000710108,0.003465457
397,768,11,0.004171125,0.00067273,0.003498395
397,768,12,0.003898185,0.000456693,0.003441492
397,768,13,0.003820143,0.000419978,0.003400165
397,768,14,0.003868311,0.00057128,0.003297031
397,768,15,0.004072371,0.000771211,0.00330116
397,768,16,0.004257594,0.001036652,0.003220942
397,768,17,0.004484677,0.001344843,0.003139834
397,768,18,0.004809939,0.001542773,0.003267166
397,768,19,0.004439277,0.001204536,0.003234741
397,768,20,0.00463708,0.001259535,0.003377545
397,768,21,0.00441437,0.001013182,0.003401188
397,768,22,0.013983598,0.010641965,0.003341633
397,768,23,0.005302802,0.00194415,0.003358652
397,768,24,0.005262057,0.001929407,0.00333265
397,768,25,0.00541991,0.002144304,0.003275606
397,768,26,0.005280706,0.00198078,0.003299926
397,768,27,0.005853577,0.002417444,0.003436133
397,768,28,0.004752609,0.001407637,0.003344972
397,768,29,0.004575363,0.001163421,0.003411942
397,768,30,0.004448409,0.001110895,0.003337514
397,768,31,0.004655427,0.001191862,0.003463565
397,768,32,0.004678471,0.001206865,0.003471606
397,768,33,0.004736001,0.001212894,0.003523107
397,768,34,0.004671688,0.001114101,0.003557587
397,768,35,0.004561398,0.001002375,0.003559023
397,768,36,0.004575486,0.001037467,0.003538019
397,768,37,0.004767141,0.001069612,0.003697529
397,768,38,0.004465049,0.000887037,0.003578012
397,768,39,0.004685988,0.000992007,0.003693981
397,768,40,0.004838435,0.001037641,0.003800794
397,768,41,0.004429382,0.000752174,0.003677208
397,768,42,0.004581567,0.000831942,0.003749625
397,768,43,0.004445482,0.000758433,0.003687049
397,768,44,0.004565367,0.000835089,0.003730278
397,768,45,0.004584845,0.000830299,0.003754546
397,768,46,0.004640099,0.00081948,0.003820619
397,768,47,0.004651623,0.000848654,0.003802969
397,768,48,0.004966777,0.001049372,0.003917405
397,768,49,0.004637421,0.000835398,0.003802023
397,768,50,0.004688137,0.000876143,0.003811994
397,768,51,0.004735026,0.000869295,0.003865731
397,768,52,0.004776983,0.000981036,0.003795947
397,768,53,0.004628495,0.000828092,0.003800403
397,768,54,0.004754672,0.001020784,0.003733888
397,768,55,0.004727364,0.000968678,0.003758686
397,768,56,0.004863252,0.001143775,0.003719477
397,768,57,0.004682473,0.000967165,0.003715308
397,768,58,0.004678251,0.000908932,0.003769319
397,768,59,0.004581525,0.000798214,0.003783311
397,768,60,0.004520007,0.000744237,0.00377577
397,768,61,0.004632631,0.00074957,0.003883061
397,768,62,0.004458333,0.000708474,0.003749859
397,768,63,0.004568932,0.000949264,0.003619668
397,768,64,0.005237053,0.00174201,0.003495043
397,768,65,0.007227175,0.00380743,0.003419745
397,768,66,0.004794284,0.001402242,0.003392042
397,768,67,0.00460399,0.001013547,0.003590443
397,768,68,0.004434303,0.00079444,0.003639863
397,768,69,0.00427986,0.000626578,0.003653282
397,768,70,0.004502229,0.001074913,0.003427316
397,768,71,0.004999483,0.001578223,0.00342126
397,768,72,0.004854146,0.001361092,0.003493054
397,768,73,0.004752347,0.001262012,0.003490335
397,768,74,0.005509505,0.001963269,0.003546236
397,768,75,0.004867608,0.001242556,0.003625052
397,768,76,0.00469876,0.000864168,0.003834592
397,768,77,0.004679792,0.000802678,0.003877114
397,768,78,0.004454032,0.000684482,0.00376955
397,768,79,0.004956091,0.001114826,0.003841265
397,768,80,0.004785467,0.000838653,0.003946814
397,768,81,0.004417006,0.000600742,0.003816264
397,768,82,0.004440981,0.000635741,0.00380524
397,768,83,0.00645936,0.002582384,0.003876976
397,768,84,0.004738742,0.000776054,0.003962688
397,768,85,0.004611083,0.000668621,0.003942462
397,768,86,0.004470823,0.000554581,0.003916242
397,768,87,0.006824063,0.003108019,0.003716044
397,768,88,0.005601572,0.001863936,0.003737636
397,768,89,0.004482186,0.000664949,0.003817237
397,768,90,0.004423037,0.000573423,0.003849614
397,768,91,0.004162754,0.000464973,0.003697781
397,768,92,0.004192869,0.000482545,0.003710324
397,768,93,0.004182372,0.000492783,0.003689589
397,768,94,0.004160616,0.000502785,0.003657831
397,768,95,0.006593722,0.002737952,0.00385577
397,768,96,0.004502838,0.000684783,0.003818055
397,768,97,0.004293618,0.000529969,0.003763649
397,768,98,0.007042531,0.003396047,0.003646484
397,768,99,0.005787287,0.002109995,0.003677292
397,768,100,0.004465922,0.000828255,0.003637667
397,768,101,0.004448107,0.000842217,0.00360589
397,768,102,0.005528752,0.001786052,0.0037427
397,768,103,0.004418492,0.000522305,0.003896187
397,768,104,0.004677082,0.000868788,0.003808294
397,768,105,0.004698105,0.000867177,0.003830928
397,768,106,0.004404049,0.000553046,0.003851003
397,768,107,0.007407355,0.003684056,0.003723299
397,768,108,0.004652603,0.000718833,0.00393377
397,768,109,0.004670359,0.000789212,0.003881147
397,768,110,0.004563729,0.000714576,0.003849153
398,768,1,0.755326138,0.631307412,0.124018726
398,768,2,0.174704347,0.171640887,0.00306346
398,768,3,0.044603924,0.041546249,0.003057675
398,768,4,0.00378214,0.000623259,0.003158881
398,768,5,0.070517835,0.067439861,0.003077974
398,768,6,0.039776254,0.036696485,0.003079769
398,768,7,0.004474611,0.001120878,0.003353733
398,768,8,0.004237767,0.000881739,0.003356028
398,768,9,0.004171701,0.000718177,0.003453524
398,768,10,0.00411403,0.000608975,0.003505055
398,768,11,0.003865679,0.000457931,0.003407748
398,768,12,0.003899066,0.00042659,0.003472476
398,768,13,0.003855397,0.000426193,0.003429204
398,768,14,0.003924257,0.000538405,0.003385852
398,768,15,0.003941424,0.000656964,0.00328446
398,768,16,0.004195583,0.000926432,0.003269151
398,768,17,0.004450439,0.001181226,0.003269213
398,768,18,0.004806351,0.001495219,0.003311132
398,768,19,0.004530888,0.001134172,0.003396716
398,768,20,0.004473088,0.001105881,0.003367207
398,768,21,0.014827475,0.01140653,0.003420945
398,768,22,0.005265409,0.001886979,0.00337843
398,768,23,0.005393615,0.00204583,0.003347785
398,768,24,0.005191778,0.001878633,0.003313145
398,768,25,0.005220157,0.001842711,0.003377446
398,768,26,0.005560188,0.002280263,0.003279925
398,768,27,0.004844699,0.001477048,0.003367651
398,768,28,0.004456815,0.001143029,0.003313786
398,768,29,0.004530518,0.001144386,0.003386132
398,768,30,0.004477351,0.001126777,0.003350574
398,768,31,0.004636837,0.001156973,0.003479864
398,768,32,0.004602592,0.001061396,0.003541196
398,768,33,0.004814193,0.00120399,0.003610203
398,768,34,0.004601524,0.001015899,0.003585625
398,768,35,0.004598121,0.001026424,0.003571697
398,768,36,0.00471093,0.00111101,0.00359992
398,768,37,0.004522202,0.000907513,0.003614689
398,768,38,0.00477946,0.001115393,0.003664067
398,768,39,0.004765963,0.000993963,0.003772
398,768,40,0.004389214,0.000705704,0.00368351
398,768,41,0.004673895,0.0008683,0.003805595
398,768,42,0.004509706,0.000733911,0.003775795
398,768,43,0.004654919,0.000815,0.003839919
398,768,44,0.004537516,0.000675991,0.003861525
398,768,45,0.004565022,0.000720794,0.003844228
398,768,46,0.004670392,0.000735315,0.003935077
398,768,47,0.004540363,0.000689631,0.003850732
398,768,48,0.004597878,0.00064949,0.003948388
398,768,49,0.004536314,0.00063618,0.003900134
398,768,50,0.0045008,0.000608163,0.003892637
398,768,51,0.004546113,0.000612301,0.003933812
398,768,52,0.004463293,0.00068586,0.003777433
398,768,53,0.004899486,0.00095558,0.003943906
398,768,54,0.004613017,0.000818582,0.003794435
398,768,55,0.004569115,0.000821778,0.003747337
398,768,56,0.004614567,0.001017524,0.003597043
398,768,57,0.005001287,0.001298388,0.003702899
398,768,58,0.004616182,0.000938087,0.003678095
398,768,59,0.004705361,0.000915994,0.003789367
398,768,60,0.004609012,0.000763377,0.003845635
398,768,61,0.004612573,0.000739175,0.003873398
398,768,62,0.004392724,0.000652437,0.003740287
398,768,63,0.00437744,0.000668037,0.003709403
398,768,64,0.004721687,0.00120653,0.003515157
398,768,65,0.005281597,0.001859285,0.003422312
398,768,66,0.00722085,0.003670858,0.003549992
398,768,67,0.004908538,0.001287777,0.003620761
398,768,68,0.004580222,0.000832754,0.003747468
398,768,69,0.00424459,0.000588643,0.003655947
398,768,70,0.004307272,0.000768516,0.003538756
398,768,71,0.004927903,0.001419893,0.00350801
398,768,72,0.00477318,0.001239619,0.003533561
398,768,73,0.006400418,0.002860537,0.003539881
398,768,74,0.004803438,0.001158964,0.003644474
398,768,75,0.004815185,0.001070027,0.003745158
398,768,76,0.004511185,0.000634632,0.003876553
398,768,77,0.004389627,0.000526594,0.003863033
398,768,78,0.004565326,0.000752173,0.003813153
398,768,79,0.005559755,0.001708793,0.003850962
398,768,80,0.004667175,0.000684448,0.003982727
398,768,81,0.004366009,0.000490644,0.003875365
398,768,82,0.004370441,0.000559891,0.00381055
398,768,83,0.00451182,0.000674509,0.003837311
398,768,84,0.00593363,0.002020413,0.003913217
398,768,85,0.004692792,0.000706873,0.003985919
398,768,86,0.004423224,0.000587727,0.003835497
398,768,87,0.004431578,0.000648228,0.00378335
398,768,88,0.006988044,0.003197685,0.003790359
398,768,89,0.005478302,0.00162407,0.003854232
398,768,90,0.004437082,0.00061016,0.003826922
398,768,91,0.004316521,0.000596143,0.003720378
398,768,92,0.00415004,0.000468937,0.003681103
398,768,93,0.004125216,0.000430898,0.003694318
398,768,94,0.004168959,0.000482943,0.003686016
398,768,95,0.006130517,0.00228744,0.003843077
398,768,96,0.004991849,0.00108036,0.003911489
398,768,97,0.004336916,0.000517251,0.003819665
398,768,98,0.004373894,0.000585473,0.003788421
398,768,99,0.007152357,0.003430289,0.003722068
398,768,100,0.005616393,0.00193061,0.003685783
398,768,101,0.004506226,0.000838364,0.003667862
398,768,102,0.004445307,0.000707445,0.003737862
398,768,103,0.005451995,0.001585401,0.003866594
398,768,104,0.0044176,0.000621681,0.003795919
398,768,105,0.004672,0.000774837,0.003897163
398,768,106,0.006718406,0.002862927,0.003855479
398,768,107,0.00436248,0.000530891,0.003831589
398,768,108,0.005558,0.001673153,0.003884847
398,768,109,0.005710898,0.001829161,0.003881737
398,768,110,0.005187444,0.001296299,0.003891145
399,768,1,0.756296179,0.632125734,0.124170445
399,768,2,0.21512984,0.212114418,0.003015422
399,768,3,0.003648735,0.000487733,0.003161002
399,768,4,0.003441509,0.000353519,0.00308799
399,768,5,0.107018406,0.103986345,0.003032061
399,768,6,0.004094306,0.000991349,0.003102957
399,768,7,0.004287441,0.001023236,0.003264205
399,768,8,0.004082929,0.000746415,0.003336514
399,768,9,0.004094016,0.000669624,0.003424392
399,768,10,0.003903336,0.000434405,0.003468931
399,768,11,0.003836418,0.000438635,0.003397783
399,768,12,0.003908765,0.000467729,0.003441036
399,768,13,0.003861791,0.000495261,0.00336653
399,768,14,0.003957328,0.000637214,0.003320114
399,768,15,0.003932783,0.000709171,0.003223612
399,768,16,0.004169976,0.000994904,0.003175072
399,768,17,0.004568705,0.001333414,0.003235291
399,768,18,0.004578277,0.001315936,0.003262341
399,768,19,0.004532673,0.001198791,0.003333882
399,768,20,0.01561498,0.012251632,0.003363348
399,768,21,0.005213867,0.00185257,0.003361297
399,768,22,0.005428583,0.002047839,0.003380744
399,768,23,0.005177135,0.001857033,0.003320102
399,768,24,0.004913315,0.001641311,0.003272004
399,768,25,0.005474821,0.002214085,0.003260736
399,768,26,0.004820493,0.001503317,0.003317176
399,768,27,0.004241786,0.000896833,0.003344953
399,768,28,0.004623305,0.001371372,0.003251933
399,768,29,0.004578727,0.00118364,0.003395087
399,768,30,0.004517624,0.001160282,0.003357342
399,768,31,0.004611469,0.001131977,0.003479492
399,768,32,0.004688451,0.001234338,0.003454113
399,768,33,0.004500207,0.001008318,0.003491889
399,768,34,0.004882235,0.001349773,0.003532462
399,768,35,0.004673446,0.001113137,0.003560309
399,768,36,0.004490416,0.000966199,0.003524217
399,768,37,0.004896077,0.001267067,0.00362901
399,768,38,0.004662801,0.001011617,0.003651184
399,768,39,0.004515272,0.000833505,0.003681767
399,768,40,0.004573967,0.000874244,0.003699723
399,768,41,0.004518549,0.000803595,0.003714954
399,768,42,0.004647809,0.000841985,0.003805824
399,768,43,0.004449505,0.000689277,0.003760228
399,768,44,0.004668562,0.000838287,0.003830275
399,768,45,0.004528823,0.000726456,0.003802367
399,768,46,0.004463692,0.000696858,0.003766834
399,768,47,0.00448452,0.000724313,0.003760207
399,768,48,0.004466979,0.000722531,0.003744448
399,768,49,0.004780088,0.000978342,0.003801746
399,768,50,0.004422152,0.000694925,0.003727227
399,768,51,0.004750148,0.000967343,0.003782805
399,768,52,0.004711702,0.000957205,0.003754497
399,768,53,0.004848498,0.000977536,0.003870962
399,768,54,0.004348294,0.000635826,0.003712468
399,768,55,0.004804263,0.001059452,0.003744811
399,768,56,0.004648092,0.000944034,0.003704058
399,768,57,0.004568198,0.000897141,0.003671057
399,768,58,0.004709276,0.000975231,0.003734045
399,768,59,0.004587256,0.000813307,0.003773949
399,768,60,0.004702979,0.000843511,0.003859468
399,768,61,0.004705296,0.000866424,0.003838872
399,768,62,0.004454378,0.000709832,0.003744546
399,768,63,0.004486553,0.000818697,0.003667856
399,768,64,0.004274931,0.000768816,0.003506115
399,768,65,0.004421766,0.000999269,0.003422497
399,768,66,0.004875239,0.001534974,0.003340265
399,768,67,0.008200416,0.004655132,0.003545284
399,768,68,0.004380904,0.000708918,0.003671986
399,768,69,0.004168914,0.000561079,0.003607835
399,768,70,0.004491119,0.000967137,0.003523982
399,768,71,0.004655879,0.001185726,0.003470153
399,768,72,0.005656272,0.002141722,0.00351455
399,768,73,0.004769694,0.001300359,0.003469335
399,768,74,0.00520046,0.001544372,0.003656088
399,768,75,0.005115666,0.001328093,0.003787573
399,768,76,0.004363263,0.000575209,0.003788054
399,768,77,0.004621833,0.000752078,0.003869755
399,768,78,0.005866609,0.002084138,0.003782471
399,768,79,0.004749807,0.00092395,0.003825857
399,768,80,0.004484345,0.000607779,0.003876566
399,768,81,0.004442328,0.000628109,0.003814219
399,768,82,0.004291665,0.000507203,0.003784462
399,768,83,0.006135074,0.002177349,0.003957725
399,768,84,0.004723467,0.000722893,0.004000574
399,768,85,0.004429853,0.000459069,0.003970784
399,768,86,0.004402349,0.000569536,0.003832813
399,768,87,0.004338291,0.000633968,0.003704323
399,768,88,0.004290684,0.00059831,0.003692374
399,768,89,0.006618111,0.002788523,0.003829588
399,768,90,0.005437993,0.001520071,0.003917922
399,768,91,0.004216862,0.00049504,0.003721822
399,768,92,0.004357979,0.000670703,0.003687276
399,768,93,0.004084058,0.000445659,0.003638399
399,768,94,0.006565059,0.002885569,0.00367949
399,768,95,0.004947547,0.001163543,0.003784004
399,768,96,0.004396751,0.0005153,0.003881451
399,768,97,0.004322734,0.00053774,0.003784994
399,768,98,0.005122858,0.001417641,0.003705217
399,768,99,0.005647271,0.001985617,0.003661654
399,768,100,0.00445277,0.000839418,0.003613352
399,768,101,0.005473977,0.001936741,0.003537236
399,768,102,0.004709113,0.001034575,0.003674538
399,768,103,0.006072553,0.002233342,0.003839211
399,768,104,0.004279104,0.000503325,0.003775779
399,768,105,0.007289124,0.003566148,0.003722976
399,768,106,0.004381035,0.000615337,0.003765698
399,768,107,0.004443204,0.000713032,0.003730172
399,768,108,0.006836957,0.003024317,0.00381264
399,768,109,0.005170758,0.001324549,0.003846209
399,768,110,0.004281671,0.000498032,0.003783639
400,768,1,0.757780444,0.633976208,0.123804236
400,768,2,0.092966345,0.089932636,0.003033709
400,768,3,0.102443565,0.099410914,0.003032651
400,768,4,0.107715381,0.104690895,0.003024486
400,768,5,0.003969369,0.000948027,0.003021342
400,768,6,0.004171274,0.001050273,0.003121001
400,768,7,0.00410162,0.000794171,0.003307449
400,768,8,0.003925863,0.000473925,0.003451938
400,768,9,0.003795865,0.000324394,0.003471471
400,768,10,0.00387805,0.000426858,0.003451192
400,768,11,0.003914201,0.000519965,0.003394236
400,768,12,0.003913321,0.000505946,0.003407375
400,768,13,0.00393795,0.000598133,0.003339817
400,768,14,0.003892236,0.000618626,0.00327361
400,768,15,0.0038952,0.000721734,0.003173466
400,768,16,0.004233774,0.00098878,0.003244994
400,768,17,0.004300248,0.001154936,0.003145312
400,768,18,0.004450136,0.001182805,0.003267331
400,768,19,0.016648156,0.013342404,0.003305752
400,768,20,0.00520127,0.001839477,0.003361793
400,768,21,0.005520212,0.002204748,0.003315464
400,768,22,0.005159484,0.001846434,0.00331305
400,768,23,0.004898466,0.001479568,0.003418898
400,768,24,0.005075379,0.001826604,0.003248775
400,768,25,0.00479252,0.001505289,0.003287231
400,768,26,0.004443134,0.001111296,0.003331838
400,768,27,0.004731803,0.001344404,0.003387399
400,768,28,0.004599335,0.001272552,0.003326783
400,768,29,0.004587042,0.001188027,0.003399015
400,768,30,0.004498387,0.001133474,0.003364913
400,768,31,0.004578659,0.001031995,0.003546664
400,768,32,0.004279551,0.00085123,0.003428321
400,768,33,0.004823046,0.001335815,0.003487231
400,768,34,0.004632006,0.001122269,0.003509737
400,768,35,0.004616318,0.001017709,0.003598609
400,768,36,0.004770196,0.001157891,0.003612305
400,768,37,0.00441142,0.000852832,0.003558588
400,768,38,0.004582786,0.000953151,0.003629635
400,768,39,0.004619153,0.000898733,0.00372042
400,768,40,0.004537011,0.00081583,0.003721181
400,768,41,0.00461173,0.000811275,0.003800455
400,768,42,0.004555057,0.000775159,0.003779898
400,768,43,0.004596775,0.000790706,0.003806069
400,768,44,0.004440418,0.000669019,0.003771399
400,768,45,0.004693052,0.00085275,0.003840302
400,768,46,0.004596758,0.000785768,0.00381099
400,768,47,0.00445632,0.000742654,0.003713666
400,768,48,0.004762933,0.000909097,0.003853836
400,768,49,0.004523586,0.000759638,0.003763948
400,768,50,0.004719209,0.000908872,0.003810337
400,768,51,0.004630139,0.00079684,0.003833299
400,768,52,0.004740235,0.00089995,0.003840285
400,768,53,0.004517095,0.000707092,0.003810003
400,768,54,0.004792321,0.00094546,0.003846861
400,768,55,0.004477673,0.000827485,0.003650188
400,768,56,0.004541792,0.000891547,0.003650245
400,768,57,0.004790386,0.001133692,0.003656694
400,768,58,0.004612077,0.000988034,0.003624043
400,768,59,0.004684846,0.00105544,0.003629406
400,768,60,0.004722816,0.000947119,0.003775697
400,768,61,0.004576322,0.000850374,0.003725948
400,768,62,0.004581151,0.000857743,0.003723408
400,768,63,0.004464934,0.000859271,0.003605663
400,768,64,0.004496583,0.000965567,0.003531016
400,768,65,0.004607834,0.001096016,0.003511818
400,768,66,0.00440281,0.000912893,0.003489917
400,768,67,0.004478036,0.000947332,0.003530704
400,768,68,0.007107639,0.003554821,0.003552818
400,768,69,0.004234313,0.00067707,0.003557243
400,768,70,0.004099465,0.000669849,0.003429616
400,768,71,0.006686722,0.003128096,0.003558626
400,768,72,0.004807456,0.001281142,0.003526314
400,768,73,0.004690491,0.001119864,0.003570627
400,768,74,0.004536958,0.000857234,0.003679724
400,768,75,0.004436208,0.000708195,0.003728013
400,768,76,0.005030236,0.001161725,0.003868511
400,768,77,0.006213113,0.002441098,0.003772015
400,768,78,0.004419168,0.000693378,0.00372579
400,768,79,0.004893953,0.001085518,0.003808435
400,768,80,0.004585654,0.000729833,0.003855821
400,768,81,0.004329317,0.000524787,0.00380453
400,768,82,0.006016728,0.002206126,0.003810602
400,768,83,0.004535526,0.000677143,0.003858383
400,768,84,0.004708696,0.000740653,0.003968043
400,768,85,0.004589696,0.000590257,0.003999439
400,768,86,0.004403267,0.000530073,0.003873194
400,768,87,0.004451387,0.000718268,0.003733119
400,768,88,0.004618709,0.000912354,0.003706355
400,768,89,0.004592164,0.000810669,0.003781495
400,768,90,0.005431349,0.001582763,0.003848586
400,768,91,0.005214993,0.001498045,0.003716948
400,768,92,0.004165467,0.000472359,0.003693108
400,768,93,0.004287833,0.000621185,0.003666648
400,768,94,0.004694267,0.001021079,0.003673188
400,768,95,0.006193679,0.002428358,0.003765321
400,768,96,0.00496835,0.001128948,0.003839402
400,768,97,0.005958193,0.002199558,0.003758635
400,768,98,0.005372191,0.001723615,0.003648576
400,768,99,0.004585015,0.000930297,0.003654718
400,768,100,0.004508521,0.000916384,0.003592137
400,768,101,0.004588665,0.001053732,0.003534933
400,768,102,0.007175102,0.003441596,0.003733506
400,768,103,0.004318413,0.000473433,0.00384498
400,768,104,0.007386296,0.003577249,0.003809047
400,768,105,0.004355782,0.000588691,0.003767091
400,768,106,0.004470095,0.000729352,0.003740743
400,768,107,0.004388425,0.000720783,0.003667642
400,768,108,0.00467427,0.00085545,0.00381882
400,768,109,0.005710648,0.001789805,0.003920843
400,768,110,0.005215892,0.00139575,0.003820142
401,768,1,0.763828439,0.638954028,0.124874411
401,768,2,0.165157816,0.16210641,0.003051406
401,768,3,0.003698318,0.000572981,0.003125337
401,768,4,0.045220646,0.042171375,0.003049271
401,768,5,0.108110936,0.105049716,0.00306122
401,768,6,0.004279004,0.0009996,0.003279404
401,768,7,0.004033234,0.000669207,0.003364027
401,768,8,0.003844399,0.000456536,0.003387863
401,768,9,0.003968488,0.00050369,0.003464798
401,768,10,0.003994444,0.000455768,0.003538676
401,768,11,0.003899847,0.000454201,0.003445646
401,768,12,0.00389626,0.000437733,0.003458527
401,768,13,0.003883346,0.000450783,0.003432563
401,768,14,0.003793231,0.000455315,0.003337916
401,768,15,0.004001233,0.000757731,0.003243502
401,768,16,0.004265617,0.001047359,0.003218258
401,768,17,0.004310413,0.00101867,0.003291743
401,768,18,0.017732761,0.0143859,0.003346861
401,768,19,0.004782471,0.00141608,0.003366391
401,768,20,0.005331345,0.001948804,0.003382541
401,768,21,0.005174353,0.001748103,0.00342625
401,768,22,0.004796327,0.001421903,0.003374424
401,768,23,0.005201632,0.001823268,0.003378364
401,768,24,0.004969859,0.001515892,0.003453967
401,768,25,0.004376613,0.000917797,0.003458816
401,768,26,0.00449305,0.001114387,0.003378663
401,768,27,0.0046016,0.001193852,0.003407748
401,768,28,0.004337944,0.000972416,0.003365528
401,768,29,0.004571317,0.001141422,0.003429895
401,768,30,0.004710426,0.00121291,0.003497516
401,768,31,0.00468105,0.001052134,0.003628916
401,768,32,0.004743908,0.001171723,0.003572185
401,768,33,0.004587195,0.000968429,0.003618766
401,768,34,0.00450624,0.000902926,0.003603314
401,768,35,0.004841152,0.001109163,0.003731989
401,768,36,0.004365896,0.000691253,0.003674643
401,768,37,0.004656523,0.000955314,0.003701209
401,768,38,0.004413958,0.000741895,0.003672063
401,768,39,0.00472724,0.00089694,0.0038303
401,768,40,0.004541339,0.000746104,0.003795235
401,768,41,0.004564978,0.000741726,0.003823252
401,768,42,0.004635665,0.000763271,0.003872394
401,768,43,0.004502955,0.000642512,0.003860443
401,768,44,0.004591225,0.000752354,0.003838871
401,768,45,0.004669541,0.000741028,0.003928513
401,768,46,0.004539924,0.000609797,0.003930127
401,768,47,0.004525589,0.000641836,0.003883753
401,768,48,0.004443709,0.000587678,0.003856031
401,768,49,0.004606027,0.000667804,0.003938223
401,768,50,0.00444622,0.000642712,0.003803508
401,768,51,0.004507992,0.00064942,0.003858572
401,768,52,0.004378687,0.000658973,0.003719714
401,768,53,0.00456638,0.00074612,0.00382026
401,768,54,0.004388342,0.000694814,0.003693528
401,768,55,0.004749484,0.001005846,0.003743638
401,768,56,0.004664702,0.000972836,0.003691866
401,768,57,0.004496901,0.000797252,0.003699649
401,768,58,0.00477188,0.001033464,0.003738416
401,768,59,0.004647461,0.00083253,0.003814931
401,768,60,0.004675042,0.00089738,0.003777662
401,768,61,0.004734233,0.000855882,0.003878351
401,768,62,0.004386074,0.000661298,0.003724776
401,768,63,0.004531841,0.000843876,0.003687965
401,768,64,0.004577824,0.000886107,0.003691717
401,768,65,0.004431287,0.000924267,0.00350702
401,768,66,0.004728162,0.001171733,0.003556429
401,768,67,0.004777989,0.001190318,0.003587671
401,768,68,0.004325306,0.000836489,0.003488817
401,768,69,0.007102072,0.003552621,0.003549451
401,768,70,0.005919591,0.002535569,0.003384022
401,768,71,0.004958175,0.001443923,0.003514252
401,768,72,0.004904077,0.001367584,0.003536493
401,768,73,0.004614449,0.001096972,0.003517477
401,768,74,0.004477642,0.000836233,0.003641409
401,768,75,0.004506456,0.000822675,0.003683781
401,768,76,0.004757631,0.00097328,0.003784351
401,768,77,0.004481733,0.000614333,0.0038674
401,768,78,0.005863202,0.00207665,0.003786552
401,768,79,0.004761353,0.000924366,0.003836987
401,768,80,0.004760484,0.000794834,0.00396565
401,768,81,0.006462573,0.002640924,0.003821649
401,768,82,0.004592416,0.000765203,0.003827213
401,768,83,0.004357367,0.000474482,0.003882885
401,768,84,0.004817597,0.000823577,0.00399402
401,768,85,0.00453104,0.000532832,0.003998208
401,768,86,0.00440087,0.000482445,0.003918425
401,768,87,0.004417198,0.000653813,0.003763385
401,768,88,0.004738645,0.00094801,0.003790635
401,768,89,0.005154749,0.00128663,0.003868119
401,768,90,0.004735318,0.000833901,0.003901417
401,768,91,0.004276375,0.00048427,0.003792105
401,768,92,0.004508607,0.000794498,0.003714109
401,768,93,0.0055374,0.001833387,0.003704013
401,768,94,0.004677546,0.000937171,0.003740375
401,768,95,0.004345473,0.000530734,0.003814739
401,768,96,0.007996437,0.0041283,0.003868137
401,768,97,0.005233014,0.001555366,0.003677648
401,768,98,0.004646717,0.000941476,0.003705241
401,768,99,0.004553245,0.00085022,0.003703025
401,768,100,0.004678477,0.001003606,0.003674871
401,768,101,0.007046219,0.003389793,0.003656426
401,768,102,0.004146363,0.000372536,0.003773827
401,768,103,0.00427913,0.000421739,0.003857391
401,768,104,0.006040733,0.002220958,0.003819775
401,768,105,0.005131121,0.001320525,0.003810596
401,768,106,0.004418428,0.000617523,0.003800905
401,768,107,0.004471236,0.000701474,0.003769762
401,768,108,0.004633001,0.000775619,0.003857382
401,768,109,0.007099039,0.003173637,0.003925402
401,768,110,0.00446142,0.000571121,0.003890299
402,768,1,0.760377707,0.636395289,0.123982418
402,768,2,0.093961713,0.09093208,0.003029633
402,768,3,0.064137226,0.061107694,0.003029532
402,768,4,0.135024564,0.132007187,0.003017377
402,768,5,0.003793909,0.000651093,0.003142816
402,768,6,0.015395287,0.012283938,0.003111349
402,768,7,0.004132423,0.000934809,0.003197614
402,768,8,0.004078396,0.000727373,0.003351023
402,768,9,0.003929324,0.000509026,0.003420298
402,768,10,0.004006078,0.000524663,0.003481415
402,768,11,0.003891507,0.000456982,0.003434525
402,768,12,0.003925158,0.000510596,0.003414562
402,768,13,0.003794419,0.000417975,0.003376444
402,768,14,0.003949756,0.000589461,0.003360295
402,768,15,0.003936228,0.00070847,0.003227758
402,768,16,0.004211785,0.00099191,0.003219875
402,768,17,0.018771413,0.015531535,0.003239878
402,768,18,0.004771459,0.001486925,0.003284534
402,768,19,0.005134571,0.001791252,0.003343319
402,768,20,0.004960523,0.001545687,0.003414836
402,768,21,0.005055481,0.001593866,0.003461615
402,768,22,0.004903048,0.001587771,0.003315277
402,768,23,0.004805594,0.001463253,0.003342341
402,768,24,0.004673953,0.001292047,0.003381906
402,768,25,0.004377045,0.001048365,0.00332868
402,768,26,0.00467417,0.001335823,0.003338347
402,768,27,0.004490945,0.001115443,0.003375502
402,768,28,0.004338436,0.000998276,0.00334016
402,768,29,0.004669128,0.001282569,0.003386559
402,768,30,0.004618868,0.001193387,0.003425481
402,768,31,0.004717292,0.001212712,0.00350458
402,768,32,0.004591681,0.001119667,0.003472014
402,768,33,0.004658045,0.001074258,0.003583787
402,768,34,0.004536273,0.001046897,0.003489376
402,768,35,0.004928111,0.00101482,0.003913291
402,768,36,0.00432171,0.00066644,0.00365527
402,768,37,0.004576468,0.000889668,0.0036868
402,768,38,0.004540173,0.000876709,0.003663464
402,768,39,0.004633545,0.000844483,0.003789062
402,768,40,0.004511577,0.000819824,0.003691753
402,768,41,0.004688854,0.00085274,0.003836114
402,768,42,0.004498036,0.000755051,0.003742985
402,768,43,0.004656261,0.000808637,0.003847624
402,768,44,0.004556824,0.000773553,0.003783271
402,768,45,0.004591793,0.000746287,0.003845506
402,768,46,0.004584237,0.000711437,0.0038728
402,768,47,0.004445768,0.000599894,0.003845874
402,768,48,0.004569102,0.000669786,0.003899316
402,768,49,0.004503093,0.000561875,0.003941218
402,768,50,0.004434044,0.000541049,0.003892995
402,768,51,0.004490787,0.000612936,0.003877851
402,768,52,0.004442707,0.000611119,0.003831588
402,768,53,0.004470343,0.000615881,0.003854462
402,768,54,0.004593003,0.000869301,0.003723702
402,768,55,0.004326868,0.000646659,0.003680209
402,768,56,0.004680122,0.001027973,0.003652149
402,768,57,0.004549611,0.000820746,0.003728865
402,768,58,0.00451446,0.000817374,0.003697086
402,768,59,0.004571552,0.000817179,0.003754373
402,768,60,0.004475281,0.00067346,0.003801821
402,768,61,0.004485247,0.000699327,0.00378592
402,768,62,0.004550738,0.000795224,0.003755514
402,768,63,0.004276573,0.000706522,0.003570051
402,768,64,0.004538356,0.001031843,0.003506513
402,768,65,0.005774723,0.002268019,0.003506704
402,768,66,0.004676695,0.001179375,0.00349732
402,768,67,0.004488901,0.000994412,0.003494489
402,768,68,0.007180827,0.003634358,0.003546469
402,768,69,0.005777332,0.00235114,0.003426192
402,768,70,0.004656876,0.001214418,0.003442458
402,768,71,0.004978136,0.00141108,0.003567056
402,768,72,0.004462473,0.001013647,0.003448826
402,768,73,0.004751035,0.001109101,0.003641934
402,768,74,0.004398494,0.000811716,0.003586778
402,768,75,0.004620908,0.000931853,0.003689055
402,768,76,0.004584355,0.000861054,0.003723301
402,768,77,0.004528146,0.000705667,0.003822479
402,768,78,0.004296791,0.000545123,0.003751668
402,768,79,0.005833551,0.002010571,0.00382298
402,768,80,0.004738517,0.000828673,0.003909844
402,768,81,0.004392903,0.00058255,0.003810353
402,768,82,0.006587852,0.002815766,0.003772086
402,768,83,0.00470606,0.000725857,0.003980203
402,768,84,0.004536778,0.000555041,0.003981737
402,768,85,0.004516776,0.00056367,0.003953106
402,768,86,0.004404801,0.000528811,0.00387599
402,768,87,0.004458737,0.000737468,0.003721269
402,768,88,0.006141294,0.00237756,0.003763734
402,768,89,0.004479847,0.000675042,0.003804805
402,768,90,0.004643472,0.000807519,0.003835953
402,768,91,0.004251063,0.000546615,0.003704448
402,768,92,0.005944189,0.002293222,0.003650967
402,768,93,0.004558201,0.000944909,0.003613292
402,768,94,0.004312813,0.00064051,0.003672303
402,768,95,0.00794636,0.004173394,0.003772966
402,768,96,0.005433646,0.001709205,0.003724441
402,768,97,0.004579536,0.000863361,0.003716175
402,768,98,0.004369872,0.000697317,0.003672555
402,768,99,0.004688496,0.001023396,0.0036651
402,768,100,0.004782934,0.001130778,0.003652156
402,768,101,0.005816969,0.002180939,0.00363603
402,768,102,0.004567637,0.000857122,0.003710515
402,768,103,0.006379978,0.002606693,0.003773285
402,768,104,0.004598345,0.000826805,0.00377154
402,768,105,0.004341532,0.000672798,0.003668734
402,768,106,0.004459503,0.000699549,0.003759954
402,768,107,0.004679054,0.00095558,0.003723474
402,768,108,0.007672283,0.003961533,0.00371075
402,768,109,0.00453715,0.000730916,0.003806234
402,768,110,0.004335869,0.000643177,0.003692692
403,768,1,0.761625131,0.637431659,0.124193472
403,768,2,0.170491926,0.16746742,0.003024506
403,768,3,0.003728463,0.000631015,0.003097448
403,768,4,0.010575674,0.007568434,0.00300724
403,768,5,0.127213285,0.124191881,0.003021404
403,768,6,0.00404903,0.000945778,0.003103252
403,768,7,0.015479584,0.012291546,0.003188038
403,768,8,0.004163169,0.000826248,0.003336921
403,768,9,0.004076134,0.000646364,0.00342977
403,768,10,0.003954613,0.000459436,0.003495177
403,768,11,0.003957635,0.000470938,0.003486697
403,768,12,0.003959354,0.000465519,0.003493835
403,768,13,0.003887429,0.000473886,0.003413543
403,768,14,0.003819342,0.000527176,0.003292166
403,768,15,0.004029929,0.000756915,0.003273014
403,768,16,0.019622603,0.01636995,0.003252653
403,768,17,0.004814532,0.001506456,0.003308076
403,768,18,0.004773953,0.001385665,0.003388288
403,768,19,0.00493903,0.001594886,0.003344144
403,768,20,0.004836895,0.00146431,0.003372585
403,768,21,0.00508837,0.001637961,0.003450409
403,768,22,0.004540114,0.001142556,0.003397558
403,768,23,0.004545851,0.001185241,0.00336061
403,768,24,0.004677794,0.00134692,0.003330874
403,768,25,0.004655314,0.001308327,0.003346987
403,768,26,0.004568778,0.001160875,0.003407903
403,768,27,0.004394615,0.001019072,0.003375543
403,768,28,0.004327626,0.000950412,0.003377214
403,768,29,0.004492771,0.001105356,0.003387415
403,768,30,0.004539862,0.001076476,0.003463386
403,768,31,0.004714386,0.001107428,0.003606958
403,768,32,0.004556015,0.000951642,0.003604373
403,768,33,0.004644996,0.000984883,0.003660113
403,768,34,0.004567271,0.00089547,0.003671801
403,768,35,0.004459585,0.000809321,0.003650264
403,768,36,0.004548605,0.000856211,0.003692394
403,768,37,0.004476247,0.000782369,0.003693878
403,768,38,0.004559629,0.000784551,0.003775078
403,768,39,0.004491423,0.000680482,0.003810941
403,768,40,0.004475881,0.00065102,0.003824861
403,768,41,0.004644206,0.000798499,0.003845707
403,768,42,0.004587116,0.000693525,0.003893591
403,768,43,0.004481604,0.000620356,0.003861248
403,768,44,0.004690522,0.000779744,0.003910778
403,768,45,0.00477638,0.000825902,0.003950478
403,768,46,0.00448449,0.000573644,0.003910846
403,768,47,0.004591067,0.000730011,0.003861056
403,768,48,0.004455639,0.000597156,0.003858483
403,768,49,0.00460612,0.000663905,0.003942215
403,768,50,0.00443763,0.000555313,0.003882317
403,768,51,0.004492735,0.000598814,0.003893921
403,768,52,0.00459899,0.000699009,0.003899981
403,768,53,0.004497553,0.000616127,0.003881426
403,768,54,0.004553206,0.000698256,0.00385495
403,768,55,0.004338979,0.000572115,0.003766864
403,768,56,0.004505523,0.00078293,0.003722593
403,768,57,0.004487729,0.000697878,0.003789851
403,768,58,0.004462294,0.000703638,0.003758656
403,768,59,0.004509969,0.000702598,0.003807371
403,768,60,0.004704741,0.000773989,0.003930752
403,768,61,0.004490204,0.000632938,0.003857266
403,768,62,0.004647061,0.000804996,0.003842065
403,768,63,0.00459065,0.000878135,0.003712515
403,768,64,0.005467153,0.001983436,0.003483717
403,768,65,0.005094864,0.001626606,0.003468258
403,768,66,0.004359374,0.000872966,0.003486408
403,768,67,0.006262324,0.002693202,0.003569122
403,768,68,0.006882078,0.003348585,0.003533493
403,768,69,0.004296745,0.000816368,0.003480377
403,768,70,0.004571861,0.001197517,0.003374344
403,768,71,0.004956585,0.001399666,0.003556919
403,768,72,0.004784192,0.001295171,0.003489021
403,768,73,0.004568702,0.001060029,0.003508673
403,768,74,0.004474431,0.000844378,0.003630053
403,768,75,0.004743084,0.000929054,0.00381403
403,768,76,0.004583558,0.000724494,0.003859064
403,768,77,0.004397861,0.000526655,0.003871206
403,768,78,0.004289951,0.000562981,0.00372697
403,768,79,0.004776122,0.000965174,0.003810948
403,768,80,0.004938841,0.001035982,0.003902859
403,768,81,0.005914531,0.002077155,0.003837376
403,768,82,0.004497801,0.000684383,0.003813418
403,768,83,0.005400776,0.00135818,0.004042596
403,768,84,0.004644741,0.000659231,0.00398551
403,768,85,0.004532483,0.000575268,0.003957215
403,768,86,0.005070757,0.001164215,0.003906542
403,768,87,0.006210702,0.002492824,0.003717878
403,768,88,0.004355109,0.000572371,0.003782738
403,768,89,0.004585819,0.000769201,0.003816618
403,768,90,0.004623826,0.000742426,0.0038814
403,768,91,0.005936354,0.002199596,0.003736758
403,768,92,0.004501845,0.000832916,0.003668929
403,768,93,0.004326669,0.000676599,0.00365007
403,768,94,0.007811156,0.004128051,0.003683105
403,768,95,0.00548172,0.001649479,0.003832241
403,768,96,0.004680226,0.000919993,0.003760233
403,768,97,0.004294868,0.000558829,0.003736039
403,768,98,0.004383881,0.000713191,0.00367069
403,768,99,0.004889659,0.00121327,0.003676389
403,768,100,0.005669079,0.002143938,0.003525141
403,768,101,0.004681956,0.001061056,0.0036209
403,768,102,0.006471527,0.002671148,0.003800379
403,768,103,0.004696743,0.000947749,0.003748994
403,768,104,0.004493297,0.000682609,0.003810688
403,768,105,0.004370371,0.000620312,0.003750059
403,768,106,0.00433495,0.000580779,0.003754171
403,768,107,0.008026812,0.004293678,0.003733134
403,768,108,0.004484848,0.000710204,0.003774644
403,768,109,0.004374582,0.000569576,0.003805006
403,768,110,0.004908366,0.001284997,0.003623369
404,768,1,0.761486962,0.636893539,0.124593423
404,768,2,0.063086698,0.060001745,0.003084953
404,768,3,0.074280024,0.071183232,0.003096792
404,768,4,0.081474812,0.078392195,0.003082617
404,768,5,0.003773626,0.000612596,0.00316103
404,768,6,0.056374855,0.053282615,0.00309224
404,768,7,0.004362716,0.001167222,0.003195494
404,768,8,0.015262111,0.012049912,0.003212199
404,768,9,0.004281812,0.000800257,0.003481555
404,768,10,0.004164144,0.000611964,0.00355218
404,768,11,0.003947164,0.00045705,0.003490114
404,768,12,0.003939238,0.000436567,0.003502671
404,768,13,0.003802501,0.000432762,0.003369739
404,768,14,0.003950883,0.000600944,0.003349939
404,768,15,0.020479782,0.017225496,0.003254286
404,768,16,0.004755945,0.001456929,0.003299016
404,768,17,0.004779399,0.001464739,0.00331466
404,768,18,0.0048179,0.001437998,0.003379902
404,768,19,0.004791882,0.001290956,0.003500926
404,768,20,0.004729495,0.001345972,0.003383523
404,768,21,0.004529871,0.001041896,0.003487975
404,768,22,0.004593412,0.001104975,0.003488437
404,768,23,0.004561545,0.001171187,0.003390358
404,768,24,0.004721266,0.00130676,0.003414506
404,768,25,0.004521396,0.001126132,0.003395264
404,768,26,0.004529131,0.001094231,0.0034349
404,768,27,0.004363317,0.000936334,0.003426983
404,768,28,0.00448165,0.00101709,0.00346456
404,768,29,0.004219771,0.000818321,0.00340145
404,768,30,0.004491551,0.000918796,0.003572755
404,768,31,0.004567226,0.000933126,0.0036341
404,768,32,0.004504278,0.000854779,0.003649499
404,768,33,0.004554644,0.000921442,0.003633202
404,768,34,0.004552459,0.000853187,0.003699272
404,768,35,0.004441201,0.000738019,0.003703182
404,768,36,0.00460587,0.000855966,0.003749904
404,768,37,0.00444295,0.000713457,0.003729493
404,768,38,0.004612682,0.000805261,0.003807421
404,768,39,0.004435735,0.000631511,0.003804224
404,768,40,0.004606586,0.000754103,0.003852483
404,768,41,0.004417011,0.000586531,0.00383048
404,768,42,0.004612469,0.000684339,0.00392813
404,768,43,0.004475433,0.000570289,0.003905144
404,768,44,0.004556936,0.000627366,0.00392957
404,768,45,0.004443497,0.000582238,0.003861259
404,768,46,0.004777395,0.000831927,0.003945468
404,768,47,0.004513732,0.000631343,0.003882389
404,768,48,0.004616587,0.000679449,0.003937138
404,768,49,0.004587371,0.000653066,0.003934305
404,768,50,0.004547532,0.000637416,0.003910116
404,768,51,0.004584119,0.000600327,0.003983792
404,768,52,0.004422831,0.000586738,0.003836093
404,768,53,0.004565496,0.000615793,0.003949703
404,768,54,0.004468452,0.000611014,0.003857438
404,768,55,0.00438659,0.000590569,0.003796021
404,768,56,0.004738554,0.001005577,0.003732977
404,768,57,0.004528142,0.000805287,0.003722855
404,768,58,0.004792244,0.001067541,0.003724703
404,768,59,0.004703396,0.000883141,0.003820255
404,768,60,0.004566468,0.000664076,0.003902392
404,768,61,0.004590634,0.000673951,0.003916683
404,768,62,0.004789442,0.000946217,0.003843225
404,768,63,0.005327607,0.001799239,0.003528368
404,768,64,0.004867393,0.001345768,0.003521625
404,768,65,0.004635395,0.00108799,0.003547405
404,768,66,0.006037263,0.002555672,0.003481591
404,768,67,0.004901822,0.001223398,0.003678424
404,768,68,0.004410498,0.000627529,0.003782969
404,768,69,0.005730114,0.002227528,0.003502586
404,768,70,0.004679617,0.001227587,0.00345203
404,768,71,0.004922244,0.001357129,0.003565115
404,768,72,0.004641955,0.001086485,0.00355547
404,768,73,0.004719887,0.001035418,0.003684469
404,768,74,0.004525745,0.000821151,0.003704594
404,768,75,0.004462471,0.000695314,0.003767157
404,768,76,0.004836354,0.000983922,0.003852432
404,768,77,0.004725084,0.000846244,0.00387884
404,768,78,0.004453134,0.000635057,0.003818077
404,768,79,0.004955247,0.001078299,0.003876948
404,768,80,0.006452678,0.002485975,0.003966703
404,768,81,0.004427252,0.000552355,0.003874897
404,768,82,0.00440837,0.000513597,0.003894773
404,768,83,0.004660518,0.000701211,0.003959307
404,768,84,0.005074141,0.001010289,0.004063852
404,768,85,0.005500049,0.001462137,0.004037912
404,768,86,0.006401395,0.002600549,0.003800846
404,768,87,0.004303097,0.000503049,0.003800048
404,768,88,0.004410973,0.000579444,0.003831529
404,768,89,0.00459456,0.000696876,0.003897684
404,768,90,0.006154568,0.002266657,0.003887911
404,768,91,0.004648369,0.000854905,0.003793464
404,768,92,0.00427404,0.000544777,0.003729263
404,768,93,0.007847454,0.004107883,0.003739571
404,768,94,0.005335249,0.001516012,0.003819237
404,768,95,0.004746954,0.000834028,0.003912926
404,768,96,0.004335215,0.00048982,0.003845395
404,768,97,0.00435902,0.000542247,0.003816773
404,768,98,0.004728398,0.001005693,0.003722705
404,768,99,0.005860303,0.002165518,0.003694785
404,768,100,0.004465313,0.000884953,0.00358036
404,768,101,0.006544412,0.002795971,0.003748441
404,768,102,0.004740825,0.000829799,0.003911026
404,768,103,0.004416278,0.000585571,0.003830707
404,768,104,0.004449104,0.000518545,0.003930559
404,768,105,0.004367978,0.000560732,0.003807246
404,768,106,0.008080105,0.004259415,0.00382069
404,768,107,0.004405869,0.000582932,0.003822937
404,768,108,0.004358607,0.000533229,0.003825378
404,768,109,0.005074373,0.001277414,0.003796959
404,768,110,0.004289768,0.000684641,0.003605127
405,768,1,0.760915783,0.636707497,0.124208286
405,768,2,0.106133885,0.103108854,0.003025031
405,768,3,0.008781387,0.005750087,0.0030313
405,768,4,0.095282726,0.092243942,0.003038784
405,768,5,0.049059267,0.046035819,0.003023448
405,768,6,0.003988478,0.000872501,0.003115977
405,768,7,0.056131886,0.053104631,0.003027255
405,768,8,0.004357848,0.00132374,0.003034108
405,768,9,0.015394652,0.011990766,0.003403886
405,768,10,0.004442536,0.000897596,0.00354494
405,768,11,0.004114348,0.000619416,0.003494932
405,768,12,0.003983302,0.000468029,0.003515273
405,768,13,0.003857612,0.000487806,0.003369806
405,768,14,0.021147736,0.017939647,0.003208089
405,768,15,0.00464836,0.001423199,0.003225161
405,768,16,0.004878975,0.001458239,0.003420736
405,768,17,0.004757913,0.001371536,0.003386377
405,768,18,0.004687682,0.001270763,0.003416919
405,768,19,0.00477543,0.001291238,0.003484192
405,768,20,0.004481467,0.001086029,0.003395438
405,768,21,0.004365441,0.000940445,0.003424996
405,768,22,0.004386509,0.001042572,0.003343937
405,768,23,0.004703165,0.001314275,0.00338889
405,768,24,0.004574514,0.001286424,0.00328809
405,768,25,0.004372522,0.001085365,0.003287157
405,768,26,0.004577739,0.001200043,0.003377696
405,768,27,0.004412311,0.000994181,0.00341813
405,768,28,0.004310458,0.000881037,0.003429421
405,768,29,0.004232308,0.00086782,0.003364488
405,768,30,0.004545542,0.00103999,0.003505552
405,768,31,0.00455817,0.000971822,0.003586348
405,768,32,0.004599408,0.000961793,0.003637615
405,768,33,0.004400188,0.000797161,0.003603027
405,768,34,0.004580464,0.000958888,0.003621576
405,768,35,0.004492936,0.000843418,0.003649518
405,768,36,0.004507092,0.000867394,0.003639698
405,768,37,0.0043699,0.000745265,0.003624635
405,768,38,0.004615916,0.000886131,0.003729785
405,768,39,0.004425445,0.000692524,0.003732921
405,768,40,0.004464374,0.000687034,0.00377734
405,768,41,0.004421737,0.000636812,0.003784925
405,768,42,0.004486625,0.000640423,0.003846202
405,768,43,0.00457629,0.000628649,0.003947641
405,768,44,0.004564476,0.000648135,0.003916341
405,768,45,0.004490387,0.000609079,0.003881308
405,768,46,0.004666003,0.000742059,0.003923944
405,768,47,0.004452864,0.000608057,0.003844807
405,768,48,0.004676519,0.000717572,0.003958947
405,768,49,0.004712523,0.000744491,0.003968032
405,768,50,0.00441152,0.000524981,0.003886539
405,768,51,0.004627925,0.000720118,0.003907807
405,768,52,0.004701192,0.000758373,0.003942819
405,768,53,0.004579946,0.000671273,0.003908673
405,768,54,0.004498977,0.000671574,0.003827403
405,768,55,0.004632458,0.000805991,0.003826467
405,768,56,0.004668226,0.001006583,0.003661643
405,768,57,0.004799365,0.001091403,0.003707962
405,768,58,0.004621367,0.000933204,0.003688163
405,768,59,0.004523512,0.000806496,0.003717016
405,768,60,0.004661242,0.000878178,0.003783064
405,768,61,0.004778195,0.000911365,0.00386683
405,768,62,0.005662905,0.001962583,0.003700322
405,768,63,0.004314182,0.000799942,0.00351424
405,768,64,0.004707212,0.001302054,0.003405158
405,768,65,0.00497016,0.001466647,0.003503513
405,768,66,0.005022695,0.001496227,0.003526468
405,768,67,0.004466078,0.000871837,0.003594241
405,768,68,0.004751256,0.001060101,0.003691155
405,768,69,0.004253816,0.000632837,0.003620979
405,768,70,0.006094854,0.002721259,0.003373595
405,768,71,0.004964498,0.001474373,0.003490125
405,768,72,0.004688598,0.001232775,0.003455823
405,768,73,0.00468231,0.001065158,0.003617152
405,768,74,0.004523082,0.000870403,0.003652679
405,768,75,0.005374615,0.001596712,0.003777903
405,768,76,0.004875722,0.00111027,0.003765452
405,768,77,0.004490968,0.000609349,0.003881619
405,768,78,0.004645584,0.000923559,0.003722025
405,768,79,0.006560874,0.002769393,0.003791481
405,768,80,0.004638941,0.000804776,0.003834165
405,768,81,0.004380513,0.000631403,0.00374911
405,768,82,0.004564354,0.000775535,0.003788819
405,768,83,0.004848157,0.000944558,0.003903599
405,768,84,0.005647416,0.001726417,0.003920999
405,768,85,0.006725904,0.002874353,0.003851551
405,768,86,0.004178452,0.000440506,0.003737946
405,768,87,0.004241567,0.000530442,0.003711125
405,768,88,0.004583444,0.000774137,0.003809307
405,768,89,0.006260795,0.002419197,0.003841598
405,768,90,0.004832847,0.001112776,0.003720071
405,768,91,0.004294499,0.000599729,0.00369477
405,768,92,0.007730487,0.004100879,0.003629608
405,768,93,0.005292334,0.001630532,0.003661802
405,768,94,0.004668187,0.000868411,0.003799776
405,768,95,0.004370376,0.000519763,0.003850613
405,768,96,0.004423687,0.000644601,0.003779086
405,768,97,0.00473232,0.001030471,0.003701849
405,768,98,0.005766051,0.0021028,0.003663251
405,768,99,0.004573024,0.000957782,0.003615242
405,768,100,0.006382788,0.002776049,0.003606739
405,768,101,0.004762171,0.00103953,0.003722641
405,768,102,0.004492291,0.000658105,0.003834186
405,768,103,0.004378672,0.000595182,0.00378349
405,768,104,0.004483542,0.00067008,0.003813462
405,768,105,0.008150362,0.00433513,0.003815232
405,768,106,0.004445469,0.000737413,0.003708056
405,768,107,0.004208598,0.000425065,0.003783533
405,768,108,0.005192693,0.001332834,0.003859859
405,768,109,0.004509846,0.000701547,0.003808299
405,768,110,0.004227876,0.000793249,0.003434627
406,768,1,0.757472486,0.633748374,0.123724112
406,768,2,0.096338404,0.093302803,0.003035601
406,768,3,0.010300515,0.007282751,0.003017764
406,768,4,0.134082799,0.131064341,0.003018458
406,768,5,0.003889419,0.000732132,0.003157287
406,768,6,0.053246607,0.050224908,0.003021699
406,768,7,0.00443585,0.0014054,0.00303045
406,768,8,0.005301368,0.002264641,0.003036727
406,768,9,0.004439196,0.001384388,0.003054808
406,768,10,0.015260788,0.011884169,0.003376619
406,768,11,0.004604503,0.001121669,0.003482834
406,768,12,0.004101197,0.000633723,0.003467474
406,768,13,0.021724676,0.018600307,0.003124369
406,768,14,0.004834686,0.001583018,0.003251668
406,768,15,0.004794128,0.001546121,0.003248007
406,768,16,0.004802296,0.001565187,0.003237109
406,768,17,0.00461804,0.001288973,0.003329067
406,768,18,0.004736545,0.001372385,0.00336416
406,768,19,0.004585834,0.001098039,0.003487795
406,768,20,0.004341413,0.000927905,0.003413508
406,768,21,0.004285946,0.000870898,0.003415048
406,768,22,0.00422794,0.000829994,0.003397946
406,768,23,0.004279875,0.00097336,0.003306515
406,768,24,0.004608123,0.001246498,0.003361625
406,768,25,0.00450374,0.001185516,0.003318224
406,768,26,0.004521308,0.001189318,0.00333199
406,768,27,0.004345465,0.000974785,0.00337068
406,768,28,0.004304329,0.000938982,0.003365347
406,768,29,0.004345255,0.000951392,0.003393863
406,768,30,0.004325383,0.000874841,0.003450542
406,768,31,0.004268676,0.000778353,0.003490323
406,768,32,0.004327718,0.000777638,0.00355008
406,768,33,0.004466262,0.000891404,0.003574858
406,768,34,0.004575002,0.000968747,0.003606255
406,768,35,0.004572379,0.000920096,0.003652283
406,768,36,0.004585482,0.000852331,0.003733151
406,768,37,0.00448812,0.000743381,0.003744739
406,768,38,0.004491834,0.000754836,0.003736998
406,768,39,0.004638028,0.000739505,0.003898523
406,768,40,0.004452178,0.00062445,0.003827728
406,768,41,0.004519824,0.000646346,0.003873478
406,768,42,0.004388091,0.000565935,0.003822156
406,768,43,0.004447746,0.00063019,0.003817556
406,768,44,0.004701921,0.000884701,0.00381722
406,768,45,0.00457815,0.000773101,0.003805049
406,768,46,0.00476391,0.000942579,0.003821331
406,768,47,0.004818419,0.000960608,0.003857811
406,768,48,0.004573276,0.000691288,0.003881988
406,768,49,0.004451391,0.00058297,0.003868421
406,768,50,0.004712659,0.000870943,0.003841716
406,768,51,0.004424893,0.000616817,0.003808076
406,768,52,0.004799313,0.001036636,0.003762677
406,768,53,0.004648729,0.000819578,0.003829151
406,768,54,0.004600317,0.000914367,0.00368595
406,768,55,0.004475571,0.000856557,0.003619014
406,768,56,0.004723736,0.001136734,0.003587002
406,768,57,0.004552465,0.000999924,0.003552541
406,768,58,0.004830549,0.001282501,0.003548048
406,768,59,0.00480143,0.001074146,0.003727284
406,768,60,0.004828982,0.001102658,0.003726324
406,768,61,0.004497223,0.000824853,0.00367237
406,768,62,0.004601923,0.00092073,0.003681193
406,768,63,0.00465124,0.001016137,0.003635103
406,768,64,0.005251609,0.001798416,0.003453193
406,768,65,0.005293761,0.001861182,0.003432579
406,768,66,0.004734154,0.001180415,0.003553739
406,768,67,0.004310381,0.000763868,0.003546513
406,768,68,0.004536898,0.000890607,0.003646291
406,768,69,0.004260008,0.00069271,0.003567298
406,768,70,0.005529747,0.0021421,0.003387647
406,768,71,0.005239909,0.001769147,0.003470762
406,768,72,0.004682965,0.001263229,0.003419736
406,768,73,0.004968548,0.001463129,0.003505419
406,768,74,0.005428846,0.001897746,0.0035311
406,768,75,0.00494076,0.001240025,0.003700735
406,768,76,0.00478034,0.001056571,0.003723769
406,768,77,0.004739233,0.000918493,0.00382074
406,768,78,0.006270745,0.002523705,0.00374704
406,768,79,0.004946803,0.001071679,0.003875124
406,768,80,0.004510683,0.00068222,0.003828463
406,768,81,0.004397067,0.000601705,0.003795362
406,768,82,0.004784153,0.001003404,0.003780749
406,768,83,0.005616852,0.001711739,0.003905113
406,768,84,0.005723954,0.001763555,0.003960399
406,768,85,0.004593088,0.00070283,0.003890258
406,768,86,0.004548123,0.000808387,0.003739736
406,768,87,0.004236566,0.000536897,0.003699669
406,768,88,0.007016841,0.003241712,0.003775129
406,768,89,0.005123447,0.001311491,0.003811956
406,768,90,0.004232145,0.000542697,0.003689448
406,768,91,0.007671453,0.00398628,0.003685173
406,768,92,0.005343744,0.001674997,0.003668747
406,768,93,0.004575438,0.000885706,0.003689732
406,768,94,0.004263847,0.000515335,0.003748512
406,768,95,0.004452268,0.000639008,0.00381326
406,768,96,0.004726099,0.000992556,0.003733543
406,768,97,0.005712001,0.002048057,0.003663944
406,768,98,0.004701111,0.001074907,0.003626204
406,768,99,0.006428538,0.002811623,0.003616915
406,768,100,0.004570777,0.000951386,0.003619391
406,768,101,0.004647809,0.000882114,0.003765695
406,768,102,0.004417549,0.000551649,0.0038659
406,768,103,0.004546086,0.000813085,0.003733001
406,768,104,0.008160022,0.004382141,0.003777881
406,768,105,0.00451013,0.00074145,0.00376868
406,768,106,0.004136037,0.0004696,0.003666437
406,768,107,0.005158542,0.00133515,0.003823392
406,768,108,0.004532567,0.000614109,0.003918458
406,768,109,0.004596663,0.000663324,0.003933339
406,768,110,0.006259516,0.002888004,0.003371512
407,768,1,0.76135528,0.637130009,0.124225271
407,768,2,0.101601027,0.098573552,0.003027475
407,768,3,0.003671883,0.000565191,0.003106692
407,768,4,0.109985854,0.106968414,0.00301744
407,768,5,0.077581024,0.074563766,0.003017258
407,768,6,0.004067939,0.001046504,0.003021435
407,768,7,0.004171899,0.001046948,0.003124951
407,768,8,0.003821586,0.000678407,0.003143179
407,768,9,0.004537611,0.001428589,0.003109022
407,768,10,0.004506082,0.001259083,0.003246999
407,768,11,0.015061389,0.011630757,0.003430632
407,768,12,0.023369618,0.020262971,0.003106647
407,768,13,0.004838438,0.00174395,0.003094488
407,768,14,0.004889345,0.001600067,0.003289278
407,768,15,0.004812197,0.001484068,0.003328129
407,768,16,0.004536028,0.001241819,0.003294209
407,768,17,0.00471204,0.001380896,0.003331144
407,768,18,0.004441162,0.001053288,0.003387874
407,768,19,0.004363267,0.000926203,0.003437064
407,768,20,0.004341854,0.000905076,0.003436778
407,768,21,0.004197589,0.000792479,0.00340511
407,768,22,0.004136858,0.000774072,0.003362786
407,768,23,0.004153675,0.000764419,0.003389256
407,768,24,0.004416352,0.001073405,0.003342947
407,768,25,0.004332877,0.001031682,0.003301195
407,768,26,0.004449911,0.001090412,0.003359499
407,768,27,0.004274951,0.000913254,0.003361697
407,768,28,0.004252973,0.000886656,0.003366317
407,768,29,0.004386921,0.001012801,0.00337412
407,768,30,0.004385895,0.000923819,0.003462076
407,768,31,0.004457929,0.000859393,0.003598536
407,768,32,0.004446172,0.000845754,0.003600418
407,768,33,0.004396036,0.000792184,0.003603852
407,768,34,0.004463608,0.000841317,0.003622291
407,768,35,0.004404234,0.000737023,0.003667211
407,768,36,0.004384438,0.000744202,0.003640236
407,768,37,0.004495177,0.000809475,0.003685702
407,768,38,0.004480577,0.000788241,0.003692336
407,768,39,0.004727926,0.000917233,0.003810693
407,768,40,0.004662039,0.000933204,0.003728835
407,768,41,0.004570062,0.000761331,0.003808731
407,768,42,0.004678684,0.00090921,0.003769474
407,768,43,0.004745796,0.000883914,0.003861882
407,768,44,0.004379504,0.000608316,0.003771188
407,768,45,0.004742816,0.000880468,0.003862348
407,768,46,0.004970236,0.001028211,0.003942025
407,768,47,0.004415947,0.000613689,0.003802258
407,768,48,0.004565524,0.000721998,0.003843526
407,768,49,0.004413958,0.000621592,0.003792366
407,768,50,0.004707025,0.000952757,0.003754268
407,768,51,0.00462846,0.000836806,0.003791654
407,768,52,0.004790966,0.001047403,0.003743563
407,768,53,0.004442289,0.00067898,0.003763309
407,768,54,0.004566205,0.000892005,0.0036742
407,768,55,0.004396497,0.000787551,0.003608946
407,768,56,0.004851707,0.001313759,0.003537948
407,768,57,0.00458803,0.001001578,0.003586452
407,768,58,0.00490218,0.001238733,0.003663447
407,768,59,0.004854276,0.001238967,0.003615309
407,768,60,0.004849179,0.001186215,0.003662964
407,768,61,0.004653399,0.000975662,0.003677737
407,768,62,0.004411621,0.000802519,0.003609102
407,768,63,0.005116524,0.001621301,0.003495223
407,768,64,0.005383093,0.002069437,0.003313656
407,768,65,0.004719942,0.001215229,0.003504713
407,768,66,0.004424651,0.000882151,0.0035425
407,768,67,0.004575318,0.000868127,0.003707191
407,768,68,0.00427707,0.000618163,0.003658907
407,768,69,0.005323956,0.001855556,0.0034684
407,768,70,0.004985951,0.00156218,0.003423771
407,768,71,0.004857901,0.001319715,0.003538186
407,768,72,0.00500546,0.001592106,0.003413354
407,768,73,0.004733164,0.001117913,0.003615251
407,768,74,0.005505006,0.002103416,0.00340159
407,768,75,0.004727653,0.00107378,0.003653873
407,768,76,0.004856495,0.001121633,0.003734862
407,768,77,0.006358504,0.002599585,0.003758919
407,768,78,0.004905923,0.001128047,0.003777876
407,768,79,0.004811938,0.000935167,0.003876771
407,768,80,0.004401704,0.000643656,0.003758048
407,768,81,0.004479702,0.000726983,0.003752719
407,768,82,0.005651741,0.001848128,0.003803613
407,768,83,0.005764258,0.001857437,0.003906821
407,768,84,0.004757537,0.000805362,0.003952175
407,768,85,0.004456969,0.000542701,0.003914268
407,768,86,0.004254972,0.000502593,0.003752379
407,768,87,0.006985522,0.003219971,0.003765551
407,768,88,0.005223589,0.001430243,0.003793346
407,768,89,0.004366953,0.000564236,0.003802717
407,768,90,0.007686338,0.003994879,0.003691459
407,768,91,0.005372306,0.001737578,0.003634728
407,768,92,0.004512731,0.000833203,0.003679528
407,768,93,0.004205248,0.000546367,0.003658881
407,768,94,0.004452933,0.000697281,0.003755652
407,768,95,0.004747556,0.000956022,0.003791534
407,768,96,0.005586025,0.001886296,0.003699729
407,768,97,0.004643467,0.000980935,0.003662532
407,768,98,0.006516157,0.002903856,0.003612301
407,768,99,0.004604245,0.001008982,0.003595263
407,768,100,0.004503864,0.000889003,0.003614861
407,768,101,0.004529148,0.00079746,0.003731688
407,768,102,0.004703292,0.000944125,0.003759167
407,768,103,0.008118655,0.004208316,0.003910339
407,768,104,0.00450687,0.000768786,0.003738084
407,768,105,0.004241227,0.000513877,0.00372735
407,768,106,0.005047762,0.00138618,0.003661582
407,768,107,0.004429087,0.000670108,0.003758979
407,768,108,0.004572191,0.000692445,0.003879746
407,768,109,0.004380387,0.000542218,0.003838169
407,768,110,0.004389202,0.00101363,0.003375572
408,768,1,0.804688056,0.674971317,0.129716739
408,768,2,0.045079918,0.042028763,0.003051155
408,768,3,0.064338362,0.061273228,0.003065134
408,768,4,0.134184301,0.131116154,0.003068147
408,768,5,0.003963536,0.000812341,0.003151195
408,768,6,0.003988421,0.000830709,0.003157712
408,768,7,0.003797711,0.000644918,0.003152793
408,768,8,0.003832487,0.000631539,0.003200948
408,768,9,0.003888055,0.000688651,0.003199404
408,768,10,0.004027542,0.00082094,0.003206602
408,768,11,0.035843276,0.032545844,0.003297432
408,768,12,0.004915501,0.001358845,0.003556656
408,768,13,0.00468512,0.000787694,0.003897426
408,768,14,0.004725578,0.000702475,0.004023103
408,768,15,0.004638807,0.000654875,0.003983932
408,768,16,0.004630415,0.000654983,0.003975432
408,768,17,0.004359897,0.000659665,0.003700232
408,768,18,0.004369468,0.000619384,0.003750084
408,768,19,0.004286633,0.000638736,0.003647897
408,768,20,0.004224004,0.000620344,0.00360366
408,768,21,0.004228538,0.000643576,0.003584962
408,768,22,0.00411589,0.000607213,0.003508677
408,768,23,0.004108334,0.000565178,0.003543156
408,768,24,0.004239696,0.000772902,0.003466794
408,768,25,0.004612423,0.00099823,0.003614193
408,768,26,0.004257812,0.000762571,0.003495241
408,768,27,0.004258,0.000779924,0.003478076
408,768,28,0.004338866,0.000829263,0.003509603
408,768,29,0.004270106,0.000690964,0.003579142
408,768,30,0.004132716,0.000636721,0.003495995
408,768,31,0.004159299,0.000654387,0.003504912
408,768,32,0.004407087,0.00076256,0.003644527
408,768,33,0.004448308,0.000773701,0.003674607
408,768,34,0.004531167,0.000828024,0.003703143
408,768,35,0.004406832,0.000777052,0.00362978
408,768,36,0.004600705,0.000896012,0.003704693
408,768,37,0.004548952,0.000814639,0.003734313
408,768,38,0.004839683,0.001075355,0.003764328
408,768,39,0.004693196,0.000920511,0.003772685
408,768,40,0.004483968,0.000763456,0.003720512
408,768,41,0.00477903,0.000872773,0.003906257
408,768,42,0.004647612,0.000812877,0.003834735
408,768,43,0.004481761,0.00063185,0.003849911
408,768,44,0.004613526,0.000773176,0.00384035
408,768,45,0.004700834,0.000870825,0.003830009
408,768,46,0.004670973,0.000829789,0.003841184
408,768,47,0.004474041,0.000639294,0.003834747
408,768,48,0.004598974,0.000772129,0.003826845
408,768,49,0.004570084,0.000691486,0.003878598
408,768,50,0.004716796,0.000792621,0.003924175
408,768,51,0.004651459,0.000723217,0.003928242
408,768,52,0.004584503,0.000708334,0.003876169
408,768,53,0.004574104,0.000724478,0.003849626
408,768,54,0.004538305,0.000686771,0.003851534
408,768,55,0.00469757,0.000791787,0.003905783
408,768,56,0.004736005,0.000942627,0.003793378
408,768,57,0.004719754,0.00089669,0.003823064
408,768,58,0.004981288,0.001226113,0.003755175
408,768,59,0.004817636,0.000963389,0.003854247
408,768,60,0.004789656,0.000890425,0.003899231
408,768,61,0.004429875,0.000666029,0.003763846
408,768,62,0.004480411,0.000714767,0.003765644
408,768,63,0.004931641,0.001016454,0.003915187
408,768,64,0.005095942,0.001465613,0.003630329
408,768,65,0.004769833,0.001089004,0.003680829
408,768,66,0.004627169,0.001043643,0.003583526
408,768,67,0.004294885,0.000651379,0.003643506
408,768,68,0.005265033,0.001832323,0.00343271
408,768,69,0.004846823,0.001409154,0.003437669
408,768,70,0.004740284,0.001173273,0.003567011
408,768,71,0.00493932,0.001504002,0.003435318
408,768,72,0.004803976,0.001362426,0.00344155
408,768,73,0.0056552,0.002297238,0.003357962
408,768,74,0.004721969,0.001283609,0.00343836
408,768,75,0.00473642,0.001242375,0.003494045
408,768,76,0.006287353,0.002772847,0.003514506
408,768,77,0.004956679,0.00127235,0.003684329
408,768,78,0.004700173,0.001002359,0.003697814
408,768,79,0.004648133,0.001088606,0.003559527
408,768,80,0.00461984,0.000882828,0.003737012
408,768,81,0.005222688,0.001712666,0.003510022
408,768,82,0.005376322,0.001952976,0.003423346
408,768,83,0.005350747,0.0015343,0.003816447
408,768,84,0.004264144,0.000634305,0.003629839
408,768,85,0.004301362,0.0006616,0.003639762
408,768,86,0.00677337,0.003372895,0.003400475
408,768,87,0.005634945,0.002068036,0.003566909
408,768,88,0.004395193,0.000866764,0.003528429
408,768,89,0.007478943,0.004124579,0.003354364
408,768,90,0.005637674,0.002165412,0.003472262
408,768,91,0.004469621,0.000945218,0.003524403
408,768,92,0.004244968,0.00073441,0.003510558
408,768,93,0.00436607,0.000864862,0.003501208
408,768,94,0.004379697,0.001065083,0.003314614
408,768,95,0.005824355,0.002424727,0.003399628
408,768,96,0.004795176,0.001294455,0.003500721
408,768,97,0.006450729,0.003011922,0.003438807
408,768,98,0.004828686,0.00116773,0.003660956
408,768,99,0.00433896,0.000812304,0.003526656
408,768,100,0.004410134,0.001025624,0.00338451
408,768,101,0.004899134,0.001512179,0.003386955
408,768,102,0.007817126,0.001678059,0.006139067
408,768,103,0.004941711,0.001121022,0.003820689
408,768,104,0.004211775,0.000507143,0.003704632
408,768,105,0.005072583,0.001411528,0.003661055
408,768,106,0.004371117,0.000933585,0.003437532
408,768,107,0.004334853,0.000672386,0.003662467
408,768,108,0.004464082,0.000738806,0.003725276
408,768,109,0.004771411,0.001035247,0.003736164
408,768,110,0.004450446,0.000993251,0.003457195
409,768,1,0.757646631,0.633709108,0.123937523
409,768,2,0.172833844,0.169812531,0.003021313
409,768,3,0.005602632,0.002583035,0.003019597
409,768,4,0.063425892,0.060399576,0.003026316
409,768,5,0.071622433,0.068599941,0.003022492
409,768,6,0.004126013,0.000995127,0.003130886
409,768,7,0.004105992,0.000973163,0.003132829
409,768,8,0.003803752,0.000642542,0.00316121
409,768,9,0.003902236,0.000732952,0.003169284
409,768,10,0.036411298,0.033272205,0.003139093
409,768,11,0.004582154,0.001282153,0.003300001
409,768,12,0.004531015,0.000900409,0.003630606
409,768,13,0.004445361,0.000579151,0.00386621
409,768,14,0.004529162,0.00057242,0.003956742
409,768,15,0.004494614,0.000582357,0.003912257
409,768,16,0.004529049,0.00056653,0.003962519
409,768,17,0.004224599,0.000540392,0.003684207
409,768,18,0.004183359,0.00062015,0.003563209
409,768,19,0.004479927,0.00084643,0.003633497
409,768,20,0.004158641,0.000602042,0.003556599
409,768,21,0.004138337,0.000689377,0.00344896
409,768,22,0.004201015,0.000744551,0.003456464
409,768,23,0.004130994,0.000651562,0.003479432
409,768,24,0.004402522,0.000958278,0.003444244
409,768,25,0.004374364,0.000948678,0.003425686
409,768,26,0.004502425,0.001003991,0.003498434
409,768,27,0.004183054,0.000754574,0.00342848
409,768,28,0.004232851,0.000860607,0.003372244
409,768,29,0.004378856,0.000899798,0.003479058
409,768,30,0.004283738,0.000806707,0.003477031
409,768,31,0.004313182,0.00091401,0.003399172
409,768,32,0.00462273,0.001086503,0.003536227
409,768,33,0.004405178,0.000914313,0.003490865
409,768,34,0.004645251,0.00112459,0.003520661
409,768,35,0.004533372,0.000991937,0.003541435
409,768,36,0.004656998,0.001159093,0.003497905
409,768,37,0.004863431,0.001275248,0.003588183
409,768,38,0.004700505,0.001110012,0.003590493
409,768,39,0.004556539,0.000945733,0.003610806
409,768,40,0.004637746,0.001027518,0.003610228
409,768,41,0.004735791,0.001021501,0.00371429
409,768,42,0.004388268,0.000782173,0.003606095
409,768,43,0.00483888,0.001080225,0.003758655
409,768,44,0.004411104,0.000765069,0.003646035
409,768,45,0.004584875,0.000892557,0.003692318
409,768,46,0.004509924,0.000863632,0.003646292
409,768,47,0.004557175,0.000844112,0.003713063
409,768,48,0.00466529,0.000908315,0.003756975
409,768,49,0.004429915,0.000717237,0.003712678
409,768,50,0.004692218,0.000905708,0.00378651
409,768,51,0.004398629,0.00060629,0.003792339
409,768,52,0.004610172,0.000812268,0.003797904
409,768,53,0.00433927,0.000633174,0.003706096
409,768,54,0.004586747,0.000865369,0.003721378
409,768,55,0.00454348,0.000893633,0.003649847
409,768,56,0.004692209,0.001029852,0.003662357
409,768,57,0.00466939,0.001037276,0.003632114
409,768,58,0.004939909,0.001246724,0.003693185
409,768,59,0.005058334,0.001271491,0.003786843
409,768,60,0.004459971,0.000684336,0.003775635
409,768,61,0.004690873,0.000973283,0.00371759
409,768,62,0.005433709,0.001870596,0.003563113
409,768,63,0.004966498,0.001398459,0.003568039
409,768,64,0.004725988,0.001217989,0.003507999
409,768,65,0.004542399,0.001008006,0.003534393
409,768,66,0.004405077,0.000943126,0.003461951
409,768,67,0.004377913,0.00092276,0.003455153
409,768,68,0.004353962,0.000798503,0.003555459
409,768,69,0.00504411,0.001714197,0.003329913
409,768,70,0.00513452,0.001803959,0.003330561
409,768,71,0.004772227,0.001434815,0.003337412
409,768,72,0.007202265,0.00391675,0.003285515
409,768,73,0.004737424,0.001425053,0.003312371
409,768,74,0.004813993,0.001431921,0.003382072
409,768,75,0.006223771,0.002925293,0.003298478
409,768,76,0.004787209,0.001332085,0.003455124
409,768,77,0.004639251,0.001113864,0.003525387
409,768,78,0.004611608,0.001076843,0.003534765
409,768,79,0.004652126,0.001115857,0.003536269
409,768,80,0.005686142,0.002073061,0.003613081
409,768,81,0.005198173,0.001849036,0.003349137
409,768,82,0.004439145,0.001023406,0.003415739
409,768,83,0.004933185,0.001233709,0.003699476
409,768,84,0.004308234,0.000767816,0.003540418
409,768,85,0.007020889,0.003603946,0.003416943
409,768,86,0.005315246,0.001881553,0.003433693
409,768,87,0.004583663,0.001075552,0.003508111
409,768,88,0.004521354,0.00103524,0.003486114
409,768,89,0.006881571,0.000881491,0.00600008
409,768,90,0.00494489,0.001154776,0.003790114
409,768,91,0.004950916,0.001462926,0.00348799
409,768,92,0.00431638,0.00085604,0.00346034
409,768,93,0.005371419,0.002094335,0.003277084
409,768,94,0.005185015,0.002017637,0.003167378
409,768,95,0.005359557,0.002066584,0.003292973
409,768,96,0.00609645,0.002773965,0.003322485
409,768,97,0.00474335,0.00126832,0.00347503
409,768,98,0.004499348,0.000963212,0.003536136
409,768,99,0.004374568,0.000885049,0.003489519
409,768,100,0.005482564,0.002216247,0.003266317
409,768,101,0.004991783,0.001663032,0.003328751
409,768,102,0.003937631,0.000616976,0.003320655
409,768,103,0.006536521,0.003021669,0.003514852
409,768,104,0.006505165,0.003090108,0.003415057
409,768,105,0.00458544,0.00109004,0.0034954
409,768,106,0.004001686,0.000559638,0.003442048
409,768,107,0.004215519,0.000599135,0.003616384
409,768,108,0.00437001,0.00075895,0.00361106
409,768,109,0.005182471,0.001627947,0.003554524
409,768,110,0.004081717,0.000686119,0.003395598
410,768,1,0.756994742,0.633053803,0.123940939
410,768,2,0.175217861,0.172198535,0.003019326
410,768,3,0.003722126,0.000625772,0.003096354
410,768,4,0.087990254,0.084970683,0.003019571
410,768,5,0.003809328,0.000693036,0.003116292
410,768,6,0.045949507,0.04292698,0.003022527
410,768,7,0.004390707,0.001359932,0.003030775
410,768,8,0.004288276,0.001101514,0.003186762
410,768,9,0.036855372,0.033787989,0.003067383
410,768,10,0.004592639,0.001336888,0.003255751
410,768,11,0.004148672,0.000771866,0.003376806
410,768,12,0.004294824,0.000662767,0.003632057
410,768,13,0.004333877,0.00052678,0.003807097
410,768,14,0.004514026,0.000516996,0.00399703
410,768,15,0.004491492,0.000544428,0.003947064
410,768,16,0.004484385,0.000546162,0.003938223
410,768,17,0.004225698,0.000519365,0.003706333
410,768,18,0.004116158,0.000514399,0.003601759
410,768,19,0.004032655,0.000479755,0.0035529
410,768,20,0.004275387,0.000636032,0.003639355
410,768,21,0.004061128,0.000518584,0.003542544
410,768,22,0.004297941,0.000828243,0.003469698
410,768,23,0.004438407,0.000995292,0.003443115
410,768,24,0.004475732,0.001043574,0.003432158
410,768,25,0.004521239,0.001036279,0.00348496
410,768,26,0.004371193,0.00090146,0.003469733
410,768,27,0.004140793,0.000763061,0.003377732
410,768,28,0.004289314,0.000885143,0.003404171
410,768,29,0.004356645,0.00088323,0.003473415
410,768,30,0.004253315,0.000805588,0.003447727
410,768,31,0.004519459,0.001053009,0.00346645
410,768,32,0.004575845,0.001057567,0.003518278
410,768,33,0.004747189,0.00122022,0.003526969
410,768,34,0.004586301,0.001046774,0.003539527
410,768,35,0.004730307,0.001198028,0.003532279
410,768,36,0.00476141,0.001187537,0.003573873
410,768,37,0.004764077,0.00106282,0.003701257
410,768,38,0.004533562,0.000899573,0.003633989
410,768,39,0.004752365,0.000990107,0.003762258
410,768,40,0.004585828,0.00088952,0.003696308
410,768,41,0.004591493,0.000883416,0.003708077
410,768,42,0.004657856,0.000979481,0.003678375
410,768,43,0.004499345,0.000817603,0.003681742
410,768,44,0.004674376,0.000983862,0.003690514
410,768,45,0.004426464,0.000738511,0.003687953
410,768,46,0.004597826,0.000882538,0.003715288
410,768,47,0.004531578,0.000811101,0.003720477
410,768,48,0.004517465,0.000816484,0.003700981
410,768,49,0.004708249,0.000962597,0.003745652
410,768,50,0.004384865,0.000645003,0.003739862
410,768,51,0.004550742,0.000779035,0.003771707
410,768,52,0.004333827,0.000639495,0.003694332
410,768,53,0.004579429,0.000825654,0.003753775
410,768,54,0.004538525,0.000813009,0.003725516
410,768,55,0.004667324,0.000968503,0.003698821
410,768,56,0.004535964,0.000872814,0.00366315
410,768,57,0.004737037,0.001072005,0.003665032
410,768,58,0.004675355,0.00094861,0.003726745
410,768,59,0.00457339,0.000875803,0.003697587
410,768,60,0.004567664,0.000786714,0.00378095
410,768,61,0.006352457,0.002757353,0.003595104
410,768,62,0.004689356,0.001066843,0.003622513
410,768,63,0.004487348,0.000863938,0.00362341
410,768,64,0.004693495,0.001121063,0.003572432
410,768,65,0.004374396,0.000869013,0.003505383
410,768,66,0.004419161,0.001011554,0.003407607
410,768,67,0.004332117,0.000905291,0.003426826
410,768,68,0.004461386,0.000916672,0.003544714
410,768,69,0.004130511,0.000714327,0.003416184
410,768,70,0.006386079,0.003051817,0.003334262
410,768,71,0.007406586,0.004125647,0.003280939
410,768,72,0.004921684,0.00153266,0.003389024
410,768,73,0.00462701,0.001239133,0.003387877
410,768,74,0.006288838,0.002991245,0.003297593
410,768,75,0.00473764,0.001376809,0.003360831
410,768,76,0.004477395,0.001129101,0.003348294
410,768,77,0.004656974,0.001142473,0.003514501
410,768,78,0.004648329,0.001247315,0.003401014
410,768,79,0.005661064,0.002288234,0.00337283
410,768,80,0.005438219,0.002035374,0.003402845
410,768,81,0.004401153,0.000928635,0.003472518
410,768,82,0.004391362,0.000955299,0.003436063
410,768,83,0.004748344,0.001106196,0.003642148
410,768,84,0.007200476,0.003804759,0.003395717
410,768,85,0.005164421,0.001668666,0.003495755
410,768,86,0.004472946,0.001019089,0.003453857
410,768,87,0.004793463,0.001261601,0.003531862
410,768,88,0.004291295,0.000879023,0.003412272
410,768,89,0.004405858,0.000918131,0.003487727
410,768,90,0.005879956,0.002543257,0.003336699
410,768,91,0.004741696,0.001386626,0.00335507
410,768,92,0.007424417,0.004063346,0.003361071
410,768,93,0.005187418,0.001870645,0.003316773
410,768,94,0.005640531,0.002464214,0.003176317
410,768,95,0.005538535,0.002328987,0.003209548
410,768,96,0.004603889,0.001178291,0.003425598
410,768,97,0.0044485,0.000967767,0.003480733
410,768,98,0.004570163,0.001022265,0.003547898
410,768,99,0.004247073,0.000831985,0.003415088
410,768,100,0.004484661,0.001141101,0.00334356
410,768,101,0.005315892,0.001995086,0.003320806
410,768,102,0.005062373,0.001647681,0.003414692
410,768,103,0.008513539,0.002113548,0.006399991
410,768,104,0.004738379,0.001266919,0.00347146
410,768,105,0.004028295,0.000533184,0.003495111
410,768,106,0.003831604,0.000453496,0.003378108
410,768,107,0.004304535,0.0006887,0.003615835
410,768,108,0.004435922,0.000815458,0.003620464
410,768,109,0.004314946,0.000732312,0.003582634
410,768,110,0.004315687,0.000933212,0.003382475
411,768,1,0.755615258,0.632364392,0.123250866
411,768,2,0.176206757,0.17317496,0.003031797
411,768,3,0.004473733,0.001447944,0.003025789
411,768,4,0.019438704,0.016425191,0.003013513
411,768,5,0.072124384,0.069102578,0.003021806
411,768,6,0.003900073,0.00081232,0.003087753
411,768,7,0.04594965,0.042913135,0.003036515
411,768,8,0.038751905,0.035707591,0.003044314
411,768,9,0.004411331,0.001326146,0.003085185
411,768,10,0.004038429,0.000774993,0.003263436
411,768,11,0.003970353,0.000622966,0.003347387
411,768,12,0.004254976,0.000709364,0.003545612
411,768,13,0.004503159,0.000647331,0.003855828
411,768,14,0.004287449,0.000455334,0.003832115
411,768,15,0.004394241,0.000535542,0.003858699
411,768,16,0.004379771,0.00053302,0.003846751
411,768,17,0.004223507,0.000548039,0.003675468
411,768,18,0.004049079,0.000515014,0.003534065
411,768,19,0.004092228,0.000504918,0.00358731
411,768,20,0.004036606,0.000518922,0.003517684
411,768,21,0.004128159,0.000626277,0.003501882
411,768,22,0.004437858,0.001006422,0.003431436
411,768,23,0.004527003,0.001100241,0.003426762
411,768,24,0.00452952,0.001129241,0.003400279
411,768,25,0.004312472,0.000892473,0.003419999
411,768,26,0.004445445,0.000970361,0.003475084
411,768,27,0.004369198,0.000936669,0.003432529
411,768,28,0.004406456,0.001026568,0.003379888
411,768,29,0.004448558,0.00100932,0.003439238
411,768,30,0.004315103,0.000878433,0.00343667
411,768,31,0.004508996,0.001142401,0.003366595
411,768,32,0.004741045,0.001299325,0.00344172
411,768,33,0.004658823,0.001235412,0.003423411
411,768,34,0.004650297,0.001234296,0.003416001
411,768,35,0.004808107,0.001353333,0.003454774
411,768,36,0.004663654,0.001163828,0.003499826
411,768,37,0.004655686,0.001129314,0.003526372
411,768,38,0.004701627,0.001114466,0.003587161
411,768,39,0.004742215,0.001099364,0.003642851
411,768,40,0.004601071,0.000995481,0.00360559
411,768,41,0.00467389,0.001002357,0.003671533
411,768,42,0.004493345,0.000891203,0.003602142
411,768,43,0.004706668,0.000961255,0.003745413
411,768,44,0.004402777,0.000772149,0.003630628
411,768,45,0.004556192,0.000879259,0.003676933
411,768,46,0.004617351,0.000908752,0.003708599
411,768,47,0.004502969,0.000861329,0.00364164
411,768,48,0.004644151,0.000960207,0.003683944
411,768,49,0.004457361,0.000778897,0.003678464
411,768,50,0.004507494,0.000818147,0.003689347
411,768,51,0.004373508,0.000739337,0.003634171
411,768,52,0.00453143,0.000838916,0.003692514
411,768,53,0.004466411,0.000793815,0.003672596
411,768,54,0.004570777,0.000869513,0.003701264
411,768,55,0.004556955,0.000899891,0.003657064
411,768,56,0.004596276,0.00100655,0.003589726
411,768,57,0.004699177,0.001041712,0.003657465
411,768,58,0.004542603,0.000945591,0.003597012
411,768,59,0.004801447,0.001093187,0.00370826
411,768,60,0.004791808,0.001031615,0.003760193
411,768,61,0.00476448,0.001078358,0.003686122
411,768,62,0.004896486,0.001242996,0.00365349
411,768,63,0.004821955,0.001278521,0.003543434
411,768,64,0.004694008,0.001099097,0.003594911
411,768,65,0.004528583,0.000985672,0.003542911
411,768,66,0.004271443,0.00088976,0.003381683
411,768,67,0.004545995,0.001120431,0.003425564
411,768,68,0.004453502,0.000929741,0.003523761
411,768,69,0.006494208,0.003201343,0.003292865
411,768,70,0.007340826,0.004070028,0.003270798
411,768,71,0.004930834,0.001653412,0.003277422
411,768,72,0.004736953,0.001364474,0.003372479
411,768,73,0.006208074,0.002986438,0.003221636
411,768,74,0.004703465,0.001339453,0.003364012
411,768,75,0.004653704,0.001357914,0.00329579
411,768,76,0.004397689,0.001011559,0.00338613
411,768,77,0.004537324,0.00108021,0.003457114
411,768,78,0.005724949,0.002411075,0.003313874
411,768,79,0.005696058,0.002275644,0.003420414
411,768,80,0.004366855,0.000911626,0.003455229
411,768,81,0.004340094,0.000922651,0.003417443
411,768,82,0.004366632,0.00092597,0.003440662
411,768,83,0.004648916,0.000995245,0.003653671
411,768,84,0.004714551,0.001113133,0.003601418
411,768,85,0.006440953,0.002998201,0.003442752
411,768,86,0.005209299,0.001773859,0.00343544
411,768,87,0.004686746,0.001216675,0.003470071
411,768,88,0.004520571,0.00110483,0.003415741
411,768,89,0.004337476,0.000958452,0.003379024
411,768,90,0.006636694,0.003283996,0.003352698
411,768,91,0.007685622,0.00445465,0.003230972
411,768,92,0.005242982,0.002004926,0.003238056
411,768,93,0.00604207,0.001037386,0.005004684
411,768,94,0.005690349,0.001698205,0.003992144
411,768,95,0.003802806,0.000493561,0.003309245
411,768,96,0.004394372,0.000998046,0.003396326
411,768,97,0.004586926,0.001163734,0.003423192
411,768,98,0.004605098,0.001077551,0.003527547
411,768,99,0.00438382,0.000955917,0.003427903
411,768,100,0.005788,0.002451052,0.003336948
411,768,101,0.004980028,0.001639881,0.003340147
411,768,102,0.00515763,0.001787852,0.003369778
411,768,103,0.004564372,0.000954532,0.00360984
411,768,104,0.006203528,0.002799918,0.00340361
411,768,105,0.004621496,0.00110525,0.003516246
411,768,106,0.00388575,0.000466757,0.003418993
411,768,107,0.004280048,0.000674711,0.003605337
411,768,108,0.00444185,0.000835417,0.003606433
411,768,109,0.004394154,0.000778587,0.003615567
411,768,110,0.005388134,0.002006747,0.003381387
412,768,1,0.763103958,0.639597739,0.123506219
412,768,2,0.098951156,0.095930342,0.003020814
412,768,3,0.071947052,0.068920446,0.003026606
412,768,4,0.064222558,0.061205234,0.003017324
412,768,5,0.00376491,0.000600058,0.003164852
412,768,6,0.062664837,0.059626858,0.003037979
412,768,7,0.003950832,0.000926477,0.003024355
412,768,8,0.011566923,0.008527656,0.003039267
412,768,9,0.038762887,0.035678107,0.00308478
412,768,10,0.004495279,0.001317989,0.00317729
412,768,11,0.004120843,0.000722462,0.003398381
412,768,12,0.004381811,0.000747191,0.00363462
412,768,13,0.004433889,0.000559339,0.00387455
412,768,14,0.004528668,0.000531309,0.003997359
412,768,15,0.004470414,0.000522064,0.00394835
412,768,16,0.004455442,0.000522942,0.0039325
412,768,17,0.004234485,0.000520357,0.003714128
412,768,18,0.0041132,0.000494632,0.003618568
412,768,19,0.004062505,0.000476824,0.003585681
412,768,20,0.004073434,0.000515159,0.003558275
412,768,21,0.004189808,0.000677196,0.003512612
412,768,22,0.004339639,0.00092234,0.003417299
412,768,23,0.00452915,0.001057877,0.003471273
412,768,24,0.004453699,0.001046568,0.003407131
412,768,25,0.004604703,0.001140569,0.003464134
412,768,26,0.004487901,0.001060048,0.003427853
412,768,27,0.004373086,0.000991904,0.003381182
412,768,28,0.004426455,0.001066715,0.00335974
412,768,29,0.004455101,0.000955708,0.003499393
412,768,30,0.004234055,0.000828345,0.00340571
412,768,31,0.00426221,0.000924654,0.003337556
412,768,32,0.004344165,0.000882169,0.003461996
412,768,33,0.004356893,0.000831909,0.003524984
412,768,34,0.004656601,0.001145809,0.003510792
412,768,35,0.004645495,0.00111509,0.003530405
412,768,36,0.004781841,0.001222273,0.003559568
412,768,37,0.004634224,0.001044765,0.003589459
412,768,38,0.004625047,0.001035936,0.003589111
412,768,39,0.004701908,0.001049156,0.003652752
412,768,40,0.004807853,0.001109508,0.003698345
412,768,41,0.004487292,0.000876002,0.00361129
412,768,42,0.004642314,0.001005673,0.003636641
412,768,43,0.004446552,0.000804359,0.003642193
412,768,44,0.00473562,0.001085012,0.003650608
412,768,45,0.004422604,0.000757631,0.003664973
412,768,46,0.004561833,0.00085317,0.003708663
412,768,47,0.004590012,0.000884286,0.003705726
412,768,48,0.004548074,0.000896012,0.003652062
412,768,49,0.004644679,0.000953128,0.003691551
412,768,50,0.004437342,0.000720019,0.003717323
412,768,51,0.004491621,0.000726477,0.003765144
412,768,52,0.004480164,0.000808319,0.003671845
412,768,53,0.004532576,0.000792799,0.003739777
412,768,54,0.004578822,0.000842671,0.003736151
412,768,55,0.00454374,0.000836839,0.003706901
412,768,56,0.004648756,0.000923176,0.00372558
412,768,57,0.004506867,0.000852898,0.003653969
412,768,58,0.004766472,0.001045699,0.003720773
412,768,59,0.004592012,0.000829345,0.003762667
412,768,60,0.0046954,0.000862179,0.003833221
412,768,61,0.004602795,0.000884798,0.003717997
412,768,62,0.004740906,0.001098211,0.003642695
412,768,63,0.004992411,0.001382518,0.003609893
412,768,64,0.005043674,0.001429858,0.003613816
412,768,65,0.004594177,0.00108394,0.003510237
412,768,66,0.00444515,0.000925954,0.003519196
412,768,67,0.004244738,0.000839397,0.003405341
412,768,68,0.007689254,0.004338288,0.003350966
412,768,69,0.006967503,0.003636139,0.003331364
412,768,70,0.004947113,0.001564348,0.003382765
412,768,71,0.004650655,0.001231377,0.003419278
412,768,72,0.006343897,0.003116455,0.003227442
412,768,73,0.004528165,0.001207214,0.003320951
412,768,74,0.004465675,0.001186269,0.003279406
412,768,75,0.004854135,0.001431289,0.003422846
412,768,76,0.004199955,0.000816631,0.003383324
412,768,77,0.005844732,0.002441635,0.003403097
412,768,78,0.005864016,0.002384963,0.003479053
412,768,79,0.004510702,0.000900125,0.003610577
412,768,80,0.004110286,0.000624776,0.00348551
412,768,81,0.004429695,0.000949077,0.003480618
412,768,82,0.004227436,0.000791968,0.003435468
412,768,83,0.004962545,0.001363208,0.003599337
412,768,84,0.004367296,0.000788005,0.003579291
412,768,85,0.007075087,0.003650417,0.00342467
412,768,86,0.004497229,0.000996033,0.003501196
412,768,87,0.00461024,0.001056273,0.003553967
412,768,88,0.004474271,0.000964594,0.003509677
412,768,89,0.006920275,0.00364599,0.003274285
412,768,90,0.005217349,0.001832337,0.003385012
412,768,91,0.004374834,0.000890536,0.003484298
412,768,92,0.00615071,0.002783192,0.003367518
412,768,93,0.00800647,0.004836752,0.003169718
412,768,94,0.004846019,0.001463279,0.00338274
412,768,95,0.004202634,0.000896074,0.00330656
412,768,96,0.004556725,0.001229862,0.003326863
412,768,97,0.004575474,0.001249783,0.003325691
412,768,98,0.004474873,0.001067098,0.003407775
412,768,99,0.006257977,0.001108696,0.005149281
412,768,100,0.005168938,0.000985538,0.0041834
412,768,101,0.003860937,0.0004386,0.003422337
412,768,102,0.003963289,0.000468571,0.003494718
412,768,103,0.004984471,0.001334016,0.003650455
412,768,104,0.004277093,0.00084109,0.003436003
412,768,105,0.005906557,0.002421012,0.003485545
412,768,106,0.004556926,0.001111822,0.003445104
412,768,107,0.004226817,0.00062814,0.003598677
412,768,108,0.004442989,0.000807435,0.003635554
412,768,109,0.006596331,0.003087739,0.003508592
412,768,110,0.005288709,0.001916558,0.003372151
413,768,1,0.759322264,0.635380986,0.123941278
413,768,2,0.168790882,0.165773588,0.003017294
413,768,3,0.003652389,0.000556036,0.003096353
413,768,4,0.065228561,0.062216471,0.00301209
413,768,5,0.065446573,0.062432485,0.003014088
413,768,6,0.003977728,0.000852526,0.003125202
413,768,7,0.003534319,0.000374672,0.003159647
413,768,8,0.007553652,0.004518633,0.003035019
413,768,9,0.007257907,0.004208386,0.003049521
413,768,10,0.038776653,0.035644669,0.003131984
413,768,11,0.004550652,0.001238684,0.003311968
413,768,12,0.004429383,0.000810721,0.003618662
413,768,13,0.004482508,0.000599036,0.003883472
413,768,14,0.004409329,0.000547832,0.003861497
413,768,15,0.004536644,0.00065443,0.003882214
413,768,16,0.004295172,0.000573516,0.003721656
413,768,17,0.004398032,0.000754057,0.003643975
413,768,18,0.004059203,0.000526673,0.00353253
413,768,19,0.004130828,0.000618318,0.00351251
413,768,20,0.004046692,0.000563929,0.003482763
413,768,21,0.004318715,0.00081909,0.003499625
413,768,22,0.004382229,0.000925018,0.003457211
413,768,23,0.004406094,0.000982631,0.003423463
413,768,24,0.004516752,0.00105298,0.003463772
413,768,25,0.004374021,0.000950919,0.003423102
413,768,26,0.004505811,0.001043779,0.003462032
413,768,27,0.004526105,0.001153637,0.003372468
413,768,28,0.00438911,0.000948568,0.003440542
413,768,29,0.004299891,0.000881994,0.003417897
413,768,30,0.004420789,0.000951671,0.003469118
413,768,31,0.004183778,0.000736095,0.003447683
413,768,32,0.00424661,0.000722358,0.003524252
413,768,33,0.004348332,0.00082163,0.003526702
413,768,34,0.00469881,0.001013709,0.003685101
413,768,35,0.004710176,0.001073842,0.003636334
413,768,36,0.004364423,0.000864456,0.003499967
413,768,37,0.00496635,0.001340455,0.003625895
413,768,38,0.004590437,0.000930176,0.003660261
413,768,39,0.004528107,0.00090908,0.003619027
413,768,40,0.004751789,0.001065224,0.003686565
413,768,41,0.004857829,0.001104177,0.003753652
413,768,42,0.004406337,0.000773119,0.003633218
413,768,43,0.004718111,0.000975546,0.003742565
413,768,44,0.004418342,0.00072852,0.003689822
413,768,45,0.004605034,0.000917668,0.003687366
413,768,46,0.004547874,0.000874836,0.003673038
413,768,47,0.004456286,0.000759852,0.003696434
413,768,48,0.004722671,0.000967449,0.003755222
413,768,49,0.00442749,0.000703278,0.003724212
413,768,50,0.004676021,0.000892489,0.003783532
413,768,51,0.004367547,0.000617689,0.003749858
413,768,52,0.004553175,0.000804989,0.003748186
413,768,53,0.004542697,0.000813757,0.00372894
413,768,54,0.004520177,0.000774961,0.003745216
413,768,55,0.004550128,0.000898128,0.003652
413,768,56,0.00469509,0.001079699,0.003615391
413,768,57,0.004587322,0.000951874,0.003635448
413,768,58,0.004530186,0.000933459,0.003596727
413,768,59,0.004567269,0.000934547,0.003632722
413,768,60,0.004561221,0.000938915,0.003622306
413,768,61,0.004624903,0.001079208,0.003545695
413,768,62,0.004671768,0.001076412,0.003595356
413,768,63,0.004751697,0.001166754,0.003584943
413,768,64,0.005145693,0.00162283,0.003522863
413,768,65,0.005233489,0.001744511,0.003488978
413,768,66,0.004413339,0.000930023,0.003483316
413,768,67,0.00840614,0.004962544,0.003443596
413,768,68,0.006842019,0.00346758,0.003374439
413,768,69,0.004789228,0.001367427,0.003421801
413,768,70,0.004461388,0.001156816,0.003304572
413,768,71,0.004548761,0.001189248,0.003359513
413,768,72,0.004388925,0.001082555,0.00330637
413,768,73,0.005870149,0.002644862,0.003225287
413,768,74,0.00467103,0.001295417,0.003375613
413,768,75,0.0045172,0.001226646,0.003290554
413,768,76,0.006606067,0.003167017,0.00343905
413,768,77,0.005647209,0.002183455,0.003463754
413,768,78,0.004678861,0.001079629,0.003599232
413,768,79,0.004308248,0.000737292,0.003570956
413,768,80,0.004193892,0.000690494,0.003503398
413,768,81,0.004345514,0.000945158,0.003400356
413,768,82,0.004376815,0.001036101,0.003340714
413,768,83,0.004825705,0.001192553,0.003633152
413,768,84,0.007469528,0.004025928,0.0034436
413,768,85,0.004175137,0.000645542,0.003529595
413,768,86,0.00418745,0.000687382,0.003500068
413,768,87,0.004845577,0.001319583,0.003525994
413,768,88,0.007230686,0.003964058,0.003266628
413,768,89,0.004722215,0.001422669,0.003299546
413,768,90,0.004677199,0.001205105,0.003472094
413,768,91,0.004276418,0.000850076,0.003426342
413,768,92,0.004223651,0.000736786,0.003486865
413,768,93,0.005433659,0.002129332,0.003304327
413,768,94,0.008447962,0.005230766,0.003217196
413,768,95,0.004484387,0.001153402,0.003330985
413,768,96,0.004496408,0.001091189,0.003405219
413,768,97,0.004654613,0.00117244,0.003482173
413,768,98,0.004498312,0.000954387,0.003543925
413,768,99,0.004433203,0.00094877,0.003484433
413,768,100,0.005760232,0.002457971,0.003302261
413,768,101,0.005026959,0.001696445,0.003330514
413,768,102,0.00388331,0.000515905,0.003367405
413,768,103,0.005902678,0.002426813,0.003475865
413,768,104,0.004805757,0.001249774,0.003555983
413,768,105,0.004312381,0.000816575,0.003495806
413,768,106,0.004319469,0.000873884,0.003445585
413,768,107,0.005552227,0.001960694,0.003591533
413,768,108,0.00543397,0.001874345,0.003559625
413,768,109,0.004195302,0.000643245,0.003552057
413,768,110,0.004608109,0.001233188,0.003374921
414,768,1,0.760131382,0.635761907,0.124369475
414,768,2,0.094846038,0.091814732,0.003031306
414,768,3,0.06855066,0.065529626,0.003021034
414,768,4,0.118087114,0.115060063,0.003027051
414,768,5,0.003867969,0.000700146,0.003167823
414,768,6,0.003468566,0.000354887,0.003113679
414,768,7,0.007517028,0.00449506,0.003021968
414,768,8,0.004234498,0.001203893,0.003030605
414,768,9,0.004077731,0.00094364,0.003134091
414,768,10,0.005987158,0.002948185,0.003038973
414,768,11,0.038957071,0.035692701,0.00326437
414,768,12,0.004866533,0.001302684,0.003563849
414,768,13,0.004502189,0.000641112,0.003861077
414,768,14,0.004495094,0.000580495,0.003914599
414,768,15,0.004480974,0.000616633,0.003864341
414,768,16,0.004464307,0.000622127,0.00384218
414,768,17,0.004312607,0.000617023,0.003695584
414,768,18,0.004159828,0.000546393,0.003613435
414,768,19,0.004110293,0.000535666,0.003574627
414,768,20,0.004103282,0.000541534,0.003561748
414,768,21,0.004011669,0.000583607,0.003428062
414,768,22,0.004404691,0.000937449,0.003467242
414,768,23,0.004451176,0.001073531,0.003377645
414,768,24,0.004644471,0.001178744,0.003465727
414,768,25,0.004277013,0.000886073,0.00339094
414,768,26,0.004491604,0.000988358,0.003503246
414,768,27,0.004249586,0.000828881,0.003420705
414,768,28,0.004472007,0.001099271,0.003372736
414,768,29,0.004405549,0.000953705,0.003451844
414,768,30,0.00419602,0.000762396,0.003433624
414,768,31,0.00422128,0.000854348,0.003366932
414,768,32,0.004456,0.000962043,0.003493957
414,768,33,0.004382169,0.000893003,0.003489166
414,768,34,0.004402007,0.000955439,0.003446568
414,768,35,0.004610995,0.001116159,0.003494836
414,768,36,0.004565855,0.001030579,0.003535276
414,768,37,0.004606657,0.001062873,0.003543784
414,768,38,0.004776734,0.001202255,0.003574479
414,768,39,0.004614794,0.000992409,0.003622385
414,768,40,0.004519,0.000976764,0.003542236
414,768,41,0.004775347,0.001115838,0.003659509
414,768,42,0.004714379,0.001103357,0.003611022
414,768,43,0.004551486,0.000933427,0.003618059
414,768,44,0.004687119,0.000970887,0.003716232
414,768,45,0.004399847,0.000765332,0.003634515
414,768,46,0.004656362,0.000965583,0.003690779
414,768,47,0.004550242,0.000909047,0.003641195
414,768,48,0.004402643,0.000674996,0.003727647
414,768,49,0.004767881,0.001051229,0.003716652
414,768,50,0.004466564,0.000730486,0.003736078
414,768,51,0.004650009,0.000864908,0.003785101
414,768,52,0.004336059,0.000633657,0.003702402
414,768,53,0.004590158,0.000887871,0.003702287
414,768,54,0.004616115,0.000963225,0.00365289
414,768,55,0.004511418,0.000828761,0.003682657
414,768,56,0.004488247,0.000878838,0.003609409
414,768,57,0.004616405,0.00102993,0.003586475
414,768,58,0.004672296,0.001049848,0.003622448
414,768,59,0.004465525,0.000889844,0.003575681
414,768,60,0.004601635,0.000920411,0.003681224
414,768,61,0.004477756,0.000905556,0.0035722
414,768,62,0.004641111,0.001049638,0.003591473
414,768,63,0.005724982,0.002129447,0.003595535
414,768,64,0.005727018,0.002278091,0.003448927
414,768,65,0.004622343,0.001148084,0.003474259
414,768,66,0.006696067,0.00330325,0.003392817
414,768,67,0.004582616,0.00115208,0.003430536
414,768,68,0.005277866,0.001812859,0.003465007
414,768,69,0.007071893,0.003730731,0.003341162
414,768,70,0.004854742,0.001543142,0.0033116
414,768,71,0.004742424,0.001318617,0.003423807
414,768,72,0.004370965,0.001110607,0.003260358
414,768,73,0.004492916,0.001153288,0.003339628
414,768,74,0.00557608,0.00225689,0.00331919
414,768,75,0.00728616,0.003959618,0.003326542
414,768,76,0.005935082,0.002454384,0.003480698
414,768,77,0.004641503,0.001047532,0.003593971
414,768,78,0.004280436,0.000769723,0.003510713
414,768,79,0.004506701,0.00084999,0.003656711
414,768,80,0.004168325,0.000618135,0.00355019
414,768,81,0.004577274,0.001120079,0.003457195
414,768,82,0.004183675,0.00085262,0.003331055
414,768,83,0.008126344,0.00456918,0.003557164
414,768,84,0.004230432,0.000697994,0.003532438
414,768,85,0.004043107,0.000579704,0.003463403
414,768,86,0.004447524,0.000986412,0.003461112
414,768,87,0.004562758,0.001147784,0.003414974
414,768,88,0.004429322,0.001003153,0.003426169
414,768,89,0.006377456,0.003103083,0.003274373
414,768,90,0.005142823,0.001720879,0.003421944
414,768,91,0.004400356,0.00095018,0.003450176
414,768,92,0.004284419,0.000826743,0.003457676
414,768,93,0.004000986,0.000644572,0.003356414
414,768,94,0.005607016,0.002416787,0.003190229
414,768,95,0.008405868,0.005143952,0.003261916
414,768,96,0.004729097,0.001303247,0.00342585
414,768,97,0.004524243,0.001082283,0.00344196
414,768,98,0.004578059,0.00103454,0.003543519
414,768,99,0.004353288,0.000868209,0.003485079
414,768,100,0.006518561,0.001006493,0.005512068
414,768,101,0.004751183,0.001080059,0.003671124
414,768,102,0.005768745,0.002471061,0.003297684
414,768,103,0.00474789,0.00129858,0.00344931
414,768,104,0.004275763,0.000780183,0.00349558
414,768,105,0.004272382,0.000795892,0.00347649
414,768,106,0.005960779,0.002603571,0.003357208
414,768,107,0.005447161,0.001867724,0.003579437
414,768,108,0.004207315,0.00066562,0.003541695
414,768,109,0.004018189,0.000512647,0.003505542
414,768,110,0.003976907,0.000601588,0.003375319
415,768,1,0.626900875,0.499648422,0.127252453
415,768,2,0.177234562,0.1741583,0.003076262
415,768,3,0.071700692,0.068618373,0.003082319
415,768,4,0.068557044,0.065485422,0.003071622
415,768,5,0.118134749,0.115029855,0.003104894
415,768,6,0.003968467,0.0007854,0.003183067
415,768,7,0.003548024,0.000333883,0.003214141
415,768,8,0.007496518,0.004406805,0.003089713
415,768,9,0.004426408,0.001331179,0.003095229
415,768,10,0.004274917,0.001070656,0.003204261
415,768,11,0.005744026,0.002643417,0.003100609
415,768,12,0.039419325,0.035902515,0.00351681
415,768,13,0.00491574,0.001149223,0.003766517
415,768,14,0.004619535,0.000607531,0.004012004
415,768,15,0.004571725,0.000677205,0.00389452
415,768,16,0.004648827,0.000656084,0.003992743
415,768,17,0.0043595,0.000573622,0.003785878
415,768,18,0.004222764,0.000509978,0.003712786
415,768,19,0.004163517,0.000484639,0.003678878
415,768,20,0.00408968,0.000494722,0.003594958
415,768,21,0.004097592,0.000503308,0.003594284
415,768,22,0.004237539,0.000706878,0.003530661
415,768,23,0.004381921,0.000868019,0.003513902
415,768,24,0.004550063,0.001043761,0.003506302
415,768,25,0.004529473,0.00101808,0.003511393
415,768,26,0.004501138,0.000924008,0.00357713
415,768,27,0.004264298,0.000747664,0.003516634
415,768,28,0.004181519,0.000732392,0.003449127
415,768,29,0.004224091,0.000746141,0.00347795
415,768,30,0.004357086,0.000812364,0.003544722
415,768,31,0.004085757,0.000588599,0.003497158
415,768,32,0.004490735,0.000945384,0.003545351
415,768,33,0.004506237,0.00090717,0.003599067
415,768,34,0.004467773,0.000918761,0.003549012
415,768,35,0.004529284,0.000912271,0.003617013
415,768,36,0.004421865,0.000814269,0.003607596
415,768,37,0.00469041,0.00096426,0.00372615
415,768,38,0.004449193,0.000802877,0.003646316
415,768,39,0.004746411,0.001044144,0.003702267
415,768,40,0.004651979,0.000917233,0.003734746
415,768,41,0.004607788,0.000833855,0.003773933
415,768,42,0.004665282,0.000924056,0.003741226
415,768,43,0.004689655,0.000908361,0.003781294
415,768,44,0.004470867,0.000716728,0.003754139
415,768,45,0.004535915,0.000827945,0.00370797
415,768,46,0.004611517,0.000787378,0.003824139
415,768,47,0.004538151,0.000699477,0.003838674
415,768,48,0.004742701,0.000840004,0.003902697
415,768,49,0.004398012,0.000557634,0.003840378
415,768,50,0.004661623,0.000762756,0.003898867
415,768,51,0.00441474,0.000620933,0.003793807
415,768,52,0.004603206,0.000775027,0.003828179
415,768,53,0.004390657,0.000628533,0.003762124
415,768,54,0.00469362,0.000858957,0.003834663
415,768,55,0.00456483,0.000822295,0.003742535
415,768,56,0.00439131,0.000708682,0.003682628
415,768,57,0.004668997,0.000993398,0.003675599
415,768,58,0.004553016,0.000863741,0.003689275
415,768,59,0.004623615,0.000964927,0.003658688
415,768,60,0.004556346,0.000791443,0.003764903
415,768,61,0.004457661,0.000779661,0.003678
415,768,62,0.004492154,0.000780691,0.003711463
415,768,63,0.004564087,0.000903184,0.003660903
415,768,64,0.005881216,0.002352418,0.003528798
415,768,65,0.008747955,0.005281108,0.003466847
415,768,66,0.004969563,0.001404631,0.003564932
415,768,67,0.004233857,0.000699026,0.003534831
415,768,68,0.004192235,0.000705226,0.003487009
415,768,69,0.00455791,0.001081155,0.003476755
415,768,70,0.007190681,0.003882962,0.003307719
415,768,71,0.005016411,0.001619232,0.003397179
415,768,72,0.004655035,0.001215735,0.0034393
415,768,73,0.004391778,0.000995539,0.003396239
415,768,74,0.004689853,0.001042219,0.003647634
415,768,75,0.005453876,0.001968298,0.003485578
415,768,76,0.007516394,0.003986401,0.003529993
415,768,77,0.005737819,0.002198954,0.003538865
415,768,78,0.00463659,0.000945523,0.003691067
415,768,79,0.004376236,0.000605647,0.003770589
415,768,80,0.004155391,0.000551953,0.003603438
415,768,81,0.004391738,0.000876465,0.003515273
415,768,82,0.008731818,0.004977117,0.003754701
415,768,83,0.004457355,0.000702016,0.003755339
415,768,84,0.004037441,0.000442525,0.003594916
415,768,85,0.004140342,0.000598801,0.003541541
415,768,86,0.004481755,0.000985249,0.003496506
415,768,87,0.004572636,0.001046879,0.003525757
415,768,88,0.004363823,0.000896292,0.003467531
415,768,89,0.004189454,0.000720142,0.003469312
415,768,90,0.00581479,0.002439969,0.003374821
415,768,91,0.005119042,0.001620411,0.003498631
415,768,92,0.004310436,0.000834596,0.00347584
415,768,93,0.004114583,0.000713709,0.003400874
415,768,94,0.004076889,0.000701649,0.00337524
415,768,95,0.006114486,0.002759265,0.003355221
415,768,96,0.008444852,0.005060716,0.003384136
415,768,97,0.00467246,0.001136982,0.003535478
415,768,98,0.004458527,0.000855443,0.003603084
415,768,99,0.00437156,0.00085226,0.0035193
415,768,100,0.004180681,0.00084653,0.003334151
415,768,101,0.00638985,0.003045519,0.003344331
415,768,102,0.004597723,0.001229563,0.00336816
415,768,103,0.006310336,0.002670984,0.003639352
415,768,104,0.004685316,0.001094352,0.003590964
415,768,105,0.006750366,0.000690679,0.006059687
415,768,106,0.00545407,0.001148681,0.004305389
415,768,107,0.004182368,0.000537924,0.003644444
415,768,108,0.004109384,0.000485988,0.003623396
415,768,109,0.004052598,0.000468054,0.003584544
415,768,110,0.003873688,0.000407584,0.003466104
416,768,1,0.657407248,0.532889178,0.12451807
416,768,2,0.143035558,0.140022092,0.003013466
416,768,3,0.106198856,0.103172358,0.003026498
416,768,4,0.0421133,0.039092939,0.003020361
416,768,5,0.054174494,0.051133974,0.00304052
416,768,6,0.003876484,0.000864125,0.003012359
416,768,7,0.011934501,0.008935002,0.002999499
416,768,8,0.057230417,0.054187461,0.003042956
416,768,9,0.004258516,0.00122486,0.003033656
416,768,10,0.004211183,0.00103214,0.003179043
416,768,11,0.004133765,0.000959275,0.00317449
416,768,12,0.003899858,0.00074002,0.003159838
416,768,13,0.003967564,0.00080556,0.003162004
416,768,14,0.00419737,0.001060572,0.003136798
416,768,15,0.004159566,0.001023762,0.003135804
416,768,16,0.004006701,0.000879818,0.003126883
416,768,17,0.0040497,0.000901707,0.003147993
416,768,18,0.003981084,0.000822051,0.003159033
416,768,19,0.01691915,0.013109757,0.003809393
416,768,20,0.004978213,0.001177158,0.003801055
416,768,21,0.004826373,0.000906053,0.00392032
416,768,22,0.004585338,0.000685664,0.003899674
416,768,23,0.004292142,0.000581823,0.003710319
416,768,24,0.004403828,0.00081132,0.003592508
416,768,25,0.004058635,0.000445111,0.003613524
416,768,26,0.004376185,0.000868544,0.003507641
416,768,27,0.004580981,0.001183153,0.003397828
416,768,28,0.004190073,0.000811084,0.003378989
416,768,29,0.004904886,0.001595596,0.00330929
416,768,30,0.004721816,0.001329861,0.003391955
416,768,31,0.004648974,0.001296126,0.003352848
416,768,32,0.004498107,0.001079559,0.003418548
416,768,33,0.004330164,0.001004401,0.003325763
416,768,34,0.004560685,0.001157917,0.003402768
416,768,35,0.004314932,0.000884532,0.0034304
416,768,36,0.008618931,0.005268839,0.003350092
416,768,37,0.005621593,0.002246242,0.003375351
416,768,38,0.005821715,0.002317295,0.00350442
416,768,39,0.006201002,0.002744006,0.003456996
416,768,40,0.005870565,0.002407447,0.003463118
416,768,41,0.005600742,0.002125233,0.003475509
416,768,42,0.006064701,0.002320483,0.003744218
416,768,43,0.005173834,0.001569036,0.003604798
416,768,44,0.004941495,0.001192072,0.003749423
416,768,45,0.004891509,0.001272221,0.003619288
416,768,46,0.004850401,0.001153545,0.003696856
416,768,47,0.004611134,0.001004611,0.003606523
416,768,48,0.005348021,0.001706559,0.003641462
416,768,49,0.00465641,0.000968493,0.003687917
416,768,50,0.00487406,0.001242266,0.003631794
416,768,51,0.005137292,0.001462852,0.00367444
416,768,52,0.004654042,0.000976274,0.003677768
416,768,53,0.004699878,0.000906084,0.003793794
416,768,54,0.00456302,0.000867803,0.003695217
416,768,55,0.00481325,0.001208601,0.003604649
416,768,56,0.004614641,0.000916283,0.003698358
416,768,57,0.004991732,0.001308367,0.003683365
416,768,58,0.004545128,0.000926659,0.003618469
416,768,59,0.004753392,0.001154938,0.003598454
416,768,60,0.004621373,0.000963064,0.003658309
416,768,61,0.004721662,0.001038113,0.003683549
416,768,62,0.004618594,0.000874405,0.003744189
416,768,63,0.004596778,0.000952818,0.00364396
416,768,64,0.0043206,0.000740283,0.003580317
416,768,65,0.004566637,0.000991304,0.003575333
416,768,66,0.004418473,0.0009832,0.003435273
416,768,67,0.004445265,0.001030703,0.003414562
416,768,68,0.004541185,0.001149139,0.003392046
416,768,69,0.004594257,0.00111,0.003484257
416,768,70,0.004574843,0.001116374,0.003458469
416,768,71,0.004235116,0.000813541,0.003421575
416,768,72,0.004416325,0.001043263,0.003373062
416,768,73,0.004611241,0.001227163,0.003384078
416,768,74,0.005027063,0.001738718,0.003288345
416,768,75,0.005620225,0.002278681,0.003341544
416,768,76,0.005098798,0.001787023,0.003311775
416,768,77,0.007957956,0.004738152,0.003219804
416,768,78,0.005041452,0.001747811,0.003293641
416,768,79,0.004803378,0.00135169,0.003451688
416,768,80,0.004483865,0.001000876,0.003482989
416,768,81,0.007125745,0.003657531,0.003468214
416,768,82,0.006000097,0.002591852,0.003408245
416,768,83,0.00443189,0.000950932,0.003480958
416,768,84,0.004451587,0.000876399,0.003575188
416,768,85,0.004807839,0.00110505,0.003702789
416,768,86,0.004353028,0.000713412,0.003639616
416,768,87,0.004262272,0.000758962,0.00350331
416,768,88,0.004479496,0.000907441,0.003572055
416,768,89,0.004144914,0.000578349,0.003566565
416,768,90,0.0041563,0.000640669,0.003515631
416,768,91,0.004173001,0.000712022,0.003460979
416,768,92,0.004281117,0.000887867,0.00339325
416,768,93,0.006165325,0.002880705,0.00328462
416,768,94,0.004464385,0.001133257,0.003331128
416,768,95,0.005678951,0.002358574,0.003320377
416,768,96,0.005474749,0.002184396,0.003290353
416,768,97,0.008274183,0.005101067,0.003173116
416,768,98,0.004722129,0.001511249,0.00321088
416,768,99,0.004444814,0.001022512,0.003422302
416,768,100,0.004228009,0.000788891,0.003439118
416,768,101,0.004505201,0.000941354,0.003563847
416,768,102,0.004443712,0.001145532,0.00329818
416,768,103,0.007047537,0.00375571,0.003291827
416,768,104,0.009508204,0.005336732,0.004171472
416,768,105,0.007145758,0.003791213,0.003354545
416,768,106,0.007189736,0.003818552,0.003371184
416,768,107,0.00501864,0.001685005,0.003333635
416,768,108,0.006429769,0.002872637,0.003557132
416,768,109,0.005296951,0.001743591,0.00355336
416,768,110,0.004243242,0.000771503,0.003471739
417,768,1,0.749521104,0.627197323,0.122323781
417,768,2,0.045417816,0.042357981,0.003059835
417,768,3,0.115395292,0.11236881,0.003026482
417,768,4,0.054156919,0.051121779,0.00303514
417,768,5,0.003912371,0.000760413,0.003151958
417,768,6,0.011971686,0.008959685,0.003012001
417,768,7,0.056962752,0.053932819,0.003029933
417,768,8,0.004167467,0.001132369,0.003035098
417,768,9,0.003953396,0.000807451,0.003145945
417,768,10,0.004038122,0.000891609,0.003146513
417,768,11,0.004128274,0.001075834,0.00305244
417,768,12,0.003952022,0.000836885,0.003115137
417,768,13,0.004009668,0.000892539,0.003117129
417,768,14,0.004079171,0.001017157,0.003062014
417,768,15,0.004149416,0.001121823,0.003027593
417,768,16,0.004046871,0.000939276,0.003107595
417,768,17,0.004045913,0.000935024,0.003110889
417,768,18,0.016317813,0.012803142,0.003514671
417,768,19,0.005355777,0.001525521,0.003830256
417,768,20,0.00468884,0.00074098,0.00394786
417,768,21,0.004575713,0.000669281,0.003906432
417,768,22,0.004507578,0.000598979,0.003908599
417,768,23,0.004487242,0.000858826,0.003628416
417,768,24,0.00412131,0.000598662,0.003522648
417,768,25,0.004393245,0.000863615,0.00352963
417,768,26,0.004704543,0.001226567,0.003477976
417,768,27,0.004048692,0.000645957,0.003402735
417,768,28,0.004681722,0.001290107,0.003391615
417,768,29,0.004585063,0.001207479,0.003377584
417,768,30,0.004667429,0.001288776,0.003378653
417,768,31,0.004642313,0.001256297,0.003386016
417,768,32,0.004406684,0.001004724,0.00340196
417,768,33,0.004451585,0.001068281,0.003383304
417,768,34,0.004225728,0.00090047,0.003325258
417,768,35,0.008665856,0.005389121,0.003276735
417,768,36,0.00588319,0.002469237,0.003413953
417,768,37,0.005863149,0.002463556,0.003399593
417,768,38,0.00611514,0.002765687,0.003349453
417,768,39,0.005666313,0.002261091,0.003405222
417,768,40,0.00581662,0.002332079,0.003484541
417,768,41,0.005718563,0.002181407,0.003537156
417,768,42,0.005436479,0.001804136,0.003632343
417,768,43,0.004827852,0.00123021,0.003597642
417,768,44,0.004897134,0.00126654,0.003630594
417,768,45,0.00483895,0.001173802,0.003665148
417,768,46,0.004617635,0.00099981,0.003617825
417,768,47,0.005265783,0.001669768,0.003596015
417,768,48,0.004528142,0.000878041,0.003650101
417,768,49,0.005104997,0.001396624,0.003708373
417,768,50,0.005184501,0.001415684,0.003768817
417,768,51,0.004604836,0.00083575,0.003769086
417,768,52,0.004624283,0.000820451,0.003803832
417,768,53,0.004730222,0.000990799,0.003739423
417,768,54,0.004760363,0.001063827,0.003696536
417,768,55,0.004610249,0.000877019,0.00373323
417,768,56,0.004836723,0.001094381,0.003742342
417,768,57,0.004640303,0.001003749,0.003636554
417,768,58,0.004757965,0.001121654,0.003636311
417,768,59,0.00469464,0.000992001,0.003702639
417,768,60,0.004576429,0.000938875,0.003637554
417,768,61,0.004639667,0.00094867,0.003690997
417,768,62,0.004691796,0.000903676,0.00378812
417,768,63,0.004354181,0.000721646,0.003632535
417,768,64,0.004692063,0.001016551,0.003675512
417,768,65,0.00432167,0.000741278,0.003580392
417,768,66,0.004618938,0.00107725,0.003541688
417,768,67,0.004285883,0.000926178,0.003359705
417,768,68,0.004580627,0.001132953,0.003447674
417,768,69,0.004688497,0.001217536,0.003470961
417,768,70,0.004396007,0.000841213,0.003554794
417,768,71,0.004237737,0.000814616,0.003423121
417,768,72,0.004638678,0.001199735,0.003438943
417,768,73,0.004811354,0.001384641,0.003426713
417,768,74,0.005646538,0.002302687,0.003343851
417,768,75,0.005099108,0.001807518,0.00329159
417,768,76,0.008078694,0.004787816,0.003290878
417,768,77,0.004701576,0.001465883,0.003235693
417,768,78,0.004820632,0.001371463,0.003449169
417,768,79,0.004793351,0.001218371,0.00357498
417,768,80,0.004329363,0.00084755,0.003481813
417,768,81,0.004615012,0.001136129,0.003478883
417,768,82,0.006285667,0.002769545,0.003516122
417,768,83,0.005860691,0.002402202,0.003458489
417,768,84,0.004580083,0.001075767,0.003504316
417,768,85,0.004690452,0.00107724,0.003613212
417,768,86,0.004507574,0.000881071,0.003626503
417,768,87,0.004411163,0.000866303,0.00354486
417,768,88,0.004458894,0.000843879,0.003615015
417,768,89,0.004114051,0.000596903,0.003517148
417,768,90,0.004259202,0.000795447,0.003463755
417,768,91,0.004215514,0.000736977,0.003478537
417,768,92,0.006505129,0.003164332,0.003340797
417,768,93,0.004692095,0.00125063,0.003441465
417,768,94,0.004107035,0.000767305,0.00333973
417,768,95,0.007433828,0.003256633,0.004177195
417,768,96,0.007585051,0.004388396,0.003196655
417,768,97,0.004717155,0.001531654,0.003185501
417,768,98,0.004515129,0.001184927,0.003330202
417,768,99,0.004241736,0.000851543,0.003390193
417,768,100,0.004546879,0.001047318,0.003499561
417,768,101,0.00485225,0.001287141,0.003565109
417,768,102,0.00663288,0.003423925,0.003208955
417,768,103,0.008070817,0.00475884,0.003311977
417,768,104,0.008319749,0.005093138,0.003226611
417,768,105,0.007917003,0.004473175,0.003443828
417,768,106,0.005080719,0.001549661,0.003531058
417,768,107,0.005746573,0.002317361,0.003429212
417,768,108,0.005382473,0.001790362,0.003592111
417,768,109,0.004279378,0.000697662,0.003581716
417,768,110,0.004286397,0.000817084,0.003469313
418,768,1,0.754190899,0.631100213,0.123090686
418,768,2,0.092501587,0.089475098,0.003026489
418,768,3,0.133399898,0.130373402,0.003026496
418,768,4,0.003766763,0.00065108,0.003115683
418,768,5,0.003544669,0.000411698,0.003132971
418,768,6,0.06552106,0.062497995,0.003023065
418,768,7,0.003836167,0.000797363,0.003038804
418,768,8,0.003828991,0.000718681,0.00311031
418,768,9,0.003885366,0.000743716,0.00314165
418,768,10,0.003933057,0.000796593,0.003136464
418,768,11,0.00400114,0.000854061,0.003147079
418,768,12,0.003810251,0.000663152,0.003147099
418,768,13,0.004012019,0.000876754,0.003135265
418,768,14,0.004085366,0.000958325,0.003127041
418,768,15,0.004074782,0.000938133,0.003136649
418,768,16,0.004034581,0.000904206,0.003130375
418,768,17,0.016496186,0.013218979,0.003277207
418,768,18,0.005274121,0.001735203,0.003538918
418,768,19,0.004783726,0.000973979,0.003809747
418,768,20,0.004596927,0.000674383,0.003922544
418,768,21,0.004498755,0.000635326,0.003863429
418,768,22,0.004748052,0.000915737,0.003832315
418,768,23,0.004270418,0.000671451,0.003598967
418,768,24,0.004366422,0.000819199,0.003547223
418,768,25,0.004743879,0.001200514,0.003543365
418,768,26,0.004089671,0.000568404,0.003521267
418,768,27,0.004326933,0.000875881,0.003451052
418,768,28,0.004456025,0.001058645,0.00339738
418,768,29,0.004568895,0.001205198,0.003363697
418,768,30,0.004675084,0.001247149,0.003427935
418,768,31,0.004585099,0.001234358,0.003350741
418,768,32,0.004464255,0.001074813,0.003389442
418,768,33,0.004281777,0.000941357,0.00334042
418,768,34,0.009001798,0.005656664,0.003345134
418,768,35,0.005581711,0.002235653,0.003346058
418,768,36,0.005845058,0.002543118,0.00330194
418,768,37,0.00625388,0.002883583,0.003370297
418,768,38,0.005689387,0.002243042,0.003446345
418,768,39,0.005648429,0.002221516,0.003426913
418,768,40,0.005795003,0.002342994,0.003452009
418,768,41,0.005245481,0.001708172,0.003537309
418,768,42,0.004955002,0.001294309,0.003660693
418,768,43,0.004710228,0.001027149,0.003683079
418,768,44,0.004830598,0.001185253,0.003645345
418,768,45,0.004723185,0.001108688,0.003614497
418,768,46,0.005064776,0.00142059,0.003644186
418,768,47,0.004665399,0.00099532,0.003670079
418,768,48,0.004945399,0.001358283,0.003587116
418,768,49,0.004993522,0.001367359,0.003626163
418,768,50,0.004808329,0.001078194,0.003730135
418,768,51,0.00456652,0.000872302,0.003694218
418,768,52,0.004791918,0.001054628,0.00373729
418,768,53,0.004762733,0.001023903,0.00373883
418,768,54,0.004522843,0.000839149,0.003683694
418,768,55,0.004939965,0.001260743,0.003679222
418,768,56,0.004659757,0.001064782,0.003594975
418,768,57,0.004681711,0.00106838,0.003613331
418,768,58,0.004542859,0.000958398,0.003584461
418,768,59,0.004677498,0.001110483,0.003567015
418,768,60,0.00463589,0.001075387,0.003560503
418,768,61,0.004551059,0.000942906,0.003608153
418,768,62,0.004686732,0.001010389,0.003676343
418,768,63,0.004592205,0.000964298,0.003627907
418,768,64,0.004526308,0.000958583,0.003567725
418,768,65,0.004477131,0.000886422,0.003590709
418,768,66,0.004517281,0.000990029,0.003527252
418,768,67,0.004464291,0.000997816,0.003466475
418,768,68,0.004736451,0.001207352,0.003529099
418,768,69,0.00406834,0.000593534,0.003474806
418,768,70,0.00463501,0.001132443,0.003502567
418,768,71,0.004518332,0.001052334,0.003465998
418,768,72,0.004464902,0.001071125,0.003393777
418,768,73,0.00569549,0.002377628,0.003317862
418,768,74,0.005353012,0.002023043,0.003329969
418,768,75,0.008245462,0.004996434,0.003249028
418,768,76,0.004609338,0.001257032,0.003352306
418,768,77,0.004571244,0.001294756,0.003276488
418,768,78,0.004811409,0.001323528,0.003487881
418,768,79,0.004425796,0.000937729,0.003488067
418,768,80,0.004546876,0.000942224,0.003604652
418,768,81,0.004601296,0.001059232,0.003542064
418,768,82,0.004444697,0.000799926,0.003644771
418,768,83,0.005330813,0.001828361,0.003502452
418,768,84,0.005824631,0.002478719,0.003345912
418,768,85,0.004804617,0.001246657,0.00355796
418,768,86,0.004438069,0.000951945,0.003486124
418,768,87,0.004627012,0.001151374,0.003475638
418,768,88,0.0045026,0.000952282,0.003550318
418,768,89,0.004461646,0.000946327,0.003515319
418,768,90,0.004423584,0.000934568,0.003489016
418,768,91,0.006476261,0.003194059,0.003282202
418,768,92,0.004727938,0.001324948,0.00340299
418,768,93,0.004389644,0.000935943,0.003453701
418,768,94,0.006526802,0.003175192,0.00335161
418,768,95,0.008472187,0.00515659,0.003315597
418,768,96,0.004501499,0.001172663,0.003328836
418,768,97,0.004380446,0.001050543,0.003329903
418,768,98,0.004276143,0.000985707,0.003290436
418,768,99,0.004747462,0.00131175,0.003435712
418,768,100,0.004678009,0.001210143,0.003467866
418,768,101,0.00694695,0.003709586,0.003237364
418,768,102,0.007885759,0.004580473,0.003305286
418,768,103,0.008375467,0.005030364,0.003345103
418,768,104,0.007937772,0.001950237,0.005987535
418,768,105,0.00514923,0.001112284,0.004036946
418,768,106,0.00400522,0.000510986,0.003494234
418,768,107,0.003970097,0.000526598,0.003443499
418,768,108,0.005592236,0.002008767,0.003583469
418,768,109,0.005863018,0.002280499,0.003582519
418,768,110,0.005028914,0.001635941,0.003392973
419,768,1,0.766031014,0.642999552,0.123031462
419,768,2,0.030355509,0.027270963,0.003084546
419,768,3,0.101171259,0.098097231,0.003074028
419,768,4,0.057616838,0.054524205,0.003092633
419,768,5,0.003864534,0.000656068,0.003208466
419,768,6,0.005084649,0.002012163,0.003072486
419,768,7,0.063907469,0.060831186,0.003076283
419,768,8,0.00425606,0.001063843,0.003192217
419,768,9,0.003842288,0.000628303,0.003213985
419,768,10,0.0040659,0.000867694,0.003198206
419,768,11,0.004035198,0.000825632,0.003209566
419,768,12,0.003982715,0.000796956,0.003185759
419,768,13,0.003877695,0.000675929,0.003201766
419,768,14,0.004164691,0.001075867,0.003088824
419,768,15,0.004104259,0.000913672,0.003190587
419,768,16,0.016427479,0.013249046,0.003178433
419,768,17,0.005138956,0.001767706,0.00337125
419,768,18,0.004796194,0.001088522,0.003707672
419,768,19,0.00458394,0.000643812,0.003940128
419,768,20,0.004593755,0.000595038,0.003998717
419,768,21,0.004800788,0.000814815,0.003985973
419,768,22,0.004466189,0.000654527,0.003811662
419,768,23,0.004491758,0.00083926,0.003652498
419,768,24,0.004708372,0.001082436,0.003625936
419,768,25,0.004126566,0.000553258,0.003573308
419,768,26,0.004142829,0.000603158,0.003539671
419,768,27,0.004224898,0.000742131,0.003482767
419,768,28,0.004518699,0.001059598,0.003459101
419,768,29,0.004470857,0.001041612,0.003429245
419,768,30,0.004865434,0.001450871,0.003414563
419,768,31,0.004652645,0.00115941,0.003493235
419,768,32,0.004361647,0.000937501,0.003424146
419,768,33,0.009236961,0.005836845,0.003400116
419,768,34,0.005430566,0.002076335,0.003354231
419,768,35,0.00599867,0.002575001,0.003423669
419,768,36,0.006283567,0.002799481,0.003484086
419,768,37,0.005622425,0.002130716,0.003491709
419,768,38,0.005543124,0.002085202,0.003457922
419,768,39,0.005706168,0.002207178,0.00349899
419,768,40,0.00506806,0.001566657,0.003501403
419,768,41,0.004863603,0.001296872,0.003566731
419,768,42,0.004905245,0.001248696,0.003656549
419,768,43,0.00484626,0.001118045,0.003728215
419,768,44,0.004768095,0.001069577,0.003698518
419,768,45,0.005038874,0.001281941,0.003756933
419,768,46,0.004567508,0.000873256,0.003694252
419,768,47,0.005011868,0.001246598,0.00376527
419,768,48,0.005030391,0.001302535,0.003727856
419,768,49,0.004665066,0.000862458,0.003802608
419,768,50,0.004646733,0.000844281,0.003802452
419,768,51,0.004669778,0.000908938,0.00376084
419,768,52,0.004835027,0.001035969,0.003799058
419,768,53,0.004638957,0.0008004,0.003838557
419,768,54,0.004821467,0.001084069,0.003737398
419,768,55,0.004678765,0.000950216,0.003728549
419,768,56,0.004626224,0.00091664,0.003709584
419,768,57,0.004621689,0.00092223,0.003699459
419,768,58,0.004722615,0.001089656,0.003632959
419,768,59,0.004669213,0.00092798,0.003741233
419,768,60,0.004346578,0.000733169,0.003613409
419,768,61,0.004768187,0.001017453,0.003750734
419,768,62,0.004556645,0.000794476,0.003762169
419,768,63,0.004655786,0.000924712,0.003731074
419,768,64,0.004505057,0.000780272,0.003724785
419,768,65,0.004322634,0.000678707,0.003643927
419,768,66,0.004723176,0.001076479,0.003646697
419,768,67,0.004477541,0.000948118,0.003529423
419,768,68,0.004444229,0.00092079,0.003523439
419,768,69,0.004320826,0.000802286,0.00351854
419,768,70,0.004644329,0.00103511,0.003609219
419,768,71,0.004554281,0.001043719,0.003510562
419,768,72,0.005337801,0.001871028,0.003466773
419,768,73,0.005132034,0.001804903,0.003327131
419,768,74,0.004778268,0.00142741,0.003350858
419,768,75,0.004735523,0.001348591,0.003386932
419,768,76,0.007107926,0.003726549,0.003381377
419,768,77,0.004937113,0.001529448,0.003407665
419,768,78,0.004576707,0.001114625,0.003462082
419,768,79,0.005087951,0.001551213,0.003536738
419,768,80,0.004652296,0.00102517,0.003627126
419,768,81,0.004493307,0.000916763,0.003576544
419,768,82,0.004963359,0.001280088,0.003683271
419,768,83,0.0043917,0.000820769,0.003570931
419,768,84,0.004278314,0.000802305,0.003476009
419,768,85,0.006675922,0.00319991,0.003476012
419,768,86,0.004868656,0.001278056,0.0035906
419,768,87,0.004517627,0.000933663,0.003583964
419,768,88,0.00457188,0.000943912,0.003627968
419,768,89,0.004411729,0.000797296,0.003614433
419,768,90,0.006643284,0.00330991,0.003333374
419,768,91,0.004719649,0.001294587,0.003425062
419,768,92,0.004538864,0.001136123,0.003402741
419,768,93,0.006428086,0.003051939,0.003376147
419,768,94,0.008393333,0.00498153,0.003411803
419,768,95,0.004607753,0.001128786,0.003478967
419,768,96,0.004170728,0.000827671,0.003343057
419,768,97,0.004346339,0.001037528,0.003308811
419,768,98,0.00473591,0.001458378,0.003277532
419,768,99,0.004818723,0.001386386,0.003432337
419,768,100,0.007078433,0.003593648,0.003484785
419,768,101,0.007550268,0.00428927,0.003260998
419,768,102,0.008294927,0.004885955,0.003408972
419,768,103,0.005467526,0.002058803,0.003408723
419,768,104,0.004678023,0.000979483,0.00369854
419,768,105,0.00583624,0.002341832,0.003494408
419,768,106,0.005717966,0.002234523,0.003483443
419,768,107,0.004741327,0.001276019,0.003465308
419,768,108,0.006359813,0.002756639,0.003603174
419,768,109,0.005216325,0.001555908,0.003660417
419,768,110,0.005341039,0.00186401,0.003477029
420,768,1,0.75908316,0.635129501,0.123953659
420,768,2,0.171693271,0.168671234,0.003022037
420,768,3,0.015531899,0.012503324,0.003028575
420,768,4,0.003704503,0.000607174,0.003097329
420,768,5,0.053779256,0.050735865,0.003043391
420,768,6,0.029169589,0.026155665,0.003013924
420,768,7,0.004037679,0.000944923,0.003092756
420,768,8,0.039711597,0.036675619,0.003035978
420,768,9,0.004298382,0.001254083,0.003044299
420,768,10,0.004222991,0.001036815,0.003186176
420,768,11,0.004052515,0.000869758,0.003182757
420,768,12,0.004027204,0.00086634,0.003160864
420,768,13,0.004048126,0.000886322,0.003161804
420,768,14,0.00416219,0.001034994,0.003127196
420,768,15,0.016728371,0.013653595,0.003074776
420,768,16,0.004915427,0.001729905,0.003185522
420,768,17,0.00473743,0.001317328,0.003420102
420,768,18,0.004558876,0.000894689,0.003664187
420,768,19,0.004484883,0.000675209,0.003809674
420,768,20,0.004982549,0.001095286,0.003887263
420,768,21,0.004506821,0.000667348,0.003839473
420,768,22,0.004777443,0.001111922,0.003665521
420,768,23,0.004737452,0.001063619,0.003673833
420,768,24,0.004143664,0.000615212,0.003528452
420,768,25,0.004087216,0.000561782,0.003525434
420,768,26,0.00422452,0.000671872,0.003552648
420,768,27,0.004319613,0.000837826,0.003481787
420,768,28,0.004510988,0.001078584,0.003432404
420,768,29,0.004778617,0.001403155,0.003375462
420,768,30,0.004659964,0.001228792,0.003431172
420,768,31,0.004637232,0.001119045,0.003518187
420,768,32,0.009354269,0.006059068,0.003295201
420,768,33,0.005490276,0.002162746,0.00332753
420,768,34,0.005644362,0.002315908,0.003328454
420,768,35,0.006460572,0.003067218,0.003393354
420,768,36,0.005533117,0.002177448,0.003355669
420,768,37,0.005706721,0.002293421,0.0034133
420,768,38,0.005522369,0.002071604,0.003450765
420,768,39,0.005195212,0.001658495,0.003536717
420,768,40,0.004795617,0.001271269,0.003524348
420,768,41,0.004836185,0.001284898,0.003551287
420,768,42,0.004735248,0.001105217,0.003630031
420,768,43,0.004874409,0.001165335,0.003709074
420,768,44,0.004964441,0.001310382,0.003654059
420,768,45,0.00457618,0.000911322,0.003664858
420,768,46,0.004797786,0.00120234,0.003595446
420,768,47,0.00504838,0.001442244,0.003606136
420,768,48,0.004690725,0.001046413,0.003644312
420,768,49,0.0047019,0.000982042,0.003719858
420,768,50,0.004625519,0.000973959,0.00365156
420,768,51,0.004786587,0.001031865,0.003754722
420,768,52,0.004641071,0.000918715,0.003722356
420,768,53,0.004784524,0.001113835,0.003670689
420,768,54,0.004740408,0.001095853,0.003644555
420,768,55,0.004741759,0.001003692,0.003738067
420,768,56,0.004512889,0.000877715,0.003635174
420,768,57,0.004680297,0.000997247,0.00368305
420,768,58,0.00451165,0.000942606,0.003569044
420,768,59,0.004635623,0.001021061,0.003614562
420,768,60,0.00456541,0.00098697,0.00357844
420,768,61,0.004637032,0.000949343,0.003687689
420,768,62,0.004498481,0.000904201,0.00359428
420,768,63,0.00467884,0.000994481,0.003684359
420,768,64,0.004475829,0.00089564,0.003580189
420,768,65,0.004539817,0.000935682,0.003604135
420,768,66,0.004754066,0.001137221,0.003616845
420,768,67,0.004339988,0.000750779,0.003589209
420,768,68,0.004526651,0.001015627,0.003511024
420,768,69,0.004444192,0.000980994,0.003463198
420,768,70,0.00439483,0.000918381,0.003476449
420,768,71,0.005335146,0.001884005,0.003451141
420,768,72,0.004746852,0.001410752,0.0033361
420,768,73,0.004902265,0.001518967,0.003383298
420,768,74,0.00489782,0.001555236,0.003342584
420,768,75,0.006122733,0.002918647,0.003204086
420,768,76,0.005253622,0.001920572,0.00333305
420,768,77,0.00533094,0.002025414,0.003305526
420,768,78,0.004704542,0.001234564,0.003469978
420,768,79,0.004904416,0.001377095,0.003527321
420,768,80,0.00456301,0.001048693,0.003514317
420,768,81,0.004683013,0.001114997,0.003568016
420,768,82,0.004836887,0.001280648,0.003556239
420,768,83,0.00436312,0.000914216,0.003448904
420,768,84,0.006419432,0.002941487,0.003477945
420,768,85,0.005142975,0.001345179,0.003797796
420,768,86,0.004510881,0.000760969,0.003749912
420,768,87,0.004339007,0.000682236,0.003656771
420,768,88,0.004505647,0.000908877,0.00359677
420,768,89,0.006837848,0.003470876,0.003366972
420,768,90,0.00462385,0.00118662,0.00343723
420,768,91,0.004311264,0.000958367,0.003352897
420,768,92,0.004500088,0.001105238,0.00339485
420,768,93,0.009870655,0.006545862,0.003324793
420,768,94,0.004999083,0.001648047,0.003351036
420,768,95,0.004377387,0.001066834,0.003310553
420,768,96,0.004207596,0.00094403,0.003263566
420,768,97,0.005031458,0.001713094,0.003318364
420,768,98,0.004627707,0.001353707,0.003274
420,768,99,0.007234689,0.003774185,0.003460504
420,768,100,0.00758855,0.004326592,0.003261958
420,768,101,0.008061893,0.004750812,0.003311081
420,768,102,0.005383613,0.002049098,0.003334515
420,768,103,0.004747554,0.001272229,0.003475325
420,768,104,0.004689484,0.001110398,0.003579086
420,768,105,0.006997032,0.000706665,0.006290367
420,768,106,0.005035839,0.001272776,0.003763063
420,768,107,0.006164551,0.002580848,0.003583703
420,768,108,0.004910105,0.001303901,0.003606204
420,768,109,0.005838772,0.002304142,0.00353463
420,768,110,0.004356089,0.00097023,0.003385859
421,768,1,0.759777661,0.635949305,0.123828356
421,768,2,0.059744361,0.05672526,0.003019101
421,768,3,0.101600435,0.098574758,0.003025677
421,768,4,0.056053937,0.053028187,0.00302575
421,768,5,0.00386166,0.000704804,0.003156856
421,768,6,0.029011861,0.025998946,0.003012915
421,768,7,0.003890609,0.000741041,0.003149568
421,768,8,0.003584696,0.000505758,0.003078938
421,768,9,0.039376358,0.036331606,0.003044752
421,768,10,0.004561811,0.001437387,0.003124424
421,768,11,0.004160455,0.00103937,0.003121085
421,768,12,0.003950709,0.000840118,0.003110591
421,768,13,0.004113083,0.000985381,0.003127702
421,768,14,0.017600276,0.014549684,0.003050592
421,768,15,0.004690012,0.001620726,0.003069286
421,768,16,0.004483169,0.001189512,0.003293657
421,768,17,0.004426994,0.000984424,0.00344257
421,768,18,0.004605017,0.000847996,0.003757021
421,768,19,0.005114095,0.001236246,0.003877849
421,768,20,0.004450955,0.000595042,0.003855913
421,768,21,0.005017488,0.001241317,0.003776171
421,768,22,0.00474559,0.001020326,0.003725264
421,768,23,0.004186151,0.000633886,0.003552265
421,768,24,0.004081577,0.000533962,0.003547615
421,768,25,0.004133671,0.000576639,0.003557032
421,768,26,0.004196588,0.000742312,0.003454276
421,768,27,0.00441913,0.000997746,0.003421384
421,768,28,0.004539704,0.001136706,0.003402998
421,768,29,0.004712551,0.001227481,0.00348507
421,768,30,0.004473339,0.001057706,0.003415633
421,768,31,0.010038816,0.0067516,0.003287216
421,768,32,0.005512798,0.002215833,0.003296965
421,768,33,0.005746921,0.002374995,0.003371926
421,768,34,0.006404946,0.003080912,0.003324034
421,768,35,0.005537374,0.002185811,0.003351563
421,768,36,0.005521552,0.002163838,0.003357714
421,768,37,0.005678405,0.002225477,0.003452928
421,768,38,0.004996406,0.00156283,0.003433576
421,768,39,0.004867784,0.001363888,0.003503896
421,768,40,0.004904328,0.001279727,0.003624601
421,768,41,0.004631541,0.000940974,0.003690567
421,768,42,0.004839752,0.00108104,0.003758712
421,768,43,0.004966763,0.001238504,0.003728259
421,768,44,0.004496356,0.000828682,0.003667674
421,768,45,0.004838714,0.001146228,0.003692486
421,768,46,0.004887618,0.001241642,0.003645976
421,768,47,0.004475835,0.000846649,0.003629186
421,768,48,0.00480909,0.001208589,0.003600501
421,768,49,0.004686632,0.001020734,0.003665898
421,768,50,0.004693479,0.001025727,0.003667752
421,768,51,0.004712856,0.001048236,0.00366462
421,768,52,0.004846989,0.001169434,0.003677555
421,768,53,0.004643015,0.00093018,0.003712835
421,768,54,0.004601838,0.000910893,0.003690945
421,768,55,0.004546656,0.000838657,0.003707999
421,768,56,0.004575642,0.000896761,0.003678881
421,768,57,0.004468479,0.000831788,0.003636691
421,768,58,0.004674202,0.001068891,0.003605311
421,768,59,0.004514357,0.000896331,0.003618026
421,768,60,0.004559249,0.000902044,0.003657205
421,768,61,0.004910056,0.001128176,0.00378188
421,768,62,0.004493457,0.000775113,0.003718344
421,768,63,0.004610265,0.000929166,0.003681099
421,768,64,0.004588933,0.000901258,0.003687675
421,768,65,0.004304779,0.000738965,0.003565814
421,768,66,0.004752423,0.001216553,0.00353587
421,768,67,0.00465319,0.001113591,0.003539599
421,768,68,0.004631864,0.001213369,0.003418495
421,768,69,0.004084847,0.000765803,0.003319044
421,768,70,0.005410975,0.002064186,0.003346789
421,768,71,0.005019352,0.001626377,0.003392975
421,768,72,0.004526272,0.001181942,0.00334433
421,768,73,0.004817759,0.00151862,0.003299139
421,768,74,0.006416921,0.003122641,0.00329428
421,768,75,0.004988848,0.001708819,0.003280029
421,768,76,0.005001722,0.001667766,0.003333956
421,768,77,0.005210844,0.001746283,0.003464561
421,768,78,0.004479081,0.00109192,0.003387161
421,768,79,0.005180385,0.001666364,0.003514021
421,768,80,0.004564945,0.000958863,0.003606082
421,768,81,0.004683228,0.001126144,0.003557084
421,768,82,0.004656866,0.001097735,0.003559131
421,768,83,0.006086478,0.002722755,0.003363723
421,768,84,0.004701191,0.001257876,0.003443315
421,768,85,0.005076714,0.001287972,0.003788742
421,768,86,0.004300586,0.000707973,0.003592613
421,768,87,0.004583074,0.00105797,0.003525104
421,768,88,0.006948037,0.003551839,0.003396198
421,768,89,0.004837251,0.001232276,0.003604975
421,768,90,0.0040424,0.000620548,0.003421852
421,768,91,0.004371359,0.000973868,0.003397491
421,768,92,0.007922958,0.004560082,0.003362876
421,768,93,0.004646448,0.00131955,0.003326898
421,768,94,0.005263608,0.001817769,0.003445839
421,768,95,0.005148988,0.001838803,0.003310185
421,768,96,0.005410429,0.002237741,0.003172688
421,768,97,0.004959765,0.001577472,0.003382293
421,768,98,0.007165747,0.00384213,0.003323617
421,768,99,0.00769941,0.00426713,0.00343228
421,768,100,0.007730483,0.004565447,0.003165036
421,768,101,0.005284196,0.002051688,0.003232508
421,768,102,0.005119108,0.001906584,0.003212524
421,768,103,0.004564359,0.001169385,0.003394974
421,768,104,0.004419731,0.000823372,0.003596359
421,768,105,0.004234204,0.000699475,0.003534729
421,768,106,0.006205256,0.002741851,0.003463405
421,768,107,0.004753792,0.001362973,0.003390819
421,768,108,0.009420865,0.002854695,0.00656617
421,768,109,0.004787225,0.001203569,0.003583656
421,768,110,0.003800303,0.000420951,0.003379352
422,768,1,0.754598799,0.631612634,0.122986165
422,768,2,0.085403422,0.082387822,0.0030156
422,768,3,0.140311256,0.137291836,0.00301942
422,768,4,0.003784085,0.000678622,0.003105463
422,768,5,0.003560595,0.000428585,0.00313201
422,768,6,0.010240974,0.007232645,0.003008329
422,768,7,0.021764095,0.018752534,0.003011561
422,768,8,0.020005943,0.016986154,0.003019789
422,768,9,0.004086207,0.001070758,0.003015449
422,768,10,0.023127303,0.020093166,0.003034137
422,768,11,0.004554125,0.001515352,0.003038773
422,768,12,0.004154244,0.001016216,0.003138028
422,768,13,0.018399232,0.015371406,0.003027826
422,768,14,0.004735211,0.001612923,0.003122288
422,768,15,0.004155197,0.000991836,0.003163361
422,768,16,0.004240423,0.000940897,0.003299526
422,768,17,0.004556744,0.001049275,0.003507469
422,768,18,0.005210654,0.001356545,0.003854109
422,768,19,0.004560805,0.000761772,0.003799033
422,768,20,0.005080288,0.001320987,0.003759301
422,768,21,0.004791907,0.000892349,0.003899558
422,768,22,0.004262419,0.00059174,0.003670679
422,768,23,0.004252777,0.000615494,0.003637283
422,768,24,0.004110215,0.000543779,0.003566436
422,768,25,0.004124613,0.000556589,0.003568024
422,768,26,0.004178778,0.000705863,0.003472915
422,768,27,0.004443626,0.000956494,0.003487132
422,768,28,0.004692073,0.001226456,0.003465617
422,768,29,0.004476849,0.000981273,0.003495576
422,768,30,0.010373583,0.007070919,0.003302664
422,768,31,0.005592094,0.002332811,0.003259283
422,768,32,0.005894386,0.002527886,0.0033665
422,768,33,0.00607959,0.002760032,0.003319558
422,768,34,0.005823243,0.00239544,0.003427803
422,768,35,0.005519678,0.002105378,0.0034143
422,768,36,0.005533046,0.002103858,0.003429188
422,768,37,0.004876413,0.00143955,0.003436863
422,768,38,0.004931105,0.0014246,0.003506505
422,768,39,0.004782775,0.001257954,0.003524821
422,768,40,0.004518418,0.000937246,0.003581172
422,768,41,0.004906812,0.001268894,0.003637918
422,768,42,0.004831856,0.001226161,0.003605695
422,768,43,0.004622749,0.001027044,0.003595705
422,768,44,0.004657083,0.001054727,0.003602356
422,768,45,0.004965626,0.001234907,0.003730719
422,768,46,0.004492513,0.000893721,0.003598792
422,768,47,0.004911993,0.00122947,0.003682523
422,768,48,0.004565886,0.000944318,0.003621568
422,768,49,0.004587727,0.000932198,0.003655529
422,768,50,0.004833601,0.001112412,0.003721189
422,768,51,0.004666905,0.000978047,0.003688858
422,768,52,0.004703803,0.00092622,0.003777583
422,768,53,0.004472183,0.000796677,0.003675506
422,768,54,0.004646735,0.000953748,0.003692987
422,768,55,0.004432852,0.000754453,0.003678399
422,768,56,0.004698586,0.001062922,0.003635664
422,768,57,0.004594098,0.000913313,0.003680785
422,768,58,0.004487898,0.000937863,0.003550035
422,768,59,0.004637235,0.000984381,0.003652854
422,768,60,0.005003599,0.001428898,0.003574701
422,768,61,0.004615772,0.000932632,0.00368314
422,768,62,0.004435055,0.00080468,0.003630375
422,768,63,0.004699735,0.001067994,0.003631741
422,768,64,0.004345874,0.000807044,0.00353883
422,768,65,0.004388007,0.000850827,0.00353718
422,768,66,0.004800322,0.001328134,0.003472188
422,768,67,0.004724353,0.001259135,0.003465218
422,768,68,0.004417377,0.000966226,0.003451151
422,768,69,0.005226474,0.00179714,0.003429334
422,768,70,0.004807492,0.001473336,0.003334156
422,768,71,0.004927812,0.001494719,0.003433093
422,768,72,0.004391852,0.001031068,0.003360784
422,768,73,0.006489444,0.003226958,0.003262486
422,768,74,0.005048167,0.001660572,0.003387595
422,768,75,0.00464578,0.001393765,0.003252015
422,768,76,0.004917563,0.001541709,0.003375854
422,768,77,0.005058906,0.001706976,0.00335193
422,768,78,0.004750809,0.001313641,0.003437168
422,768,79,0.004913905,0.001336684,0.003577221
422,768,80,0.004555435,0.001097537,0.003457898
422,768,81,0.00472182,0.001251734,0.003470086
422,768,82,0.006499865,0.003109966,0.003389899
422,768,83,0.004514175,0.001101722,0.003412453
422,768,84,0.004478743,0.000986974,0.003491769
422,768,85,0.00492072,0.00118849,0.00373223
422,768,86,0.004625323,0.000933099,0.003692224
422,768,87,0.007054433,0.00359427,0.003460163
422,768,88,0.00464931,0.001146417,0.003502893
422,768,89,0.004299205,0.000793395,0.00350581
422,768,90,0.004279222,0.000778805,0.003500417
422,768,91,0.007843411,0.004574559,0.003268852
422,768,92,0.004801348,0.001449489,0.003351859
422,768,93,0.004407393,0.000946202,0.003461191
422,768,94,0.004161663,0.000668608,0.003493055
422,768,95,0.007139045,0.003918146,0.003220899
422,768,96,0.004744209,0.001465969,0.00327824
422,768,97,0.007167196,0.003966106,0.00320109
422,768,98,0.007847684,0.004451898,0.003395786
422,768,99,0.005514576,0.002098146,0.00341643
422,768,100,0.004114651,0.000707791,0.00340686
422,768,101,0.006206484,0.002934754,0.00327173
422,768,102,0.005305104,0.001964716,0.003340388
422,768,103,0.004792575,0.001315504,0.003477071
422,768,104,0.004717866,0.001100942,0.003616924
422,768,105,0.00424123,0.000686505,0.003554725
422,768,106,0.00431316,0.000848334,0.003464826
422,768,107,0.005792173,0.002448401,0.003343772
422,768,108,0.005101508,0.001476832,0.003624676
422,768,109,0.009599934,0.006081998,0.003517936
422,768,110,0.004368957,0.000953899,0.003415058
423,768,1,0.754440496,0.631115703,0.123324793
423,768,2,0.074439735,0.071413141,0.003026594
423,768,3,0.103827824,0.100801744,0.00302608
423,768,4,0.052570592,0.049483535,0.003087057
423,768,5,0.003931075,0.000775105,0.00315597
423,768,6,0.021956288,0.018934359,0.003021929
423,768,7,0.027093569,0.024061663,0.003031906
423,768,8,0.004037457,0.001018108,0.003019349
423,768,9,0.003803596,0.000647233,0.003156363
423,768,10,0.003937601,0.000766404,0.003171197
423,768,11,0.022409897,0.019357578,0.003052319
423,768,12,0.019673101,0.016601686,0.003071415
423,768,13,0.004607495,0.001559162,0.003048333
423,768,14,0.004235734,0.001046821,0.003188913
423,768,15,0.004084654,0.000863905,0.003220749
423,768,16,0.004467053,0.001144599,0.003322454
423,768,17,0.004966066,0.001424065,0.003542001
423,768,18,0.004738005,0.000963675,0.00377433
423,768,19,0.005051693,0.001142683,0.00390901
423,768,20,0.00474027,0.000833691,0.003906579
423,768,21,0.004407148,0.00054973,0.003857418
423,768,22,0.004365388,0.000628965,0.003736423
423,768,23,0.00410303,0.000512993,0.003590037
423,768,24,0.004159322,0.000578986,0.003580336
423,768,25,0.004204376,0.000595401,0.003608975
423,768,26,0.00400066,0.000510934,0.003489726
423,768,27,0.004751304,0.001327068,0.003424236
423,768,28,0.004410627,0.000970407,0.00344022
423,768,29,0.01101567,0.007689653,0.003326017
423,768,30,0.005384817,0.002068225,0.003316592
423,768,31,0.005914171,0.002589582,0.003324589
423,768,32,0.006228976,0.002860329,0.003368647
423,768,33,0.005410545,0.002102736,0.003307809
423,768,34,0.005889323,0.002496154,0.003393169
423,768,35,0.005451908,0.002082877,0.003369031
423,768,36,0.004818908,0.001427445,0.003391463
423,768,37,0.004739894,0.001256268,0.003483626
423,768,38,0.004902023,0.0013891,0.003512923
423,768,39,0.004559045,0.001015266,0.003543779
423,768,40,0.004697827,0.001131225,0.003566602
423,768,41,0.005039112,0.001378003,0.003661109
423,768,42,0.004466182,0.000923156,0.003543026
423,768,43,0.004667556,0.001059677,0.003607879
423,768,44,0.004663336,0.001080927,0.003582409
423,768,45,0.004735408,0.001132698,0.00360271
423,768,46,0.004670621,0.001103193,0.003567428
423,768,47,0.004798433,0.001131238,0.003667195
423,768,48,0.004514688,0.000910947,0.003603741
423,768,49,0.00481955,0.001138384,0.003681166
423,768,50,0.004694035,0.001012266,0.003681769
423,768,51,0.004610523,0.000899771,0.003710752
423,768,52,0.004612908,0.000849574,0.003763334
423,768,53,0.004711554,0.000916323,0.003795231
423,768,54,0.004410568,0.000715222,0.003695346
423,768,55,0.004752079,0.00095494,0.003797139
423,768,56,0.004489383,0.000719417,0.003769966
423,768,57,0.004494066,0.000848814,0.003645252
423,768,58,0.004568042,0.000921048,0.003646994
423,768,59,0.004889751,0.001228207,0.003661544
423,768,60,0.00474393,0.001153405,0.003590525
423,768,61,0.004626123,0.000903675,0.003722448
423,768,62,0.004601019,0.000960994,0.003640025
423,768,63,0.004501235,0.000866883,0.003634352
423,768,64,0.004487999,0.000846632,0.003641367
423,768,65,0.004341623,0.000835898,0.003505725
423,768,66,0.004693469,0.001234326,0.003459143
423,768,67,0.004580573,0.001107707,0.003472866
423,768,68,0.005333952,0.001894629,0.003439323
423,768,69,0.005142052,0.001740034,0.003402018
423,768,70,0.00470929,0.001338253,0.003371037
423,768,71,0.004604399,0.001190441,0.003413958
423,768,72,0.005719062,0.002469914,0.003249148
423,768,73,0.005228013,0.001934095,0.003293918
423,768,74,0.0046655,0.001366915,0.003298585
423,768,75,0.004716801,0.00139624,0.003320561
423,768,76,0.00479704,0.001452784,0.003344256
423,768,77,0.005234565,0.001877692,0.003356873
423,768,78,0.004846609,0.001459565,0.003387044
423,768,79,0.004815368,0.001389903,0.003425465
423,768,80,0.004484249,0.001049453,0.003434796
423,768,81,0.006768335,0.003288962,0.003479373
423,768,82,0.004613572,0.001151491,0.003462081
423,768,83,0.004414807,0.000937045,0.003477762
423,768,84,0.004292712,0.000896852,0.00339586
423,768,85,0.004940869,0.001328839,0.00361203
423,768,86,0.007297387,0.003884449,0.003412938
423,768,87,0.0047695,0.001195456,0.003574044
423,768,88,0.004233509,0.00076775,0.003465759
423,768,89,0.004303718,0.000777111,0.003526607
423,768,90,0.007826904,0.004566073,0.003260831
423,768,91,0.004794829,0.001542255,0.003252574
423,768,92,0.004535753,0.001085624,0.003450129
423,768,93,0.004170975,0.000739549,0.003431426
423,768,94,0.007248534,0.004003905,0.003244629
423,768,95,0.004521238,0.001270705,0.003250533
423,768,96,0.007232052,0.003945369,0.003286683
423,768,97,0.007871689,0.004482703,0.003388986
423,768,98,0.004042199,0.000510209,0.00353199
423,768,99,0.004016669,0.000480768,0.003535901
423,768,100,0.005161274,0.001782831,0.003378443
423,768,101,0.004365067,0.001014992,0.003350075
423,768,102,0.007804024,0.004512825,0.003291199
423,768,103,0.004430152,0.001008869,0.003421283
423,768,104,0.004474146,0.000847623,0.003626523
423,768,105,0.004386535,0.00084377,0.003542765
423,768,106,0.004472316,0.000978876,0.00349344
423,768,107,0.004589411,0.001179896,0.003409515
423,768,108,0.00483528,0.001235703,0.003599577
423,768,109,0.007885809,0.003405143,0.004480666
423,768,110,0.006691615,0.003300949,0.003390666
424,768,1,0.756202933,0.632761881,0.123441052
424,768,2,0.126982931,0.123954216,0.003028715
424,768,3,0.06572418,0.062701142,0.003023038
424,768,4,0.003733684,0.000639064,0.00309462
424,768,5,0.024774843,0.021751798,0.003023045
424,768,6,0.04668174,0.043648993,0.003032747
424,768,7,0.004010655,0.000857262,0.003153393
424,768,8,0.003685069,0.000585833,0.003099236
424,768,9,0.003889742,0.000793636,0.003096106
424,768,10,0.003711159,0.000598525,0.003112634
424,768,11,0.038351021,0.03530046,0.003050561
424,768,12,0.004397484,0.001360243,0.003037241
424,768,13,0.004265186,0.001124145,0.003141041
424,768,14,0.004007809,0.00087155,0.003136259
424,768,15,0.004118978,0.000943781,0.003175197
424,768,16,0.004931568,0.001582128,0.00334944
424,768,17,0.004579864,0.001005855,0.003574009
424,768,18,0.005115371,0.001240338,0.003875033
424,768,19,0.004797326,0.000866958,0.003930368
424,768,20,0.0043814,0.000506795,0.003874605
424,768,21,0.004612132,0.000777806,0.003834326
424,768,22,0.00423638,0.000578076,0.003658304
424,768,23,0.004196984,0.000649746,0.003547238
424,768,24,0.004113634,0.000484677,0.003628957
424,768,25,0.004031762,0.000492102,0.00353966
424,768,26,0.004030137,0.000525731,0.003504406
424,768,27,0.004289176,0.000900879,0.003388297
424,768,28,0.012061036,0.008728418,0.003332618
424,768,29,0.005195354,0.001798963,0.003396391
424,768,30,0.005802195,0.002547297,0.003254898
424,768,31,0.006420451,0.003065427,0.003355024
424,768,32,0.005339893,0.001986673,0.00335322
424,768,33,0.005907462,0.002602764,0.003304698
424,768,34,0.005464613,0.002129431,0.003335182
424,768,35,0.004754921,0.001407237,0.003347684
424,768,36,0.004715233,0.001239176,0.003476057
424,768,37,0.004857107,0.001334366,0.003522741
424,768,38,0.004509204,0.001002911,0.003506293
424,768,39,0.004686604,0.00116483,0.003521774
424,768,40,0.0047483,0.001187714,0.003560586
424,768,41,0.004716644,0.001128674,0.00358797
424,768,42,0.004637214,0.001038611,0.003598603
424,768,43,0.004674053,0.001020321,0.003653732
424,768,44,0.004827495,0.001142777,0.003684718
424,768,45,0.004641922,0.000983604,0.003658318
424,768,46,0.004695947,0.001046551,0.003649396
424,768,47,0.004626036,0.000938526,0.00368751
424,768,48,0.004680182,0.001027902,0.00365228
424,768,49,0.004628828,0.00090928,0.003719548
424,768,50,0.004614798,0.000872833,0.003741965
424,768,51,0.004547726,0.000840037,0.003707689
424,768,52,0.004786131,0.000954989,0.003831142
424,768,53,0.004438034,0.000699438,0.003738596
424,768,54,0.004582889,0.000866194,0.003716695
424,768,55,0.004496152,0.000818928,0.003677224
424,768,56,0.004511215,0.00082905,0.003682165
424,768,57,0.004457312,0.000810269,0.003647043
424,768,58,0.005055881,0.001424067,0.003631814
424,768,59,0.004519707,0.000868064,0.003651643
424,768,60,0.004929277,0.001298434,0.003630843
424,768,61,0.004777263,0.001072379,0.003704884
424,768,62,0.004344064,0.000792825,0.003551239
424,768,63,0.004531383,0.000959192,0.003572191
424,768,64,0.004396788,0.000890977,0.003505811
424,768,65,0.004545617,0.001040529,0.003505088
424,768,66,0.004631965,0.001198608,0.003433357
424,768,67,0.005659171,0.002320244,0.003338927
424,768,68,0.00507996,0.001672475,0.003407485
424,768,69,0.004859881,0.001334304,0.003525577
424,768,70,0.004518125,0.00106945,0.003448675
424,768,71,0.005686965,0.002352532,0.003334433
424,768,72,0.004847823,0.00153076,0.003317063
424,768,73,0.004957549,0.001687591,0.003269958
424,768,74,0.00458417,0.001378241,0.003205929
424,768,75,0.00490755,0.001703481,0.003204069
424,768,76,0.004938859,0.00156499,0.003373869
424,768,77,0.004839125,0.001535255,0.00330387
424,768,78,0.004845841,0.00151137,0.003334471
424,768,79,0.00470071,0.00133452,0.00336619
424,768,80,0.006628566,0.003170233,0.003458333
424,768,81,0.004739684,0.001161798,0.003577886
424,768,82,0.004432775,0.000910131,0.003522644
424,768,83,0.004226845,0.000810808,0.003416037
424,768,84,0.004495394,0.001169926,0.003325468
424,768,85,0.007645758,0.004142184,0.003503574
424,768,86,0.004857132,0.001249082,0.00360805
424,768,87,0.004355927,0.000832314,0.003523613
424,768,88,0.004186612,0.000727898,0.003458714
424,768,89,0.007927742,0.004543901,0.003383841
424,768,90,0.004661693,0.001291937,0.003369756
424,768,91,0.004562833,0.001179829,0.003383004
424,768,92,0.004205351,0.000817246,0.003388105
424,768,93,0.007393895,0.00402991,0.003363985
424,768,94,0.004500641,0.001167997,0.003332644
424,768,95,0.00689968,0.00370865,0.00319103
424,768,96,0.008383972,0.004353324,0.004030648
424,768,97,0.003993732,0.000652324,0.003341408
424,768,98,0.003898094,0.000398382,0.003499712
424,768,99,0.003964685,0.000466627,0.003498058
424,768,100,0.005869235,0.002550321,0.003318914
424,768,101,0.00458376,0.001199286,0.003384474
424,768,102,0.00382321,0.000433552,0.003389658
424,768,103,0.006948551,0.003621284,0.003327267
424,768,104,0.004516079,0.000933915,0.003582164
424,768,105,0.004350316,0.000877387,0.003472929
424,768,106,0.004458936,0.000971527,0.003487409
424,768,107,0.004153106,0.000765292,0.003387814
424,768,108,0.004875248,0.001281285,0.003593963
424,768,109,0.006367952,0.002791481,0.003576471
424,768,110,0.005861004,0.002388089,0.003472915
425,768,1,0.758006967,0.634606909,0.123400058
425,768,2,0.069792672,0.066773441,0.003019231
425,768,3,0.119117468,0.116096097,0.003021371
425,768,4,0.033175193,0.03015951,0.003015683
425,768,5,0.068820636,0.065794159,0.003026477
425,768,6,0.003871165,0.000772056,0.003099109
425,768,7,0.003765187,0.000646682,0.003118505
425,768,8,0.003902601,0.000792906,0.003109695
425,768,9,0.003564773,0.00040275,0.003162023
425,768,10,0.038133947,0.03510146,0.003032487
425,768,11,0.004696187,0.001575389,0.003120798
425,768,12,0.003919272,0.000803345,0.003115927
425,768,13,0.004061126,0.000940137,0.003120989
425,768,14,0.003972317,0.000850943,0.003121374
425,768,15,0.004669407,0.001435376,0.003234031
425,768,16,0.004588887,0.001249288,0.003339599
425,768,17,0.004851476,0.00131973,0.003531746
425,768,18,0.004957954,0.001078112,0.003879842
425,768,19,0.004449803,0.000601233,0.00384857
425,768,20,0.004633988,0.000671047,0.003962941
425,768,21,0.004479423,0.00064033,0.003839093
425,768,22,0.004279365,0.000568874,0.003710491
425,768,23,0.004088538,0.000532153,0.003556385
425,768,24,0.004078081,0.000534713,0.003543368
425,768,25,0.004041853,0.000496982,0.003544871
425,768,26,0.004003848,0.000564551,0.003439297
425,768,27,0.012519524,0.009071063,0.003448461
425,768,28,0.005068043,0.001680958,0.003387085
425,768,29,0.005727097,0.002376262,0.003350835
425,768,30,0.005948533,0.002697611,0.003250922
425,768,31,0.005678079,0.002296059,0.00338202
425,768,32,0.005650076,0.002330952,0.003319124
425,768,33,0.005645964,0.002187059,0.003458905
425,768,34,0.004498392,0.001024131,0.003474261
425,768,35,0.004572661,0.001083075,0.003489586
425,768,36,0.004578361,0.001113944,0.003464417
425,768,37,0.004873405,0.001322568,0.003550837
425,768,38,0.004863523,0.00112328,0.003740243
425,768,39,0.004515172,0.000926339,0.003588833
425,768,40,0.00466311,0.001016984,0.003646126
425,768,41,0.004590853,0.000936622,0.003654231
425,768,42,0.004775004,0.001055056,0.003719948
425,768,43,0.004613953,0.00098604,0.003627913
425,768,44,0.004868741,0.00111591,0.003752831
425,768,45,0.004419297,0.000728718,0.003690579
425,768,46,0.004763475,0.001001917,0.003761558
425,768,47,0.004546097,0.000796752,0.003749345
425,768,48,0.004502285,0.000777863,0.003724422
425,768,49,0.004588727,0.000756107,0.00383262
425,768,50,0.004537569,0.000770871,0.003766698
425,768,51,0.004654123,0.000882519,0.003771604
425,768,52,0.004606646,0.000764219,0.003842427
425,768,53,0.004533656,0.00082492,0.003708736
425,768,54,0.004724695,0.000988592,0.003736103
425,768,55,0.004507831,0.000765623,0.003742208
425,768,56,0.004462884,0.00077912,0.003683764
425,768,57,0.005237562,0.001580507,0.003657055
425,768,58,0.00465406,0.000994583,0.003659477
425,768,59,0.004796451,0.001146065,0.003650386
425,768,60,0.005071808,0.00130365,0.003768158
425,768,61,0.00458052,0.00083065,0.00374987
425,768,62,0.004530174,0.000831684,0.00369849
425,768,63,0.00417476,0.00058106,0.0035937
425,768,64,0.004543205,0.000938649,0.003604556
425,768,65,0.004588095,0.001121845,0.00346625
425,768,66,0.005544615,0.002148869,0.003395746
425,768,67,0.005224986,0.0018066,0.003418386
425,768,68,0.004791075,0.001397411,0.003393664
425,768,69,0.004753685,0.001177474,0.003576211
425,768,70,0.005747001,0.002436702,0.003310299
425,768,71,0.004673489,0.001384719,0.00328877
425,768,72,0.004599992,0.001250065,0.003349927
425,768,73,0.004838223,0.001446429,0.003391794
425,768,74,0.004464412,0.001182181,0.003282231
425,768,75,0.004879875,0.001646276,0.003233599
425,768,76,0.00476275,0.001479543,0.003283207
425,768,77,0.004959361,0.001619593,0.003339768
425,768,78,0.004803919,0.00136349,0.003440429
425,768,79,0.005503306,0.002061822,0.003441484
425,768,80,0.004660989,0.001167329,0.00349366
425,768,81,0.005286177,0.001741136,0.003545041
425,768,82,0.004514279,0.000980001,0.003534278
425,768,83,0.004237475,0.000733956,0.003503519
425,768,84,0.008389267,0.004708715,0.003680552
425,768,85,0.00486438,0.001118435,0.003745945
425,768,86,0.004447947,0.000880042,0.003567905
425,768,87,0.004423957,0.000815228,0.003608729
425,768,88,0.007496151,0.003987621,0.00350853
425,768,89,0.004815929,0.001332501,0.003483428
425,768,90,0.004556382,0.001109723,0.003446659
425,768,91,0.004309115,0.000968872,0.003340243
425,768,92,0.007285586,0.003907819,0.003377767
425,768,93,0.004615587,0.001199819,0.003415768
425,768,94,0.004151185,0.000802618,0.003348567
425,768,95,0.004119616,0.00081537,0.003304246
425,768,96,0.006623077,0.003344972,0.003278105
425,768,97,0.007785995,0.004430546,0.003355449
425,768,98,0.004079642,0.000612224,0.003467418
425,768,99,0.006388783,0.000469494,0.005919289
425,768,100,0.004776952,0.001255677,0.003521275
425,768,101,0.003771199,0.000410933,0.003360266
425,768,102,0.003868305,0.000459038,0.003409267
425,768,103,0.004130521,0.000796115,0.003334406
425,768,104,0.00658896,0.003120587,0.003468373
425,768,105,0.004454825,0.000971711,0.003483114
425,768,106,0.004215675,0.000826433,0.003389242
425,768,107,0.004518627,0.001086514,0.003432113
425,768,108,0.004649368,0.001117482,0.003531886
425,768,109,0.004701514,0.001115749,0.003585765
425,768,110,0.005851122,0.002249305,0.003601817
426,768,1,0.751954337,0.62888921,0.123065127
426,768,2,0.034160098,0.031134478,0.00302562
426,768,3,0.133964671,0.130934622,0.003030049
426,768,4,0.097622416,0.094599384,0.003023032
426,768,5,0.003788329,0.00067195,0.003116379
426,768,6,0.003793719,0.000661567,0.003132152
426,768,7,0.003916232,0.000778555,0.003137677
426,768,8,0.003524392,0.00043466,0.003089732
426,768,9,0.037910716,0.03488061,0.003030106
426,768,10,0.004274597,0.001246626,0.003027971
426,768,11,0.004258053,0.001097105,0.003160948
426,768,12,0.003957497,0.000798207,0.00315929
426,768,13,0.004030202,0.000862226,0.003167976
426,768,14,0.00465645,0.001513766,0.003142684
426,768,15,0.004452214,0.001177152,0.003275062
426,768,16,0.004844882,0.001492785,0.003352097
426,768,17,0.00476117,0.001115391,0.003645779
426,768,18,0.004450344,0.000685039,0.003765305
426,768,19,0.004529773,0.000617285,0.003912488
426,768,20,0.004422985,0.000643638,0.003779347
426,768,21,0.00451798,0.00069872,0.00381926
426,768,22,0.004238791,0.000620112,0.003618679
426,768,23,0.004084432,0.000541427,0.003543005
426,768,24,0.004042724,0.00052324,0.003519484
426,768,25,0.004064882,0.000513003,0.003551879
426,768,26,0.012678687,0.009396869,0.003281818
426,768,27,0.005136155,0.001892198,0.003243957
426,768,28,0.00571301,0.002421694,0.003291316
426,768,29,0.005612427,0.002261684,0.003350743
426,768,30,0.005380533,0.002049411,0.003331122
426,768,31,0.00583935,0.00251816,0.00332119
426,768,32,0.005148131,0.001840809,0.003307322
426,768,33,0.004691448,0.001281202,0.003410246
426,768,34,0.004740751,0.001223135,0.003517616
426,768,35,0.004407461,0.000946321,0.00346114
426,768,36,0.004954806,0.001396429,0.003558377
426,768,37,0.004605869,0.001064946,0.003540923
426,768,38,0.004879548,0.001284988,0.00359456
426,768,39,0.00462126,0.000981641,0.003639619
426,768,40,0.004700055,0.000990754,0.003709301
426,768,41,0.004643625,0.000966264,0.003677361
426,768,42,0.004694741,0.001002976,0.003691765
426,768,43,0.004764001,0.001080453,0.003683548
426,768,44,0.004561664,0.000851035,0.003710629
426,768,45,0.004583547,0.000898813,0.003684734
426,768,46,0.004512602,0.000818477,0.003694125
426,768,47,0.004647867,0.000918049,0.003729818
426,768,48,0.004536949,0.000856489,0.00368046
426,768,49,0.004617381,0.000866977,0.003750404
426,768,50,0.004612134,0.000880843,0.003731291
426,768,51,0.004518173,0.000785589,0.003732584
426,768,52,0.004684235,0.000997814,0.003686421
426,768,53,0.004765553,0.000990482,0.003775071
426,768,54,0.004464765,0.000771979,0.003692786
426,768,55,0.004653541,0.000857921,0.00379562
426,768,56,0.004841344,0.001125718,0.003715626
426,768,57,0.004725012,0.001018927,0.003706085
426,768,58,0.004864713,0.001153948,0.003710765
426,768,59,0.004835186,0.001154914,0.003680272
426,768,60,0.004691863,0.00094062,0.003751243
426,768,61,0.004866542,0.001099387,0.003767155
426,768,62,0.004179243,0.000527675,0.003651568
426,768,63,0.004494215,0.000837893,0.003656322
426,768,64,0.004503427,0.000942459,0.003560968
426,768,65,0.005520304,0.001971536,0.003548768
426,768,66,0.005361198,0.001863452,0.003497746
426,768,67,0.004578039,0.001112998,0.003465041
426,768,68,0.004622478,0.001234761,0.003387717
426,768,69,0.006018533,0.002690702,0.003327831
426,768,70,0.004978677,0.001562401,0.003416276
426,768,71,0.004241125,0.000849004,0.003392121
426,768,72,0.004492598,0.001185617,0.003306981
426,768,73,0.004657648,0.001365157,0.003292491
426,768,74,0.004608043,0.001370403,0.00323764
426,768,75,0.004898129,0.001560937,0.003337192
426,768,76,0.004908854,0.001545103,0.003363751
426,768,77,0.004845491,0.001517233,0.003328258
426,768,78,0.005692643,0.002195351,0.003497292
426,768,79,0.004717552,0.001126373,0.003591179
426,768,80,0.004642839,0.001127218,0.003515621
426,768,81,0.004781925,0.00123193,0.003549995
426,768,82,0.004195212,0.000782445,0.003412767
426,768,83,0.008297069,0.004958904,0.003338165
426,768,84,0.005084801,0.001429139,0.003655662
426,768,85,0.004532839,0.000943732,0.003589107
426,768,86,0.004446114,0.00093491,0.003511204
426,768,87,0.007633121,0.004238039,0.003395082
426,768,88,0.004633486,0.001266436,0.00336705
426,768,89,0.004736263,0.001276757,0.003459506
426,768,90,0.004396339,0.001003498,0.003392841
426,768,91,0.004349778,0.0009568,0.003392978
426,768,92,0.004162988,0.000809959,0.003353029
426,768,93,0.006676703,0.003366302,0.003310401
426,768,94,0.004659689,0.001346721,0.003312968
426,768,95,0.004192899,0.000914094,0.003278805
426,768,96,0.004248778,0.001067738,0.00318104
426,768,97,0.006398924,0.003184377,0.003214547
426,768,98,0.007412346,0.004063078,0.003349268
426,768,99,0.004213569,0.000702292,0.003511277
426,768,100,0.006512014,0.003180057,0.003331957
426,768,101,0.0045818,0.001174477,0.003407323
426,768,102,0.003789123,0.000401328,0.003387795
426,768,103,0.004039507,0.000682467,0.00335704
426,768,104,0.004283715,0.000964693,0.003319022
426,768,105,0.006679352,0.003370397,0.003308955
426,768,106,0.004465558,0.001060304,0.003405254
426,768,107,0.004582115,0.001126632,0.003455483
426,768,108,0.004414878,0.000889566,0.003525312
426,768,109,0.004768153,0.001128413,0.00363974
426,768,110,0.004740389,0.001175919,0.00356447
427,768,1,0.758524934,0.6354164,0.123108534
427,768,2,0.071234796,0.068217294,0.003017502
427,768,3,0.174478087,0.171455835,0.003022252
427,768,4,0.003722466,0.000580754,0.003141712
427,768,5,0.00341665,0.000339899,0.003076751
427,768,6,0.003535183,0.000402324,0.003132859
427,768,7,0.003505085,0.000424656,0.003080429
427,768,8,0.038514326,0.035485568,0.003028758
427,768,9,0.004265821,0.001242058,0.003023763
427,768,10,0.003956813,0.000827627,0.003129186
427,768,11,0.004166176,0.001024326,0.00314185
427,768,12,0.004030809,0.000924974,0.003105835
427,768,13,0.004522411,0.001351262,0.003171149
427,768,14,0.00443469,0.001276986,0.003157704
427,768,15,0.004601224,0.001294503,0.003306721
427,768,16,0.004503446,0.001170788,0.003332658
427,768,17,0.004596682,0.000948543,0.003648139
427,768,18,0.00454032,0.000645692,0.003894628
427,768,19,0.004478084,0.00060939,0.003868694
427,768,20,0.004539692,0.000640308,0.003899384
427,768,21,0.004364519,0.000631475,0.003733044
427,768,22,0.004159161,0.000593053,0.003566108
427,768,23,0.004105853,0.000553021,0.003552832
427,768,24,0.004069937,0.000558639,0.003511298
427,768,25,0.013011706,0.009707668,0.003304038
427,768,26,0.005137487,0.001845101,0.003292386
427,768,27,0.005725811,0.002349869,0.003375942
427,768,28,0.005121229,0.001728078,0.003393151
427,768,29,0.005134301,0.001854461,0.00327984
427,768,30,0.005917299,0.002593829,0.00332347
427,768,31,0.005063043,0.001631337,0.003431706
427,768,32,0.004507706,0.001079706,0.003428
427,768,33,0.004813245,0.001326228,0.003487017
427,768,34,0.004607498,0.001044659,0.003562839
427,768,35,0.004898148,0.001337658,0.00356049
427,768,36,0.004540996,0.00096787,0.003573126
427,768,37,0.004809451,0.001371131,0.00343832
427,768,38,0.004847554,0.001211349,0.003636205
427,768,39,0.004578211,0.000912056,0.003666155
427,768,40,0.004652021,0.001020587,0.003631434
427,768,41,0.004790051,0.001151267,0.003638784
427,768,42,0.004740735,0.001018864,0.003721871
427,768,43,0.004533525,0.000904483,0.003629042
427,768,44,0.004672163,0.000953222,0.003718941
427,768,45,0.004442072,0.000727324,0.003714748
427,768,46,0.004644151,0.000922966,0.003721185
427,768,47,0.00473085,0.000959651,0.003771199
427,768,48,0.004507029,0.000778495,0.003728534
427,768,49,0.004640875,0.000885477,0.003755398
427,768,50,0.004413826,0.000754847,0.003658979
427,768,51,0.004834693,0.001089164,0.003745529
427,768,52,0.004668978,0.000959805,0.003709173
427,768,53,0.004549882,0.000839324,0.003710558
427,768,54,0.004545781,0.000884514,0.003661267
427,768,55,0.004833064,0.001155969,0.003677095
427,768,56,0.004653081,0.001001154,0.003651927
427,768,57,0.004720868,0.001132847,0.003588021
427,768,58,0.004709794,0.001152044,0.00355775
427,768,59,0.004808478,0.001265538,0.00354294
427,768,60,0.004851635,0.001162204,0.003689431
427,768,61,0.004557663,0.000862507,0.003695156
427,768,62,0.004549172,0.000887109,0.003662063
427,768,63,0.004588351,0.001007617,0.003580734
427,768,64,0.005299835,0.001633275,0.00366656
427,768,65,0.005196727,0.001653041,0.003543686
427,768,66,0.004598551,0.001063238,0.003535313
427,768,67,0.004458983,0.001016042,0.003442941
427,768,68,0.006469217,0.003076044,0.003393173
427,768,69,0.004775999,0.001440446,0.003335553
427,768,70,0.0042881,0.000858749,0.003429351
427,768,71,0.004397989,0.001032467,0.003365522
427,768,72,0.004472515,0.001204303,0.003268212
427,768,73,0.004789557,0.001383093,0.003406464
427,768,74,0.004671516,0.001351135,0.003320381
427,768,75,0.004889869,0.001633253,0.003256616
427,768,76,0.004754649,0.00140552,0.003349129
427,768,77,0.005942418,0.002577435,0.003364983
427,768,78,0.004671951,0.00112403,0.003547921
427,768,79,0.004682378,0.001102306,0.003580072
427,768,80,0.004651347,0.001028919,0.003622428
427,768,81,0.004723171,0.001074348,0.003648823
427,768,82,0.008084612,0.00472592,0.003358692
427,768,83,0.004394801,0.001051574,0.003343227
427,768,84,0.004866284,0.001205293,0.003660991
427,768,85,0.004593386,0.001053819,0.003539567
427,768,86,0.004449471,0.000935925,0.003513546
427,768,87,0.00437906,0.000913542,0.003465518
427,768,88,0.006907574,0.003488907,0.003418667
427,768,89,0.004976434,0.001498076,0.003478358
427,768,90,0.004570719,0.001115903,0.003454816
427,768,91,0.004321491,0.000963729,0.003357762
427,768,92,0.004334953,0.000917123,0.00341783
427,768,93,0.004191197,0.000784478,0.003406719
427,768,94,0.006633036,0.003398125,0.003234911
427,768,95,0.00451268,0.001269372,0.003243308
427,768,96,0.004274703,0.001037287,0.003237416
427,768,97,0.004476898,0.001244709,0.003232189
427,768,98,0.006363941,0.003026902,0.003337039
427,768,99,0.009456253,0.00483086,0.004625393
427,768,100,0.004010064,0.000559678,0.003450386
427,768,101,0.004099412,0.000771045,0.003328367
427,768,102,0.004463811,0.001240761,0.00322305
427,768,103,0.003844068,0.000549289,0.003294779
427,768,104,0.004619475,0.001255801,0.003363674
427,768,105,0.004500554,0.000950966,0.003549588
427,768,106,0.006488239,0.003195164,0.003293075
427,768,107,0.004541064,0.0011138,0.003427264
427,768,108,0.005487684,0.001904464,0.00358322
427,768,109,0.004139519,0.000543464,0.003596055
427,768,110,0.004461267,0.000830054,0.003631213
428,768,1,0.754128361,0.631246362,0.122881999
428,768,2,0.135365733,0.132323551,0.003042182
428,768,3,0.040820733,0.037792376,0.003028357
428,768,4,0.095495945,0.092469718,0.003026227
428,768,5,0.003861249,0.000745808,0.003115441
428,768,6,0.003579951,0.000420288,0.003159663
428,768,7,0.038818507,0.03577346,0.003045047
428,768,8,0.004236048,0.001074721,0.003161327
428,768,9,0.003991739,0.000827842,0.003163897
428,768,10,0.003850625,0.000669927,0.003180698
428,768,11,0.004131979,0.000973522,0.003158457
428,768,12,0.004501735,0.001371596,0.003130139
428,768,13,0.004113579,0.001001907,0.003111672
428,768,14,0.004413808,0.001212288,0.00320152
428,768,15,0.00431464,0.001040707,0.003273933
428,768,16,0.00444575,0.001008477,0.003437273
428,768,17,0.004632844,0.000885345,0.003747499
428,768,18,0.004574907,0.000729535,0.003845372
428,768,19,0.004515429,0.000639679,0.00387575
428,768,20,0.004464945,0.000646616,0.003818329
428,768,21,0.004404351,0.000654344,0.003750007
428,768,22,0.004176618,0.000590789,0.003585829
428,768,23,0.004137737,0.000612665,0.003525072
428,768,24,0.013202266,0.009847646,0.00335462
428,768,25,0.005221765,0.001936031,0.003285734
428,768,26,0.005680956,0.002299411,0.003381545
428,768,27,0.005054393,0.001752721,0.003301672
428,768,28,0.005271001,0.001965924,0.003305077
428,768,29,0.005346877,0.002068736,0.003278141
428,768,30,0.004927199,0.00164314,0.003284059
428,768,31,0.004741408,0.001266038,0.00347537
428,768,32,0.00457856,0.001188053,0.003390507
428,768,33,0.004712067,0.00120598,0.003506087
428,768,34,0.004876398,0.001294304,0.003582094
428,768,35,0.004590005,0.001057392,0.003532613
428,768,36,0.004941394,0.001326398,0.003614996
428,768,37,0.004512138,0.000983446,0.003528692
428,768,38,0.004783671,0.001122901,0.00366077
428,768,39,0.004596333,0.001012887,0.003583446
428,768,40,0.004808533,0.001144118,0.003664415
428,768,41,0.004594153,0.000966295,0.003627858
428,768,42,0.004776209,0.001028344,0.003747865
428,768,43,0.004490021,0.000826627,0.003663394
428,768,44,0.004615106,0.000896607,0.003718499
428,768,45,0.004526101,0.000829002,0.003697099
428,768,46,0.004695983,0.000924074,0.003771909
428,768,47,0.004472398,0.000806837,0.003665561
428,768,48,0.004697674,0.000960403,0.003737271
428,768,49,0.004501046,0.00084223,0.003658816
428,768,50,0.004718849,0.001030535,0.003688314
428,768,51,0.004677233,0.000933735,0.003743498
428,768,52,0.004504517,0.000835392,0.003669125
428,768,53,0.00459482,0.000922518,0.003672302
428,768,54,0.00495813,0.001249521,0.003708609
428,768,55,0.004574073,0.000927209,0.003646864
428,768,56,0.004526939,0.000944932,0.003582007
428,768,57,0.004675392,0.001086458,0.003588934
428,768,58,0.005187592,0.001610574,0.003577018
428,768,59,0.004537121,0.000962813,0.003574308
428,768,60,0.004544216,0.000859049,0.003685167
428,768,61,0.00470283,0.001053547,0.003649283
428,768,62,0.004749697,0.00101541,0.003734287
428,768,63,0.005116753,0.001464776,0.003651977
428,768,64,0.004917057,0.001437196,0.003479861
428,768,65,0.004578848,0.001115608,0.00346324
428,768,66,0.004609955,0.001160944,0.003449011
428,768,67,0.006341257,0.00296945,0.003371807
428,768,68,0.005194061,0.001627722,0.003566339
428,768,69,0.004323789,0.000884105,0.003439684
428,768,70,0.004237661,0.00080369,0.003433971
428,768,71,0.004397413,0.00096666,0.003430753
428,768,72,0.004675697,0.001400523,0.003275174
428,768,73,0.004793324,0.001485746,0.003307578
428,768,74,0.004788854,0.001489562,0.003299292
428,768,75,0.004900643,0.001553442,0.003347201
428,768,76,0.005872414,0.002462677,0.003409737
428,768,77,0.004616529,0.001202597,0.003413932
428,768,78,0.004758282,0.001249433,0.003508849
428,768,79,0.00451495,0.000941415,0.003573535
428,768,80,0.004592323,0.001033357,0.003558966
428,768,81,0.005179727,0.001535821,0.003643906
428,768,82,0.004354074,0.000846638,0.003507436
428,768,83,0.007009027,0.003618966,0.003390061
428,768,84,0.00499851,0.001276157,0.003722353
428,768,85,0.004637578,0.000929213,0.003708365
428,768,86,0.004415056,0.000850653,0.003564403
428,768,87,0.004406028,0.000918696,0.003487332
428,768,88,0.004121523,0.00073072,0.003390803
428,768,89,0.00723661,0.003874814,0.003361796
428,768,90,0.00489943,0.001473858,0.003425572
428,768,91,0.004386257,0.000977087,0.00340917
428,768,92,0.004220741,0.000820024,0.003400717
428,768,93,0.004089539,0.000705746,0.003383793
428,768,94,0.004439199,0.000907085,0.003532114
428,768,95,0.006435154,0.003258264,0.00317689
428,768,96,0.004668534,0.001414221,0.003254313
428,768,97,0.004481633,0.001149327,0.003332306
428,768,98,0.006968346,0.003641029,0.003327317
428,768,99,0.0055477,0.002290573,0.003257127
428,768,100,0.007214441,0.003832914,0.003381527
428,768,101,0.003801225,0.000539497,0.003261728
428,768,102,0.004102796,0.000828979,0.003273817
428,768,103,0.004614913,0.001216635,0.003398278
428,768,104,0.004119476,0.000713008,0.003406468
428,768,105,0.004852898,0.001267888,0.00358501
428,768,106,0.004382154,0.000829278,0.003552876
428,768,107,0.008816075,0.004581197,0.004234878
428,768,108,0.004212594,0.00059123,0.003621364
428,768,109,0.004087371,0.00050138,0.003585991
428,768,110,0.004011375,0.000437043,0.003574332
429,768,1,0.756532212,0.633758523,0.122773689
429,768,2,0.068806722,0.065794942,0.00301178
429,768,3,0.100211783,0.09718929,0.003022493
429,768,4,0.02797432,0.024957944,0.003016376
429,768,5,0.079270627,0.076247411,0.003023216
429,768,6,0.039737743,0.036694636,0.003043107
429,768,7,0.004200094,0.001152864,0.00304723
429,768,8,0.004036812,0.000914276,0.003122536
429,768,9,0.003861026,0.000755659,0.003105367
429,768,10,0.003860575,0.000736815,0.00312376
429,768,11,0.004433805,0.001268339,0.003165466
429,768,12,0.004059039,0.000901698,0.003157341
429,768,13,0.004460905,0.001344303,0.003116602
429,768,14,0.004061315,0.000914108,0.003147207
429,768,15,0.004269037,0.000994877,0.00327416
429,768,16,0.004509586,0.000997879,0.003511707
429,768,17,0.004628838,0.000901948,0.00372689
429,768,18,0.004456083,0.000634257,0.003821826
429,768,19,0.004491629,0.000615933,0.003875696
429,768,20,0.004425964,0.000599909,0.003826055
429,768,21,0.004393366,0.000660593,0.003732773
429,768,22,0.004151258,0.000568201,0.003583057
429,768,23,0.013607487,0.010201825,0.003405662
429,768,24,0.005304108,0.00190324,0.003400868
429,768,25,0.005545235,0.002225504,0.003319731
429,768,26,0.00518937,0.001891168,0.003298202
429,768,27,0.005224456,0.001918629,0.003305827
429,768,28,0.005392208,0.002096213,0.003295995
429,768,29,0.004854529,0.001451041,0.003403488
429,768,30,0.004583178,0.001146501,0.003436677
429,768,31,0.004664539,0.001237847,0.003426692
429,768,32,0.004471044,0.001097781,0.003373263
429,768,33,0.004575879,0.001072449,0.00350343
429,768,34,0.004540832,0.001068038,0.003472794
429,768,35,0.00472954,0.001210028,0.003519512
429,768,36,0.004626302,0.001048646,0.003577656
429,768,37,0.00449709,0.00098315,0.00351394
429,768,38,0.004753853,0.00112259,0.003631263
429,768,39,0.004590773,0.000938898,0.003651875
429,768,40,0.004738164,0.001015212,0.003722952
429,768,41,0.004702267,0.000969424,0.003732843
429,768,42,0.004420998,0.000742751,0.003678247
429,768,43,0.004671937,0.001020418,0.003651519
429,768,44,0.004454539,0.000757259,0.00369728
429,768,45,0.004553715,0.000881945,0.00367177
429,768,46,0.00458086,0.000858728,0.003722132
429,768,47,0.00453707,0.000892654,0.003644416
429,768,48,0.00465665,0.000933505,0.003723145
429,768,49,0.005055226,0.001334939,0.003720287
429,768,50,0.004553907,0.000852957,0.00370095
429,768,51,0.00469154,0.000941931,0.003749609
429,768,52,0.004820377,0.001060909,0.003759468
429,768,53,0.004709512,0.000959195,0.003750317
429,768,54,0.004562605,0.000898444,0.003664161
429,768,55,0.004740967,0.001082088,0.003658879
429,768,56,0.004722199,0.001045044,0.003677155
429,768,57,0.004762294,0.001132571,0.003629723
429,768,58,0.0046267,0.001018494,0.003608206
429,768,59,0.004705855,0.001115847,0.003590008
429,768,60,0.004762955,0.001010796,0.003752159
429,768,61,0.004374601,0.000706461,0.00366814
429,768,62,0.004662007,0.000999057,0.00366295
429,768,63,0.004443211,0.00081541,0.003627801
429,768,64,0.004493256,0.000882156,0.0036111
429,768,65,0.005160802,0.001636697,0.003524105
429,768,66,0.007087883,0.003755756,0.003332127
429,768,67,0.004731464,0.001392122,0.003339342
429,768,68,0.004815024,0.001244034,0.00357099
429,768,69,0.00434657,0.000916781,0.003429789
429,768,70,0.004205465,0.000792997,0.003412468
429,768,71,0.004433113,0.001150718,0.003282395
429,768,72,0.005023942,0.001704732,0.00331921
429,768,73,0.00494818,0.001570956,0.003377224
429,768,74,0.004716269,0.001337498,0.003378771
429,768,75,0.005535609,0.002183726,0.003351883
429,768,76,0.004837731,0.001496197,0.003341534
429,768,77,0.004693406,0.00133938,0.003354026
429,768,78,0.004896165,0.001331389,0.003564776
429,768,79,0.004445081,0.000860947,0.003584134
429,768,80,0.004884017,0.001433117,0.0034509
429,768,81,0.004874378,0.001313364,0.003561014
429,768,82,0.004371302,0.000880722,0.00349058
429,768,83,0.00443888,0.001000711,0.003438169
429,768,84,0.00660463,0.002931139,0.003673491
429,768,85,0.004779999,0.001080119,0.00369988
429,768,86,0.004500478,0.000899484,0.003600994
429,768,87,0.004480877,0.000918685,0.003562192
429,768,88,0.006582211,0.003185957,0.003396254
429,768,89,0.005673933,0.002217215,0.003456718
429,768,90,0.00449693,0.001032201,0.003464729
429,768,91,0.004318312,0.000959254,0.003359058
429,768,92,0.00419549,0.000835164,0.003360326
429,768,93,0.00421162,0.000785802,0.003425818
429,768,94,0.004218475,0.000747051,0.003471424
429,768,95,0.004131107,0.000761715,0.003369392
429,768,96,0.006391227,0.003205722,0.003185505
429,768,97,0.004782907,0.001321549,0.003461358
429,768,98,0.004085399,0.000789108,0.003296291
429,768,99,0.007148818,0.00374187,0.003406948
429,768,100,0.005843524,0.002468822,0.003374702
429,768,101,0.006189375,0.003029365,0.00316001
429,768,102,0.003994778,0.000634709,0.003360069
429,768,103,0.004266072,0.000827751,0.003438321
429,768,104,0.004406502,0.001079303,0.003327199
429,768,105,0.004866913,0.001245547,0.003621366
429,768,106,0.005448127,0.002019883,0.003428244
429,768,107,0.004721447,0.001205443,0.003516004
429,768,108,0.007437223,0.00392204,0.003515183
429,768,109,0.004284748,0.000679464,0.003605284
429,768,110,0.005191367,0.001595294,0.003596073
430,768,1,0.754164395,0.631251394,0.122913001
430,768,2,0.166152693,0.16313163,0.003021063
430,768,3,0.028015112,0.024987994,0.003027118
430,768,4,0.011286923,0.008282014,0.003004909
430,768,5,0.107667172,0.104634224,0.003032948
430,768,6,0.00419247,0.001077389,0.003115081
430,768,7,0.004029526,0.000918243,0.003111283
430,768,8,0.00392789,0.000799266,0.003128624
430,768,9,0.003845666,0.000718935,0.003126731
430,768,10,0.003894058,0.000745036,0.003149022
430,768,11,0.004164477,0.001033466,0.003131011
430,768,12,0.004225435,0.001115121,0.003110314
430,768,13,0.004008962,0.000894266,0.003114696
430,768,14,0.004058978,0.000909214,0.003149764
430,768,15,0.004215653,0.000916265,0.003299388
430,768,16,0.00446284,0.000987785,0.003475055
430,768,17,0.004689998,0.000943141,0.003746857
430,768,18,0.004397312,0.000576593,0.003820719
430,768,19,0.004522692,0.000589134,0.003933558
430,768,20,0.0044603,0.000582151,0.003878149
430,768,21,0.004356738,0.000610713,0.003746025
430,768,22,0.014165724,0.010648489,0.003517235
430,768,23,0.005339236,0.001889937,0.003449299
430,768,24,0.005582757,0.002258541,0.003324216
430,768,25,0.005256026,0.001896638,0.003359388
430,768,26,0.005189092,0.001805919,0.003383173
430,768,27,0.005442527,0.002031377,0.00341115
430,768,28,0.004734213,0.001438881,0.003295332
430,768,29,0.004564536,0.001181252,0.003383284
430,768,30,0.004684108,0.001308049,0.003376059
430,768,31,0.004469613,0.001092961,0.003376652
430,768,32,0.004483833,0.001075804,0.003408029
430,768,33,0.00439352,0.000983541,0.003409979
430,768,34,0.004431856,0.000979128,0.003452728
430,768,35,0.00451999,0.001011706,0.003508284
430,768,36,0.004699073,0.001128396,0.003570677
430,768,37,0.004583722,0.001025954,0.003557768
430,768,38,0.004569926,0.000953361,0.003616565
430,768,39,0.00472814,0.001080811,0.003647329
430,768,40,0.004754111,0.001030323,0.003723788
430,768,41,0.004368379,0.00067694,0.003691439
430,768,42,0.004732867,0.001006196,0.003726671
430,768,43,0.004421918,0.000751061,0.003670857
430,768,44,0.004743507,0.001004614,0.003738893
430,768,45,0.004530025,0.000845481,0.003684544
430,768,46,0.00460146,0.000949669,0.003651791
430,768,47,0.004633572,0.000933431,0.003700141
430,768,48,0.004764546,0.001025086,0.00373946
430,768,49,0.00447503,0.000821281,0.003653749
430,768,50,0.00484866,0.001061462,0.003787198
430,768,51,0.00464691,0.000922382,0.003724528
430,768,52,0.004751321,0.001048004,0.003703317
430,768,53,0.004449105,0.000828104,0.003621001
430,768,54,0.004819425,0.001114494,0.003704931
430,768,55,0.004428668,0.000823891,0.003604777
430,768,56,0.004694779,0.001073459,0.00362132
430,768,57,0.004760935,0.001171645,0.00358929
430,768,58,0.004670713,0.001067969,0.003602744
430,768,59,0.004661149,0.001058464,0.003602685
430,768,60,0.00490505,0.001161251,0.003743799
430,768,61,0.004700055,0.001001845,0.00369821
430,768,62,0.0043814,0.000690419,0.003690981
430,768,63,0.004647483,0.000959366,0.003688117
430,768,64,0.004344589,0.000841685,0.003502904
430,768,65,0.004524302,0.000966258,0.003558044
430,768,66,0.004614522,0.001135322,0.0034792
430,768,67,0.007067237,0.003642167,0.00342507
430,768,68,0.004911521,0.0014334,0.003478121
430,768,69,0.004524119,0.001098929,0.00342519
430,768,70,0.004302635,0.00088466,0.003417975
430,768,71,0.004283426,0.000869222,0.003414204
430,768,72,0.004844867,0.00156663,0.003278237
430,768,73,0.004779639,0.001460157,0.003319482
430,768,74,0.006307416,0.003025282,0.003282134
430,768,75,0.004885271,0.001515013,0.003370258
430,768,76,0.00486371,0.001489371,0.003374339
430,768,77,0.004575657,0.001204849,0.003370808
430,768,78,0.004443183,0.000951051,0.003492132
430,768,79,0.004691188,0.001158079,0.003533109
430,768,80,0.005505648,0.002014274,0.003491374
430,768,81,0.004688617,0.001104708,0.003583909
430,768,82,0.004368476,0.000823617,0.003544859
430,768,83,0.004406717,0.000829712,0.003577005
430,768,84,0.004435106,0.000933116,0.00350199
430,768,85,0.005940751,0.002479586,0.003461165
430,768,86,0.004698828,0.001249723,0.003449105
430,768,87,0.004354199,0.000908824,0.003445375
430,768,88,0.004432995,0.00099725,0.003435745
430,768,89,0.006936081,0.003544388,0.003391693
430,768,90,0.005410331,0.0021134,0.003296931
430,768,91,0.004454852,0.001103849,0.003351003
430,768,92,0.00432799,0.000971514,0.003356476
430,768,93,0.004134833,0.000776027,0.003358806
430,768,94,0.004285041,0.000809907,0.003475134
430,768,95,0.004042559,0.000662989,0.00337957
430,768,96,0.006020407,0.002822454,0.003197953
430,768,97,0.00511089,0.001762262,0.003348628
430,768,98,0.004240228,0.000974524,0.003265704
430,768,99,0.004400156,0.001092842,0.003307314
430,768,100,0.007308687,0.003849378,0.003459309
430,768,101,0.005497793,0.002147466,0.003350327
430,768,102,0.005652156,0.002358472,0.003293684
430,768,103,0.004411635,0.001007065,0.00340457
430,768,104,0.00455139,0.001076,0.00347539
430,768,105,0.007125526,0.00372753,0.003397996
430,768,106,0.004610498,0.001104865,0.003505633
430,768,107,0.004499803,0.000958953,0.00354085
430,768,108,0.006964507,0.003409814,0.003554693
430,768,109,0.005366517,0.001763303,0.003603214
430,768,110,0.004101759,0.00050831,0.003593449
431,768,1,0.764285681,0.641321981,0.1229637
431,768,2,0.058961783,0.055928153,0.00303363
431,768,3,0.102491414,0.099453941,0.003037473
431,768,4,0.107660841,0.104622396,0.003038445
431,768,5,0.004071556,0.000927756,0.0031438
431,768,6,0.004082372,0.000942885,0.003139487
431,768,7,0.003926532,0.000784267,0.003142265
431,768,8,0.003808293,0.000652627,0.003155666
431,768,9,0.003612825,0.000505269,0.003107556
431,768,10,0.004046044,0.000931287,0.003114757
431,768,11,0.004244228,0.001069648,0.00317458
431,768,12,0.003987452,0.000819551,0.003167901
431,768,13,0.004040803,0.000848523,0.00319228
431,768,14,0.003991339,0.000776331,0.003215008
431,768,15,0.00419233,0.000881407,0.003310923
431,768,16,0.004477352,0.001014686,0.003462666
431,768,17,0.004570765,0.000767976,0.003802789
431,768,18,0.004444841,0.000527158,0.003917683
431,768,19,0.004525003,0.000622038,0.003902965
431,768,20,0.004514242,0.000599123,0.003915119
431,768,21,0.014540531,0.011041381,0.00349915
431,768,22,0.005407143,0.002001442,0.003405701
431,768,23,0.005704878,0.002272699,0.003432179
431,768,24,0.005258536,0.001918462,0.003340074
431,768,25,0.005176817,0.001846491,0.003330326
431,768,26,0.005405218,0.002085604,0.003319614
431,768,27,0.004781833,0.001357508,0.003424325
431,768,28,0.004544529,0.001243437,0.003301092
431,768,29,0.004652323,0.001234027,0.003418296
431,768,30,0.004522138,0.001096042,0.003426096
431,768,31,0.004398072,0.001009377,0.003388695
431,768,32,0.004373734,0.000945685,0.003428049
431,768,33,0.004316806,0.000908051,0.003408755
431,768,34,0.004435217,0.001013311,0.003421906
431,768,35,0.004448714,0.000998665,0.003450049
431,768,36,0.004538924,0.00098274,0.003556184
431,768,37,0.00443503,0.000872609,0.003562421
431,768,38,0.004746733,0.001170664,0.003576069
431,768,39,0.004698195,0.001095492,0.003602703
431,768,40,0.004509183,0.00092901,0.003580173
431,768,41,0.004761753,0.001118975,0.003642778
431,768,42,0.004455414,0.000845674,0.00360974
431,768,43,0.004667317,0.000978105,0.003689212
431,768,44,0.004627956,0.000941875,0.003686081
431,768,45,0.004599754,0.000944451,0.003655303
431,768,46,0.004721434,0.001044056,0.003677378
431,768,47,0.004747834,0.00099446,0.003753374
431,768,48,0.004512936,0.000875146,0.00363779
431,768,49,0.004741357,0.001062112,0.003679245
431,768,50,0.004742571,0.001020222,0.003722349
431,768,51,0.004740771,0.000952203,0.003788568
431,768,52,0.004590508,0.000877194,0.003713314
431,768,53,0.004675042,0.000955353,0.003719689
431,768,54,0.004616662,0.000860969,0.003755693
431,768,55,0.004637977,0.00091139,0.003726587
431,768,56,0.004793858,0.001082353,0.003711505
431,768,57,0.004679699,0.001062317,0.003617382
431,768,58,0.004666542,0.001047616,0.003618926
431,768,59,0.00471679,0.001102657,0.003614133
431,768,60,0.004735941,0.000953637,0.003782304
431,768,61,0.004448472,0.000829236,0.003619236
431,768,62,0.004618756,0.000991759,0.003626997
431,768,63,0.00452207,0.000960647,0.003561423
431,768,64,0.004513868,0.000998518,0.00351535
431,768,65,0.004633833,0.001135849,0.003497984
431,768,66,0.004412242,0.000924188,0.003488054
431,768,67,0.004487291,0.000948148,0.003539143
431,768,68,0.006910714,0.003471014,0.0034397
431,768,69,0.004428532,0.000948422,0.00348011
431,768,70,0.004033507,0.000614146,0.003419361
431,768,71,0.004512943,0.001105646,0.003407297
431,768,72,0.004618589,0.001294233,0.003324356
431,768,73,0.005688304,0.002338699,0.003349605
431,768,74,0.004826242,0.001480589,0.003345653
431,768,75,0.005148127,0.001751815,0.003396312
431,768,76,0.005123678,0.001798867,0.003324811
431,768,77,0.004430505,0.001010066,0.003420439
431,768,78,0.004786866,0.00125727,0.003529596
431,768,79,0.005679702,0.002323748,0.003355954
431,768,80,0.004880532,0.001401699,0.003478833
431,768,81,0.004526055,0.000952594,0.003573461
431,768,82,0.004379582,0.000853931,0.003525651
431,768,83,0.004303435,0.000817169,0.003486266
431,768,84,0.006210581,0.002607464,0.003603117
431,768,85,0.004722853,0.001083893,0.00363896
431,768,86,0.004421435,0.000859851,0.003561584
431,768,87,0.004331249,0.000807341,0.003523908
431,768,88,0.004422384,0.000977813,0.003444571
431,768,89,0.004756006,0.001312945,0.003443061
431,768,90,0.005879514,0.002581528,0.003297986
431,768,91,0.005479437,0.002122366,0.003357071
431,768,92,0.00427459,0.000821356,0.003453234
431,768,93,0.004390622,0.00094957,0.003441052
431,768,94,0.004076343,0.000600142,0.003476201
431,768,95,0.006414643,0.003142469,0.003272174
431,768,96,0.004826428,0.001644216,0.003182212
431,768,97,0.004517754,0.001214637,0.003303117
431,768,98,0.004298978,0.001000654,0.003298324
431,768,99,0.005257975,0.001977963,0.003280012
431,768,100,0.005739624,0.002291004,0.00344862
431,768,101,0.004546207,0.001064124,0.003482083
431,768,102,0.007870036,0.004633005,0.003237031
431,768,103,0.004231303,0.000776206,0.003455097
431,768,104,0.007420579,0.004106509,0.00331407
431,768,105,0.004524005,0.001185253,0.003338752
431,768,106,0.00447876,0.001128445,0.003350315
431,768,107,0.006691475,0.001115978,0.005575497
431,768,108,0.00553396,0.001149975,0.004383985
431,768,109,0.004163607,0.000529977,0.00363363
431,768,110,0.004056217,0.000445679,0.003610538
432,768,1,0.779793383,0.652736281,0.127057102
432,768,2,0.003644317,0.000457499,0.003186818
432,768,3,0.206492744,0.20305667,0.003436074
432,768,4,0.003954754,0.000411002,0.003543752
432,768,5,0.004093966,0.000523331,0.003570635
432,768,6,0.003927464,0.000507597,0.003419867
432,768,7,0.003801582,0.000464179,0.003337403
432,768,8,0.003650099,0.000404065,0.003246034
432,768,9,0.003706112,0.000486662,0.00321945
432,768,10,0.004213227,0.000979527,0.0032337
432,768,11,0.003893177,0.000671236,0.003221941
432,768,12,0.004059835,0.000873677,0.003186158
432,768,13,0.003943884,0.000759251,0.003184633
432,768,14,0.003999457,0.000773262,0.003226195
432,768,15,0.004195157,0.000863293,0.003331864
432,768,16,0.004390404,0.000936873,0.003453531
432,768,17,0.00427173,0.000780112,0.003491618
432,768,18,0.004068601,0.000581457,0.003487144
432,768,19,0.004359615,0.00081143,0.003548185
432,768,20,0.016007799,0.012203947,0.003803852
432,768,21,0.005491384,0.001576275,0.003915109
432,768,22,0.005665692,0.001682704,0.003982988
432,768,23,0.005373113,0.001293032,0.004080081
432,768,24,0.005186372,0.001221358,0.003965014
432,768,25,0.005359606,0.001335911,0.004023695
432,768,26,0.00467771,0.00073375,0.00394396
432,768,27,0.004670625,0.000701212,0.003969413
432,768,28,0.004529675,0.000662421,0.003867254
432,768,29,0.004498262,0.000668424,0.003829838
432,768,30,0.004447456,0.000660781,0.003786675
432,768,31,0.004340566,0.000599148,0.003741418
432,768,32,0.004306456,0.000624218,0.003682238
432,768,33,0.00442804,0.000600273,0.003827767
432,768,34,0.004384764,0.000598703,0.003786061
432,768,35,0.004458283,0.000665482,0.003792801
432,768,36,0.004330934,0.000642391,0.003688543
432,768,37,0.004753086,0.000854625,0.003898461
432,768,38,0.004410543,0.000676153,0.00373439
432,768,39,0.004668959,0.000798907,0.003870052
432,768,40,0.004715114,0.000773781,0.003941333
432,768,41,0.00453509,0.000708182,0.003826908
432,768,42,0.004556003,0.000674957,0.003881046
432,768,43,0.004759768,0.000798964,0.003960804
432,768,44,0.004601014,0.000621687,0.003979327
432,768,45,0.004689504,0.000661767,0.004027737
432,768,46,0.004702301,0.000707102,0.003995199
432,768,47,0.004629217,0.000591035,0.004038182
432,768,48,0.004696664,0.000584746,0.004111918
432,768,49,0.004701472,0.000623649,0.004077823
432,768,50,0.004679243,0.000564833,0.00411441
432,768,51,0.004671034,0.000583796,0.004087238
432,768,52,0.004674486,0.000599525,0.004074961
432,768,53,0.00457183,0.000571307,0.004000523
432,768,54,0.004686952,0.000575345,0.004111607
432,768,55,0.004794938,0.000626957,0.004167981
432,768,56,0.004777157,0.000685201,0.004091956
432,768,57,0.00463544,0.000608906,0.004026534
432,768,58,0.00473949,0.000730112,0.004009378
432,768,59,0.004566043,0.000628926,0.003937117
432,768,60,0.00461173,0.000629953,0.003981777
432,768,61,0.004599733,0.000646523,0.00395321
432,768,62,0.004594895,0.000690895,0.003904
432,768,63,0.004560802,0.000617182,0.00394362
432,768,64,0.004649276,0.000671714,0.003977562
432,768,65,0.004417633,0.0005806,0.003837033
432,768,66,0.004432526,0.000609025,0.003823501
432,768,67,0.004478448,0.000630939,0.003847509
432,768,68,0.0045876,0.000636539,0.003951061
432,768,69,0.005925835,0.001998813,0.003927022
432,768,70,0.004439817,0.000468196,0.003971621
432,768,71,0.004494161,0.000536869,0.003957292
432,768,72,0.006211146,0.002163372,0.004047774
432,768,73,0.004871457,0.000767574,0.004103883
432,768,74,0.004634652,0.000594296,0.004040356
432,768,75,0.004561828,0.00057382,0.003988008
432,768,76,0.004549644,0.000543832,0.004005812
432,768,77,0.00491084,0.000842367,0.004068473
432,768,78,0.006120143,0.002159937,0.003960206
432,768,79,0.004660637,0.000651302,0.004009335
432,768,80,0.004603221,0.000684037,0.003919184
432,768,81,0.004572986,0.000632774,0.003940212
432,768,82,0.004619498,0.000582221,0.004037277
432,768,83,0.005882266,0.001811197,0.004071069
432,768,84,0.004410268,0.000495109,0.003915159
432,768,85,0.004736271,0.000736179,0.004000092
432,768,86,0.004520368,0.000577577,0.003942791
432,768,87,0.004512072,0.000569736,0.003942336
432,768,88,0.004817197,0.00074035,0.004076847
432,768,89,0.00573754,0.001621627,0.004115913
432,768,90,0.004560974,0.000639918,0.003921056
432,768,91,0.004421967,0.000597678,0.003824289
432,768,92,0.004428493,0.000727164,0.003701329
432,768,93,0.004596127,0.000670292,0.003925835
432,768,94,0.004460823,0.000552616,0.003908207
432,768,95,0.004524284,0.000594771,0.003929513
432,768,96,0.005908046,0.002057397,0.003850649
432,768,97,0.004874007,0.001099717,0.00377429
432,768,98,0.006079154,0.002211893,0.003867261
432,768,99,0.005403273,0.001466159,0.003937114
432,768,100,0.004555184,0.000765157,0.003790027
432,768,101,0.008244479,0.004524165,0.003720314
432,768,102,0.004011444,0.000359739,0.003651705
432,768,103,0.007417989,0.002298135,0.005119854
432,768,104,0.004598575,0.000749602,0.003848973
432,768,105,0.004461082,0.000521454,0.003939628
432,768,106,0.004453251,0.000566112,0.003887139
432,768,107,0.004552976,0.000618624,0.003934352
432,768,108,0.005437845,0.001577705,0.00386014
432,768,109,0.005471627,0.001405195,0.004066432
432,768,110,0.004255834,0.000432114,0.00382372
433,768,1,0.756029415,0.630064749,0.125964666
433,768,2,0.094384062,0.09133028,0.003053782
433,768,3,0.090232283,0.08719474,0.003037543
433,768,4,0.120284695,0.116852562,0.003432133
433,768,5,0.004077533,0.000581187,0.003496346
433,768,6,0.003990453,0.00059274,0.003397713
433,768,7,0.00384155,0.000509366,0.003332184
433,768,8,0.003677977,0.000478191,0.003199786
433,768,9,0.003834818,0.000626159,0.003208659
433,768,10,0.004065315,0.000855471,0.003209844
433,768,11,0.003952996,0.000760932,0.003192064
433,768,12,0.00403376,0.000833272,0.003200488
433,768,13,0.003919982,0.00073559,0.003184392
433,768,14,0.004121429,0.000912989,0.00320844
433,768,15,0.004285376,0.001001351,0.003284025
433,768,16,0.004207939,0.000887334,0.003320605
433,768,17,0.004319455,0.000939601,0.003379854
433,768,18,0.004448826,0.000919229,0.003529597
433,768,19,0.016294846,0.012731012,0.003563834
433,768,20,0.005312883,0.001572249,0.003740634
433,768,21,0.005611098,0.001751562,0.003859536
433,768,22,0.005346405,0.001466756,0.003879649
433,768,23,0.005279433,0.001503617,0.003775816
433,768,24,0.00525366,0.001303207,0.003950453
433,768,25,0.004734075,0.000832817,0.003901258
433,768,26,0.004597346,0.000805052,0.003792294
433,768,27,0.004414502,0.000667791,0.003746711
433,768,28,0.004432399,0.000663148,0.003769251
433,768,29,0.004285069,0.000605514,0.003679555
433,768,30,0.004316653,0.000622563,0.00369409
433,768,31,0.004249922,0.000585601,0.003664321
433,768,32,0.004172947,0.000644909,0.003528038
433,768,33,0.004706969,0.001034975,0.003671994
433,768,34,0.00457417,0.000912979,0.003661191
433,768,35,0.004454714,0.000839674,0.00361504
433,768,36,0.00493413,0.001222994,0.003711136
433,768,37,0.004408043,0.000806136,0.003601907
433,768,38,0.004703855,0.000917776,0.003786079
433,768,39,0.004331749,0.000655811,0.003675938
433,768,40,0.00477939,0.001009013,0.003770377
433,768,41,0.004501795,0.000792092,0.003709703
433,768,42,0.004605211,0.000851516,0.003753695
433,768,43,0.004753934,0.000890573,0.003863361
433,768,44,0.00454656,0.000617807,0.003928753
433,768,45,0.004747399,0.000811246,0.003936153
433,768,46,0.004577563,0.000612295,0.003965268
433,768,47,0.004558255,0.000601879,0.003956376
433,768,48,0.004575473,0.000604836,0.003970637
433,768,49,0.00464421,0.000648826,0.003995384
433,768,50,0.004638343,0.00059604,0.004042303
433,768,51,0.004652653,0.000593267,0.004059386
433,768,52,0.004545296,0.0005533,0.003991996
433,768,53,0.0046129,0.000600104,0.004012796
433,768,54,0.004497714,0.000538196,0.003959518
433,768,55,0.004689143,0.000679516,0.004009627
433,768,56,0.004800533,0.000816405,0.003984128
433,768,57,0.004753846,0.000774622,0.003979224
433,768,58,0.004582803,0.000691537,0.003891266
433,768,59,0.004697357,0.000811859,0.003885498
433,768,60,0.004635515,0.000689647,0.003945868
433,768,61,0.004547539,0.000635597,0.003911942
433,768,62,0.004542378,0.00068001,0.003862368
433,768,63,0.004530442,0.000696066,0.003834376
433,768,64,0.004640929,0.000742444,0.003898485
433,768,65,0.004595837,0.00077978,0.003816057
433,768,66,0.004286929,0.000633805,0.003653124
433,768,67,0.004566054,0.000779221,0.003786833
433,768,68,0.004523281,0.000683004,0.003840277
433,768,69,0.004484802,0.000687215,0.003797587
433,768,70,0.006374055,0.002518819,0.003855236
433,768,71,0.005772904,0.001954801,0.003818103
433,768,72,0.005051185,0.001123318,0.003927867
433,768,73,0.004899086,0.000974625,0.003924461
433,768,74,0.004492351,0.000681243,0.003811108
433,768,75,0.004490089,0.000695878,0.003794211
433,768,76,0.004536791,0.000724748,0.003812043
433,768,77,0.004862511,0.000945671,0.00391684
433,768,78,0.0043968,0.000585144,0.003811656
433,768,79,0.006033676,0.002165023,0.003868653
433,768,80,0.004569046,0.000769033,0.003800013
433,768,81,0.004776366,0.000939941,0.003836425
433,768,82,0.006510223,0.002636564,0.003873659
433,768,83,0.004637959,0.000692808,0.003945151
433,768,84,0.004314663,0.000526912,0.003787751
433,768,85,0.004803796,0.000946262,0.003857534
433,768,86,0.004444899,0.000633913,0.003810986
433,768,87,0.004408619,0.000600372,0.003808247
433,768,88,0.006236438,0.002297597,0.003938841
433,768,89,0.004674463,0.000628976,0.004045487
433,768,90,0.004349094,0.000542981,0.003806113
433,768,91,0.00425741,0.000542587,0.003714823
433,768,92,0.004230874,0.000568123,0.003662751
433,768,93,0.004306704,0.000516841,0.003789863
433,768,94,0.005400968,0.001698357,0.003702611
433,768,95,0.004675477,0.000897136,0.003778341
433,768,96,0.004154981,0.00050878,0.003646201
433,768,97,0.008005356,0.004297409,0.003707947
433,768,98,0.005330067,0.001606533,0.003723534
433,768,99,0.004674595,0.000868064,0.003806531
433,768,100,0.008321364,0.003704147,0.004617217
433,768,101,0.004175857,0.000599958,0.003575899
433,768,102,0.003973808,0.000411192,0.003562616
433,768,103,0.004007385,0.00043792,0.003569465
433,768,104,0.007244926,0.003519826,0.0037251
433,768,105,0.00454075,0.000782724,0.003758026
433,768,106,0.004439673,0.000668933,0.00377074
433,768,107,0.00459341,0.000764812,0.003828598
433,768,108,0.004334342,0.000648482,0.00368586
433,768,109,0.005608889,0.001819857,0.003789032
433,768,110,0.005339871,0.001624052,0.003715819
434,768,1,0.75595589,0.631521851,0.124434039
434,768,2,0.003605021,0.000457574,0.003147447
434,768,3,0.22291529,0.219866094,0.003049196
434,768,4,0.003664444,0.000523435,0.003141009
434,768,5,0.01538191,0.011933167,0.003448743
434,768,6,0.004029405,0.000638829,0.003390576
434,768,7,0.003956483,0.000612137,0.003344346
434,768,8,0.003620705,0.000484056,0.003136649
434,768,9,0.003869156,0.000734236,0.00313492
434,768,10,0.00408295,0.000960406,0.003122544
434,768,11,0.003975232,0.000853848,0.003121384
434,768,12,0.003851813,0.000732538,0.003119275
434,768,13,0.004134869,0.001023864,0.003111005
434,768,14,0.004086902,0.000940783,0.003146119
434,768,15,0.004218035,0.000951758,0.003266277
434,768,16,0.004321356,0.001027099,0.003294257
434,768,17,0.004401068,0.001039058,0.00336201
434,768,18,0.017232538,0.013866003,0.003366535
434,768,19,0.005089639,0.00150258,0.003587059
434,768,20,0.005509257,0.001687644,0.003821613
434,768,21,0.005353007,0.001554666,0.003798341
434,768,22,0.005353132,0.001602463,0.003750669
434,768,23,0.005086917,0.001207446,0.003879471
434,768,24,0.004806468,0.000910902,0.003895566
434,768,25,0.004702586,0.000839685,0.003862901
434,768,26,0.004456264,0.000661739,0.003794525
434,768,27,0.00435406,0.000625981,0.003728079
434,768,28,0.004314304,0.00057739,0.003736914
434,768,29,0.004455929,0.000742155,0.003713774
434,768,30,0.004237947,0.000578082,0.003659865
434,768,31,0.004200459,0.000582913,0.003617546
434,768,32,0.004283521,0.000672682,0.003610839
434,768,33,0.004546098,0.000891375,0.003654723
434,768,34,0.004744708,0.00097654,0.003768168
434,768,35,0.004411498,0.000765117,0.003646381
434,768,36,0.005038733,0.001271635,0.003767098
434,768,37,0.004254671,0.000562274,0.003692397
434,768,38,0.004699943,0.000911953,0.00378799
434,768,39,0.004557466,0.000726355,0.003831111
434,768,40,0.004586359,0.000798997,0.003787362
434,768,41,0.004588451,0.000700969,0.003887482
434,768,42,0.004719366,0.000781825,0.003937541
434,768,43,0.00442133,0.00057679,0.00384454
434,768,44,0.004796336,0.000829261,0.003967075
434,768,45,0.004463044,0.000585436,0.003877608
434,768,46,0.004589315,0.000704927,0.003884388
434,768,47,0.004666429,0.000732978,0.003933451
434,768,48,0.004576053,0.000633969,0.003942084
434,768,49,0.0045978,0.000623939,0.003973861
434,768,50,0.004500802,0.000578295,0.003922507
434,768,51,0.004522962,0.000570072,0.00395289
434,768,52,0.004474662,0.000563633,0.003911029
434,768,53,0.004499415,0.000572562,0.003926853
434,768,54,0.004505965,0.000586354,0.003919611
434,768,55,0.004529611,0.000600563,0.003929048
434,768,56,0.004542151,0.000601686,0.003940465
434,768,57,0.004515702,0.000622756,0.003892946
434,768,58,0.004841195,0.000878923,0.003962272
434,768,59,0.004491841,0.000616735,0.003875106
434,768,60,0.0046773,0.000793491,0.003883809
434,768,61,0.00467647,0.000785279,0.003891191
434,768,62,0.004455292,0.000620662,0.00383463
434,768,63,0.004605272,0.000804148,0.003801124
434,768,64,0.004531874,0.000731996,0.003799878
434,768,65,0.004489757,0.000783846,0.003705911
434,768,66,0.004512445,0.000901055,0.00361139
434,768,67,0.004507899,0.000860907,0.003646992
434,768,68,0.004581918,0.000839463,0.003742455
434,768,69,0.00726406,0.003400015,0.003864045
434,768,70,0.005821757,0.002006888,0.003814869
434,768,71,0.004521279,0.000701265,0.003820014
434,768,72,0.00509361,0.001192807,0.003900803
434,768,73,0.004443558,0.000535754,0.003907804
434,768,74,0.004721091,0.000846286,0.003874805
434,768,75,0.004353043,0.00055509,0.003797953
434,768,76,0.004632925,0.000839806,0.003793119
434,768,77,0.004677121,0.000816794,0.003860327
434,768,78,0.004441183,0.000665153,0.00377603
434,768,79,0.004536233,0.000641424,0.003894809
434,768,80,0.005609305,0.001815475,0.00379383
434,768,81,0.004769505,0.000957416,0.003812089
434,768,82,0.004420232,0.000611201,0.003809031
434,768,83,0.006644854,0.002735558,0.003909296
434,768,84,0.004493385,0.000757824,0.003735561
434,768,85,0.004653668,0.000823588,0.00383008
434,768,86,0.004425911,0.000699377,0.003726534
434,768,87,0.007019426,0.003090507,0.003928919
434,768,88,0.004542718,0.000585084,0.003957634
434,768,89,0.004625091,0.000613715,0.004011376
434,768,90,0.0042866,0.000492806,0.003793794
434,768,91,0.004282029,0.000600428,0.003681601
434,768,92,0.004267306,0.00061275,0.003654556
434,768,93,0.005435589,0.001734577,0.003701012
434,768,94,0.004656774,0.001024918,0.003631856
434,768,95,0.004217811,0.000507485,0.003710326
434,768,96,0.007723557,0.00409682,0.003626737
434,768,97,0.005461052,0.001793746,0.003667306
434,768,98,0.004711189,0.000974203,0.003736986
434,768,99,0.004397081,0.000580972,0.003816109
434,768,100,0.004519055,0.000822345,0.00369671
434,768,101,0.007179761,0.003579434,0.003600327
434,768,102,0.004015766,0.00050137,0.003514396
434,768,103,0.003994014,0.000437712,0.003556302
434,768,104,0.006315738,0.002683428,0.00363231
434,768,105,0.00511449,0.001387793,0.003726697
434,768,106,0.004573084,0.000832103,0.003740981
434,768,107,0.005278488,0.001476864,0.003801624
434,768,108,0.004230179,0.000523807,0.003706372
434,768,109,0.006809435,0.002925452,0.003883983
434,768,110,0.004471878,0.000767364,0.003704514
435,768,1,0.756826696,0.631904541,0.124922155
435,768,2,0.052238413,0.049183024,0.003055389
435,768,3,0.085773899,0.082743578,0.003030321
435,768,4,0.127171191,0.124111535,0.003059656
435,768,5,0.003958286,0.000618992,0.003339294
435,768,6,0.015386704,0.012006305,0.003380399
435,768,7,0.004001217,0.000664644,0.003336573
435,768,8,0.003724997,0.000556536,0.003168461
435,768,9,0.003866844,0.0006883,0.003178544
435,768,10,0.004184166,0.001013639,0.003170527
435,768,11,0.003969239,0.000824067,0.003145172
435,768,12,0.004022074,0.000885209,0.003136865
435,768,13,0.004019752,0.000910801,0.003108951
435,768,14,0.004039846,0.000903745,0.003136101
435,768,15,0.00417517,0.000990455,0.003184715
435,768,16,0.004397906,0.001204164,0.003193742
435,768,17,0.01832089,0.014857949,0.003462941
435,768,18,0.004908304,0.001460273,0.003448031
435,768,19,0.005225287,0.001470297,0.00375499
435,768,20,0.005422114,0.001685625,0.003736489
435,768,21,0.00534762,0.00157615,0.00377147
435,768,22,0.0050117,0.00123117,0.00378053
435,768,23,0.00474203,0.000841792,0.003900238
435,768,24,0.004717728,0.000758797,0.003958931
435,768,25,0.004522175,0.000672495,0.00384968
435,768,26,0.004423468,0.000611302,0.003812166
435,768,27,0.004341113,0.000611579,0.003729534
435,768,28,0.004461924,0.000669946,0.003791978
435,768,29,0.004258646,0.000559292,0.003699354
435,768,30,0.004198659,0.000567961,0.003630698
435,768,31,0.004277956,0.000562111,0.003715845
435,768,32,0.004230899,0.000591056,0.003639843
435,768,33,0.004478909,0.000815479,0.00366343
435,768,34,0.004673931,0.000946503,0.003727428
435,768,35,0.004527721,0.000811903,0.003715818
435,768,36,0.004515554,0.000795044,0.00372051
435,768,37,0.004635461,0.00091511,0.003720351
435,768,38,0.00458069,0.000846758,0.003733932
435,768,39,0.004646471,0.00081605,0.003830421
435,768,40,0.004516937,0.000721972,0.003794965
435,768,41,0.004517591,0.000681941,0.00383565
435,768,42,0.004670661,0.000751884,0.003918777
435,768,43,0.004563046,0.000627364,0.003935682
435,768,44,0.004437614,0.000526216,0.003911398
435,768,45,0.004570188,0.000628092,0.003942096
435,768,46,0.004695361,0.000750216,0.003945145
435,768,47,0.004471942,0.000574314,0.003897628
435,768,48,0.004648655,0.000653122,0.003995533
435,768,49,0.004562951,0.000555255,0.004007696
435,768,50,0.004656927,0.000627807,0.00402912
435,768,51,0.004583177,0.000573916,0.004009261
435,768,52,0.004536608,0.000558847,0.003977761
435,768,53,0.004586463,0.000555011,0.004031452
435,768,54,0.004521912,0.000548002,0.00397391
435,768,55,0.004609058,0.000576547,0.004032511
435,768,56,0.004541687,0.000555156,0.003986531
435,768,57,0.004485884,0.000599041,0.003886843
435,768,58,0.004544424,0.000597789,0.003946635
435,768,59,0.004513814,0.000609708,0.003904106
435,768,60,0.004509379,0.000590675,0.003918704
435,768,61,0.004536379,0.000623761,0.003912618
435,768,62,0.004482702,0.000621135,0.003861567
435,768,63,0.004444544,0.000642782,0.003801762
435,768,64,0.004588581,0.000727199,0.003861382
435,768,65,0.005053062,0.001279144,0.003773918
435,768,66,0.004817257,0.001185178,0.003632079
435,768,67,0.004519869,0.000742522,0.003777347
435,768,68,0.006281108,0.002496377,0.003784731
435,768,69,0.006936111,0.003141935,0.003794176
435,768,70,0.004331966,0.000547932,0.003784034
435,768,71,0.004479036,0.000637651,0.003841385
435,768,72,0.005074127,0.001132156,0.003941971
435,768,73,0.004762381,0.000829422,0.003932959
435,768,74,0.004435078,0.000623191,0.003811887
435,768,75,0.004417798,0.000660466,0.003757332
435,768,76,0.004876456,0.001033842,0.003842614
435,768,77,0.004622527,0.00072858,0.003893947
435,768,78,0.004384039,0.000524118,0.003859921
435,768,79,0.004412345,0.000509078,0.003903267
435,768,80,0.004657569,0.000819391,0.003838178
435,768,81,0.004949591,0.001116247,0.003833344
435,768,82,0.006055888,0.002107821,0.003948067
435,768,83,0.004504156,0.000585239,0.003918917
435,768,84,0.005202115,0.001404201,0.003797914
435,768,85,0.004702603,0.000845455,0.003857148
435,768,86,0.007649802,0.003923568,0.003726234
435,768,87,0.004454087,0.000538482,0.003915605
435,768,88,0.004559974,0.000611554,0.00394842
435,768,89,0.00455735,0.000526046,0.004031304
435,768,90,0.004406164,0.000570917,0.003835247
435,768,91,0.004280778,0.000577276,0.003703502
435,768,92,0.005373459,0.001601817,0.003771642
435,768,93,0.004677656,0.000958565,0.003719091
435,768,94,0.004214041,0.000597955,0.003616086
435,768,95,0.007742808,0.004071021,0.003671787
435,768,96,0.005262342,0.001651778,0.003610564
435,768,97,0.004770805,0.001070903,0.003699902
435,768,98,0.004342668,0.000616255,0.003726413
435,768,99,0.004526416,0.000713961,0.003812455
435,768,100,0.00473003,0.00104537,0.00368466
435,768,101,0.005592557,0.002013119,0.003579438
435,768,102,0.004600438,0.001073795,0.003526643
435,768,103,0.0064676,0.002917126,0.003550474
435,768,104,0.004803787,0.001137913,0.003665874
435,768,105,0.004880972,0.001103405,0.003777567
435,768,106,0.005398183,0.001606433,0.00379175
435,768,107,0.004362928,0.000573639,0.003789289
435,768,108,0.006669623,0.003006447,0.003663176
435,768,109,0.004628152,0.000767116,0.003861036
435,768,110,0.004196864,0.000510988,0.003685876
436,768,1,0.749447163,0.626285413,0.12316175
436,768,2,0.003566244,0.000458507,0.003107737
436,768,3,0.155767003,0.152730521,0.003036482
436,768,4,0.003689171,0.000554225,0.003134946
436,768,5,0.056423935,0.053281281,0.003142654
436,768,6,0.004239803,0.000825875,0.003413928
436,768,7,0.015236763,0.011955116,0.003281647
436,768,8,0.003862178,0.000642223,0.003219955
436,768,9,0.003830476,0.000695293,0.003135183
436,768,10,0.004272438,0.001080365,0.003192073
436,768,11,0.004002561,0.000812607,0.003189954
436,768,12,0.003976441,0.000808247,0.003168194
436,768,13,0.004032814,0.000881532,0.003151282
436,768,14,0.004055744,0.000890426,0.003165318
436,768,15,0.004188047,0.000994665,0.003193382
436,768,16,0.019438492,0.016044061,0.003394431
436,768,17,0.00496809,0.001430879,0.003537211
436,768,18,0.004882645,0.001224101,0.003658544
436,768,19,0.005446958,0.001685064,0.003761894
436,768,20,0.005259224,0.001472006,0.003787218
436,768,21,0.00501113,0.001258216,0.003752914
436,768,22,0.004609931,0.00071455,0.003895381
436,768,23,0.004720479,0.000821574,0.003898905
436,768,24,0.004506652,0.000646469,0.003860183
436,768,25,0.004546996,0.000706317,0.003840679
436,768,26,0.00436446,0.000616329,0.003748131
436,768,27,0.00445146,0.000658403,0.003793057
436,768,28,0.004304615,0.000584193,0.003720422
436,768,29,0.004257897,0.000533901,0.003723996
436,768,30,0.004252776,0.000537048,0.003715728
436,768,31,0.004129469,0.000537704,0.003591765
436,768,32,0.004210615,0.000558162,0.003652453
436,768,33,0.004338925,0.000733572,0.003605353
436,768,34,0.004734438,0.000975008,0.00375943
436,768,35,0.004440802,0.000746769,0.003694033
436,768,36,0.004553631,0.000818153,0.003735478
436,768,37,0.004553511,0.00085682,0.003696691
436,768,38,0.004585603,0.00080614,0.003779463
436,768,39,0.004461655,0.000727796,0.003733859
436,768,40,0.004466988,0.000746345,0.003720643
436,768,41,0.004593369,0.000818126,0.003775243
436,768,42,0.004514987,0.00066446,0.003850527
436,768,43,0.004612197,0.000726747,0.00388545
436,768,44,0.004479863,0.000599503,0.00388036
436,768,45,0.004499745,0.000579285,0.00392046
436,768,46,0.004503908,0.000620281,0.003883627
436,768,47,0.004722556,0.000787667,0.003934889
436,768,48,0.004543311,0.000616958,0.003926353
436,768,49,0.004661134,0.000705663,0.003955471
436,768,50,0.004572898,0.000630613,0.003942285
436,768,51,0.004574527,0.00065029,0.003924237
436,768,52,0.004627019,0.00063557,0.003991449
436,768,53,0.00458361,0.000608055,0.003975555
436,768,54,0.004479354,0.000576752,0.003902602
436,768,55,0.004511088,0.00058657,0.003924518
436,768,56,0.004517162,0.000621777,0.003895385
436,768,57,0.004472955,0.000622668,0.003850287
436,768,58,0.004479408,0.000653402,0.003826006
436,768,59,0.004647748,0.000816837,0.003830911
436,768,60,0.004795601,0.000864723,0.003930878
436,768,61,0.004490446,0.000680666,0.00380978
436,768,62,0.004581294,0.000774539,0.003806755
436,768,63,0.004784628,0.000952404,0.003832224
436,768,64,0.00540838,0.001639906,0.003768474
436,768,65,0.004590744,0.000802199,0.003788545
436,768,66,0.004516125,0.000861478,0.003654647
436,768,67,0.006128612,0.002384129,0.003744483
436,768,68,0.004939637,0.001144444,0.003795193
436,768,69,0.004415013,0.000604212,0.003810801
436,768,70,0.005825124,0.002030024,0.0037951
436,768,71,0.004560466,0.00076213,0.003798336
436,768,72,0.005046962,0.001155398,0.003891564
436,768,73,0.004610782,0.000713356,0.003897426
436,768,74,0.004653736,0.000819358,0.003834378
436,768,75,0.004518361,0.000708789,0.003809572
436,768,76,0.004510612,0.000681411,0.003829201
436,768,77,0.00492881,0.001018528,0.003910282
436,768,78,0.004622847,0.000833771,0.003789076
436,768,79,0.004534017,0.000637236,0.003896781
436,768,80,0.004858345,0.001076406,0.003781939
436,768,81,0.006449281,0.002657155,0.003792126
436,768,82,0.004483152,0.000602414,0.003880738
436,768,83,0.004511494,0.000551622,0.003959872
436,768,84,0.004552193,0.00075722,0.003794973
436,768,85,0.008837724,0.005066996,0.003770728
436,768,86,0.004285976,0.000548171,0.003737805
436,768,87,0.00450328,0.000597629,0.003905651
436,768,88,0.004478385,0.000520898,0.003957487
436,768,89,0.004602919,0.000594699,0.00400822
436,768,90,0.004453175,0.000604285,0.00384889
436,768,91,0.005239836,0.001544629,0.003695207
436,768,92,0.00474134,0.000919001,0.003822339
436,768,93,0.004256432,0.000506693,0.003749739
436,768,94,0.007694239,0.00396506,0.003729179
436,768,95,0.005228494,0.001574987,0.003653507
436,768,96,0.00475164,0.001090538,0.003661102
436,768,97,0.004355144,0.000681299,0.003673845
436,768,98,0.004416291,0.000675998,0.003740293
436,768,99,0.004822016,0.001057408,0.003764608
436,768,100,0.005731977,0.002026312,0.003705665
436,768,101,0.004623646,0.001025429,0.003598217
436,768,102,0.006217086,0.002690867,0.003526219
436,768,103,0.004798947,0.001231168,0.003567779
436,768,104,0.004986666,0.001275154,0.003711512
436,768,105,0.005389534,0.001581333,0.003808201
436,768,106,0.004285747,0.000507952,0.003777795
436,768,107,0.006899888,0.003194676,0.003705212
436,768,108,0.004366218,0.000679354,0.003686864
436,768,109,0.004417168,0.000585118,0.00383205
436,768,110,0.005416482,0.001704821,0.003711661
437,768,1,0.76078452,0.635995052,0.124789468
437,768,2,0.038697889,0.03565289,0.003044999
437,768,3,0.110571623,0.10755582,0.003015803
437,768,4,0.049087463,0.046070443,0.00301702
437,768,5,0.003884546,0.000726637,0.003157909
437,768,6,0.056181668,0.0528361,0.003345568
437,768,7,0.004365271,0.000885708,0.003479563
437,768,8,0.014945514,0.011831174,0.00311434
437,768,9,0.003840492,0.000688719,0.003151773
437,768,10,0.004043944,0.000881507,0.003162437
437,768,11,0.004477716,0.001335279,0.003142437
437,768,12,0.004110516,0.000910511,0.003200005
437,768,13,0.003834086,0.000718087,0.003115999
437,768,14,0.004179709,0.000987529,0.00319218
437,768,15,0.020288361,0.016968994,0.003319367
437,768,16,0.004888199,0.001519341,0.003368858
437,768,17,0.004810776,0.00139697,0.003413806
437,768,18,0.005250869,0.001660326,0.003590543
437,768,19,0.005265212,0.001462305,0.003802907
437,768,20,0.00504023,0.001245543,0.003794687
437,768,21,0.004480958,0.000621338,0.00385962
437,768,22,0.004641822,0.000709536,0.003932286
437,768,23,0.004553038,0.000626444,0.003926594
437,768,24,0.004568363,0.000593864,0.003974499
437,768,25,0.004528987,0.000628332,0.003900655
437,768,26,0.004351315,0.000549701,0.003801614
437,768,27,0.004297249,0.000544259,0.00375299
437,768,28,0.004259899,0.000557233,0.003702666
437,768,29,0.004272658,0.000521433,0.003751225
437,768,30,0.004183219,0.000531323,0.003651896
437,768,31,0.004151492,0.000500372,0.00365112
437,768,32,0.004111054,0.000494749,0.003616305
437,768,33,0.004515285,0.000808512,0.003706773
437,768,34,0.004352098,0.000667745,0.003684353
437,768,35,0.004664227,0.000963424,0.003700803
437,768,36,0.004471359,0.000782774,0.003688585
437,768,37,0.004485698,0.00079998,0.003685718
437,768,38,0.004601469,0.000883611,0.003717858
437,768,39,0.004561078,0.000773236,0.003787842
437,768,40,0.004568638,0.00074088,0.003827758
437,768,41,0.004481391,0.000693755,0.003787636
437,768,42,0.004390549,0.000629055,0.003761494
437,768,43,0.004602568,0.000759563,0.003843005
437,768,44,0.004423102,0.000572609,0.003850493
437,768,45,0.00466316,0.000722886,0.003940274
437,768,46,0.004471138,0.000596702,0.003874436
437,768,47,0.004503299,0.000664257,0.003839042
437,768,48,0.004629022,0.000643682,0.00398534
437,768,49,0.004624968,0.000773183,0.003851785
437,768,50,0.004652716,0.0007201,0.003932616
437,768,51,0.004505822,0.000640097,0.003865725
437,768,52,0.004681452,0.00068289,0.003998562
437,768,53,0.004579328,0.000655101,0.003924227
437,768,54,0.004603301,0.000636107,0.003967194
437,768,55,0.004577583,0.000609538,0.003968045
437,768,56,0.004615177,0.000634764,0.003980413
437,768,57,0.004573985,0.000637212,0.003936773
437,768,58,0.004743783,0.000790684,0.003953099
437,768,59,0.004689908,0.00071685,0.003973058
437,768,60,0.004462704,0.000569507,0.003893197
437,768,61,0.004744111,0.000807156,0.003936955
437,768,62,0.004699694,0.000795337,0.003904357
437,768,63,0.005516768,0.001767847,0.003748921
437,768,64,0.004428578,0.000581062,0.003847516
437,768,65,0.004531106,0.000769257,0.003761849
437,768,66,0.004896832,0.001245059,0.003651773
437,768,67,0.005145617,0.001350613,0.003795004
437,768,68,0.004457942,0.000688825,0.003769117
437,768,69,0.00478005,0.000952951,0.003827099
437,768,70,0.004288201,0.000455257,0.003832944
437,768,71,0.006056286,0.002232829,0.003823457
437,768,72,0.0050548,0.001124118,0.003930682
437,768,73,0.004719891,0.000747191,0.0039727
437,768,74,0.004531017,0.000721655,0.003809362
437,768,75,0.004523979,0.000727523,0.003796456
437,768,76,0.005376869,0.001580148,0.003796721
437,768,77,0.004959835,0.001067229,0.003892606
437,768,78,0.004401425,0.000588086,0.003813339
437,768,79,0.004721023,0.000840381,0.003880642
437,768,80,0.006504745,0.002727702,0.003777043
437,768,81,0.004620753,0.000823634,0.003797119
437,768,82,0.004444742,0.000599073,0.003845669
437,768,83,0.00469724,0.000673799,0.004023441
437,768,84,0.008797481,0.004047768,0.004749713
437,768,85,0.004474273,0.000710535,0.003763738
437,768,86,0.004257788,0.000553302,0.003704486
437,768,87,0.004484005,0.000544209,0.003939796
437,768,88,0.004513431,0.000593504,0.003919927
437,768,89,0.00464518,0.000622418,0.004022762
437,768,90,0.005276616,0.001473084,0.003803532
437,768,91,0.004749685,0.000987009,0.003762676
437,768,92,0.004320395,0.000502074,0.003818321
437,768,93,0.007637362,0.004010285,0.003627077
437,768,94,0.005109728,0.001480715,0.003629013
437,768,95,0.004715057,0.001064957,0.0036501
437,768,96,0.004339882,0.000685407,0.003654475
437,768,97,0.004500881,0.00075969,0.003741191
437,768,98,0.004804296,0.001006946,0.00379735
437,768,99,0.005761789,0.002006918,0.003754871
437,768,100,0.00490669,0.00123687,0.00366982
437,768,101,0.005761621,0.002283385,0.003478236
437,768,102,0.004775198,0.001269366,0.003505832
437,768,103,0.005381194,0.001782011,0.003599183
437,768,104,0.00528234,0.001553842,0.003728498
437,768,105,0.004265365,0.000458977,0.003806388
437,768,106,0.006946725,0.003157216,0.003789509
437,768,107,0.004462444,0.000793987,0.003668457
437,768,108,0.004215687,0.000521096,0.003694591
437,768,109,0.005528798,0.00182546,0.003703338
437,768,110,0.006964339,0.003454903,0.003509436
438,768,1,0.753259124,0.629014723,0.124244401
438,768,2,0.003628041,0.00047043,0.003157611
438,768,3,0.170729973,0.167703795,0.003026178
438,768,4,0.003752122,0.000661579,0.003090543
438,768,5,0.053371425,0.050307639,0.003063786
438,768,6,0.004435642,0.001054275,0.003381367
438,768,7,0.005254327,0.001836875,0.003417452
438,768,8,0.004408539,0.000914145,0.003494394
438,768,9,0.014521408,0.011431188,0.00309022
438,768,10,0.003959786,0.000790643,0.003169143
438,768,11,0.004371071,0.001166688,0.003204383
438,768,12,0.004268392,0.001111438,0.003156954
438,768,13,0.004158186,0.001021123,0.003137063
438,768,14,0.021221577,0.017962867,0.00325871
438,768,15,0.004957109,0.001579707,0.003377402
438,768,16,0.004814672,0.001355556,0.003459116
438,768,17,0.005075781,0.001598949,0.003476832
438,768,18,0.005039521,0.001320003,0.003719518
438,768,19,0.005013692,0.001174833,0.003838859
438,768,20,0.004463431,0.000640137,0.003823294
438,768,21,0.004546789,0.000649767,0.003897022
438,768,22,0.004412711,0.000544825,0.003867886
438,768,23,0.004579878,0.000592109,0.003987769
438,768,24,0.004522799,0.00054893,0.003973869
438,768,25,0.00453588,0.000585768,0.003950112
438,768,26,0.004310699,0.00050168,0.003809019
438,768,27,0.004290048,0.000508195,0.003781853
438,768,28,0.00432304,0.000533318,0.003789722
438,768,29,0.004282301,0.000511516,0.003770785
438,768,30,0.004215754,0.000480222,0.003735532
438,768,31,0.004134732,0.000491276,0.003643456
438,768,32,0.004241854,0.000478554,0.0037633
438,768,33,0.004163013,0.000499675,0.003663338
438,768,34,0.004181844,0.00049478,0.003687064
438,768,35,0.004240858,0.000649778,0.00359108
438,768,36,0.004562829,0.00094795,0.003614879
438,768,37,0.004520994,0.000872872,0.003648122
438,768,38,0.004679478,0.000950068,0.00372941
438,768,39,0.004534078,0.000711817,0.003822261
438,768,40,0.004537204,0.000843282,0.003693922
438,768,41,0.004535388,0.000726915,0.003808473
438,768,42,0.004479767,0.000725658,0.003754109
438,768,43,0.00447689,0.00063572,0.00384117
438,768,44,0.004531737,0.000689134,0.003842603
438,768,45,0.004760973,0.000871182,0.003889791
438,768,46,0.004475634,0.000611447,0.003864187
438,768,47,0.004649644,0.000789324,0.00386032
438,768,48,0.004928607,0.001029161,0.003899446
438,768,49,0.004577684,0.000650334,0.00392735
438,768,50,0.004625948,0.000689092,0.003936856
438,768,51,0.004515261,0.000599418,0.003915843
438,768,52,0.004545017,0.000598263,0.003946754
438,768,53,0.004600056,0.000740547,0.003859509
438,768,54,0.004658523,0.000736177,0.003922346
438,768,55,0.00453728,0.000661444,0.003875836
438,768,56,0.004677715,0.000684659,0.003993056
438,768,57,0.004511919,0.000643793,0.003868126
438,768,58,0.004648121,0.000742345,0.003905776
438,768,59,0.00472634,0.000867822,0.003858518
438,768,60,0.004816782,0.000933683,0.003883099
438,768,61,0.004777998,0.000962662,0.003815336
438,768,62,0.004543095,0.000771708,0.003771387
438,768,63,0.004761056,0.000967499,0.003793557
438,768,64,0.004469716,0.000670657,0.003799059
438,768,65,0.005024588,0.001347404,0.003677184
438,768,66,0.005397217,0.001600019,0.003797198
438,768,67,0.004692211,0.000906347,0.003785864
438,768,68,0.004320731,0.000558596,0.003762135
438,768,69,0.004546478,0.000756508,0.00378997
438,768,70,0.004323062,0.000536665,0.003786397
438,768,71,0.005430753,0.001646377,0.003784376
438,768,72,0.005388668,0.001461838,0.00392683
438,768,73,0.004688983,0.000755726,0.003933257
438,768,74,0.004865585,0.001038219,0.003827366
438,768,75,0.005379858,0.001583149,0.003796709
438,768,76,0.004993048,0.001165891,0.003827157
438,768,77,0.004777354,0.000940874,0.00383648
438,768,78,0.004730522,0.00091844,0.003812082
438,768,79,0.006353009,0.002492878,0.003860131
438,768,80,0.004844221,0.001078011,0.00376621
438,768,81,0.004525032,0.000719811,0.003805221
438,768,82,0.004411181,0.000555992,0.003855189
438,768,83,0.004915673,0.000935367,0.003980306
438,768,84,0.005473115,0.001716273,0.003756842
438,768,85,0.006728329,0.002998644,0.003729685
438,768,86,0.004368851,0.000674379,0.003694472
438,768,87,0.004499433,0.000591307,0.003908126
438,768,88,0.004439249,0.000524256,0.003914993
438,768,89,0.006381897,0.002457414,0.003924483
438,768,90,0.004757572,0.001054921,0.003702651
438,768,91,0.004233115,0.000563747,0.003669368
438,768,92,0.007746064,0.00401891,0.003727154
438,768,93,0.005190658,0.001576487,0.003614171
438,768,94,0.004510826,0.000878128,0.003632698
438,768,95,0.004260245,0.000609321,0.003650924
438,768,96,0.004482899,0.000813773,0.003669126
438,768,97,0.004777901,0.001032681,0.00374522
438,768,98,0.005748776,0.001988555,0.003760221
438,768,99,0.005286248,0.001602717,0.003683531
438,768,100,0.005642211,0.002052946,0.003589265
438,768,101,0.004468715,0.000978101,0.003490614
438,768,102,0.005902698,0.002326487,0.003576211
438,768,103,0.005101001,0.001408432,0.003692569
438,768,104,0.00416654,0.000466854,0.003699686
438,768,105,0.006994321,0.003269285,0.003725036
438,768,106,0.004595493,0.000835177,0.003760316
438,768,107,0.004172884,0.000507484,0.0036654
438,768,108,0.005516776,0.001740868,0.003775908
438,768,109,0.00695638,0.000706686,0.006249694
438,768,110,0.004941064,0.001043017,0.003898047
439,768,1,0.750117364,0.62571554,0.124401824
439,768,2,0.057022158,0.053975968,0.00304619
439,768,3,0.143044514,0.140024848,0.003019666
439,768,4,0.077574755,0.074540423,0.003034332
439,768,5,0.004045993,0.000873333,0.00317266
439,768,6,0.004071191,0.000689655,0.003381536
439,768,7,0.003800128,0.000409064,0.003391064
439,768,8,0.004567413,0.001034542,0.003532871
439,768,9,0.004366293,0.000875293,0.003491
439,768,10,0.014111765,0.011040061,0.003071704
439,768,11,0.004082894,0.000871274,0.00321162
439,768,12,0.004502454,0.001462472,0.003039982
439,768,13,0.022662224,0.019365188,0.003297036
439,768,14,0.005001322,0.001717391,0.003283931
439,768,15,0.004702197,0.001379796,0.003322401
439,768,16,0.005070611,0.001605402,0.003465209
439,768,17,0.004794112,0.001169628,0.003624484
439,768,18,0.004865428,0.001050775,0.003814653
439,768,19,0.004520511,0.000724972,0.003795539
439,768,20,0.004458847,0.000595117,0.00386373
439,768,21,0.004377756,0.000493322,0.003884434
439,768,22,0.004403733,0.000507943,0.00389579
439,768,23,0.00445691,0.000508993,0.003947917
439,768,24,0.004462862,0.000529199,0.003933663
439,768,25,0.004399203,0.000502831,0.003896372
439,768,26,0.004253841,0.000478317,0.003775524
439,768,27,0.004241573,0.000512996,0.003728577
439,768,28,0.004372639,0.000598758,0.003773881
439,768,29,0.004286075,0.00051282,0.003773255
439,768,30,0.004115377,0.000467065,0.003648312
439,768,31,0.004130378,0.000499098,0.00363128
439,768,32,0.004209002,0.000484502,0.0037245
439,768,33,0.004265451,0.000540745,0.003724706
439,768,34,0.004510981,0.000777472,0.003733509
439,768,35,0.004512759,0.000752493,0.003760266
439,768,36,0.004432892,0.00072394,0.003708952
439,768,37,0.004553295,0.000834434,0.003718861
439,768,38,0.004549702,0.000795944,0.003753758
439,768,39,0.004581705,0.000796381,0.003785324
439,768,40,0.004419433,0.000661254,0.003758179
439,768,41,0.004644728,0.000821396,0.003823332
439,768,42,0.0044365,0.000538882,0.003897618
439,768,43,0.004753328,0.000758265,0.003995063
439,768,44,0.004685351,0.000721276,0.003964075
439,768,45,0.004558814,0.000567882,0.003990932
439,768,46,0.00447757,0.000557368,0.003920202
439,768,47,0.005071845,0.001042276,0.004029569
439,768,48,0.004509471,0.000578699,0.003930772
439,768,49,0.004619439,0.000643036,0.003976403
439,768,50,0.004532966,0.000584089,0.003948877
439,768,51,0.004573261,0.000629914,0.003943347
439,768,52,0.004562122,0.00061287,0.003949252
439,768,53,0.004713012,0.000757863,0.003955149
439,768,54,0.004470432,0.000661342,0.00380909
439,768,55,0.004626733,0.000635265,0.003991468
439,768,56,0.004473321,0.000623572,0.003849749
439,768,57,0.00470436,0.000849411,0.003854949
439,768,58,0.00464628,0.0007612,0.00388508
439,768,59,0.004718736,0.000959503,0.003759233
439,768,60,0.00485424,0.001061125,0.003793115
439,768,61,0.004881849,0.001084258,0.003797591
439,768,62,0.004765055,0.001003689,0.003761366
439,768,63,0.004473074,0.000708251,0.003764823
439,768,64,0.004804419,0.001044791,0.003759628
439,768,65,0.005347656,0.001606928,0.003740728
439,768,66,0.004664138,0.000924763,0.003739375
439,768,67,0.0044834,0.000676022,0.003807378
439,768,68,0.004528457,0.000776933,0.003751524
439,768,69,0.00438095,0.000525052,0.003855898
439,768,70,0.005320632,0.001463342,0.00385729
439,768,71,0.004983835,0.001137238,0.003846597
439,768,72,0.004914961,0.001001292,0.003913669
439,768,73,0.005022816,0.001086436,0.00393638
439,768,74,0.004623669,0.000783594,0.003840075
439,768,75,0.005418115,0.001713849,0.003704266
439,768,76,0.004831916,0.001019762,0.003812154
439,768,77,0.004931085,0.001075065,0.00385602
439,768,78,0.006386705,0.002491797,0.003894908
439,768,79,0.004868544,0.000996159,0.003872385
439,768,80,0.00474979,0.000951234,0.003798556
439,768,81,0.004348271,0.000571716,0.003776555
439,768,82,0.004629907,0.000691605,0.003938302
439,768,83,0.005725617,0.001782938,0.003942679
439,768,84,0.005606482,0.001801322,0.00380516
439,768,85,0.004657607,0.000929624,0.003727983
439,768,86,0.004475683,0.000749815,0.003725868
439,768,87,0.00458073,0.000614276,0.003966454
439,768,88,0.006907116,0.002971692,0.003935424
439,768,89,0.0051019,0.001336164,0.003765736
439,768,90,0.004261388,0.000603942,0.003657446
439,768,91,0.007713826,0.003910979,0.003802847
439,768,92,0.005374003,0.001557763,0.00381624
439,768,93,0.004377637,0.000700626,0.003677011
439,768,94,0.004188105,0.000528077,0.003660028
439,768,95,0.004469928,0.000812699,0.003657229
439,768,96,0.004797663,0.001096163,0.0037015
439,768,97,0.00559795,0.001894291,0.003703659
439,768,98,0.005600868,0.001771506,0.003829362
439,768,99,0.005505906,0.001818514,0.003687392
439,768,100,0.004527282,0.000940656,0.003586626
439,768,101,0.006055066,0.002494754,0.003560312
439,768,102,0.005019054,0.001457246,0.003561808
439,768,103,0.004092659,0.000409474,0.003683185
439,768,104,0.006957509,0.003129347,0.003828162
439,768,105,0.004566241,0.000784424,0.003781817
439,768,106,0.004310932,0.000544192,0.00376674
439,768,107,0.005471746,0.00177043,0.003701316
439,768,108,0.004438819,0.00062459,0.003814229
439,768,109,0.004243213,0.000515052,0.003728161
439,768,110,0.006008679,0.002523227,0.003485452
440,768,1,0.75261633,0.628937837,0.123678493
440,768,2,0.031022431,0.02800077,0.003021661
440,768,3,0.189484209,0.18645326,0.003030949
440,768,4,0.003887722,0.000769538,0.003118184
440,768,5,0.004005068,0.000809263,0.003195805
440,768,6,0.003787674,0.000382785,0.003404889
440,768,7,0.003787215,0.000388838,0.003398377
440,768,8,0.003879218,0.000422913,0.003456305
440,768,9,0.004026308,0.000556701,0.003469607
440,768,10,0.004210034,0.000865183,0.003344851
440,768,11,0.013790231,0.01073632,0.003053911
440,768,12,0.024665121,0.021458697,0.003206424
440,768,13,0.005054616,0.001715142,0.003339474
440,768,14,0.004676526,0.001363109,0.003313417
440,768,15,0.004930381,0.001422065,0.003508316
440,768,16,0.004631259,0.00112325,0.003508009
440,768,17,0.004678911,0.001119087,0.003559824
440,768,18,0.004546282,0.000808126,0.003738156
440,768,19,0.004373856,0.000618828,0.003755028
440,768,20,0.004335658,0.000533826,0.003801832
440,768,21,0.004322435,0.000528316,0.003794119
440,768,22,0.004467111,0.000551998,0.003915113
440,768,23,0.004447482,0.000543409,0.003904073
440,768,24,0.00447978,0.000537638,0.003942142
440,768,25,0.004381356,0.000552403,0.003828953
440,768,26,0.004293696,0.000490676,0.00380302
440,768,27,0.004311144,0.000511942,0.003799202
440,768,28,0.004201796,0.000508805,0.003692991
440,768,29,0.004212631,0.000499297,0.003713334
440,768,30,0.004095257,0.000465603,0.003629654
440,768,31,0.00410243,0.000476798,0.003625632
440,768,32,0.004158477,0.000469207,0.00368927
440,768,33,0.004239552,0.000544712,0.00369484
440,768,34,0.004363547,0.000662465,0.003701082
440,768,35,0.004501196,0.000832008,0.003669188
440,768,36,0.004531318,0.000808988,0.00372233
440,768,37,0.004465554,0.000746366,0.003719188
440,768,38,0.004560207,0.000788425,0.003771782
440,768,39,0.004745645,0.000980104,0.003765541
440,768,40,0.004673946,0.000879277,0.003794669
440,768,41,0.004513089,0.000701831,0.003811258
440,768,42,0.004840352,0.000975601,0.003864751
440,768,43,0.004637503,0.000773189,0.003864314
440,768,44,0.004446435,0.00063211,0.003814325
440,768,45,0.004696497,0.000787883,0.003908614
440,768,46,0.004690076,0.000816771,0.003873305
440,768,47,0.004635696,0.000799285,0.003836411
440,768,48,0.004527491,0.000616472,0.003911019
440,768,49,0.004659278,0.000729748,0.00392953
440,768,50,0.004547562,0.00069122,0.003856342
440,768,51,0.004670572,0.000791034,0.003879538
440,768,52,0.004682009,0.000809672,0.003872337
440,768,53,0.004630167,0.000744656,0.003885511
440,768,54,0.004566296,0.000683144,0.003883152
440,768,55,0.004544644,0.000693829,0.003850815
440,768,56,0.004718063,0.000855875,0.003862188
440,768,57,0.004641433,0.000768851,0.003872582
440,768,58,0.004734364,0.00088481,0.003849554
440,768,59,0.0049682,0.001117342,0.003850858
440,768,60,0.004821829,0.000940756,0.003881073
440,768,61,0.004834714,0.00089622,0.003938494
440,768,62,0.004469834,0.000668376,0.003801458
440,768,63,0.004535676,0.000698486,0.00383719
440,768,64,0.00472782,0.000937813,0.003790007
440,768,65,0.005015483,0.001298332,0.003717151
440,768,66,0.004760427,0.001046374,0.003714053
440,768,67,0.004674173,0.000922109,0.003752064
440,768,68,0.004288313,0.00055739,0.003730923
440,768,69,0.00533205,0.001570334,0.003761716
440,768,70,0.004842875,0.001029159,0.003813716
440,768,71,0.00476536,0.000944576,0.003820784
440,768,72,0.00503751,0.001103342,0.003934168
440,768,73,0.004851652,0.000930776,0.003920876
440,768,74,0.005593633,0.001770397,0.003823236
440,768,75,0.004665862,0.000934838,0.003731024
440,768,76,0.004663373,0.000898312,0.003765061
440,768,77,0.006271217,0.002527117,0.0037441
440,768,78,0.005168988,0.001235401,0.003933587
440,768,79,0.004605917,0.000723115,0.003882802
440,768,80,0.00458089,0.000767374,0.003813516
440,768,81,0.004658022,0.000845416,0.003812606
440,768,82,0.005408337,0.001560715,0.003847622
440,768,83,0.005380636,0.001479045,0.003901591
440,768,84,0.005179961,0.001362106,0.003817855
440,768,85,0.004253612,0.000519512,0.0037341
440,768,86,0.004249328,0.000545884,0.003703444
440,768,87,0.007057297,0.003155853,0.003901444
440,768,88,0.005636436,0.001599172,0.004037264
440,768,89,0.004358346,0.000573467,0.003784879
440,768,90,0.007231981,0.003494198,0.003737783
440,768,91,0.005630526,0.001865413,0.003765113
440,768,92,0.004469891,0.000677867,0.003792024
440,768,93,0.004172159,0.000463858,0.003708301
440,768,94,0.00435742,0.00068236,0.00367506
440,768,95,0.004571986,0.000901212,0.003670774
440,768,96,0.005704656,0.001978246,0.00372641
440,768,97,0.005848739,0.0020571,0.003791639
440,768,98,0.005554978,0.001792521,0.003762457
440,768,99,0.004659752,0.000950351,0.003709401
440,768,100,0.006220342,0.002678753,0.003541589
440,768,101,0.005056383,0.001497932,0.003558451
440,768,102,0.003961977,0.000427408,0.003534569
440,768,103,0.006598286,0.002917963,0.003680323
440,768,104,0.004681038,0.000916362,0.003764676
440,768,105,0.004347161,0.000543218,0.003803943
440,768,106,0.005614514,0.001864905,0.003749609
440,768,107,0.004336035,0.000627244,0.003708791
440,768,108,0.004266144,0.00043854,0.003827604
440,768,109,0.004260996,0.000572708,0.003688288
440,768,110,0.004190169,0.000670709,0.00351946
441,768,1,0.75445269,0.630657491,0.123795199
441,768,2,0.028114284,0.025092585,0.003021699
441,768,3,0.148982157,0.14595246,0.003029697
441,768,4,0.071538765,0.06851729,0.003021475
441,768,5,0.004108331,0.000932717,0.003175614
441,768,6,0.00410674,0.000756842,0.003349898
441,768,7,0.003759761,0.000385393,0.003374368
441,768,8,0.003877497,0.000400035,0.003477462
441,768,9,0.003862237,0.000426749,0.003435488
441,768,10,0.003909148,0.000593295,0.003315853
441,768,11,0.035248668,0.032130087,0.003118581
441,768,12,0.004694242,0.001470329,0.003223913
441,768,13,0.004774632,0.001341436,0.003433196
441,768,14,0.004433471,0.00101719,0.003416281
441,768,15,0.004658382,0.001137636,0.003520746
441,768,16,0.004522312,0.000982344,0.003539968
441,768,17,0.004631191,0.000961487,0.003669704
441,768,18,0.004336452,0.000557553,0.003778899
441,768,19,0.00440968,0.000604862,0.003804818
441,768,20,0.004366519,0.00057279,0.003793729
441,768,21,0.004375102,0.000524296,0.003850806
441,768,22,0.004404526,0.000504366,0.00390016
441,768,23,0.00445356,0.000531066,0.003922494
441,768,24,0.004453505,0.000542391,0.003911114
441,768,25,0.004443965,0.000520636,0.003923329
441,768,26,0.004231357,0.000485201,0.003746156
441,768,27,0.004275309,0.000523283,0.003752026
441,768,28,0.004272815,0.00054046,0.003732355
441,768,29,0.004278055,0.000511971,0.003766084
441,768,30,0.004182237,0.000518215,0.003664022
441,768,31,0.004085799,0.000498749,0.00358705
441,768,32,0.004215434,0.000549575,0.003665859
441,768,33,0.004364667,0.000707418,0.003657249
441,768,34,0.004517179,0.000778966,0.003738213
441,768,35,0.004343118,0.000699844,0.003643274
441,768,36,0.004572409,0.000885028,0.003687381
441,768,37,0.004580281,0.000924411,0.00365587
441,768,38,0.004797522,0.001061445,0.003736077
441,768,39,0.004666033,0.00097603,0.003690003
441,768,40,0.004629937,0.000883807,0.00374613
441,768,41,0.00473262,0.000989075,0.003743545
441,768,42,0.004677762,0.000894341,0.003783421
441,768,43,0.004500524,0.000677928,0.003822596
441,768,44,0.004890675,0.001047022,0.003843653
441,768,45,0.004511073,0.000701261,0.003809812
441,768,46,0.004597799,0.000714892,0.003882907
441,768,47,0.004498741,0.000632184,0.003866557
441,768,48,0.004599427,0.000723074,0.003876353
441,768,49,0.004744309,0.000874738,0.003869571
441,768,50,0.004535466,0.000647947,0.003887519
441,768,51,0.004768238,0.000847615,0.003920623
441,768,52,0.004764663,0.000753137,0.004011526
441,768,53,0.004519633,0.00067935,0.003840283
441,768,54,0.004644916,0.000746767,0.003898149
441,768,55,0.00469887,0.000805187,0.003893683
441,768,56,0.004506091,0.000649778,0.003856313
441,768,57,0.00469795,0.000913451,0.003784499
441,768,58,0.004682108,0.000758151,0.003923957
441,768,59,0.004551366,0.000682889,0.003868477
441,768,60,0.004584901,0.000665238,0.003919663
441,768,61,0.004668398,0.000773524,0.003894874
441,768,62,0.004411004,0.000661231,0.003749773
441,768,63,0.005166301,0.001396193,0.003770108
441,768,64,0.004816035,0.001102933,0.003713102
441,768,65,0.004677676,0.000977532,0.003700144
441,768,66,0.004550779,0.0008483,0.003702479
441,768,67,0.004566453,0.000704336,0.003862117
441,768,68,0.004356656,0.000613706,0.00374295
441,768,69,0.00434274,0.000508655,0.003834085
441,768,70,0.005216449,0.0013794,0.003837049
441,768,71,0.004926819,0.001122685,0.003804134
441,768,72,0.004914102,0.001007279,0.003906823
441,768,73,0.007199199,0.003336716,0.003862483
441,768,74,0.004827284,0.001040526,0.003786758
441,768,75,0.004513184,0.000761981,0.003751203
441,768,76,0.006348521,0.002521994,0.003826527
441,768,77,0.004710275,0.000933933,0.003776342
441,768,78,0.004676538,0.000802583,0.003873955
441,768,79,0.00457257,0.000738764,0.003833806
441,768,80,0.004588537,0.00080588,0.003782657
441,768,81,0.005785627,0.001954339,0.003831288
441,768,82,0.005442373,0.001512433,0.00392994
441,768,83,0.004446675,0.00058759,0.003859085
441,768,84,0.004656312,0.000813166,0.003843146
441,768,85,0.004286491,0.00054521,0.003741281
441,768,86,0.00720814,0.003319092,0.003889048
441,768,87,0.005293394,0.001375417,0.003917977
441,768,88,0.004633959,0.000580254,0.004053705
441,768,89,0.00452499,0.000689409,0.003835581
441,768,90,0.006937944,0.003216197,0.003721747
441,768,91,0.004674814,0.000875638,0.003799176
441,768,92,0.004907278,0.001149666,0.003757612
441,768,93,0.004305708,0.000625503,0.003680205
441,768,94,0.005480687,0.001809672,0.003671015
441,768,95,0.005083601,0.00149856,0.003585041
441,768,96,0.006322744,0.002608365,0.003714379
441,768,97,0.005553361,0.00177385,0.003779511
441,768,98,0.004252346,0.000511084,0.003741262
441,768,99,0.006592181,0.000767715,0.005824466
441,768,100,0.005314802,0.001201569,0.004113233
441,768,101,0.003972132,0.000468274,0.003503858
441,768,102,0.003971009,0.000425931,0.003545078
441,768,103,0.004100866,0.000456961,0.003643905
441,768,104,0.006155031,0.002338304,0.003816727
441,768,105,0.006872131,0.003048824,0.003823307
441,768,106,0.004298612,0.000560181,0.003738431
441,768,107,0.004152439,0.000465372,0.003687067
441,768,108,0.004353048,0.000518077,0.003834971
441,768,109,0.004148442,0.000464057,0.003684385
441,768,110,0.004440362,0.000958696,0.003481666
442,768,1,0.750372008,0.626458047,0.123913961
442,768,2,0.05591934,0.052896798,0.003022542
442,768,3,0.147621031,0.144599901,0.00302113
442,768,4,0.003714862,0.000568749,0.003146113
442,768,5,0.046003491,0.042948348,0.003055143
442,768,6,0.004424017,0.001032386,0.003391631
442,768,7,0.004116611,0.000702791,0.00341382
442,768,8,0.00385255,0.000381044,0.003471506
442,768,9,0.003850824,0.000433473,0.003417351
442,768,10,0.035683506,0.032617757,0.003065749
442,768,11,0.004636808,0.001518489,0.003118319
442,768,12,0.004360986,0.001049027,0.003311959
442,768,13,0.004450588,0.001006638,0.00344395
442,768,14,0.004318392,0.000904906,0.003413486
442,768,15,0.004650661,0.001121715,0.003528946
442,768,16,0.004520798,0.00097088,0.003549918
442,768,17,0.004584273,0.000924859,0.003659414
442,768,18,0.004357517,0.000552043,0.003805474
442,768,19,0.004410652,0.000534631,0.003876021
442,768,20,0.004340068,0.00049371,0.003846358
442,768,21,0.004398192,0.000494756,0.003903436
442,768,22,0.004443003,0.000486242,0.003956761
442,768,23,0.004490133,0.000512895,0.003977238
442,768,24,0.004445319,0.000535451,0.003909868
442,768,25,0.004428509,0.000529721,0.003898788
442,768,26,0.004226239,0.000481436,0.003744803
442,768,27,0.004247956,0.000496828,0.003751128
442,768,28,0.004285969,0.000513759,0.00377221
442,768,29,0.004273557,0.000507644,0.003765913
442,768,30,0.004144462,0.000490375,0.003654087
442,768,31,0.004373701,0.000734639,0.003639062
442,768,32,0.004266659,0.000583796,0.003682863
442,768,33,0.00428414,0.000602252,0.003681888
442,768,34,0.004416036,0.000644954,0.003771082
442,768,35,0.004525769,0.000871096,0.003654673
442,768,36,0.004762827,0.000997016,0.003765811
442,768,37,0.004683956,0.000980033,0.003703923
442,768,38,0.004739113,0.001062201,0.003676912
442,768,39,0.004557646,0.000860171,0.003697475
442,768,40,0.004816011,0.001055127,0.003760884
442,768,41,0.004531077,0.000835351,0.003695726
442,768,42,0.004728356,0.000899594,0.003828762
442,768,43,0.004774965,0.000926926,0.003848039
442,768,44,0.004581298,0.000715712,0.003865586
442,768,45,0.004552319,0.000705262,0.003847057
442,768,46,0.004470411,0.000675168,0.003795243
442,768,47,0.004643913,0.000771896,0.003872017
442,768,48,0.004678646,0.000743853,0.003934793
442,768,49,0.004516846,0.000654614,0.003862232
442,768,50,0.004773148,0.000857564,0.003915584
442,768,51,0.004653909,0.00071894,0.003934969
442,768,52,0.004588142,0.000640319,0.003947823
442,768,53,0.004650427,0.000746103,0.003904324
442,768,54,0.004713699,0.000743687,0.003970012
442,768,55,0.004604522,0.000686837,0.003917685
442,768,56,0.004680109,0.000652476,0.004027633
442,768,57,0.004619923,0.000665203,0.00395472
442,768,58,0.004611507,0.000683638,0.003927869
442,768,59,0.004501031,0.000663465,0.003837566
442,768,60,0.004672115,0.000726379,0.003945736
442,768,61,0.004606385,0.000730964,0.003875421
442,768,62,0.005054907,0.001273058,0.003781849
442,768,63,0.00474088,0.000937745,0.003803135
442,768,64,0.004378522,0.000659731,0.003718791
442,768,65,0.004596471,0.000932114,0.003664357
442,768,66,0.004474849,0.000713896,0.003760953
442,768,67,0.004494897,0.000666168,0.003828729
442,768,68,0.004293628,0.000534768,0.00375886
442,768,69,0.004459524,0.00064498,0.003814544
442,768,70,0.004266652,0.000410076,0.003856576
442,768,71,0.00650552,0.002635286,0.003870234
442,768,72,0.007312329,0.003435521,0.003876808
442,768,73,0.004901,0.001076464,0.003824536
442,768,74,0.004487068,0.000714243,0.003772825
442,768,75,0.006297266,0.002459369,0.003837897
442,768,76,0.004767706,0.000882438,0.003885268
442,768,77,0.0045166,0.000714263,0.003802337
442,768,78,0.004623165,0.000712232,0.003910933
442,768,79,0.004584313,0.00074634,0.003837973
442,768,80,0.005746012,0.001865555,0.003880457
442,768,81,0.005543656,0.00164635,0.003897306
442,768,82,0.004490899,0.000562578,0.003928321
442,768,83,0.004504957,0.000708916,0.003796041
442,768,84,0.004433994,0.000647083,0.003786911
442,768,85,0.007044856,0.003344841,0.003700015
442,768,86,0.005395456,0.001405524,0.003989932
442,768,87,0.004514575,0.000519773,0.003994802
442,768,88,0.004792017,0.000714892,0.004077125
442,768,89,0.00441219,0.000502767,0.003909423
442,768,90,0.004225913,0.000497206,0.003728707
442,768,91,0.006194845,0.00236804,0.003826805
442,768,92,0.004617479,0.000832446,0.003785033
442,768,93,0.007014657,0.003286084,0.003728573
442,768,94,0.005148247,0.001470271,0.003677976
442,768,95,0.006200132,0.002511294,0.003688838
442,768,96,0.005532448,0.001810009,0.003722439
442,768,97,0.004265806,0.000464467,0.003801339
442,768,98,0.00437715,0.000606939,0.003770211
442,768,99,0.0043373,0.000632626,0.003704674
442,768,100,0.005724464,0.002178875,0.003545589
442,768,101,0.005064556,0.00153015,0.003534406
442,768,102,0.003979771,0.000435719,0.003544052
442,768,103,0.004745586,0.001066032,0.003679554
442,768,104,0.008661061,0.0049048,0.003756261
442,768,105,0.004388623,0.000577988,0.003810635
442,768,106,0.004269199,0.000482047,0.003787152
442,768,107,0.004146942,0.000474007,0.003672935
442,768,108,0.004352967,0.000431403,0.003921564
442,768,109,0.004195537,0.000453356,0.003742181
442,768,110,0.00521782,0.001746328,0.003471492
443,768,1,0.752005101,0.627671702,0.124333399
443,768,2,0.0355444,0.032439538,0.003104862
443,768,3,0.1266501,0.123563566,0.003086534
443,768,4,0.072118668,0.069037165,0.003081503
443,768,5,0.003845802,0.000673585,0.003172217
443,768,6,0.045977975,0.042688589,0.003289386
443,768,7,0.004561138,0.001162288,0.00339885
443,768,8,0.004212763,0.000685681,0.003527082
443,768,9,0.036396729,0.03329685,0.003099879
443,768,10,0.004448307,0.001305836,0.003142471
443,768,11,0.004189156,0.000905112,0.003284044
443,768,12,0.004098845,0.000683498,0.003415347
443,768,13,0.004325315,0.000864595,0.00346072
443,768,14,0.004532606,0.001057126,0.00347548
443,768,15,0.004356815,0.000811277,0.003545538
443,768,16,0.004405999,0.000850833,0.003555166
443,768,17,0.00457124,0.000844198,0.003727042
443,768,18,0.00428041,0.000509207,0.003771203
443,768,19,0.004296859,0.00052139,0.003775469
443,768,20,0.004278487,0.000489558,0.003788929
443,768,21,0.004448767,0.000543948,0.003904819
443,768,22,0.004435451,0.000512582,0.003922869
443,768,23,0.004504257,0.000509196,0.003995061
443,768,24,0.004479982,0.000528733,0.003951249
443,768,25,0.004468546,0.000513381,0.003955165
443,768,26,0.004391534,0.000575735,0.003815799
443,768,27,0.004458395,0.000596902,0.003861493
443,768,28,0.004358794,0.000621071,0.003737723
443,768,29,0.004276812,0.000545931,0.003730881
443,768,30,0.004340714,0.00059719,0.003743524
443,768,31,0.004198449,0.000541623,0.003656826
443,768,32,0.004304055,0.000630586,0.003673469
443,768,33,0.004229242,0.000546929,0.003682313
443,768,34,0.004498485,0.000781588,0.003716897
443,768,35,0.004508349,0.000836892,0.003671457
443,768,36,0.004855975,0.00114446,0.003711515
443,768,37,0.00459977,0.000959689,0.003640081
443,768,38,0.004741818,0.001000689,0.003741129
443,768,39,0.004743415,0.000971887,0.003771528
443,768,40,0.004683909,0.000944669,0.00373924
443,768,41,0.004685496,0.000884274,0.003801222
443,768,42,0.004742734,0.00084341,0.003899324
443,768,43,0.004532758,0.000659956,0.003872802
443,768,44,0.004660711,0.00077099,0.003889721
443,768,45,0.004471255,0.000631292,0.003839963
443,768,46,0.004655391,0.000733938,0.003921453
443,768,47,0.004635367,0.000715676,0.003919691
443,768,48,0.00460345,0.000692582,0.003910868
443,768,49,0.004631539,0.000704847,0.003926692
443,768,50,0.004615133,0.000658401,0.003956732
443,768,51,0.00463919,0.000680355,0.003958835
443,768,52,0.004691613,0.000695411,0.003996202
443,768,53,0.004597914,0.000666165,0.003931749
443,768,54,0.004631758,0.000699282,0.003932476
443,768,55,0.004648506,0.000681807,0.003966699
443,768,56,0.004615896,0.000700322,0.003915574
443,768,57,0.004593247,0.000693188,0.003900059
443,768,58,0.00468076,0.000682037,0.003998723
443,768,59,0.004566523,0.000691647,0.003874876
443,768,60,0.00470223,0.000692718,0.004009512
443,768,61,0.004591407,0.000657339,0.003934068
443,768,62,0.004508225,0.000651064,0.003857161
443,768,63,0.004577588,0.00067253,0.003905058
443,768,64,0.004494569,0.000655486,0.003839083
443,768,65,0.004451749,0.00066308,0.003788669
443,768,66,0.004519926,0.00075714,0.003762786
443,768,67,0.004435588,0.000520785,0.003914803
443,768,68,0.004426755,0.000609132,0.003817623
443,768,69,0.004500756,0.000622608,0.003878148
443,768,70,0.006814646,0.003016073,0.003798573
443,768,71,0.007150459,0.003166273,0.003984186
443,768,72,0.005002931,0.001025852,0.003977079
443,768,73,0.00454121,0.000641879,0.003899331
443,768,74,0.006214512,0.002366213,0.003848299
443,768,75,0.004631114,0.000791463,0.003839651
443,768,76,0.004766968,0.000817296,0.003949672
443,768,77,0.004409651,0.000589305,0.003820346
443,768,78,0.004488404,0.000563072,0.003925332
443,768,79,0.005680869,0.001859431,0.003821438
443,768,80,0.005778044,0.001905095,0.003872949
443,768,81,0.004539397,0.000563986,0.003975411
443,768,82,0.004547274,0.000545912,0.004001362
443,768,83,0.004456572,0.000568,0.003888572
443,768,84,0.00438345,0.00049864,0.00388481
443,768,85,0.004337079,0.000549061,0.003788018
443,768,86,0.006640874,0.00266914,0.003971734
443,768,87,0.005229183,0.001233673,0.00399551
443,768,88,0.004715103,0.000620548,0.004094555
443,768,89,0.004499194,0.000602966,0.003896228
443,768,90,0.004252777,0.000511507,0.00374127
443,768,91,0.006599823,0.002756807,0.003843016
443,768,92,0.007488473,0.003774094,0.003714379
443,768,93,0.00523051,0.001508569,0.003721941
443,768,94,0.006339475,0.00262054,0.003718935
443,768,95,0.00543449,0.001680612,0.003753878
443,768,96,0.004268195,0.000464511,0.003803684
443,768,97,0.00430873,0.000442726,0.003866004
443,768,98,0.004324436,0.000544696,0.00377974
443,768,99,0.004452136,0.000682093,0.003770043
443,768,100,0.004258955,0.000609961,0.003648994
443,768,101,0.006026535,0.002445768,0.003580767
443,768,102,0.004934038,0.001303358,0.00363068
443,768,103,0.005090751,0.001331293,0.003759458
443,768,104,0.004962911,0.001060157,0.003902754
443,768,105,0.006436479,0.002585776,0.003850703
443,768,106,0.004279027,0.000463971,0.003815056
443,768,107,0.004227869,0.000462139,0.00376573
443,768,108,0.004376649,0.000432288,0.003944361
443,768,109,0.006050485,0.002240248,0.003810237
443,768,110,0.005298274,0.001816057,0.003482217
444,768,1,0.755070535,0.631250917,0.123819618
444,768,2,0.003598017,0.000454716,0.003143301
444,768,3,0.16974452,0.166714037,0.003030483
444,768,4,0.003636125,0.000534161,0.003101964
444,768,5,0.062778152,0.059759518,0.003018634
444,768,6,0.00397316,0.000853138,0.003120022
444,768,7,0.011507799,0.00817001,0.003337789
444,768,8,0.004723874,0.001303221,0.003420653
444,768,9,0.004221461,0.000759161,0.0034623
444,768,10,0.036232426,0.033155246,0.00307718
444,768,11,0.004525239,0.001408941,0.003116298
444,768,12,0.004340378,0.001030216,0.003310162
444,768,13,0.004524804,0.001106131,0.003418673
444,768,14,0.00440404,0.001023218,0.003380822
444,768,15,0.004663523,0.001158092,0.003505431
444,768,16,0.004482411,0.000972007,0.003510404
444,768,17,0.004636893,0.000948773,0.00368812
444,768,18,0.004336488,0.000536527,0.003799961
444,768,19,0.004371597,0.000525895,0.003845702
444,768,20,0.004375775,0.000516918,0.003858857
444,768,21,0.004416242,0.000517882,0.00389836
444,768,22,0.004480531,0.000522578,0.003957953
444,768,23,0.004499087,0.000534073,0.003965014
444,768,24,0.004532966,0.000547829,0.003985137
444,768,25,0.004536845,0.000635335,0.00390151
444,768,26,0.00440154,0.000584091,0.003817449
444,768,27,0.004417087,0.000636883,0.003780204
444,768,28,0.004345375,0.000624896,0.003720479
444,768,29,0.004315154,0.000575713,0.003739441
444,768,30,0.004295294,0.000594971,0.003700323
444,768,31,0.004258225,0.00063687,0.003621355
444,768,32,0.004199049,0.000558847,0.003640202
444,768,33,0.004216846,0.000593418,0.003623428
444,768,34,0.004314606,0.000629358,0.003685248
444,768,35,0.004494452,0.000877193,0.003617259
444,768,36,0.004568792,0.000891986,0.003676806
444,768,37,0.004499988,0.000857381,0.003642607
444,768,38,0.004516699,0.000838769,0.00367793
444,768,39,0.00459073,0.000863372,0.003727358
444,768,40,0.004704466,0.000951736,0.00375273
444,768,41,0.004705106,0.000979262,0.003725844
444,768,42,0.004639652,0.000792448,0.003847204
444,768,43,0.00483123,0.000917349,0.003913881
444,768,44,0.004527973,0.000684754,0.003843219
444,768,45,0.004577322,0.000703632,0.00387369
444,768,46,0.004510629,0.000655229,0.0038554
444,768,47,0.004625717,0.00075256,0.003873157
444,768,48,0.004634045,0.000733827,0.003900218
444,768,49,0.004556573,0.000665582,0.003890991
444,768,50,0.004676856,0.000754329,0.003922527
444,768,51,0.004713253,0.000742108,0.003971145
444,768,52,0.004557795,0.000659262,0.003898533
444,768,53,0.004756994,0.000827989,0.003929005
444,768,54,0.004582546,0.000661813,0.003920733
444,768,55,0.004645204,0.000695615,0.003949589
444,768,56,0.004583253,0.000693095,0.003890158
444,768,57,0.004667874,0.000741841,0.003926033
444,768,58,0.004584009,0.000690588,0.003893421
444,768,59,0.004629848,0.000773057,0.003856791
444,768,60,0.00461221,0.000731214,0.003880996
444,768,61,0.004656186,0.00076573,0.003890456
444,768,62,0.004480286,0.000711414,0.003768872
444,768,63,0.004512816,0.000751119,0.003761697
444,768,64,0.004551709,0.000815935,0.003735774
444,768,65,0.004537498,0.000827766,0.003709732
444,768,66,0.004576331,0.000891976,0.003684355
444,768,67,0.004550942,0.000743528,0.003807414
444,768,68,0.004325118,0.000527359,0.003797759
444,768,69,0.007756641,0.003975084,0.003781557
444,768,70,0.006898331,0.003108643,0.003789688
444,768,71,0.004969312,0.001033499,0.003935813
444,768,72,0.004660994,0.000716826,0.003944168
444,768,73,0.006263784,0.002426302,0.003837482
444,768,74,0.004424008,0.000649045,0.003774963
444,768,75,0.004492873,0.000684083,0.00380879
444,768,76,0.004876252,0.001053404,0.003822848
444,768,77,0.004245387,0.000455504,0.003789883
444,768,78,0.005949887,0.002116719,0.003833168
444,768,79,0.005667809,0.001890557,0.003777252
444,768,80,0.004567259,0.00076683,0.003800429
444,768,81,0.004344433,0.000520171,0.003824262
444,768,82,0.004600926,0.000647045,0.003953881
444,768,83,0.004317702,0.000547591,0.003770111
444,768,84,0.004550402,0.000650401,0.003900001
444,768,85,0.004251203,0.00051752,0.003733683
444,768,86,0.007524833,0.003574812,0.003950021
444,768,87,0.004473488,0.000478692,0.003994796
444,768,88,0.004590571,0.000520245,0.004070326
444,768,89,0.004374207,0.000494872,0.003879335
444,768,90,0.006673887,0.002940299,0.003733588
444,768,91,0.005138406,0.001311223,0.003827183
444,768,92,0.004317756,0.000548582,0.003769174
444,768,93,0.006118945,0.002362256,0.003756689
444,768,94,0.007892888,0.004248594,0.003644294
444,768,95,0.004881293,0.001202856,0.003678437
444,768,96,0.004302159,0.000572637,0.003729522
444,768,97,0.004589336,0.000756295,0.003833041
444,768,98,0.004450085,0.000737208,0.003712877
444,768,99,0.004435397,0.000749698,0.003685699
444,768,100,0.006394761,0.002935351,0.00345941
444,768,101,0.004909257,0.001407629,0.003501628
444,768,102,0.003947025,0.000398225,0.0035488
444,768,103,0.005855996,0.002112095,0.003743901
444,768,104,0.004777828,0.000967857,0.003809971
444,768,105,0.004412363,0.000554246,0.003858117
444,768,106,0.005126768,0.001375587,0.003751181
444,768,107,0.004250624,0.000556848,0.003693776
444,768,108,0.006593971,0.000521273,0.006072698
444,768,109,0.005873776,0.001390392,0.004483384
444,768,110,0.003907685,0.000521064,0.003386621
445,768,1,0.751295775,0.626953201,0.124342574
445,768,2,0.040855729,0.037768143,0.003087586
445,768,3,0.153123237,0.150056661,0.003066576
445,768,4,0.065434442,0.062354481,0.003079961
445,768,5,0.003887938,0.000687443,0.003200495
445,768,6,0.003505329,0.00036087,0.003144459
445,768,7,0.007646842,0.004379634,0.003267208
445,768,8,0.007198848,0.003766509,0.003432339
445,768,9,0.004891675,0.001274429,0.003617246
445,768,10,0.004077256,0.000645324,0.003431932
445,768,11,0.036361923,0.033193002,0.003168921
445,768,12,0.004771312,0.001389697,0.003381615
445,768,13,0.004533966,0.001077939,0.003456027
445,768,14,0.004488448,0.001030043,0.003458405
445,768,15,0.004517792,0.000966884,0.003550908
445,768,16,0.004712216,0.00098092,0.003731296
445,768,17,0.004211983,0.000589409,0.003622574
445,768,18,0.004701013,0.000832503,0.00386851
445,768,19,0.004317461,0.000526667,0.003790794
445,768,20,0.004410354,0.000533351,0.003877003
445,768,21,0.004428788,0.000503919,0.003924869
445,768,22,0.004426772,0.000509796,0.003916976
445,768,23,0.004467178,0.000521111,0.003946067
445,768,24,0.00442509,0.000527854,0.003897236
445,768,25,0.004488856,0.000599174,0.003889682
445,768,26,0.004597319,0.000751953,0.003845366
445,768,27,0.004315451,0.000533034,0.003782417
445,768,28,0.004324742,0.000624112,0.00370063
445,768,29,0.004370854,0.000588516,0.003782338
445,768,30,0.004206132,0.000527141,0.003678991
445,768,31,0.004158305,0.000604669,0.003553636
445,768,32,0.004313445,0.000716482,0.003596963
445,768,33,0.004264415,0.000610706,0.003653709
445,768,34,0.004319296,0.000631279,0.003688017
445,768,35,0.004378932,0.000725481,0.003653451
445,768,36,0.004665391,0.00094172,0.003723671
445,768,37,0.004336055,0.000722457,0.003613598
445,768,38,0.004673608,0.001008524,0.003665084
445,768,39,0.004503746,0.000812848,0.003690898
445,768,40,0.004549816,0.000864565,0.003685251
445,768,41,0.004706358,0.000912084,0.003794274
445,768,42,0.004847979,0.001045569,0.00380241
445,768,43,0.004509278,0.000715696,0.003793582
445,768,44,0.004847181,0.00103028,0.003816901
445,768,45,0.004508977,0.000721241,0.003787736
445,768,46,0.004536546,0.000750226,0.00378632
445,768,47,0.004653299,0.000740647,0.003912652
445,768,48,0.004643703,0.000724795,0.003918908
445,768,49,0.004618083,0.000732627,0.003885456
445,768,50,0.004491157,0.000618653,0.003872504
445,768,51,0.004684797,0.000809182,0.003875615
445,768,52,0.004699242,0.000817016,0.003882226
445,768,53,0.004522048,0.00065256,0.003869488
445,768,54,0.00487715,0.000995526,0.003881624
445,768,55,0.004706254,0.000686627,0.004019627
445,768,56,0.004589684,0.000670652,0.003919032
445,768,57,0.004570191,0.000676018,0.003894173
445,768,58,0.004530318,0.000676208,0.00385411
445,768,59,0.004550264,0.000755504,0.00379476
445,768,60,0.004627926,0.00080725,0.003820676
445,768,61,0.004692625,0.000839215,0.00385341
445,768,62,0.004464639,0.000729364,0.003735275
445,768,63,0.004645341,0.00079527,0.003850071
445,768,64,0.004445592,0.000644698,0.003800894
445,768,65,0.004582327,0.000798679,0.003783648
445,768,66,0.004786927,0.001056591,0.003730336
445,768,67,0.004467136,0.00068666,0.003780476
445,768,68,0.008472028,0.004619448,0.00385258
445,768,69,0.00686925,0.002982166,0.003887084
445,768,70,0.004717819,0.000872787,0.003845032
445,768,71,0.004660354,0.00059555,0.004064804
445,768,72,0.004488357,0.000549825,0.003938532
445,768,73,0.004435208,0.000535504,0.003899704
445,768,74,0.005735498,0.00190803,0.003827468
445,768,75,0.004683628,0.00075619,0.003927438
445,768,76,0.004470618,0.000576308,0.00389431
445,768,77,0.006710241,0.002776922,0.003933319
445,768,78,0.005561625,0.001664622,0.003897003
445,768,79,0.00464445,0.000749425,0.003895025
445,768,80,0.004420127,0.000550763,0.003869364
445,768,81,0.004475352,0.000513101,0.003962251
445,768,82,0.004519961,0.000526457,0.003993504
445,768,83,0.004383889,0.00052747,0.003856419
445,768,84,0.004400675,0.000499474,0.003901201
445,768,85,0.007325851,0.003548078,0.003777773
445,768,86,0.00442833,0.000485094,0.003943236
445,768,87,0.004521761,0.000563978,0.003957783
445,768,88,0.004602052,0.000525507,0.004076545
445,768,89,0.006802629,0.003019416,0.003783213
445,768,90,0.004601361,0.000893025,0.003708336
445,768,91,0.004768193,0.000945317,0.003822876
445,768,92,0.004271821,0.000450703,0.003821118
445,768,93,0.004212322,0.000472868,0.003739454
445,768,94,0.005448154,0.001772991,0.003675163
445,768,95,0.008383279,0.004624657,0.003758622
445,768,96,0.004541058,0.000788522,0.003752536
445,768,97,0.004499061,0.000634251,0.00386481
445,768,98,0.004549542,0.000795719,0.003753823
445,768,99,0.004481639,0.000724056,0.003757583
445,768,100,0.004294248,0.000668412,0.003625836
445,768,101,0.006061017,0.00249246,0.003568557
445,768,102,0.007084538,0.003362543,0.003721995
445,768,103,0.004746485,0.000926888,0.003819597
445,768,104,0.004367912,0.000446944,0.003920968
445,768,105,0.004315441,0.000434371,0.00388107
445,768,106,0.004359358,0.000468393,0.003890965
445,768,107,0.004402276,0.000583847,0.003818429
445,768,108,0.005310298,0.001304741,0.004005557
445,768,109,0.00588072,0.002080905,0.003799815
445,768,110,0.005203664,0.001747582,0.003456082
446,768,1,0.752195875,0.628638906,0.123556969
446,768,2,0.10041531,0.097391861,0.003023449
446,768,3,0.118070978,0.115049646,0.003021332
446,768,4,0.003735777,0.000650701,0.003085076
446,768,5,0.003455949,0.000319146,0.003136803
446,768,6,0.007692073,0.004630067,0.003062006
446,768,7,0.004179105,0.000992388,0.003186717
446,768,8,0.003993843,0.000611653,0.00338219
446,768,9,0.006021637,0.002572811,0.003448826
446,768,10,0.004820101,0.001447476,0.003372625
446,768,11,0.003992416,0.000660107,0.003332309
446,768,12,0.036759452,0.033560734,0.003198718
446,768,13,0.005092304,0.001687754,0.00340455
446,768,14,0.004567007,0.00113777,0.003429237
446,768,15,0.004501418,0.001082983,0.003418435
446,768,16,0.00460626,0.00106277,0.00354349
446,768,17,0.004467849,0.000923575,0.003544274
446,768,18,0.004402812,0.000727004,0.003675808
446,768,19,0.004336227,0.000618473,0.003717754
446,768,20,0.004377701,0.000635916,0.003741785
446,768,21,0.004490374,0.000645887,0.003844487
446,768,22,0.00445565,0.000573461,0.003882189
446,768,23,0.004512205,0.00056551,0.003946695
446,768,24,0.004473375,0.000559353,0.003914022
446,768,25,0.004426303,0.000567931,0.003858372
446,768,26,0.004326092,0.000535066,0.003791026
446,768,27,0.004544664,0.000808753,0.003735911
446,768,28,0.004334556,0.000580981,0.003753575
446,768,29,0.004215271,0.000489869,0.003725402
446,768,30,0.004285585,0.000661319,0.003624266
446,768,31,0.004281909,0.000647588,0.003634321
446,768,32,0.004172896,0.000484822,0.003688074
446,768,33,0.00422966,0.000640832,0.003588828
446,768,34,0.004470252,0.00077418,0.003696072
446,768,35,0.004501962,0.000859292,0.00364267
446,768,36,0.004591225,0.0008809,0.003710325
446,768,37,0.004396686,0.000784169,0.003612517
446,768,38,0.004647213,0.000890196,0.003757017
446,768,39,0.004653884,0.00099578,0.003658104
446,768,40,0.004534084,0.000818016,0.003716068
446,768,41,0.004605243,0.000833926,0.003771317
446,768,42,0.004522742,0.000734577,0.003788165
446,768,43,0.004602183,0.000750092,0.003852091
446,768,44,0.004561591,0.000706141,0.00385545
446,768,45,0.004745428,0.000923041,0.003822387
446,768,46,0.004572221,0.000743837,0.003828384
446,768,47,0.004506685,0.000673008,0.003833677
446,768,48,0.004731945,0.000783589,0.003948356
446,768,49,0.004604234,0.00076835,0.003835884
446,768,50,0.004617389,0.000753568,0.003863821
446,768,51,0.004461721,0.000653648,0.003808073
446,768,52,0.00472997,0.000848279,0.003881691
446,768,53,0.004685017,0.00085875,0.003826267
446,768,54,0.004557361,0.000703594,0.003853767
446,768,55,0.004815296,0.000984635,0.003830661
446,768,56,0.004730129,0.000924406,0.003805723
446,768,57,0.004639121,0.000809935,0.003829186
446,768,58,0.004509268,0.000709149,0.003800119
446,768,59,0.004496802,0.000692015,0.003804787
446,768,60,0.004597792,0.000794696,0.003803096
446,768,61,0.004579002,0.000776304,0.003802698
446,768,62,0.004649363,0.000906833,0.00374253
446,768,63,0.004558643,0.000776822,0.003781821
446,768,64,0.004609691,0.000827041,0.00378265
446,768,65,0.005269055,0.001693162,0.003575893
446,768,66,0.004724701,0.00106125,0.003663451
446,768,67,0.006786922,0.003048356,0.003738566
446,768,68,0.004674996,0.000980489,0.003694507
446,768,69,0.005341487,0.00155077,0.003790717
446,768,70,0.006921684,0.003136645,0.003785039
446,768,71,0.004947789,0.001044448,0.003903341
446,768,72,0.00477609,0.000857326,0.003918764
446,768,73,0.004291925,0.000473916,0.003818009
446,768,74,0.004395959,0.000613005,0.003782954
446,768,75,0.00566933,0.001831314,0.003838016
446,768,76,0.007348836,0.003488664,0.003860172
446,768,77,0.005860493,0.002021702,0.003838791
446,768,78,0.004645905,0.000779155,0.00386675
446,768,79,0.004248282,0.000465632,0.00378265
446,768,80,0.004455438,0.000664774,0.003790664
446,768,81,0.004367006,0.000529639,0.003837367
446,768,82,0.004530966,0.000605965,0.003925001
446,768,83,0.00424878,0.000484352,0.003764428
446,768,84,0.00790657,0.004206656,0.003699914
446,768,85,0.004302078,0.000597099,0.003704979
446,768,86,0.004444731,0.00047758,0.003967151
446,768,87,0.004402879,0.000507078,0.003895801
446,768,88,0.004650945,0.000578196,0.004072749
446,768,89,0.004358694,0.00056378,0.003794914
446,768,90,0.005974985,0.002231689,0.003743296
446,768,91,0.005107216,0.001301759,0.003805457
446,768,92,0.004367515,0.000569398,0.003798117
446,768,93,0.00411182,0.000479726,0.003632094
446,768,94,0.004247222,0.00060647,0.003640752
446,768,95,0.005465432,0.001811568,0.003653864
446,768,96,0.00849041,0.004750474,0.003739936
446,768,97,0.004662874,0.00090078,0.003762094
446,768,98,0.004597481,0.000732266,0.003865215
446,768,99,0.004407593,0.000706775,0.003700818
446,768,100,0.004264872,0.000669189,0.003595683
446,768,101,0.009468087,0.003264889,0.006203198
446,768,102,0.004887878,0.00102813,0.003859748
446,768,103,0.004276822,0.000574133,0.003702689
446,768,104,0.004322957,0.000496288,0.003826669
446,768,105,0.004272976,0.00044199,0.003830986
446,768,106,0.00418471,0.000446981,0.003737729
446,768,107,0.005515774,0.001841082,0.003674692
446,768,108,0.005191039,0.00139699,0.003794049
446,768,109,0.004285696,0.000558135,0.003727561
446,768,110,0.004135094,0.000703865,0.003431229
447,768,1,0.617883531,0.490247941,0.12763559
447,768,2,0.201167669,0.198129614,0.003038055
447,768,3,0.100410885,0.097386689,0.003024196
447,768,4,0.118052838,0.115038078,0.00301476
447,768,5,0.003898354,0.000747255,0.003151099
447,768,6,0.003431572,0.000317869,0.003113703
447,768,7,0.007724363,0.004540876,0.003183487
447,768,8,0.004417562,0.001070392,0.00334717
447,768,9,0.004139745,0.000650349,0.003489396
447,768,10,0.005858271,0.002447751,0.00341052
447,768,11,0.004742715,0.001374425,0.00336829
447,768,12,0.003779364,0.000602822,0.003176542
447,768,13,0.03766061,0.034329308,0.003331302
447,768,14,0.00489408,0.001586954,0.003307126
447,768,15,0.00484662,0.001345596,0.003501024
447,768,16,0.004611951,0.001076944,0.003535007
447,768,17,0.004694884,0.001093854,0.00360103
447,768,18,0.004474148,0.000732469,0.003741679
447,768,19,0.004390189,0.000550934,0.003839255
447,768,20,0.004369883,0.000507977,0.003861906
447,768,21,0.004383274,0.000496277,0.003886997
447,768,22,0.00437869,0.000507936,0.003870754
447,768,23,0.004545659,0.00056007,0.003985589
447,768,24,0.004512987,0.000559744,0.003953243
447,768,25,0.004466761,0.000545091,0.00392167
447,768,26,0.004316322,0.000490784,0.003825538
447,768,27,0.004262595,0.000518323,0.003744272
447,768,28,0.004195456,0.00049614,0.003699316
447,768,29,0.004276984,0.000523326,0.003753658
447,768,30,0.004151013,0.000502675,0.003648338
447,768,31,0.004171874,0.00057498,0.003596894
447,768,32,0.00425835,0.000641704,0.003616646
447,768,33,0.004374252,0.000630621,0.003743631
447,768,34,0.004510142,0.000783826,0.003726316
447,768,35,0.004332959,0.000597493,0.003735466
447,768,36,0.004682754,0.000926177,0.003756577
447,768,37,0.004450946,0.000693044,0.003757902
447,768,38,0.004634321,0.000814436,0.003819885
447,768,39,0.004511007,0.000687688,0.003823319
447,768,40,0.004684332,0.000841726,0.003842606
447,768,41,0.004547282,0.000726737,0.003820545
447,768,42,0.004585811,0.000664547,0.003921264
447,768,43,0.004569629,0.000615728,0.003953901
447,768,44,0.004497646,0.000572827,0.003924819
447,768,45,0.00449847,0.000537391,0.003961079
447,768,46,0.0046794,0.000752474,0.003926926
447,768,47,0.004636953,0.000652406,0.003984547
447,768,48,0.004534439,0.000562583,0.003971856
447,768,49,0.004726492,0.000706803,0.004019689
447,768,50,0.004478972,0.000543182,0.00393579
447,768,51,0.004674503,0.000743327,0.003931176
447,768,52,0.004490697,0.000510927,0.00397977
447,768,53,0.00471048,0.000795875,0.003914605
447,768,54,0.004675469,0.000765533,0.003909936
447,768,55,0.004549573,0.000623637,0.003925936
447,768,56,0.004764368,0.000900653,0.003863715
447,768,57,0.00475631,0.000871661,0.003884649
447,768,58,0.004651329,0.000729777,0.003921552
447,768,59,0.004438815,0.000631369,0.003807446
447,768,60,0.00454826,0.000655916,0.003892344
447,768,61,0.00445288,0.000658853,0.003794027
447,768,62,0.004618867,0.000825993,0.003792874
447,768,63,0.004660841,0.000817738,0.003843103
447,768,64,0.004589071,0.000771947,0.003817124
447,768,65,0.004566307,0.000833226,0.003733081
447,768,66,0.008535565,0.00488426,0.003651305
447,768,67,0.005063852,0.001276225,0.003787627
447,768,68,0.004255112,0.000542141,0.003712971
447,768,69,0.004307356,0.000537177,0.003770179
447,768,70,0.004584621,0.000822348,0.003762273
447,768,71,0.007162146,0.00325526,0.003906886
447,768,72,0.005022311,0.001064739,0.003957572
447,768,73,0.004616232,0.000793172,0.00382306
447,768,74,0.004302055,0.000534525,0.00376753
447,768,75,0.004645231,0.000844772,0.003800459
447,768,76,0.00554376,0.001657529,0.003886231
447,768,77,0.007556914,0.003670892,0.003886022
447,768,78,0.005639411,0.001819661,0.00381975
447,768,79,0.00459701,0.000779698,0.003817312
447,768,80,0.004390646,0.000604111,0.003786535
447,768,81,0.004323026,0.000431644,0.003891382
447,768,82,0.004469191,0.000529441,0.00393975
447,768,83,0.008507781,0.004666257,0.003841524
447,768,84,0.004331133,0.00060021,0.003730923
447,768,85,0.004131493,0.000416729,0.003714764
447,768,86,0.004442177,0.000510438,0.003931739
447,768,87,0.00449074,0.000527713,0.003963027
447,768,88,0.004599539,0.000575572,0.004023967
447,768,89,0.004330012,0.00048512,0.003844892
447,768,90,0.004168927,0.000460534,0.003708393
447,768,91,0.005626988,0.001797839,0.003829149
447,768,92,0.005043849,0.001265776,0.003778073
447,768,93,0.004144615,0.00051998,0.003624635
447,768,94,0.004150468,0.000537472,0.003612996
447,768,95,0.004247937,0.000568564,0.003679373
447,768,96,0.005905107,0.002205685,0.003699422
447,768,97,0.008562727,0.004745055,0.003817672
447,768,98,0.004613139,0.000834576,0.003778563
447,768,99,0.004374935,0.000666777,0.003708158
447,768,100,0.004263395,0.000681725,0.00358167
447,768,101,0.004107681,0.000599176,0.003508505
447,768,102,0.009830039,0.006151528,0.003678511
447,768,103,0.004757508,0.000949857,0.003807651
447,768,104,0.004278339,0.000498243,0.003780096
447,768,105,0.004376674,0.000486924,0.00388975
447,768,106,0.006088452,0.002380323,0.003708129
447,768,107,0.005135975,0.001428995,0.00370698
447,768,108,0.004295715,0.000573931,0.003721784
447,768,109,0.004167194,0.000446138,0.003721056
447,768,110,0.003809193,0.000376744,0.003432449
448,768,1,0.622021605,0.496571883,0.125449722
448,768,2,0.106230287,0.103206355,0.003023932
448,768,3,0.042128458,0.039110448,0.00301801
448,768,4,0.054108787,0.051077475,0.003031312
448,768,5,0.003884042,0.000733017,0.003151025
448,768,6,0.012036131,0.009019882,0.003016249
448,768,7,0.057126889,0.053911728,0.003215161
448,768,8,0.004281143,0.000903789,0.003377354
448,768,9,0.004051743,0.000549527,0.003502216
448,768,10,0.004151847,0.000673673,0.003478174
448,768,11,0.003924699,0.00061702,0.003307679
448,768,12,0.003967805,0.000784789,0.003183016
448,768,13,0.004220643,0.001085614,0.003135029
448,768,14,0.004162538,0.000967566,0.003194972
448,768,15,0.004008431,0.000815393,0.003193038
448,768,16,0.004032636,0.000858893,0.003173743
448,768,17,0.003968838,0.00080755,0.003161288
448,768,18,0.016207482,0.012932655,0.003274827
448,768,19,0.004805907,0.001494748,0.003311159
448,768,20,0.004345672,0.000951769,0.003393903
448,768,21,0.004055528,0.000567037,0.003488491
448,768,22,0.004333009,0.000773879,0.00355913
448,768,23,0.004644779,0.001034637,0.003610142
448,768,24,0.004536436,0.000857656,0.00367878
448,768,25,0.004634695,0.000904082,0.003730613
448,768,26,0.004515699,0.000769172,0.003746527
448,768,27,0.004815045,0.001079143,0.003735902
448,768,28,0.004945565,0.001090071,0.003855494
448,768,29,0.00463124,0.000784067,0.003847173
448,768,30,0.00472488,0.000833403,0.003891477
448,768,31,0.004391881,0.000668827,0.003723054
448,768,32,0.004432187,0.000693947,0.00373824
448,768,33,0.004496054,0.000752294,0.00374376
448,768,34,0.004262867,0.000573478,0.003689389
448,768,35,0.004312048,0.00067297,0.003639078
448,768,36,0.004420887,0.000712089,0.003708798
448,768,37,0.00834601,0.00479545,0.00355056
448,768,38,0.005744039,0.002073587,0.003670452
448,768,39,0.005820931,0.002302755,0.003518176
448,768,40,0.005150764,0.001676941,0.003473823
448,768,41,0.006555163,0.002882818,0.003672345
448,768,42,0.006254947,0.002636018,0.003618929
448,768,43,0.005446949,0.001803723,0.003643226
448,768,44,0.005447785,0.001736587,0.003711198
448,768,45,0.005197785,0.001435455,0.00376233
448,768,46,0.005261093,0.001353761,0.003907332
448,768,47,0.005062052,0.001195235,0.003866817
448,768,48,0.004855246,0.00093048,0.003924766
448,768,49,0.005032158,0.001171524,0.003860634
448,768,50,0.005112155,0.001250928,0.003861227
448,768,51,0.004658591,0.000745742,0.003912849
448,768,52,0.004564434,0.000665596,0.003898838
448,768,53,0.004632664,0.000834378,0.003798286
448,768,54,0.004926082,0.001050174,0.003875908
448,768,55,0.004518547,0.000674676,0.003843871
448,768,56,0.004956858,0.00099377,0.003963088
448,768,57,0.004644158,0.000769932,0.003874226
448,768,58,0.004779899,0.0008871,0.003892799
448,768,59,0.004549682,0.000708285,0.003841397
448,768,60,0.004710112,0.00083471,0.003875402
448,768,61,0.004551472,0.000723369,0.003828103
448,768,62,0.004513553,0.000609436,0.003904117
448,768,63,0.004498025,0.000686814,0.003811211
448,768,64,0.004475831,0.000765315,0.003710516
448,768,65,0.004572672,0.00078388,0.003788792
448,768,66,0.004633203,0.000890477,0.003742726
448,768,67,0.004360855,0.000637495,0.00372336
448,768,68,0.004259665,0.000611544,0.003648121
448,768,69,0.00449109,0.000748427,0.003742663
448,768,70,0.004397478,0.000605551,0.003791927
448,768,71,0.004498076,0.00073304,0.003765036
448,768,72,0.004637075,0.000856159,0.003780916
448,768,73,0.004570417,0.000816781,0.003753636
448,768,74,0.004563072,0.000762056,0.003801016
448,768,75,0.00503864,0.001218014,0.003820626
448,768,76,0.00496829,0.001136069,0.003832221
448,768,77,0.004599322,0.000852068,0.003747254
448,768,78,0.007979935,0.004224472,0.003755463
448,768,79,0.004984477,0.001154453,0.003830024
448,768,80,0.004811335,0.000981245,0.00383009
448,768,81,0.004587063,0.000742275,0.003844788
448,768,82,0.006965227,0.003187153,0.003778074
448,768,83,0.006081645,0.002219246,0.003862399
448,768,84,0.004406265,0.000530025,0.00387624
448,768,85,0.004400433,0.000551353,0.00384908
448,768,86,0.004766665,0.000992967,0.003773698
448,768,87,0.004317466,0.000607645,0.003709821
448,768,88,0.004214346,0.000534884,0.003679462
448,768,89,0.00470639,0.000798574,0.003907816
448,768,90,0.004337196,0.000391095,0.003946101
448,768,91,0.00446723,0.000441635,0.004025595
448,768,92,0.004252746,0.000452216,0.00380053
448,768,93,0.00416762,0.000504108,0.003663512
448,768,94,0.006255208,0.002504215,0.003750993
448,768,95,0.004710754,0.000977493,0.003733261
448,768,96,0.005315725,0.001687663,0.003628062
448,768,97,0.005240566,0.001572661,0.003667905
448,768,98,0.007787214,0.004124425,0.003662789
448,768,99,0.00478297,0.001063213,0.003719757
448,768,100,0.004504975,0.000726044,0.003778931
448,768,101,0.004198718,0.000456056,0.003742662
448,768,102,0.004555365,0.000911372,0.003643993
448,768,103,0.004519212,0.00093208,0.003587132
448,768,104,0.007980845,0.004471368,0.003509477
448,768,105,0.008483341,0.004816467,0.003666874
448,768,106,0.010051577,0.005335902,0.004715675
448,768,107,0.005197088,0.001464577,0.003732511
448,768,108,0.004730731,0.001047782,0.003682949
448,768,109,0.005860474,0.002058152,0.003802322
448,768,110,0.005707984,0.002018358,0.003689626
449,768,1,0.75759514,0.633267184,0.124327956
449,768,2,0.115464599,0.11244352,0.003021079
449,768,3,0.054148318,0.051106508,0.00304181
449,768,4,0.003751657,0.000641918,0.003109739
449,768,5,0.012181024,0.00916309,0.003017934
449,768,6,0.056923255,0.053815268,0.003107987
449,768,7,0.004160244,0.000803837,0.003356407
449,768,8,0.003823037,0.000445962,0.003377075
449,768,9,0.004026322,0.000569736,0.003456586
449,768,10,0.004236833,0.00074114,0.003495693
449,768,11,0.0038756,0.000543832,0.003331768
449,768,12,0.004034924,0.000846382,0.003188542
449,768,13,0.004116076,0.001051405,0.003064671
449,768,14,0.004184078,0.001026781,0.003157297
449,768,15,0.003968882,0.000808028,0.003160854
449,768,16,0.004053188,0.000892816,0.003160372
449,768,17,0.015859855,0.012747021,0.003112834
449,768,18,0.005014332,0.001755241,0.003259091
449,768,19,0.004367721,0.001044804,0.003322917
449,768,20,0.004098753,0.000748763,0.00334999
449,768,21,0.004154654,0.000721376,0.003433278
449,768,22,0.004362331,0.000838519,0.003523812
449,768,23,0.004685524,0.000994442,0.003691082
449,768,24,0.004708195,0.000866429,0.003841766
449,768,25,0.004425421,0.000658124,0.003767297
449,768,26,0.004863403,0.001079981,0.003783422
449,768,27,0.004891758,0.00103998,0.003851778
449,768,28,0.004605179,0.000676309,0.00392887
449,768,29,0.004641031,0.000676476,0.003964555
449,768,30,0.004651675,0.000698021,0.003953654
449,768,31,0.004392402,0.000633735,0.003758667
449,768,32,0.00448881,0.000704616,0.003784194
449,768,33,0.004279591,0.000581147,0.003698444
449,768,34,0.004433762,0.000654287,0.003779475
449,768,35,0.004324182,0.00056434,0.003759842
449,768,36,0.008557019,0.005001072,0.003555947
449,768,37,0.005636404,0.00202928,0.003607124
449,768,38,0.005959012,0.002401334,0.003557678
449,768,39,0.005208582,0.001771483,0.003437099
449,768,40,0.006368063,0.002699882,0.003668181
449,768,41,0.006261298,0.002651538,0.00360976
449,768,42,0.005442311,0.001865689,0.003576622
449,768,43,0.005342775,0.001601742,0.003741033
449,768,44,0.005120661,0.001268647,0.003852014
449,768,45,0.005232573,0.001409258,0.003823315
449,768,46,0.005075228,0.001301645,0.003773583
449,768,47,0.004767961,0.000909418,0.003858543
449,768,48,0.005089743,0.001270243,0.0038195
449,768,49,0.005100163,0.001129499,0.003970664
449,768,50,0.004600712,0.000660139,0.003940573
449,768,51,0.004611854,0.000659835,0.003952019
449,768,52,0.004753899,0.000829196,0.003924703
449,768,53,0.00479855,0.000838106,0.003960444
449,768,54,0.004540023,0.000642753,0.00389727
449,768,55,0.004838593,0.000958626,0.003879967
449,768,56,0.004759633,0.000870031,0.003889602
449,768,57,0.004757448,0.000786451,0.003970997
449,768,58,0.004629444,0.000686067,0.003943377
449,768,59,0.004622489,0.000671937,0.003950552
449,768,60,0.00459165,0.000681611,0.003910039
449,768,61,0.004508907,0.000662946,0.003845961
449,768,62,0.004546481,0.000652138,0.003894343
449,768,63,0.004577233,0.000667702,0.003909531
449,768,64,0.004461783,0.000649383,0.0038124
449,768,65,0.004698268,0.00071118,0.003987088
449,768,66,0.004365964,0.00064466,0.003721304
449,768,67,0.004386987,0.000665293,0.003721694
449,768,68,0.004352176,0.000620736,0.00373144
449,768,69,0.004360853,0.000560777,0.003800076
449,768,70,0.004511884,0.000692744,0.00381914
449,768,71,0.004639058,0.000849349,0.003789709
449,768,72,0.004654255,0.000815316,0.003838939
449,768,73,0.004477109,0.000707798,0.003769311
449,768,74,0.00495878,0.001096287,0.003862493
449,768,75,0.005016707,0.001102954,0.003913753
449,768,76,0.004709268,0.000873249,0.003836019
449,768,77,0.007950204,0.004181411,0.003768793
449,768,78,0.00465197,0.00085077,0.0038012
449,768,79,0.004764451,0.00091929,0.003845161
449,768,80,0.004796618,0.000927027,0.003869591
449,768,81,0.004506306,0.000601275,0.003905031
449,768,82,0.004399715,0.000647293,0.003752422
449,768,83,0.006274387,0.002446099,0.003828288
449,768,84,0.005998033,0.002063566,0.003934467
449,768,85,0.004520757,0.000641547,0.00387921
449,768,86,0.004621555,0.000774848,0.003846707
449,768,87,0.004407847,0.000666627,0.00374122
449,768,88,0.004388183,0.000654909,0.003733274
449,768,89,0.004643801,0.000706236,0.003937565
449,768,90,0.004365984,0.00039725,0.003968734
449,768,91,0.004580082,0.000491551,0.004088531
449,768,92,0.004331521,0.000501961,0.00382956
449,768,93,0.006472138,0.002743902,0.003728236
449,768,94,0.004732271,0.00091364,0.003818631
449,768,95,0.005435238,0.0016378,0.003797438
449,768,96,0.005214507,0.001470216,0.003744291
449,768,97,0.007635358,0.003954164,0.003681194
449,768,98,0.004659782,0.000943584,0.003716198
449,768,99,0.004502237,0.0007721,0.003730137
449,768,100,0.00428675,0.000518714,0.003768036
449,768,101,0.004706963,0.000920457,0.003786506
449,768,102,0.004622923,0.000932466,0.003690457
449,768,103,0.007957396,0.003539577,0.004417819
449,768,104,0.006610084,0.003048747,0.003561337
449,768,105,0.010699774,0.006865533,0.003834241
449,768,106,0.006291903,0.002422186,0.003869717
449,768,107,0.004759661,0.00100116,0.003758501
449,768,108,0.005460891,0.001764787,0.003696104
449,768,109,0.006092944,0.002408675,0.003684269
449,768,110,0.005171968,0.001613822,0.003558146
450,768,1,0.753264509,0.630379592,0.122884917
450,768,2,0.133424238,0.130384676,0.003039562
450,768,3,0.003683214,0.000523577,0.003159637
450,768,4,0.003557709,0.000362002,0.003195707
450,768,5,0.065611901,0.062556752,0.003055149
450,768,6,0.003801741,0.000583321,0.00321842
450,768,7,0.003772857,0.000361025,0.003411832
450,768,8,0.003846619,0.000414649,0.00343197
450,768,9,0.003922034,0.000429601,0.003492433
450,768,10,0.003994813,0.000477814,0.003516999
450,768,11,0.003833615,0.000527506,0.003306109
450,768,12,0.004012023,0.000816669,0.003195354
450,768,13,0.004104521,0.000885837,0.003218684
450,768,14,0.004066743,0.000842529,0.003224214
450,768,15,0.004043464,0.000842427,0.003201037
450,768,16,0.016321661,0.013214966,0.003106695
450,768,17,0.00496509,0.001819837,0.003145253
450,768,18,0.004519932,0.001174619,0.003345313
450,768,19,0.004098838,0.000779649,0.003319189
450,768,20,0.004135694,0.000704611,0.003431083
450,768,21,0.004332836,0.000867205,0.003465631
450,768,22,0.004220804,0.000750589,0.003470215
450,768,23,0.004908298,0.001286707,0.003621591
450,768,24,0.004419005,0.000638991,0.003780014
450,768,25,0.004811146,0.001063881,0.003747265
450,768,26,0.004982896,0.001159327,0.003823569
450,768,27,0.004512196,0.000695897,0.003816299
450,768,28,0.004611238,0.000694441,0.003916797
450,768,29,0.004597511,0.000669807,0.003927704
450,768,30,0.004685075,0.000777762,0.003907313
450,768,31,0.004427812,0.00065119,0.003776622
450,768,32,0.0043572,0.000640755,0.003716445
450,768,33,0.004356792,0.00056387,0.003792922
450,768,34,0.004301964,0.000580168,0.003721796
450,768,35,0.008863522,0.00521593,0.003647592
450,768,36,0.005559888,0.001915437,0.003644451
450,768,37,0.005965358,0.002408219,0.003557139
450,768,38,0.005350481,0.001733646,0.003616835
450,768,39,0.006181713,0.00243329,0.003748423
450,768,40,0.006216934,0.002642563,0.003574371
450,768,41,0.005521646,0.001822744,0.003698902
450,768,42,0.005156681,0.00146299,0.003693691
450,768,43,0.005011761,0.001205371,0.00380639
450,768,44,0.005284532,0.001332955,0.003951577
450,768,45,0.005093467,0.001071832,0.004021635
450,768,46,0.00473932,0.000819341,0.003919979
450,768,47,0.005043934,0.001171646,0.003872288
450,768,48,0.004955675,0.001113539,0.003842136
450,768,49,0.00461741,0.000761299,0.003856111
450,768,50,0.004616171,0.000770099,0.003846072
450,768,51,0.004775846,0.000897295,0.003878551
450,768,52,0.004739178,0.000844511,0.003894667
450,768,53,0.004555048,0.000753763,0.003801285
450,768,54,0.004980597,0.001089858,0.003890739
450,768,55,0.004713228,0.000862068,0.00385116
450,768,56,0.004665513,0.000755888,0.003909625
450,768,57,0.004603619,0.000776394,0.003827225
450,768,58,0.004679394,0.000844405,0.003834989
450,768,59,0.00461879,0.000761414,0.003857376
450,768,60,0.004533719,0.000734984,0.003798735
450,768,61,0.004549117,0.000739123,0.003809994
450,768,62,0.00454001,0.000741876,0.003798134
450,768,63,0.004492671,0.000703209,0.003789462
450,768,64,0.004639183,0.000852124,0.003787059
450,768,65,0.004492432,0.000697594,0.003794838
450,768,66,0.004580401,0.000836107,0.003744294
450,768,67,0.004301974,0.000616878,0.003685096
450,768,68,0.004339232,0.000597493,0.003741739
450,768,69,0.004461417,0.000649822,0.003811595
450,768,70,0.004685699,0.000923208,0.003762491
450,768,71,0.004593684,0.000720591,0.003873093
450,768,72,0.004580998,0.000710968,0.00387003
450,768,73,0.004792453,0.000945986,0.003846467
450,768,74,0.00497827,0.000990661,0.003987609
450,768,75,0.004758248,0.000785719,0.003972529
450,768,76,0.008058664,0.004263809,0.003794855
450,768,77,0.00458985,0.000802421,0.003787429
450,768,78,0.004641872,0.000803245,0.003838627
450,768,79,0.004778725,0.000950117,0.003828608
450,768,80,0.004524406,0.000594358,0.003930048
450,768,81,0.004480466,0.000626525,0.003853941
450,768,82,0.004617242,0.000776026,0.003841216
450,768,83,0.004441387,0.000607839,0.003833548
450,768,84,0.005398553,0.001481916,0.003916637
450,768,85,0.005970054,0.002060499,0.003909555
450,768,86,0.004603779,0.000753587,0.003850192
450,768,87,0.004366305,0.000655291,0.003711014
450,768,88,0.004570584,0.000830632,0.003739952
450,768,89,0.004677601,0.000750065,0.003927536
450,768,90,0.004544069,0.000529681,0.004014388
450,768,91,0.004610808,0.000526016,0.004084792
450,768,92,0.006932506,0.00314082,0.003791686
450,768,93,0.004661207,0.000885406,0.003775801
450,768,94,0.004306815,0.00044498,0.003861835
450,768,95,0.005878346,0.002094616,0.00378373
450,768,96,0.008292503,0.004578271,0.003714232
450,768,97,0.004480948,0.000782597,0.003698351
450,768,98,0.004399031,0.0006848,0.003714231
450,768,99,0.00431216,0.000518634,0.003793526
450,768,100,0.004789326,0.000963377,0.003825949
450,768,101,0.004726748,0.000977697,0.003749051
450,768,102,0.006898724,0.003302566,0.003596158
450,768,103,0.007613774,0.004051644,0.00356213
450,768,104,0.010626969,0.006909686,0.003717283
450,768,105,0.006298995,0.00251559,0.003783405
450,768,106,0.004878024,0.001061368,0.003816656
450,768,107,0.004130336,0.00035574,0.003774596
450,768,108,0.007463884,0.0036402,0.003823684
450,768,109,0.005272298,0.001433073,0.003839225
450,768,110,0.004013567,0.000465686,0.003547881
451,768,1,0.756539079,0.632604296,0.123934783
451,768,2,0.101225379,0.098197526,0.003027853
451,768,3,0.057582731,0.05454005,0.003042681
451,768,4,0.003781385,0.00066201,0.003119375
451,768,5,0.005230225,0.002214006,0.003016219
451,768,6,0.063877267,0.060785735,0.003091532
451,768,7,0.004132674,0.000780552,0.003352122
451,768,8,0.0038112,0.000436546,0.003374654
451,768,9,0.004058092,0.000567491,0.003490601
451,768,10,0.004050472,0.00059215,0.003458322
451,768,11,0.003986444,0.000601995,0.003384449
451,768,12,0.003895735,0.000716643,0.003179092
451,768,13,0.004280532,0.001124544,0.003155988
451,768,14,0.004000502,0.000813042,0.00318746
451,768,15,0.016414697,0.013364474,0.003050223
451,768,16,0.004919999,0.001830895,0.003089104
451,768,17,0.004438498,0.001196019,0.003242479
451,768,18,0.004320362,0.000940551,0.003379811
451,768,19,0.003994974,0.000660006,0.003334968
451,768,20,0.004563612,0.001189664,0.003373948
451,768,21,0.00412475,0.000711329,0.003413421
451,768,22,0.004632756,0.001180909,0.003451847
451,768,23,0.004516143,0.000892377,0.003623766
451,768,24,0.004681831,0.000926818,0.003755013
451,768,25,0.005041169,0.001272545,0.003768624
451,768,26,0.004415116,0.000643072,0.003772044
451,768,27,0.004520674,0.000675387,0.003845287
451,768,28,0.004517932,0.000688051,0.003829881
451,768,29,0.004870269,0.001009717,0.003860552
451,768,30,0.00457458,0.000750704,0.003823876
451,768,31,0.004446987,0.000744569,0.003702418
451,768,32,0.004324883,0.000615447,0.003709436
451,768,33,0.004308117,0.000578305,0.003729812
451,768,34,0.00897523,0.005340442,0.003634788
451,768,35,0.005547824,0.001978628,0.003569196
451,768,36,0.00604337,0.002378906,0.003664464
451,768,37,0.005280288,0.001684452,0.003595836
451,768,38,0.006101806,0.002626776,0.00347503
451,768,39,0.006331212,0.002785995,0.003545217
451,768,40,0.005412635,0.001734632,0.003678003
451,768,41,0.005142105,0.001489795,0.00365231
451,768,42,0.004915622,0.001094321,0.003821301
451,768,43,0.005123861,0.001427924,0.003695937
451,768,44,0.005011862,0.00129677,0.003715092
451,768,45,0.004889623,0.001135073,0.00375455
451,768,46,0.005027614,0.001190142,0.003837472
451,768,47,0.004989932,0.001206923,0.003783009
451,768,48,0.004629667,0.000813142,0.003816525
451,768,49,0.004602885,0.00083324,0.003769645
451,768,50,0.004742395,0.00086795,0.003874445
451,768,51,0.004724415,0.000807884,0.003916531
451,768,52,0.004642993,0.000790606,0.003852387
451,768,53,0.004912949,0.001041347,0.003871602
451,768,54,0.004688617,0.000867966,0.003820651
451,768,55,0.004644094,0.000792027,0.003852067
451,768,56,0.004632612,0.000841743,0.003790869
451,768,57,0.004739912,0.000823078,0.003916834
451,768,58,0.004581498,0.000688911,0.003892587
451,768,59,0.004488569,0.000688518,0.003800051
451,768,60,0.004637826,0.000783606,0.00385422
451,768,61,0.004522583,0.000684938,0.003837645
451,768,62,0.004543716,0.000706925,0.003836791
451,768,63,0.00463842,0.00077625,0.00386217
451,768,64,0.004429801,0.000707172,0.003722629
451,768,65,0.004656683,0.000825269,0.003831414
451,768,66,0.004329327,0.000712574,0.003616753
451,768,67,0.004406357,0.000744341,0.003662016
451,768,68,0.004332179,0.000594886,0.003737293
451,768,69,0.004610121,0.000828862,0.003781259
451,768,70,0.004652687,0.000950529,0.003702158
451,768,71,0.004566428,0.000715696,0.003850732
451,768,72,0.004804176,0.00098836,0.003815816
451,768,73,0.004826186,0.001004258,0.003821928
451,768,74,0.004670897,0.000725732,0.003945165
451,768,75,0.004725048,0.00078539,0.003939658
451,768,76,0.004710908,0.000883128,0.00382778
451,768,77,0.006858502,0.003123278,0.003735224
451,768,78,0.004877077,0.001089907,0.00378717
451,768,79,0.004645662,0.00078821,0.003857452
451,768,80,0.005124002,0.00122839,0.003895612
451,768,81,0.004646094,0.000762937,0.003883157
451,768,82,0.004507925,0.000702835,0.00380509
451,768,83,0.004867273,0.001040426,0.003826847
451,768,84,0.004526295,0.00065115,0.003875145
451,768,85,0.004565395,0.000623934,0.003941461
451,768,86,0.006282543,0.002471461,0.003811082
451,768,87,0.00477864,0.001055741,0.003722899
451,768,88,0.004577664,0.000848508,0.003729156
451,768,89,0.004655504,0.000708703,0.003946801
451,768,90,0.004467647,0.000522726,0.003944921
451,768,91,0.007345037,0.003469667,0.00387537
451,768,92,0.00463029,0.000933146,0.003697144
451,768,93,0.004216636,0.0005209,0.003695736
451,768,94,0.005852116,0.002140009,0.003712107
451,768,95,0.008339957,0.004634078,0.003705879
451,768,96,0.004541011,0.000915464,0.003625547
451,768,97,0.00418722,0.000531924,0.003655296
451,768,98,0.004443912,0.00068989,0.003754022
451,768,99,0.004807493,0.001073911,0.003733582
451,768,100,0.004865867,0.001071274,0.003794593
451,768,101,0.007051191,0.003393901,0.00365729
451,768,102,0.007272146,0.003789373,0.003482773
451,768,103,0.010846118,0.007206637,0.003639481
451,768,104,0.004581974,0.000871414,0.00371056
451,768,105,0.004398422,0.000555522,0.0038429
451,768,106,0.005157179,0.001285222,0.003871957
451,768,107,0.008538654,0.004788846,0.003749808
451,768,108,0.005230011,0.001322258,0.003907753
451,768,109,0.004263934,0.000513883,0.003750051
451,768,110,0.003935186,0.000419281,0.003515905
452,768,1,0.753664991,0.632387221,0.12127777
452,768,2,0.015554977,0.012525536,0.003029441
452,768,3,0.003650179,0.000533027,0.003117152
452,768,4,0.053718139,0.050673648,0.003044491
452,768,5,0.029313922,0.026294143,0.003019779
452,768,6,0.003967298,0.000860836,0.003106462
452,768,7,0.039711109,0.036495359,0.00321575
452,768,8,0.004312618,0.00095224,0.003360378
452,768,9,0.004062193,0.000566093,0.0034961
452,768,10,0.004070138,0.000625305,0.003444833
452,768,11,0.004058256,0.000760298,0.003297958
452,768,12,0.004052595,0.000876058,0.003176537
452,768,13,0.004197751,0.000988146,0.003209605
452,768,14,0.016771449,0.013742459,0.00302899
452,768,15,0.004800929,0.001744572,0.003056357
452,768,16,0.004503208,0.001219256,0.003283952
452,768,17,0.004286185,0.000961115,0.00332507
452,768,18,0.004194692,0.000803701,0.003390991
452,768,19,0.004545246,0.001158474,0.003386772
452,768,20,0.004180964,0.000751199,0.003429765
452,768,21,0.004595788,0.001148956,0.003446832
452,768,22,0.004169695,0.000719989,0.003449706
452,768,23,0.004813726,0.001113612,0.003700114
452,768,24,0.004994364,0.001189427,0.003804937
452,768,25,0.004387717,0.00062841,0.003759307
452,768,26,0.004449103,0.000613318,0.003835785
452,768,27,0.004557523,0.000664536,0.003892987
452,768,28,0.004838267,0.000662511,0.004175756
452,768,29,0.004608729,0.00063017,0.003978559
452,768,30,0.004558514,0.000645117,0.003913397
452,768,31,0.004330405,0.000569441,0.003760964
452,768,32,0.004315734,0.000548118,0.003767616
452,768,33,0.009114128,0.00546814,0.003645988
452,768,34,0.005521027,0.001934057,0.00358697
452,768,35,0.006001302,0.00245095,0.003550352
452,768,36,0.005407727,0.001868773,0.003538954
452,768,37,0.006113978,0.002534294,0.003579684
452,768,38,0.006296421,0.002694179,0.003602242
452,768,39,0.00534477,0.001733567,0.003611203
452,768,40,0.00518148,0.001569623,0.003611857
452,768,41,0.004714763,0.00105373,0.003661033
452,768,42,0.005262243,0.001558522,0.003703721
452,768,43,0.004918345,0.001240926,0.003677419
452,768,44,0.004895381,0.001092955,0.003802426
452,768,45,0.00489468,0.001077681,0.003816999
452,768,46,0.004990214,0.00110583,0.003884384
452,768,47,0.004651199,0.000807466,0.003843733
452,768,48,0.004661029,0.000806144,0.003854885
452,768,49,0.004642638,0.000749305,0.003893333
452,768,50,0.004678356,0.000739921,0.003938435
452,768,51,0.004697064,0.000766397,0.003930667
452,768,52,0.004837401,0.000900109,0.003937292
452,768,53,0.004765987,0.000675165,0.004090822
452,768,54,0.004648116,0.000678525,0.003969591
452,768,55,0.004649786,0.000642447,0.004007339
452,768,56,0.004617872,0.000601136,0.004016736
452,768,57,0.00462102,0.000615969,0.004005051
452,768,58,0.004594192,0.000637424,0.003956768
452,768,59,0.004620283,0.000610912,0.004009371
452,768,60,0.004521446,0.00060837,0.003913076
452,768,61,0.004558774,0.000610315,0.003948459
452,768,62,0.00456453,0.000638834,0.003925696
452,768,63,0.004569525,0.000624432,0.003945093
452,768,64,0.004526611,0.000624468,0.003902143
452,768,65,0.004552528,0.000647319,0.003905209
452,768,66,0.00439415,0.000639924,0.003754226
452,768,67,0.004242703,0.000674867,0.003567836
452,768,68,0.004459676,0.000713968,0.003745708
452,768,69,0.004753351,0.000925133,0.003828218
452,768,70,0.004525237,0.000845228,0.003680009
452,768,71,0.004820262,0.001013361,0.003806901
452,768,72,0.004787351,0.001033891,0.00375346
452,768,73,0.004596026,0.000763532,0.003832494
452,768,74,0.004749129,0.000801973,0.003947156
452,768,75,0.004782892,0.000873981,0.003908911
452,768,76,0.005682079,0.001901431,0.003780648
452,768,77,0.005181442,0.001400703,0.003780739
452,768,78,0.005350011,0.001553848,0.003796163
452,768,79,0.004681021,0.000901475,0.003779546
452,768,80,0.005006041,0.001127416,0.003878625
452,768,81,0.004695496,0.000834913,0.003860583
452,768,82,0.004543726,0.000695492,0.003848234
452,768,83,0.004760084,0.000929917,0.003830167
452,768,84,0.004629176,0.000745739,0.003883437
452,768,85,0.006380313,0.002475789,0.003904524
452,768,86,0.004934654,0.001125131,0.003809523
452,768,87,0.004429277,0.000688892,0.003740385
452,768,88,0.00427859,0.000565485,0.003713105
452,768,89,0.004758899,0.00082177,0.003937129
452,768,90,0.007324774,0.003374041,0.003950733
452,768,91,0.004871543,0.001024384,0.003847159
452,768,92,0.004240518,0.00057065,0.003669868
452,768,93,0.004218786,0.000553557,0.003665229
452,768,94,0.009297717,0.00550736,0.003790357
452,768,95,0.004982513,0.001212732,0.003769781
452,768,96,0.004197894,0.000574253,0.003623641
452,768,97,0.004257466,0.000591064,0.003666402
452,768,98,0.00512289,0.001387798,0.003735092
452,768,99,0.004705505,0.000940125,0.00376538
452,768,100,0.007292384,0.003481011,0.003811373
452,768,101,0.007494736,0.003911672,0.003583064
452,768,102,0.010646701,0.007074903,0.003571798
452,768,103,0.004553205,0.000874986,0.003678219
452,768,104,0.004281346,0.000521598,0.003759748
452,768,105,0.004407434,0.000540504,0.00386693
452,768,106,0.009058322,0.002645834,0.006412488
452,768,107,0.005303373,0.001163468,0.004139905
452,768,108,0.004412781,0.000511548,0.003901233
452,768,109,0.004182433,0.000465695,0.003716738
452,768,110,0.005058938,0.001602532,0.003456406
453,768,1,0.760329781,0.635694476,0.124635305
453,768,2,0.101649124,0.098619527,0.003029597
453,768,3,0.056046142,0.052990609,0.003055533
453,768,4,0.00368313,0.000554454,0.003128676
453,768,5,0.02923262,0.026213332,0.003019288
453,768,6,0.003754339,0.000661856,0.003092483
453,768,7,0.003649337,0.000516817,0.00313252
453,768,8,0.039353039,0.036000916,0.003352123
453,768,9,0.004469947,0.00097815,0.003491797
453,768,10,0.004173383,0.000660871,0.003512512
453,768,11,0.003979159,0.000632476,0.003346683
453,768,12,0.004104306,0.000862755,0.003241551
453,768,13,0.017674746,0.014593762,0.003080984
453,768,14,0.004677506,0.001638969,0.003038537
453,768,15,0.004239459,0.001028382,0.003211077
453,768,16,0.004260722,0.000996653,0.003264069
453,768,17,0.004292999,0.000979981,0.003313018
453,768,18,0.004869369,0.001405506,0.003463863
453,768,19,0.00411798,0.00069134,0.00342664
453,768,20,0.004588704,0.001114481,0.003474223
453,768,21,0.00423626,0.000721216,0.003515044
453,768,22,0.004406107,0.000941457,0.00346465
453,768,23,0.004992883,0.001249726,0.003743157
453,768,24,0.004477638,0.000633839,0.003843799
453,768,25,0.004456009,0.000590612,0.003865397
453,768,26,0.00445936,0.00062331,0.00383605
453,768,27,0.004546033,0.000604005,0.003942028
453,768,28,0.004624458,0.000715159,0.003909299
453,768,29,0.004532848,0.000589153,0.003943695
453,768,30,0.00446291,0.000606616,0.003856294
453,768,31,0.004389065,0.000523477,0.003865588
453,768,32,0.009478676,0.00581669,0.003661986
453,768,33,0.005514235,0.001864723,0.003649512
453,768,34,0.006109594,0.002549642,0.003559952
453,768,35,0.005403422,0.001814364,0.003589058
453,768,36,0.006028056,0.002504754,0.003523302
453,768,37,0.006346095,0.002713982,0.003632113
453,768,38,0.005306612,0.001710036,0.003596576
453,768,39,0.00522172,0.001545346,0.003676374
453,768,40,0.004655712,0.001061686,0.003594026
453,768,41,0.005232929,0.001648363,0.003584566
453,768,42,0.004892806,0.001189755,0.003703051
453,768,43,0.004735208,0.001012983,0.003722225
453,768,44,0.004857546,0.00103052,0.003827026
453,768,45,0.004909965,0.000965358,0.003944607
453,768,46,0.004527945,0.000729643,0.003798302
453,768,47,0.004812711,0.000973486,0.003839225
453,768,48,0.004614529,0.0007727,0.003841829
453,768,49,0.004666797,0.000757019,0.003909778
453,768,50,0.004751139,0.000800683,0.003950456
453,768,51,0.004822132,0.000804545,0.004017587
453,768,52,0.004639144,0.000626214,0.00401293
453,768,53,0.004618707,0.000591265,0.004027442
453,768,54,0.004537703,0.000582203,0.0039555
453,768,55,0.004611106,0.000608652,0.004002454
453,768,56,0.004525835,0.00059555,0.003930285
453,768,57,0.004674153,0.000609295,0.004064858
453,768,58,0.004531948,0.000625809,0.003906139
453,768,59,0.004520063,0.000588349,0.003931714
453,768,60,0.004407051,0.000608838,0.003798213
453,768,61,0.004732363,0.000794019,0.003938344
453,768,62,0.004526942,0.000618122,0.00390882
453,768,63,0.004512187,0.000628997,0.00388319
453,768,64,0.004489681,0.000675421,0.00381426
453,768,65,0.004471896,0.000641187,0.003830709
453,768,66,0.00444064,0.000813644,0.003626996
453,768,67,0.004746506,0.001126225,0.003620281
453,768,68,0.004595456,0.000968225,0.003627231
453,768,69,0.004856437,0.00101222,0.003844217
453,768,70,0.004746236,0.000994639,0.003751597
453,768,71,0.004754608,0.000955723,0.003798885
453,768,72,0.004512879,0.000743049,0.00376983
453,768,73,0.004672232,0.000876494,0.003795738
453,768,74,0.004791951,0.000911603,0.003880348
453,768,75,0.00577444,0.001976842,0.003797598
453,768,76,0.004962297,0.001198148,0.003764149
453,768,77,0.005010894,0.001230549,0.003780345
453,768,78,0.005225274,0.001420229,0.003805045
453,768,79,0.004468964,0.00070903,0.003759934
453,768,80,0.005247125,0.001354094,0.003893031
453,768,81,0.004506108,0.000642295,0.003863813
453,768,82,0.004613616,0.000831294,0.003782322
453,768,83,0.004758105,0.000912573,0.003845532
453,768,84,0.006356014,0.002462331,0.003893683
453,768,85,0.004631261,0.000812855,0.003818406
453,768,86,0.004764238,0.000995633,0.003768605
453,768,87,0.00427581,0.00055242,0.00372339
453,768,88,0.004607707,0.000851313,0.003756394
453,768,89,0.007438441,0.003452677,0.003985764
453,768,90,0.004898977,0.000825061,0.004073916
453,768,91,0.004387825,0.000573744,0.003814081
453,768,92,0.004255387,0.000553378,0.003702009
453,768,93,0.007254964,0.003431777,0.003823187
453,768,94,0.004763284,0.001019989,0.003743295
453,768,95,0.004986162,0.00126418,0.003721982
453,768,96,0.005038821,0.001401434,0.003637387
453,768,97,0.005476876,0.001862681,0.003614195
453,768,98,0.004982893,0.001266771,0.003716122
453,768,99,0.007225755,0.003413949,0.003811806
453,768,100,0.007703353,0.004020347,0.003683006
453,768,101,0.010412502,0.003915032,0.00649747
453,768,102,0.004710931,0.001055761,0.00365517
453,768,103,0.004195826,0.000490807,0.003705019
453,768,104,0.004318687,0.000544356,0.003774331
453,768,105,0.004352479,0.000502634,0.003849845
453,768,106,0.004298749,0.00045148,0.003847269
453,768,107,0.008549678,0.004854959,0.003694719
453,768,108,0.005270147,0.001315997,0.00395415
453,768,109,0.00594026,0.002198423,0.003741837
453,768,110,0.004111655,0.000629007,0.003482648
454,768,1,0.761401674,0.63705202,0.124349654
454,768,2,0.140347443,0.137317863,0.00302958
454,768,3,0.003690002,0.000549242,0.00314076
454,768,4,0.00356792,0.000383887,0.003184033
454,768,5,0.0103648,0.007341623,0.003023177
454,768,6,0.021762504,0.01873006,0.003032444
454,768,7,0.005010389,0.001864527,0.003145862
454,768,8,0.003907176,0.000769075,0.003138101
454,768,9,0.038205697,0.034815311,0.003390386
454,768,10,0.004561181,0.001147089,0.003414092
454,768,11,0.004080215,0.00074974,0.003330475
454,768,12,0.018521813,0.015484028,0.003037785
454,768,13,0.004641967,0.001592472,0.003049495
454,768,14,0.004112704,0.000968143,0.003144561
454,768,15,0.004102063,0.000938791,0.003163272
454,768,16,0.004352306,0.001150889,0.003201417
454,768,17,0.004828556,0.001579454,0.003249102
454,768,18,0.004419062,0.001002288,0.003416774
454,768,19,0.004542873,0.001130456,0.003412417
454,768,20,0.004299129,0.000849052,0.003450077
454,768,21,0.004315941,0.000790867,0.003525074
454,768,22,0.004710269,0.00110483,0.003605439
454,768,23,0.00435783,0.000631423,0.003726407
454,768,24,0.004581059,0.000693921,0.003887138
454,768,25,0.004418104,0.000597502,0.003820602
454,768,26,0.004483648,0.000574994,0.003908654
454,768,27,0.004757087,0.000844298,0.003912789
454,768,28,0.004439551,0.000511498,0.003928053
454,768,29,0.004510379,0.00053676,0.003973619
454,768,30,0.004396617,0.000531153,0.003865464
454,768,31,0.009739363,0.006055262,0.003684101
454,768,32,0.005539314,0.001856293,0.003683021
454,768,33,0.006196834,0.002562607,0.003634227
454,768,34,0.00537328,0.001859521,0.003513759
454,768,35,0.006100353,0.00252084,0.003579513
454,768,36,0.006254011,0.002688808,0.003565203
454,768,37,0.005310977,0.001828531,0.003482446
454,768,38,0.005097446,0.001582344,0.003515102
454,768,39,0.004817088,0.001317126,0.003499962
454,768,40,0.005180952,0.001492752,0.0036882
454,768,41,0.004772782,0.001106531,0.003666251
454,768,42,0.004705049,0.001006516,0.003698533
454,768,43,0.004789459,0.000991595,0.003797864
454,768,44,0.004801199,0.00088717,0.003914029
454,768,45,0.004674353,0.000823389,0.003850964
454,768,46,0.004824969,0.000906391,0.003918578
454,768,47,0.004604347,0.000702661,0.003901686
454,768,48,0.004603117,0.000661874,0.003941243
454,768,49,0.004734609,0.000804886,0.003929723
454,768,50,0.004730388,0.000773848,0.00395654
454,768,51,0.004628501,0.000663281,0.00396522
454,768,52,0.004518412,0.000543405,0.003975007
454,768,53,0.004672327,0.000721116,0.003951211
454,768,54,0.004456375,0.000598299,0.003858076
454,768,55,0.004755643,0.000819924,0.003935719
454,768,56,0.004539894,0.000583833,0.003956061
454,768,57,0.004616759,0.000656559,0.0039602
454,768,58,0.004523087,0.000588435,0.003934652
454,768,59,0.004603551,0.000696335,0.003907216
454,768,60,0.004586305,0.000680247,0.003906058
454,768,61,0.004513042,0.000631409,0.003881633
454,768,62,0.004520255,0.000629519,0.003890736
454,768,63,0.004476178,0.000610997,0.003865181
454,768,64,0.004398947,0.000607956,0.003790991
454,768,65,0.004884362,0.001032313,0.003852049
454,768,66,0.004678118,0.000937306,0.003740812
454,768,67,0.004404349,0.00079434,0.003610009
454,768,68,0.004865276,0.0010883,0.003776976
454,768,69,0.004876456,0.001051874,0.003824582
454,768,70,0.004698315,0.000984231,0.003714084
454,768,71,0.004490499,0.000706582,0.003783917
454,768,72,0.004662208,0.000932686,0.003729522
454,768,73,0.004705477,0.000932546,0.003772931
454,768,74,0.005773319,0.001939425,0.003833894
454,768,75,0.005008552,0.001211087,0.003797465
454,768,76,0.004603441,0.000830742,0.003772699
454,768,77,0.004950795,0.001160255,0.00379054
454,768,78,0.005120765,0.001261241,0.003859524
454,768,79,0.004674572,0.000890332,0.00378424
454,768,80,0.005002438,0.001114734,0.003887704
454,768,81,0.004586377,0.00074135,0.003845027
454,768,82,0.004640866,0.000810871,0.003829995
454,768,83,0.006596093,0.002719106,0.003876987
454,768,84,0.004678563,0.000779473,0.00389909
454,768,85,0.004425213,0.000595087,0.003830126
454,768,86,0.004650195,0.000869222,0.003780973
454,768,87,0.004588979,0.000845475,0.003743504
454,768,88,0.007292938,0.003358736,0.003934202
454,768,89,0.004824425,0.000859343,0.003965082
454,768,90,0.004544311,0.000493185,0.004051126
454,768,91,0.004370198,0.000514527,0.003855671
454,768,92,0.00715352,0.003445188,0.003708332
454,768,93,0.004943307,0.001172814,0.003770493
454,768,94,0.00454734,0.000756537,0.003790803
454,768,95,0.004118347,0.000435668,0.003682679
454,768,96,0.006902948,0.003213204,0.003689744
454,768,97,0.004538453,0.000911775,0.003626678
454,768,98,0.007354469,0.003640757,0.003713712
454,768,99,0.007921056,0.004129109,0.003791947
454,768,100,0.005326864,0.001632975,0.003693889
454,768,101,0.004022498,0.000427764,0.003594734
454,768,102,0.008933284,0.005355564,0.00357772
454,768,103,0.004539224,0.000896929,0.003642295
454,768,104,0.004295249,0.000556821,0.003738428
454,768,105,0.004409618,0.000574095,0.003835523
454,768,106,0.004419502,0.000544087,0.003875415
454,768,107,0.004265713,0.000514381,0.003751332
454,768,108,0.008487882,0.004708152,0.00377973
454,768,109,0.005285865,0.001510228,0.003775637
454,768,110,0.005546944,0.002119653,0.003427291
455,768,1,0.758498494,0.634574832,0.123923662
455,768,2,0.103848023,0.100833597,0.003014426
455,768,3,0.052528098,0.04949376,0.003034338
455,768,4,0.003780163,0.000662484,0.003117679
455,768,5,0.022194891,0.019173066,0.003021825
455,768,6,0.011845355,0.008830433,0.003014922
455,768,7,0.003995878,0.000894383,0.003101495
455,768,8,0.018668859,0.015663612,0.003005247
455,768,9,0.004118018,0.001103066,0.003014952
455,768,10,0.022517898,0.019031857,0.003486041
455,768,11,0.019732398,0.016683248,0.00304915
455,768,12,0.004637097,0.00160596,0.003031137
455,768,13,0.004098712,0.000979752,0.00311896
455,768,14,0.004054193,0.000932358,0.003121835
455,768,15,0.004348235,0.001111331,0.003236904
455,768,16,0.004729908,0.00154878,0.003181128
455,768,17,0.004511568,0.0011536,0.003357968
455,768,18,0.004635371,0.001277187,0.003358184
455,768,19,0.004262818,0.000826888,0.00343593
455,768,20,0.004212442,0.000729899,0.003482543
455,768,21,0.004327593,0.000806766,0.003520827
455,768,22,0.004485201,0.000904346,0.003580855
455,768,23,0.004550821,0.000763848,0.003786973
455,768,24,0.004216149,0.00046688,0.003749269
455,768,25,0.004556342,0.000723697,0.003832645
455,768,26,0.004844146,0.001009425,0.003834721
455,768,27,0.004414296,0.000453252,0.003961044
455,768,28,0.004450383,0.000616574,0.003833809
455,768,29,0.00449147,0.000562337,0.003929133
455,768,30,0.009957966,0.006274031,0.003683935
455,768,31,0.005539459,0.001858564,0.003680895
455,768,32,0.006241533,0.002617741,0.003623792
455,768,33,0.005493282,0.001955394,0.003537888
455,768,34,0.006044314,0.002508108,0.003536206
455,768,35,0.006254165,0.002709238,0.003544927
455,768,36,0.005349346,0.001872126,0.00347722
455,768,37,0.005101212,0.001598405,0.003502807
455,768,38,0.004843626,0.00127094,0.003572686
455,768,39,0.00498392,0.001313743,0.003670177
455,768,40,0.004794337,0.001033267,0.00376107
455,768,41,0.004655707,0.000906679,0.003749028
455,768,42,0.00466874,0.000923774,0.003744966
455,768,43,0.004761443,0.000882964,0.003878479
455,768,44,0.00470281,0.000893914,0.003808896
455,768,45,0.004729284,0.000865556,0.003863728
455,768,46,0.0046639,0.00082511,0.00383879
455,768,47,0.004595316,0.000752221,0.003843095
455,768,48,0.004729058,0.000832522,0.003896536
455,768,49,0.004688668,0.000748634,0.003940034
455,768,50,0.004566892,0.000616178,0.003950714
455,768,51,0.004584924,0.000630507,0.003954417
455,768,52,0.004627824,0.00068664,0.003941184
455,768,53,0.004548564,0.000639843,0.003908721
455,768,54,0.004658884,0.00072257,0.003936314
455,768,55,0.004513514,0.000637787,0.003875727
455,768,56,0.004594387,0.000617033,0.003977354
455,768,57,0.004574678,0.000631761,0.003942917
455,768,58,0.004622798,0.000611334,0.004011464
455,768,59,0.004587001,0.000656148,0.003930853
455,768,60,0.004517811,0.000631607,0.003886204
455,768,61,0.004508986,0.000607827,0.003901159
455,768,62,0.004490962,0.000609582,0.00388138
455,768,63,0.00450969,0.000660113,0.003849577
455,768,64,0.004786615,0.000933031,0.003853584
455,768,65,0.004788354,0.000919964,0.00386839
455,768,66,0.004464657,0.000726481,0.003738176
455,768,67,0.00476069,0.001080963,0.003679727
455,768,68,0.004821084,0.001039068,0.003782016
455,768,69,0.004827237,0.001044569,0.003782668
455,768,70,0.004480102,0.000716908,0.003763194
455,768,71,0.004657811,0.000844406,0.003813405
455,768,72,0.00458795,0.000839886,0.003748064
455,768,73,0.005442609,0.001584519,0.00385809
455,768,74,0.005235853,0.001362436,0.003873417
455,768,75,0.004572952,0.000756995,0.003815957
455,768,76,0.004613431,0.000895992,0.003717439
455,768,77,0.004871003,0.001097123,0.00377388
455,768,78,0.005326322,0.001468308,0.003858014
455,768,79,0.00478473,0.00099195,0.00379278
455,768,80,0.00492784,0.001035895,0.003891945
455,768,81,0.004464083,0.000637253,0.00382683
455,768,82,0.006656573,0.002903982,0.003752591
455,768,83,0.004690685,0.000833472,0.003857213
455,768,84,0.004449095,0.000534799,0.003914296
455,768,85,0.00425662,0.000496128,0.003760492
455,768,86,0.004848909,0.00103496,0.003813949
455,768,87,0.007219231,0.003512404,0.003706827
455,768,88,0.004968925,0.001090632,0.003878293
455,768,89,0.004431136,0.000502668,0.003928468
455,768,90,0.004503337,0.00052751,0.003975827
455,768,91,0.007296652,0.003616615,0.003680037
455,768,92,0.004918587,0.001304026,0.003614561
455,768,93,0.004542835,0.00076832,0.003774515
455,768,94,0.004204618,0.000441331,0.003763287
455,768,95,0.006947658,0.003292403,0.003655255
455,768,96,0.004490876,0.000825497,0.003665379
455,768,97,0.007323598,0.003583489,0.003740109
455,768,98,0.007884941,0.00410679,0.003778151
455,768,99,0.004212568,0.000414881,0.003797687
455,768,100,0.004106259,0.000427805,0.003678454
455,768,101,0.004705018,0.001105537,0.003599481
455,768,102,0.004401433,0.000877991,0.003523442
455,768,103,0.00852567,0.004902674,0.003622996
455,768,104,0.004686623,0.000987003,0.00369962
455,768,105,0.004398965,0.000577444,0.003821521
455,768,106,0.004383321,0.000581731,0.00380159
455,768,107,0.004271168,0.000557446,0.003713722
455,768,108,0.004314001,0.000614347,0.003699654
455,768,109,0.011151586,0.00481041,0.006341176
455,768,110,0.004927881,0.001052071,0.00387581
456,768,1,0.778892227,0.654029165,0.124863062
456,768,2,0.0657593,0.062739233,0.003020067
456,768,3,0.003663978,0.000540123,0.003123855
456,768,4,0.024791557,0.021782171,0.003009386
456,768,5,0.031493043,0.028476161,0.003016882
456,768,6,0.003938497,0.000930626,0.003007871
456,768,7,0.018741264,0.015727154,0.00301411
456,768,8,0.004110804,0.0010942,0.003016604
456,768,9,0.003697841,0.000549921,0.00314792
456,768,10,0.03836324,0.035186254,0.003176986
456,768,11,0.004422688,0.001274402,0.003148286
456,768,12,0.004152074,0.000883637,0.003268437
456,768,13,0.004014361,0.000802672,0.003211689
456,768,14,0.004085255,0.000906014,0.003179241
456,768,15,0.004733653,0.001587082,0.003146571
456,768,16,0.004332523,0.001126737,0.003205786
456,768,17,0.00476293,0.001492356,0.003270574
456,768,18,0.00431646,0.000960347,0.003356113
456,768,19,0.004271191,0.000888568,0.003382623
456,768,20,0.004020395,0.000686194,0.003334201
456,768,21,0.004186526,0.000850809,0.003335717
456,768,22,0.004560268,0.001259113,0.003301155
456,768,23,0.004302895,0.000940275,0.00336262
456,768,24,0.004369077,0.001023245,0.003345832
456,768,25,0.004790168,0.001464416,0.003325752
456,768,26,0.004389419,0.001042841,0.003346578
456,768,27,0.004544571,0.001183648,0.003360923
456,768,28,0.00430419,0.000900256,0.003403934
456,768,29,0.010700449,0.00728227,0.003418179
456,768,30,0.005574614,0.001995935,0.003578679
456,768,31,0.006282205,0.002630626,0.003651579
456,768,32,0.005625624,0.001965026,0.003660598
456,768,33,0.006040644,0.00222546,0.003815184
456,768,34,0.006133962,0.002324475,0.003809487
456,768,35,0.005447923,0.001533724,0.003914199
456,768,36,0.005089624,0.00113911,0.003950514
456,768,37,0.004784656,0.000834663,0.003949993
456,768,38,0.00479379,0.000770765,0.004023025
456,768,39,0.004752051,0.000729049,0.004023002
456,768,40,0.004723864,0.000691895,0.004031969
456,768,41,0.004630944,0.000604297,0.004026647
456,768,42,0.004621697,0.000623783,0.003997914
456,768,43,0.004779848,0.000651968,0.00412788
456,768,44,0.004634537,0.000690991,0.003943546
456,768,45,0.004678333,0.000714569,0.003963764
456,768,46,0.004622804,0.000747736,0.003875068
456,768,47,0.004677678,0.000701082,0.003976596
456,768,48,0.004586641,0.00069619,0.003890451
456,768,49,0.004597592,0.00071702,0.003880572
456,768,50,0.004573778,0.000693088,0.00388069
456,768,51,0.004646566,0.000743252,0.003903314
456,768,52,0.00451133,0.000728796,0.003782534
456,768,53,0.004612698,0.000704649,0.003908049
456,768,54,0.004528444,0.000698551,0.003829893
456,768,55,0.004531721,0.000702225,0.003829496
456,768,56,0.004446694,0.000714996,0.003731698
456,768,57,0.004533859,0.000721424,0.003812435
456,768,58,0.004364578,0.000705299,0.003659279
456,768,59,0.004386149,0.000654495,0.003731654
456,768,60,0.004357519,0.00075277,0.003604749
456,768,61,0.004680371,0.001033775,0.003646596
456,768,62,0.004940901,0.001292741,0.00364816
456,768,63,0.005010587,0.001246477,0.00376411
456,768,64,0.004618523,0.000993581,0.003624942
456,768,65,0.004679241,0.000967408,0.003711833
456,768,66,0.004784331,0.00110272,0.003681611
456,768,67,0.004699692,0.001078449,0.003621243
456,768,68,0.004560657,0.001139458,0.003421199
456,768,69,0.004699467,0.001253023,0.003446444
456,768,70,0.004643746,0.001111432,0.003532314
456,768,71,0.004542262,0.001062561,0.003479701
456,768,72,0.005539333,0.002144126,0.003395207
456,768,73,0.004915134,0.001443526,0.003471608
456,768,74,0.004973795,0.001487771,0.003486024
456,768,75,0.004666093,0.00109254,0.003573553
456,768,76,0.004876169,0.001345356,0.003530813
456,768,77,0.004852418,0.001381845,0.003470573
456,768,78,0.004835583,0.001410596,0.003424987
456,768,79,0.004933056,0.001437817,0.003495239
456,768,80,0.004661523,0.001237384,0.003424139
456,768,81,0.006611439,0.003141955,0.003469484
456,768,82,0.004728422,0.001261149,0.003467273
456,768,83,0.004455783,0.000956934,0.003498849
456,768,84,0.00419415,0.000707399,0.003486751
456,768,85,0.004525639,0.001005024,0.003520615
456,768,86,0.007668538,0.004138424,0.003530114
456,768,87,0.005120666,0.00133033,0.003790336
456,768,88,0.003975994,0.000551545,0.003424449
456,768,89,0.004161351,0.000790099,0.003371252
456,768,90,0.008118876,0.004498909,0.003619967
456,768,91,0.005150701,0.001109554,0.004041147
456,768,92,0.004380172,0.000595817,0.003784355
456,768,93,0.004018635,0.000559679,0.003458956
456,768,94,0.007120926,0.003674813,0.003446113
456,768,95,0.004572188,0.001059935,0.003512253
456,768,96,0.006666094,0.003365343,0.003300751
456,768,97,0.008331847,0.005183079,0.003148768
456,768,98,0.004069517,0.000750797,0.00331872
456,768,99,0.004027124,0.000534799,0.003492325
456,768,100,0.003952532,0.000500827,0.003451705
456,768,101,0.005675968,0.002408685,0.003267283
456,768,102,0.004685999,0.001314785,0.003371214
456,768,103,0.004039977,0.000616195,0.003423782
456,768,104,0.006913929,0.003708787,0.003205142
456,768,105,0.00482472,0.001434893,0.003389827
456,768,106,0.004647628,0.001094736,0.003552892
456,768,107,0.004309815,0.000867216,0.003442599
456,768,108,0.004229034,0.000794966,0.003434068
456,768,109,0.004539154,0.000839236,0.003699918
456,768,110,0.010809062,0.007754326,0.003054736
457,768,1,0.757574396,0.633587639,0.123986757
457,768,2,0.119154473,0.116134885,0.003019588
457,768,3,0.033189847,0.030173933,0.003015914
457,768,4,0.003752693,0.000662773,0.00308992
457,768,5,0.031849833,0.028822705,0.003027128
457,768,6,0.040630187,0.037611773,0.003018414
457,768,7,0.004059003,0.000913868,0.003145135
457,768,8,0.003522597,0.000429684,0.003092913
457,768,9,0.038232243,0.035128306,0.003103937
457,768,10,0.004595769,0.001329146,0.003266623
457,768,11,0.003943068,0.000715451,0.003227617
457,768,12,0.004050627,0.000824827,0.0032258
457,768,13,0.003978643,0.000799676,0.003178967
457,768,14,0.004555167,0.001480627,0.00307454
457,768,15,0.00445528,0.001280919,0.003174361
457,768,16,0.004625447,0.001492064,0.003133383
457,768,17,0.004548264,0.001240986,0.003307278
457,768,18,0.004279006,0.000911287,0.003367719
457,768,19,0.004033938,0.000665839,0.003368099
457,768,20,0.004154461,0.00074721,0.003407251
457,768,21,0.004295244,0.000975392,0.003319852
457,768,22,0.004415301,0.001131524,0.003283777
457,768,23,0.004387783,0.000989878,0.003397905
457,768,24,0.004439914,0.001145268,0.003294646
457,768,25,0.004549112,0.001200434,0.003348678
457,768,26,0.004515114,0.001198124,0.00331699
457,768,27,0.004264516,0.000906814,0.003357702
457,768,28,0.011180213,0.007757515,0.003422698
457,768,29,0.005464364,0.001901639,0.003562725
457,768,30,0.006180996,0.002490472,0.003690524
457,768,31,0.005664235,0.002004115,0.00366012
457,768,32,0.005852162,0.002123885,0.003728277
457,768,33,0.006131122,0.002417314,0.003713808
457,768,34,0.005313707,0.001436641,0.003877066
457,768,35,0.005072625,0.001070658,0.004001967
457,768,36,0.004859881,0.000902877,0.003957004
457,768,37,0.004656548,0.000628155,0.004028393
457,768,38,0.004789188,0.000837208,0.00395198
457,768,39,0.004652851,0.000687733,0.003965118
457,768,40,0.004500913,0.000605449,0.003895464
457,768,41,0.004782084,0.000879593,0.003902491
457,768,42,0.004641205,0.000720679,0.003920526
457,768,43,0.004773432,0.000798118,0.003975314
457,768,44,0.004428886,0.000593809,0.003835077
457,768,45,0.004715788,0.000791811,0.003923977
457,768,46,0.004559325,0.000638854,0.003920471
457,768,47,0.004516377,0.000611891,0.003904486
457,768,48,0.004482726,0.000629261,0.003853465
457,768,49,0.004541521,0.00070369,0.003837831
457,768,50,0.004724321,0.000797162,0.003927159
457,768,51,0.00452514,0.000653363,0.003871777
457,768,52,0.004660237,0.000813628,0.003846609
457,768,53,0.004632165,0.000733646,0.003898519
457,768,54,0.004550363,0.000714481,0.003835882
457,768,55,0.004519148,0.000696315,0.003822833
457,768,56,0.004501911,0.00080088,0.003701031
457,768,57,0.004443176,0.000707081,0.003736095
457,768,58,0.004516647,0.000835665,0.003680982
457,768,59,0.004385699,0.000676325,0.003709374
457,768,60,0.004677088,0.001021796,0.003655292
457,768,61,0.005099722,0.001408753,0.003690969
457,768,62,0.004549465,0.000879117,0.003670348
457,768,63,0.004652874,0.000896781,0.003756093
457,768,64,0.00420987,0.000641882,0.003567988
457,768,65,0.004555999,0.00089243,0.003663569
457,768,66,0.004889273,0.00122615,0.003663123
457,768,67,0.005078625,0.001403969,0.003674656
457,768,68,0.005023016,0.001538506,0.00348451
457,768,69,0.004729698,0.001289602,0.003440096
457,768,70,0.004747613,0.001320126,0.003427487
457,768,71,0.00567235,0.002336537,0.003335813
457,768,72,0.004648551,0.001290845,0.003357706
457,768,73,0.004561127,0.001238256,0.003322871
457,768,74,0.004903213,0.001537499,0.003365714
457,768,75,0.004648259,0.001101628,0.003546631
457,768,76,0.004849682,0.001345364,0.003504318
457,768,77,0.004686644,0.001233281,0.003453363
457,768,78,0.004966992,0.001522905,0.003444087
457,768,79,0.004807391,0.001367481,0.00343991
457,768,80,0.005448715,0.002073146,0.003375569
457,768,81,0.00466864,0.001284071,0.003384569
457,768,82,0.005341615,0.001879103,0.003462512
457,768,83,0.004584367,0.001037122,0.003547245
457,768,84,0.004166987,0.000674095,0.003492892
457,768,85,0.008367257,0.004901851,0.003465406
457,768,86,0.005051415,0.001409289,0.003642126
457,768,87,0.004508858,0.000819551,0.003689307
457,768,88,0.004214671,0.000730551,0.00348412
457,768,89,0.007341248,0.003976421,0.003364827
457,768,90,0.005246731,0.001466846,0.003779885
457,768,91,0.004726647,0.000788173,0.003938474
457,768,92,0.004069319,0.000386922,0.003682397
457,768,93,0.00700552,0.003602615,0.003402905
457,768,94,0.00483639,0.001215294,0.003621096
457,768,95,0.004009851,0.00051735,0.003492501
457,768,96,0.003916604,0.000627539,0.003289065
457,768,97,0.006459884,0.003338846,0.003121038
457,768,98,0.007997972,0.004655147,0.003342825
457,768,99,0.004203417,0.000717888,0.003485529
457,768,100,0.006516016,0.003313485,0.003202531
457,768,101,0.004531544,0.0012049,0.003326644
457,768,102,0.003941569,0.000457162,0.003484407
457,768,103,0.003952166,0.000472427,0.003479739
457,768,104,0.003947239,0.000606348,0.003340891
457,768,105,0.006528939,0.00326437,0.003264569
457,768,106,0.004724556,0.001243435,0.003481121
457,768,107,0.004421032,0.001045945,0.003375087
457,768,108,0.004426378,0.000942511,0.003483867
457,768,109,0.004591467,0.000979399,0.003612068
457,768,110,0.004552381,0.001062599,0.003489782
458,768,1,0.751716148,0.62824779,0.123468358
458,768,2,0.13397976,0.13092428,0.00305548
458,768,3,0.003691316,0.000533498,0.003157818
458,768,4,0.031565517,0.028513459,0.003052058
458,768,5,0.06986703,0.066814959,0.003052071
458,768,6,0.003919059,0.000790794,0.003128265
458,768,7,0.003567163,0.000416456,0.003150707
458,768,8,0.03793808,0.034849001,0.003089079
458,768,9,0.004281447,0.001153585,0.003127862
458,768,10,0.004108717,0.000865385,0.003243332
458,768,11,0.003975501,0.00074935,0.003226151
458,768,12,0.00403397,0.000814888,0.003219082
458,768,13,0.004669196,0.001544845,0.003124351
458,768,14,0.00432484,0.001126058,0.003198782
458,768,15,0.004734173,0.001482441,0.003251732
458,768,16,0.004470438,0.001183944,0.003286494
458,768,17,0.004308252,0.000910059,0.003398193
458,768,18,0.004200611,0.00074059,0.003460021
458,768,19,0.004077993,0.000620623,0.00345737
458,768,20,0.004113567,0.000722186,0.003391381
458,768,21,0.004079459,0.000731347,0.003348112
458,768,22,0.004541731,0.00116747,0.003374261
458,768,23,0.004312449,0.000948145,0.003364304
458,768,24,0.004586524,0.001219448,0.003367076
458,768,25,0.004546683,0.001229483,0.0033172
458,768,26,0.004405442,0.001029197,0.003376245
458,768,27,0.011487247,0.008078419,0.003408828
458,768,28,0.005367989,0.00192877,0.003439219
458,768,29,0.005991473,0.002381128,0.003610345
458,768,30,0.005751835,0.002137493,0.003614342
458,768,31,0.00576702,0.002002677,0.003764343
458,768,32,0.006136055,0.002275063,0.003860992
458,768,33,0.005116976,0.001248478,0.003868498
458,768,34,0.004948061,0.001072809,0.003875252
458,768,35,0.004886057,0.000962867,0.00392319
458,768,36,0.004518026,0.000628773,0.003889253
458,768,37,0.005017659,0.001094852,0.003922807
458,768,38,0.004554307,0.000664841,0.003889466
458,768,39,0.004632801,0.000688488,0.003944313
458,768,40,0.004684037,0.000712678,0.003971359
458,768,41,0.00468734,0.000859506,0.003827834
458,768,42,0.0047346,0.000810042,0.003924558
458,768,43,0.00455835,0.000724371,0.003833979
458,768,44,0.004623252,0.000712673,0.003910579
458,768,45,0.004500233,0.000606408,0.003893825
458,768,46,0.004604592,0.00068503,0.003919562
458,768,47,0.004569315,0.000687716,0.003881599
458,768,48,0.004522985,0.000714659,0.003808326
458,768,49,0.004645853,0.000776811,0.003869042
458,768,50,0.00451668,0.000705714,0.003810966
458,768,51,0.004737398,0.000885664,0.003851734
458,768,52,0.004574185,0.000791694,0.003782491
458,768,53,0.004603604,0.000780069,0.003823535
458,768,54,0.004511382,0.000726112,0.00378527
458,768,55,0.004641994,0.000895569,0.003746425
458,768,56,0.004430294,0.000675354,0.00375494
458,768,57,0.004629398,0.000852859,0.003776539
458,768,58,0.004289659,0.000562002,0.003727657
458,768,59,0.004456337,0.000742741,0.003713596
458,768,60,0.004756263,0.001127726,0.003628537
458,768,61,0.004694417,0.001060412,0.003634005
458,768,62,0.00493295,0.001242996,0.003689954
458,768,63,0.00426741,0.000505233,0.003762177
458,768,64,0.004603617,0.000974221,0.003629396
458,768,65,0.004528562,0.000896001,0.003632561
458,768,66,0.005242364,0.001604265,0.003638099
458,768,67,0.005200345,0.001699842,0.003500503
458,768,68,0.004549538,0.001082801,0.003466737
458,768,69,0.00455007,0.001151615,0.003398455
458,768,70,0.006042122,0.002653309,0.003388813
458,768,71,0.004999572,0.001586789,0.003412783
458,768,72,0.004120907,0.000790433,0.003330474
458,768,73,0.004499995,0.001167741,0.003332254
458,768,74,0.004852951,0.001338034,0.003514917
458,768,75,0.004558476,0.001108867,0.003449609
458,768,76,0.004876535,0.001422615,0.00345392
458,768,77,0.004848158,0.001471199,0.003376959
458,768,78,0.004898807,0.001479292,0.003419515
458,768,79,0.005647872,0.002282612,0.00336526
458,768,80,0.004805642,0.001336038,0.003469604
458,768,81,0.004757078,0.001189902,0.003567176
458,768,82,0.004822649,0.001221786,0.003600863
458,768,83,0.004128642,0.000580834,0.003547808
458,768,84,0.008169184,0.004701025,0.003468159
458,768,85,0.005276898,0.001630199,0.003646699
458,768,86,0.004495492,0.000874373,0.003621119
458,768,87,0.004543546,0.000851187,0.003692359
458,768,88,0.007266364,0.003920525,0.003345839
458,768,89,0.004740773,0.001282475,0.003458298
458,768,90,0.004913854,0.001285939,0.003627915
458,768,91,0.004601783,0.000771238,0.003830545
458,768,92,0.004203968,0.000525096,0.003678872
458,768,93,0.00388359,0.000503824,0.003379766
458,768,94,0.006819346,0.003320931,0.003498415
458,768,95,0.004720575,0.001145494,0.003575081
458,768,96,0.003949616,0.000593576,0.00335604
458,768,97,0.004251734,0.000903146,0.003348588
458,768,98,0.006230056,0.003032603,0.003197453
458,768,99,0.00768046,0.004303572,0.003376888
458,768,100,0.004191642,0.000794606,0.003397036
458,768,101,0.006410151,0.003125008,0.003285143
458,768,102,0.004700411,0.001290967,0.003409444
458,768,103,0.003885915,0.000468552,0.003417363
458,768,104,0.003841853,0.000543809,0.003298044
458,768,105,0.004240302,0.000938827,0.003301475
458,768,106,0.006780126,0.003439379,0.003340747
458,768,107,0.004601804,0.001117021,0.003484783
458,768,108,0.004504896,0.001061095,0.003443801
458,768,109,0.004639515,0.001000204,0.003639311
458,768,110,0.004544495,0.001106088,0.003438407
459,768,1,0.758946836,0.635069982,0.123876854
459,768,2,0.077943775,0.074921742,0.003022033
459,768,3,0.007357628,0.004344093,0.003013535
459,768,4,0.095492282,0.092480776,0.003011506
459,768,5,0.003812261,0.000696585,0.003115676
459,768,6,0.00392837,0.000819998,0.003108372
459,768,7,0.038632719,0.035551856,0.003080863
459,768,8,0.004275777,0.001080811,0.003194966
459,768,9,0.003815443,0.00063798,0.003177463
459,768,10,0.004161693,0.000880182,0.003281511
459,768,11,0.004009671,0.000801997,0.003207674
459,768,12,0.004533278,0.001414247,0.003119031
459,768,13,0.004448666,0.001174124,0.003274542
459,768,14,0.004454195,0.00128935,0.003164845
459,768,15,0.004462691,0.001175736,0.003286955
459,768,16,0.004285688,0.000983861,0.003301827
459,768,17,0.00427569,0.000920583,0.003355107
459,768,18,0.004236042,0.0007975,0.003438542
459,768,19,0.004140973,0.00070964,0.003431333
459,768,20,0.003964764,0.000595703,0.003369061
459,768,21,0.00432736,0.000970083,0.003357277
459,768,22,0.004306948,0.000997476,0.003309472
459,768,23,0.004311459,0.000996728,0.003314731
459,768,24,0.004609178,0.001349501,0.003259677
459,768,25,0.004585894,0.00119111,0.003394784
459,768,26,0.012000032,0.008653509,0.003346523
459,768,27,0.005324142,0.00199519,0.003328952
459,768,28,0.005813547,0.002325857,0.00348769
459,768,29,0.005737613,0.002034945,0.003702668
459,768,30,0.005571769,0.001961716,0.003610053
459,768,31,0.00611858,0.00252718,0.0035914
459,768,32,0.005073291,0.001304734,0.003768557
459,768,33,0.004951805,0.001113837,0.003837968
459,768,34,0.00487287,0.000967132,0.003905738
459,768,35,0.004526639,0.000729381,0.003797258
459,768,36,0.004912983,0.00101816,0.003894823
459,768,37,0.004653226,0.000754197,0.003899029
459,768,38,0.004550903,0.000705622,0.003845281
459,768,39,0.004673911,0.000816445,0.003857466
459,768,40,0.004780546,0.000901342,0.003879204
459,768,41,0.004607108,0.000772995,0.003834113
459,768,42,0.004656073,0.00080261,0.003853463
459,768,43,0.004545053,0.000672349,0.003872704
459,768,44,0.004491848,0.000723531,0.003768317
459,768,45,0.004604603,0.000752291,0.003852312
459,768,46,0.004604503,0.000775493,0.00382901
459,768,47,0.004579643,0.000770747,0.003808896
459,768,48,0.004599149,0.000784992,0.003814157
459,768,49,0.004557174,0.000772018,0.003785156
459,768,50,0.004720039,0.000925325,0.003794714
459,768,51,0.004662752,0.00076936,0.003893392
459,768,52,0.004484545,0.000738998,0.003745547
459,768,53,0.004613298,0.000787067,0.003826231
459,768,54,0.004675362,0.000867867,0.003807495
459,768,55,0.004436433,0.000682563,0.00375387
459,768,56,0.004586756,0.000750042,0.003836714
459,768,57,0.004311269,0.000656059,0.00365521
459,768,58,0.004264804,0.000606931,0.003657873
459,768,59,0.004565799,0.000921279,0.00364452
459,768,60,0.004779646,0.001205148,0.003574498
459,768,61,0.004660859,0.001143243,0.003517616
459,768,62,0.004623404,0.00103232,0.003591084
459,768,63,0.004759966,0.001102128,0.003657838
459,768,64,0.004491412,0.000964447,0.003526965
459,768,65,0.005132331,0.001573664,0.003558667
459,768,66,0.005092314,0.001606531,0.003485783
459,768,67,0.004553908,0.001121143,0.003432765
459,768,68,0.004480539,0.001039153,0.003441386
459,768,69,0.006444644,0.003019283,0.003425361
459,768,70,0.00477986,0.001369371,0.003410489
459,768,71,0.004292859,0.00087306,0.003419799
459,768,72,0.004354138,0.000958223,0.003395915
459,768,73,0.004381025,0.001074616,0.003306409
459,768,74,0.004932034,0.001515468,0.003416566
459,768,75,0.004680252,0.001234956,0.003445296
459,768,76,0.00490538,0.001453724,0.003451656
459,768,77,0.0046978,0.001289931,0.003407869
459,768,78,0.005947058,0.002547556,0.003399502
459,768,79,0.004679096,0.001262886,0.00341621
459,768,80,0.0047209,0.001258339,0.003462561
459,768,81,0.004677261,0.001182559,0.003494702
459,768,82,0.004776463,0.001265257,0.003511206
459,768,83,0.007977701,0.004560526,0.003417175
459,768,84,0.00446793,0.00092832,0.00353961
459,768,85,0.004719444,0.001341483,0.003377961
459,768,86,0.004761832,0.001200643,0.003561189
459,768,87,0.004596325,0.00093573,0.003660595
459,768,88,0.004157058,0.000708761,0.003448297
459,768,89,0.006777413,0.003445902,0.003331511
459,768,90,0.00518686,0.001627512,0.003559348
459,768,91,0.004813747,0.001027493,0.003786254
459,768,92,0.004270639,0.000611191,0.003659448
459,768,93,0.00398422,0.000578272,0.003405948
459,768,94,0.004144267,0.000778139,0.003366128
459,768,95,0.006607204,0.003299917,0.003307287
459,768,96,0.004449308,0.001227976,0.003221332
459,768,97,0.004352979,0.000992102,0.003360877
459,768,98,0.004362456,0.00112351,0.003238946
459,768,99,0.006391161,0.003119732,0.003271429
459,768,100,0.009596927,0.006325257,0.00327167
459,768,101,0.003969342,0.000611967,0.003357375
459,768,102,0.00420271,0.000774845,0.003427865
459,768,103,0.004686746,0.001249788,0.003436958
459,768,104,0.003813325,0.000479191,0.003334134
459,768,105,0.004223777,0.000963676,0.003260101
459,768,106,0.004467536,0.001234719,0.003232817
459,768,107,0.006595216,0.003311391,0.003283825
459,768,108,0.004617194,0.001234498,0.003382696
459,768,109,0.005644877,0.00210352,0.003541357
459,768,110,0.004080998,0.000681478,0.00339952
460,768,1,0.752449486,0.630815763,0.121633723
460,768,2,0.040875941,0.037776535,0.003099406
460,768,3,0.003667637,0.000484757,0.00318288
460,768,4,0.019021295,0.015949261,0.003072034
460,768,5,0.079158068,0.076079249,0.003078819
460,768,6,0.039874144,0.036722844,0.0031513
460,768,7,0.004069779,0.000932379,0.0031374
460,768,8,0.003801066,0.000569291,0.003231775
460,768,9,0.004027402,0.000740995,0.003286407
460,768,10,0.004093556,0.000773537,0.003320019
460,768,11,0.004644299,0.001334915,0.003309384
460,768,12,0.004134896,0.000853256,0.00328164
460,768,13,0.004318323,0.00117689,0.003141433
460,768,14,0.004242851,0.001019344,0.003223507
460,768,15,0.004269189,0.000940144,0.003329045
460,768,16,0.004320261,0.000958786,0.003361475
460,768,17,0.004385916,0.001000191,0.003385725
460,768,18,0.004117153,0.000652059,0.003465094
460,768,19,0.004090194,0.000621047,0.003469147
460,768,20,0.004200993,0.000687799,0.003513194
460,768,21,0.004347246,0.000916643,0.003430603
460,768,22,0.004291685,0.000945126,0.003346559
460,768,23,0.004211935,0.000819627,0.003392308
460,768,24,0.004525662,0.00117502,0.003350642
460,768,25,0.012785157,0.009462599,0.003322558
460,768,26,0.005442894,0.002060444,0.00338245
460,768,27,0.005658475,0.002095468,0.003563007
460,768,28,0.00548006,0.001832306,0.003647754
460,768,29,0.005717242,0.002055961,0.003661281
460,768,30,0.006068302,0.002375989,0.003692313
460,768,31,0.00493851,0.001091982,0.003846528
460,768,32,0.004899871,0.000936748,0.003963123
460,768,33,0.004812849,0.00086635,0.003946499
460,768,34,0.004625518,0.000704273,0.003921245
460,768,35,0.004804238,0.00079304,0.004011198
460,768,36,0.004627321,0.000703533,0.003923788
460,768,37,0.004638499,0.000680122,0.003958377
460,768,38,0.004648275,0.000706971,0.003941304
460,768,39,0.004711046,0.000711569,0.003999477
460,768,40,0.0046279,0.000742337,0.003885563
460,768,41,0.004628015,0.000708455,0.00391956
460,768,42,0.004598541,0.000719762,0.003878779
460,768,43,0.004579241,0.000734835,0.003844406
460,768,44,0.004530278,0.000679132,0.003851146
460,768,45,0.004607468,0.000696526,0.003910942
460,768,46,0.00459788,0.000720778,0.003877102
460,768,47,0.004596804,0.000672918,0.003923886
460,768,48,0.004584255,0.000729491,0.003854764
460,768,49,0.004680475,0.000723025,0.00395745
460,768,50,0.004639597,0.000721691,0.003917906
460,768,51,0.004598925,0.000688477,0.003910448
460,768,52,0.004561635,0.000679556,0.003882079
460,768,53,0.004630443,0.000683813,0.00394663
460,768,54,0.004516841,0.000691859,0.003824982
460,768,55,0.004470316,0.00066273,0.003807586
460,768,56,0.004462965,0.000675,0.003787965
460,768,57,0.004348622,0.00066144,0.003687182
460,768,58,0.004467417,0.000739572,0.003727845
460,768,59,0.004885142,0.001220329,0.003664813
460,768,60,0.004433883,0.000856194,0.003577689
460,768,61,0.00460339,0.000973598,0.003629792
460,768,62,0.004824502,0.001124893,0.003699609
460,768,63,0.004651189,0.000976228,0.003674961
460,768,64,0.005139639,0.001429425,0.003710214
460,768,65,0.004926994,0.001179045,0.003747949
460,768,66,0.004517193,0.000816888,0.003700305
460,768,67,0.004474996,0.000911657,0.003563339
460,768,68,0.006252134,0.002796112,0.003456022
460,768,69,0.005338795,0.001718234,0.003620561
460,768,70,0.004284362,0.000686413,0.003597949
460,768,71,0.004213077,0.000639444,0.003573633
460,768,72,0.004294737,0.000842177,0.00345256
460,768,73,0.004617617,0.001234586,0.003383031
460,768,74,0.004929247,0.001410059,0.003519188
460,768,75,0.00478712,0.001253467,0.003533653
460,768,76,0.004873007,0.001373159,0.003499848
460,768,77,0.00589331,0.002349711,0.003543599
460,768,78,0.004700716,0.001057232,0.003643484
460,768,79,0.004703484,0.001136398,0.003567086
460,768,80,0.004415766,0.000925098,0.003490668
460,768,81,0.004741114,0.001105327,0.003635787
460,768,82,0.005057197,0.001577759,0.003479438
460,768,83,0.004450918,0.000892448,0.00355847
460,768,84,0.006856369,0.003372574,0.003483795
460,768,85,0.004969461,0.00153277,0.003436691
460,768,86,0.004753583,0.001190726,0.003562857
460,768,87,0.004623607,0.00087667,0.003746937
460,768,88,0.004182945,0.000684672,0.003498273
460,768,89,0.004071937,0.00061157,0.003460367
460,768,90,0.007504632,0.00375797,0.003746662
460,768,91,0.005233915,0.001192479,0.004041436
460,768,92,0.004260421,0.000427439,0.003832982
460,768,93,0.003954696,0.000483935,0.003470761
460,768,94,0.004022527,0.000534328,0.003488199
460,768,95,0.004325408,0.000789812,0.003535596
460,768,96,0.006245882,0.002929684,0.003316198
460,768,97,0.004707603,0.00134072,0.003366883
460,768,98,0.004442183,0.001110583,0.0033316
460,768,99,0.006939048,0.003631005,0.003308043
460,768,100,0.005618681,0.002287889,0.003330792
460,768,101,0.007224276,0.003835832,0.003388444
460,768,102,0.004046705,0.000564622,0.003482083
460,768,103,0.004195836,0.00070499,0.003490846
460,768,104,0.004610998,0.001202229,0.003408769
460,768,105,0.003799167,0.000460313,0.003338854
460,768,106,0.004878232,0.001452603,0.003425629
460,768,107,0.004616513,0.000977179,0.003639334
460,768,108,0.008692737,0.00528201,0.003410727
460,768,109,0.004360833,0.000706727,0.003654106
460,768,110,0.00397707,0.000459033,0.003518037
461,768,1,0.754703973,0.631219324,0.123484649
461,768,2,0.100244414,0.097176772,0.003067642
461,768,3,0.027978197,0.024919855,0.003058342
461,768,4,0.003841193,0.00067691,0.003164283
461,768,5,0.115062778,0.111949228,0.00311355
461,768,6,0.004176234,0.000931708,0.003244526
461,768,7,0.003665116,0.00041295,0.003252166
461,768,8,0.003782446,0.000600057,0.003182389
461,768,9,0.004073826,0.000858415,0.003215411
461,768,10,0.00465157,0.001364195,0.003287375
461,768,11,0.004078367,0.000852336,0.003226031
461,768,12,0.00446695,0.001183029,0.003283921
461,768,13,0.004055204,0.000809743,0.003245461
461,768,14,0.004138955,0.000906651,0.003232304
461,768,15,0.004280551,0.001047656,0.003232895
461,768,16,0.004400225,0.001076809,0.003323416
461,768,17,0.004272359,0.000866226,0.003406133
461,768,18,0.004206382,0.000698025,0.003508357
461,768,19,0.004074836,0.000574254,0.003500582
461,768,20,0.004059008,0.000600355,0.003458653
461,768,21,0.004207806,0.000861366,0.00334644
461,768,22,0.004445712,0.001044186,0.003401526
461,768,23,0.004160149,0.000741872,0.003418277
461,768,24,0.013497399,0.010183499,0.0033139
461,768,25,0.005461999,0.002028563,0.003433436
461,768,26,0.005495122,0.002151725,0.003343397
461,768,27,0.005386581,0.001988321,0.00339826
461,768,28,0.005711276,0.002149403,0.003561873
461,768,29,0.005995264,0.002268572,0.003726692
461,768,30,0.004853355,0.001130426,0.003722929
461,768,31,0.004754811,0.001007198,0.003747613
461,768,32,0.004788804,0.000959399,0.003829405
461,768,33,0.004611697,0.000731465,0.003880232
461,768,34,0.004695471,0.00088411,0.003811361
461,768,35,0.004563691,0.000706544,0.003857147
461,768,36,0.004543001,0.00071485,0.003828151
461,768,37,0.004629558,0.000720067,0.003909491
461,768,38,0.00459121,0.000731353,0.003859857
461,768,39,0.00460264,0.000680387,0.003922253
461,768,40,0.004540217,0.000712419,0.003827798
461,768,41,0.004644737,0.000708274,0.003936463
461,768,42,0.004599441,0.000702554,0.003896887
461,768,43,0.00449678,0.000700492,0.003796288
461,768,44,0.004498764,0.00068958,0.003809184
461,768,45,0.004461797,0.000685688,0.003776109
461,768,46,0.004570487,0.000760598,0.003809889
461,768,47,0.00445802,0.000705011,0.003753009
461,768,48,0.004720255,0.000959172,0.003761083
461,768,49,0.004580772,0.000766852,0.00381392
461,768,50,0.004411717,0.000679449,0.003732268
461,768,51,0.004682589,0.00085415,0.003828439
461,768,52,0.004473567,0.000787724,0.003685843
461,768,53,0.004705382,0.000922092,0.00378329
461,768,54,0.004591405,0.000824744,0.003766661
461,768,55,0.004546354,0.000846451,0.003699903
461,768,56,0.00479379,0.001095262,0.003698528
461,768,57,0.004634148,0.000923861,0.003710287
461,768,58,0.004637814,0.001025325,0.003612489
461,768,59,0.00466424,0.001044742,0.003619498
461,768,60,0.004652649,0.001074043,0.003578606
461,768,61,0.004773522,0.001193656,0.003579866
461,768,62,0.004524464,0.000925404,0.00359906
461,768,63,0.004841667,0.001110446,0.003731221
461,768,64,0.004625452,0.000946759,0.003678693
461,768,65,0.004753167,0.001116895,0.003636272
461,768,66,0.004759187,0.001167716,0.003591471
461,768,67,0.00654097,0.003084381,0.003456589
461,768,68,0.004899375,0.001260095,0.00363928
461,768,69,0.004792241,0.001188764,0.003603477
461,768,70,0.004326891,0.000702112,0.003624779
461,768,71,0.004140661,0.000589482,0.003551179
461,768,72,0.004319875,0.000872245,0.00344763
461,768,73,0.004956565,0.001608657,0.003347908
461,768,74,0.00496327,0.001579087,0.003384183
461,768,75,0.004777391,0.00134063,0.003436761
461,768,76,0.005683575,0.002084534,0.003599041
461,768,77,0.004761742,0.001237928,0.003523814
461,768,78,0.004702919,0.001162965,0.003539954
461,768,79,0.004760516,0.001352228,0.003408288
461,768,80,0.00453612,0.001033215,0.003502905
461,768,81,0.004870126,0.00142558,0.003444546
461,768,82,0.005050338,0.001440467,0.003609871
461,768,83,0.004346379,0.000754016,0.003592363
461,768,84,0.004272034,0.00083869,0.003433344
461,768,85,0.006566766,0.003150149,0.003416617
461,768,86,0.005016425,0.001360159,0.003656266
461,768,87,0.004549752,0.000855492,0.00369426
461,768,88,0.004293902,0.000796175,0.003497727
461,768,89,0.006407089,0.0031027,0.003304389
461,768,90,0.00602288,0.002333545,0.003689335
461,768,91,0.004627113,0.000803626,0.003823487
461,768,92,0.004186612,0.000497167,0.003689445
461,768,93,0.003929409,0.000507144,0.003422265
461,768,94,0.004137825,0.00074794,0.003389885
461,768,95,0.004317059,0.000835038,0.003482021
461,768,96,0.004097557,0.00066278,0.003434777
461,768,97,0.006277276,0.002967023,0.003310253
461,768,98,0.004648213,0.001458966,0.003189247
461,768,99,0.00422181,0.000920898,0.003300912
461,768,100,0.007207699,0.003809638,0.003398061
461,768,101,0.005725363,0.002482716,0.003242647
461,768,102,0.006388581,0.0030962,0.003292381
461,768,103,0.004249922,0.000859103,0.003390819
461,768,104,0.004151936,0.000744329,0.003407607
461,768,105,0.004556162,0.001237664,0.003318498
461,768,106,0.004549222,0.001120287,0.003428935
461,768,107,0.005474132,0.002024025,0.003450107
461,768,108,0.004744681,0.001294688,0.003449993
461,768,109,0.007526413,0.00397521,0.003551203
461,768,110,0.004342331,0.000806868,0.003535463
462,768,1,0.756344307,0.635357603,0.120986704
462,768,2,0.028027088,0.02498767,0.003039418
462,768,3,0.0036578,0.000561326,0.003096474
462,768,4,0.115062197,0.11202144,0.003040757
462,768,5,0.004009971,0.000835595,0.003174376
462,768,6,0.003643175,0.000449514,0.003193661
462,768,7,0.003871805,0.000701248,0.003170557
462,768,8,0.004074924,0.000851016,0.003223908
462,768,9,0.004392129,0.001177488,0.003214641
462,768,10,0.004182593,0.000909523,0.00327307
462,768,11,0.004237299,0.001002148,0.003235151
462,768,12,0.004013781,0.000788982,0.003224799
462,768,13,0.004022386,0.000836357,0.003186029
462,768,14,0.004083516,0.000907783,0.003175733
462,768,15,0.004277554,0.001075013,0.003202541
462,768,16,0.00440523,0.001092027,0.003313203
462,768,17,0.004177029,0.000823754,0.003353275
462,768,18,0.00419744,0.000712438,0.003485002
462,768,19,0.004031349,0.000556224,0.003475125
462,768,20,0.004097651,0.000622775,0.003474876
462,768,21,0.004327938,0.000997756,0.003330182
462,768,22,0.004334847,0.000997118,0.003337729
462,768,23,0.01412612,0.010820284,0.003305836
462,768,24,0.005416369,0.0020443,0.003372069
462,768,25,0.005625712,0.002284591,0.003341121
462,768,26,0.005315687,0.001895746,0.003419941
462,768,27,0.005534998,0.00207737,0.003457628
462,768,28,0.005843432,0.002101296,0.003742136
462,768,29,0.00484939,0.001220642,0.003628748
462,768,30,0.004749322,0.001074108,0.003675214
462,768,31,0.004666523,0.000860348,0.003806175
462,768,32,0.004588523,0.00085576,0.003732763
462,768,33,0.004691643,0.000859339,0.003832304
462,768,34,0.004511196,0.000688235,0.003822961
462,768,35,0.004595251,0.000725065,0.003870186
462,768,36,0.004582379,0.000717104,0.003865275
462,768,37,0.004521874,0.000717467,0.003804407
462,768,38,0.004581668,0.000706963,0.003874705
462,768,39,0.004549274,0.000712333,0.003836941
462,768,40,0.004506051,0.000696472,0.003809579
462,768,41,0.0045379,0.000701429,0.003836471
462,768,42,0.004521406,0.000679873,0.003841533
462,768,43,0.004570768,0.000723186,0.003847582
462,768,44,0.004524978,0.00079357,0.003731408
462,768,45,0.004743314,0.000879499,0.003863815
462,768,46,0.004580946,0.000805776,0.00377517
462,768,47,0.004652711,0.000871905,0.003780806
462,768,48,0.004603659,0.000794898,0.003808761
462,768,49,0.004479091,0.000709926,0.003769165
462,768,50,0.004542434,0.000770506,0.003771928
462,768,51,0.004555256,0.000795946,0.00375931
462,768,52,0.004593859,0.000846851,0.003747008
462,768,53,0.004632435,0.000806733,0.003825702
462,768,54,0.00446598,0.000766114,0.003699866
462,768,55,0.004847083,0.001070435,0.003776648
462,768,56,0.004344211,0.000684466,0.003659745
462,768,57,0.00472913,0.001056356,0.003672774
462,768,58,0.004696708,0.00105279,0.003643918
462,768,59,0.004690662,0.00105849,0.003632172
462,768,60,0.00436027,0.000764192,0.003596078
462,768,61,0.004815025,0.001243895,0.00357113
462,768,62,0.004640744,0.001034838,0.003605906
462,768,63,0.004668453,0.000993183,0.00367527
462,768,64,0.004630734,0.000972299,0.003658435
462,768,65,0.004526009,0.000873793,0.003652216
462,768,66,0.004417589,0.000828098,0.003589491
462,768,67,0.004458726,0.000993177,0.003465549
462,768,68,0.00665405,0.00319728,0.00345677
462,768,69,0.005027803,0.001452962,0.003574841
462,768,70,0.004463511,0.000928423,0.003535088
462,768,71,0.004276825,0.000767237,0.003509588
462,768,72,0.004173606,0.000776584,0.003397022
462,768,73,0.004767603,0.001471591,0.003296012
462,768,74,0.005002461,0.001481347,0.003521114
462,768,75,0.006264434,0.002762226,0.003502208
462,768,76,0.004875801,0.001361103,0.003514698
462,768,77,0.005018818,0.00136218,0.003656638
462,768,78,0.004492929,0.000913186,0.003579743
462,768,79,0.004336173,0.000877833,0.00345834
462,768,80,0.004591731,0.00121855,0.003373181
462,768,81,0.005630846,0.002167891,0.003462955
462,768,82,0.004827787,0.001223211,0.003604576
462,768,83,0.004307194,0.000785569,0.003521625
462,768,84,0.004309048,0.000860034,0.003449014
462,768,85,0.004469226,0.001042148,0.003427078
462,768,86,0.005977097,0.002448794,0.003528303
462,768,87,0.00486412,0.001165056,0.003699064
462,768,88,0.004149082,0.000699315,0.003449767
462,768,89,0.00427479,0.000914315,0.003360475
462,768,90,0.007026172,0.003626558,0.003399614
462,768,91,0.005808971,0.001995755,0.003813216
462,768,92,0.004376609,0.000726592,0.003650017
462,768,93,0.004020732,0.000590616,0.003430116
462,768,94,0.004082564,0.000632612,0.003449952
462,768,95,0.004334356,0.000846348,0.003488008
462,768,96,0.004064989,0.000598992,0.003465997
462,768,97,0.005750746,0.002521331,0.003229415
462,768,98,0.005017707,0.001876034,0.003141673
462,768,99,0.004303284,0.001101151,0.003202133
462,768,100,0.004558719,0.00122047,0.003338249
462,768,101,0.00721951,0.003928292,0.003291218
462,768,102,0.00549054,0.002210297,0.003280243
462,768,103,0.00593831,0.002603334,0.003334976
462,768,104,0.00439273,0.001030309,0.003362421
462,768,105,0.00427113,0.001012691,0.003258439
462,768,106,0.007120094,0.003868635,0.003251459
462,768,107,0.004663461,0.001356356,0.003307105
462,768,108,0.004757832,0.001401982,0.00335585
462,768,109,0.006983724,0.003426013,0.003557711
462,768,110,0.005190735,0.001804638,0.003386097
463,768,1,0.761004274,0.637084869,0.123919405
463,768,2,0.098776515,0.095746406,0.003030109
463,768,3,0.140310555,0.137269222,0.003041333
463,768,4,0.003888479,0.000744918,0.003143561
463,768,5,0.00363077,0.000414698,0.003216072
463,768,6,0.0037257,0.000543318,0.003182382
463,768,7,0.004015191,0.000859677,0.003155514
463,768,8,0.004434977,0.001234429,0.003200548
463,768,9,0.004150904,0.000875577,0.003275327
463,768,10,0.004175195,0.000960999,0.003214196
463,768,11,0.003997998,0.000795833,0.003202165
463,768,12,0.00402435,0.000846627,0.003177723
463,768,13,0.00397082,0.000810671,0.003160149
463,768,14,0.004098414,0.000943516,0.003154898
463,768,15,0.00430829,0.001061526,0.003246764
463,768,16,0.004233484,0.000888551,0.003344933
463,768,17,0.004137792,0.000745053,0.003392739
463,768,18,0.00408949,0.00061325,0.00347624
463,768,19,0.004186407,0.000665748,0.003520659
463,768,20,0.004138075,0.000709516,0.003428559
463,768,21,0.004519467,0.001127447,0.00339202
463,768,22,0.01441986,0.011088055,0.003331805
463,768,23,0.005439161,0.002162306,0.003276855
463,768,24,0.005709494,0.002423489,0.003286005
463,768,25,0.005325662,0.002004812,0.00332085
463,768,26,0.005440969,0.001875047,0.003565922
463,768,27,0.005545415,0.002000526,0.003544889
463,768,28,0.00497209,0.001321471,0.003650619
463,768,29,0.004664832,0.000975282,0.00368955
463,768,30,0.004564611,0.000906629,0.003657982
463,768,31,0.004657205,0.000946173,0.003711032
463,768,32,0.004549619,0.000805304,0.003744315
463,768,33,0.004444286,0.00067049,0.003773796
463,768,34,0.004481452,0.000657535,0.003823917
463,768,35,0.004526907,0.000705843,0.003821064
463,768,36,0.004492627,0.000692378,0.003800249
463,768,37,0.004526401,0.000711632,0.003814769
463,768,38,0.004538588,0.000712226,0.003826362
463,768,39,0.004581844,0.000720571,0.003861273
463,768,40,0.004635874,0.000830267,0.003805607
463,768,41,0.004693244,0.000806229,0.003887015
463,768,42,0.004565366,0.000703269,0.003862097
463,768,43,0.004624815,0.000798821,0.003825994
463,768,44,0.004592814,0.000702026,0.003890788
463,768,45,0.004659169,0.000761737,0.003897432
463,768,46,0.004633113,0.000694322,0.003938791
463,768,47,0.004566608,0.000655155,0.003911453
463,768,48,0.004547158,0.000681845,0.003865313
463,768,49,0.004538903,0.000647109,0.003891794
463,768,50,0.004606264,0.000703749,0.003902515
463,768,51,0.004606685,0.000683134,0.003923551
463,768,52,0.004547737,0.000691602,0.003856135
463,768,53,0.004582158,0.000687916,0.003894242
463,768,54,0.004763993,0.000888039,0.003875954
463,768,55,0.004425055,0.000636345,0.00378871
463,768,56,0.004750015,0.000980414,0.003769601
463,768,57,0.004701809,0.000886783,0.003815026
463,768,58,0.004765847,0.001042998,0.003722849
463,768,59,0.004347306,0.00074804,0.003599266
463,768,60,0.004777735,0.001157735,0.00362
463,768,61,0.004662439,0.0010097,0.003652739
463,768,62,0.004591314,0.000982143,0.003609171
463,768,63,0.004708143,0.000975533,0.00373261
463,768,64,0.004469915,0.000828386,0.003641529
463,768,65,0.004536406,0.000810398,0.003726008
463,768,66,0.004573223,0.000935574,0.003637649
463,768,67,0.004248776,0.000760159,0.003488617
463,768,68,0.0043619,0.000875409,0.003486491
463,768,69,0.006880769,0.003352639,0.00352813
463,768,70,0.004411195,0.00084231,0.003568885
463,768,71,0.003998428,0.000486952,0.003511476
463,768,72,0.004392204,0.001016289,0.003375915
463,768,73,0.004643172,0.001229552,0.00341362
463,768,74,0.005742992,0.002333316,0.003409676
463,768,75,0.005076406,0.001524081,0.003552325
463,768,76,0.004992363,0.001404262,0.003588101
463,768,77,0.005214496,0.001537509,0.003676987
463,768,78,0.00432754,0.000735072,0.003592468
463,768,79,0.004700299,0.001201346,0.003498953
463,768,80,0.005546164,0.002197823,0.003348341
463,768,81,0.005047692,0.001555723,0.003491969
463,768,82,0.004612858,0.000993132,0.003619726
463,768,83,0.004289687,0.000756709,0.003532978
463,768,84,0.004309023,0.000827877,0.003481146
463,768,85,0.006052573,0.002643052,0.003409521
463,768,86,0.004915902,0.001328653,0.003587249
463,768,87,0.004493992,0.000828657,0.003665335
463,768,88,0.00416067,0.000740821,0.003419849
463,768,89,0.004298348,0.000934295,0.003364053
463,768,90,0.004737242,0.001413123,0.003324119
463,768,91,0.006232325,0.002651501,0.003580824
463,768,92,0.005301839,0.001777478,0.003524361
463,768,93,0.004206745,0.000822185,0.00338456
463,768,94,0.004343356,0.000879877,0.003463479
463,768,95,0.004213776,0.000657486,0.00355629
463,768,96,0.006198777,0.00286625,0.003332527
463,768,97,0.004760812,0.001454485,0.003306327
463,768,98,0.004452251,0.001220851,0.0032314
463,768,99,0.004376701,0.001098783,0.003277918
463,768,100,0.005300738,0.002003888,0.00329685
463,768,101,0.005729682,0.002390904,0.003338778
463,768,102,0.004618098,0.001214072,0.003404026
463,768,103,0.008027708,0.004721954,0.003305754
463,768,104,0.004162331,0.000757277,0.003405054
463,768,105,0.00728969,0.004033127,0.003256563
463,768,106,0.004542569,0.00127821,0.003264359
463,768,107,0.004813269,0.00140271,0.003410559
463,768,108,0.006763541,0.003383489,0.003380052
463,768,109,0.005313377,0.001819961,0.003493416
463,768,110,0.004043691,0.000621525,0.003422166
464,768,1,0.778351001,0.655359878,0.122991123
464,768,2,0.24964765,0.246623052,0.003024598
464,768,3,0.003790916,0.000586523,0.003204393
464,768,4,0.003552608,0.000430429,0.003122179
464,768,5,0.003718836,0.000553439,0.003165397
464,768,6,0.004036544,0.000841754,0.00319479
464,768,7,0.00417574,0.001044482,0.003131258
464,768,8,0.004138126,0.000965911,0.003172215
464,768,9,0.004135129,0.000912245,0.003222884
464,768,10,0.003967043,0.000763865,0.003203178
464,768,11,0.004070503,0.000815255,0.003255248
464,768,12,0.00397297,0.000762624,0.003210346
464,768,13,0.003986672,0.000793692,0.00319298
464,768,14,0.004059502,0.000868596,0.003190906
464,768,15,0.004199416,0.000984688,0.003214728
464,768,16,0.004276787,0.000990938,0.003285849
464,768,17,0.004134467,0.000852943,0.003281524
464,768,18,0.004242395,0.000836647,0.003405748
464,768,19,0.004117742,0.000697601,0.003420141
464,768,20,0.003971851,0.000561773,0.003410078
464,768,21,0.015179293,0.011947265,0.003232028
464,768,22,0.005564283,0.00227608,0.003288203
464,768,23,0.00570369,0.002400745,0.003302945
464,768,24,0.005437136,0.002070085,0.003367051
464,768,25,0.00512776,0.001781716,0.003346044
464,768,26,0.005554274,0.002105563,0.003448711
464,768,27,0.004837401,0.001186034,0.003651367
464,768,28,0.00466721,0.001025623,0.003641587
464,768,29,0.004638764,0.000875498,0.003763266
464,768,30,0.004557658,0.000795648,0.00376201
464,768,31,0.004477108,0.000660846,0.003816262
464,768,32,0.004421127,0.00063476,0.003786367
464,768,33,0.0044668,0.000606875,0.003859925
464,768,34,0.004496052,0.000628536,0.003867516
464,768,35,0.004480537,0.00061957,0.003860967
464,768,36,0.004556514,0.000678752,0.003877762
464,768,37,0.004521781,0.0006596,0.003862181
464,768,38,0.004611394,0.000723209,0.003888185
464,768,39,0.004636024,0.000711191,0.003924833
464,768,40,0.004628567,0.000703476,0.003925091
464,768,41,0.004621115,0.000737498,0.003883617
464,768,42,0.004607091,0.000722601,0.00388449
464,768,43,0.004549392,0.000658309,0.003891083
464,768,44,0.004500119,0.000693006,0.003807113
464,768,45,0.004492953,0.000628256,0.003864697
464,768,46,0.004412676,0.000648268,0.003764408
464,768,47,0.004630229,0.000806621,0.003823608
464,768,48,0.004526725,0.000730331,0.003796394
464,768,49,0.004758064,0.00090524,0.003852824
464,768,50,0.004821688,0.000875575,0.003946113
464,768,51,0.004656213,0.000765154,0.003891059
464,768,52,0.00454333,0.000707946,0.003835384
464,768,53,0.004795377,0.000885082,0.003910295
464,768,54,0.00445814,0.000620424,0.003837716
464,768,55,0.004765057,0.000909243,0.003855814
464,768,56,0.004684326,0.000907345,0.003776981
464,768,57,0.00482944,0.000981186,0.003848254
464,768,58,0.004484252,0.000817277,0.003666975
464,768,59,0.004745321,0.001084003,0.003661318
464,768,60,0.004518944,0.000864704,0.00365424
464,768,61,0.004714077,0.001052967,0.00366111
464,768,62,0.004605163,0.000903293,0.00370187
464,768,63,0.004590704,0.000903069,0.003687635
464,768,64,0.004454108,0.000794867,0.003659241
464,768,65,0.004687502,0.000980802,0.0037067
464,768,66,0.004375521,0.00078851,0.003587011
464,768,67,0.004271119,0.000793125,0.003477994
464,768,68,0.00444414,0.001004766,0.003439374
464,768,69,0.004696995,0.001156327,0.003540668
464,768,70,0.005970814,0.00240446,0.003566354
464,768,71,0.004343605,0.000866941,0.003476664
464,768,72,0.004509973,0.001039844,0.003470129
464,768,73,0.006229292,0.00271078,0.003518512
464,768,74,0.004994677,0.001347445,0.003647232
464,768,75,0.004599277,0.000988158,0.003611119
464,768,76,0.004601212,0.000972049,0.003629163
464,768,77,0.004497329,0.000886388,0.003610941
464,768,78,0.004885416,0.001325369,0.003560047
464,768,79,0.00597544,0.002611649,0.003363791
464,768,80,0.004498612,0.001246102,0.00325251
464,768,81,0.00473939,0.001366045,0.003373345
464,768,82,0.004697681,0.00116751,0.003530171
464,768,83,0.004606105,0.001101453,0.003504652
464,768,84,0.005818061,0.002350708,0.003467353
464,768,85,0.004367082,0.000938746,0.003428336
464,768,86,0.004887809,0.001367265,0.003520544
464,768,87,0.004670122,0.001035278,0.003634844
464,768,88,0.004318631,0.000866693,0.003451938
464,768,89,0.004596467,0.001365393,0.003231074
464,768,90,0.006126558,0.002577776,0.003548782
464,768,91,0.004690236,0.000942469,0.003747767
464,768,92,0.004318395,0.000689424,0.003628971
464,768,93,0.004163696,0.000807176,0.00335652
464,768,94,0.004629981,0.001241891,0.00338809
464,768,95,0.004545593,0.001060781,0.003484812
464,768,96,0.004479183,0.001003891,0.003475292
464,768,97,0.00580238,0.002432838,0.003369542
464,768,98,0.004674663,0.001536216,0.003138447
464,768,99,0.006099962,0.002887536,0.003212426
464,768,100,0.005578028,0.002236757,0.003341271
464,768,101,0.004549085,0.001175898,0.003373187
464,768,102,0.008253024,0.004893105,0.003359919
464,768,103,0.004092469,0.000662985,0.003429484
464,768,104,0.007417022,0.004196747,0.003220275
464,768,105,0.004504158,0.001173029,0.003331129
464,768,106,0.004703973,0.001212424,0.003491549
464,768,107,0.004361217,0.000958439,0.003402778
464,768,108,0.004618465,0.001135891,0.003482574
464,768,109,0.005487846,0.00196521,0.003522636
464,768,110,0.005206336,0.001869123,0.003337213
465,768,1,0.753266919,0.629533515,0.123733404
465,768,2,0.151063108,0.148050331,0.003012777
465,768,3,0.119548932,0.116501059,0.003047873
465,768,4,0.003870322,0.000732444,0.003137878
465,768,5,0.003708027,0.000491128,0.003216899
465,768,6,0.00403957,0.000826952,0.003212618
465,768,7,0.004181475,0.001017398,0.003164077
465,768,8,0.004210812,0.001031687,0.003179125
465,768,9,0.004078072,0.000859793,0.003218279
465,768,10,0.003964534,0.000742323,0.003222211
465,768,11,0.00396712,0.000761781,0.003205339
465,768,12,0.004015866,0.000838311,0.003177555
465,768,13,0.004071544,0.0009081,0.003163444
465,768,14,0.004218512,0.000980875,0.003237637
465,768,15,0.004174321,0.000960897,0.003213424
465,768,16,0.004221033,0.00101261,0.003208423
465,768,17,0.004278106,0.000945387,0.003332719
465,768,18,0.00410208,0.000662925,0.003439155
465,768,19,0.004030434,0.000607822,0.003422612
465,768,20,0.015435812,0.012132438,0.003303374
465,768,21,0.005287981,0.002063804,0.003224177
465,768,22,0.005720183,0.002401312,0.003318871
465,768,23,0.005292728,0.001925482,0.003367246
465,768,24,0.005325833,0.002003366,0.003322467
465,768,25,0.005261424,0.001932283,0.003329141
465,768,26,0.004809336,0.001362774,0.003446562
465,768,27,0.004798049,0.001182248,0.003615801
465,768,28,0.004407854,0.000830355,0.003577499
465,768,29,0.004529534,0.000814511,0.003715023
465,768,30,0.004381618,0.000672932,0.003708686
465,768,31,0.004594229,0.000784684,0.003809545
465,768,32,0.004439774,0.000652187,0.003787587
465,768,33,0.004511446,0.000666835,0.003844611
465,768,34,0.004497072,0.0006445,0.003852572
465,768,35,0.00470761,0.000822765,0.003884845
465,768,36,0.004644833,0.000754906,0.003889927
465,768,37,0.004610575,0.000744592,0.003865983
465,768,38,0.004606934,0.000715753,0.003891181
465,768,39,0.004589243,0.000713136,0.003876107
465,768,40,0.004522547,0.000723362,0.003799185
465,768,41,0.004630287,0.000682487,0.0039478
465,768,42,0.004490549,0.000662371,0.003828178
465,768,43,0.004474948,0.000643745,0.003831203
465,768,44,0.004412849,0.000629237,0.003783612
465,768,45,0.004569321,0.00065701,0.003912311
465,768,46,0.004645583,0.000689549,0.003956034
465,768,47,0.00448155,0.00060514,0.00387641
465,768,48,0.00445761,0.000622433,0.003835177
465,768,49,0.004656698,0.000800343,0.003856355
465,768,50,0.004663279,0.000772177,0.003891102
465,768,51,0.004500197,0.000726314,0.003773883
465,768,52,0.004666288,0.000852259,0.003814029
465,768,53,0.004585381,0.000770581,0.0038148
465,768,54,0.004577263,0.000753434,0.003823829
465,768,55,0.00448047,0.0006646,0.00381587
465,768,56,0.004629599,0.000853112,0.003776487
465,768,57,0.004747917,0.001025885,0.003722032
465,768,58,0.004884301,0.001112226,0.003772075
465,768,59,0.0044598,0.000811753,0.003648047
465,768,60,0.004600075,0.00098817,0.003611905
465,768,61,0.004715982,0.001079888,0.003636094
465,768,62,0.004560359,0.00092252,0.003637839
465,768,63,0.004575614,0.000924347,0.003651267
465,768,64,0.004481542,0.00082905,0.003652492
465,768,65,0.004581513,0.000976631,0.003604882
465,768,66,0.004608852,0.001018732,0.00359012
465,768,67,0.004154279,0.000709365,0.003444914
465,768,68,0.004629302,0.001128728,0.003500574
465,768,69,0.004405978,0.000967905,0.003438073
465,768,70,0.004554777,0.001048425,0.003506352
465,768,71,0.006234507,0.002825921,0.003408586
465,768,72,0.00585931,0.002444191,0.003415119
465,768,73,0.005116366,0.001571059,0.003545307
465,768,74,0.004986599,0.001365448,0.003621151
465,768,75,0.004531822,0.000916081,0.003615741
465,768,76,0.004447851,0.000808457,0.003639394
465,768,77,0.004476016,0.000933949,0.003542067
465,768,78,0.004845851,0.001349434,0.003496417
465,768,79,0.004359763,0.000866772,0.003492991
465,768,80,0.005905838,0.002602879,0.003302959
465,768,81,0.004796479,0.001277605,0.003518874
465,768,82,0.004770073,0.00119447,0.003575603
465,768,83,0.006401162,0.002992662,0.0034085
465,768,84,0.004680347,0.001226199,0.003454148
465,768,85,0.004288183,0.00084885,0.003439333
465,768,86,0.004796309,0.001354118,0.003442191
465,768,87,0.004627387,0.001041272,0.003586115
465,768,88,0.004206394,0.000783998,0.003422396
465,768,89,0.006136286,0.002831723,0.003304563
465,768,90,0.004942089,0.001371905,0.003570184
465,768,91,0.004610143,0.000775596,0.003834547
465,768,92,0.004274882,0.000645258,0.003629624
465,768,93,0.003982963,0.00059498,0.003387983
465,768,94,0.004105992,0.000656447,0.003449545
465,768,95,0.005407649,0.001974602,0.003433047
465,768,96,0.004597679,0.001189951,0.003407728
465,768,97,0.004129788,0.000798465,0.003331323
465,768,98,0.007885224,0.004695965,0.003189259
465,768,99,0.0053696,0.002149629,0.003219971
465,768,100,0.004851248,0.001507622,0.003343626
465,768,101,0.008263999,0.004998505,0.003265494
465,768,102,0.004228099,0.000793313,0.003434786
465,768,103,0.003930238,0.000525576,0.003404662
465,768,104,0.003965448,0.000620736,0.003344712
465,768,105,0.007160792,0.003890008,0.003270784
465,768,106,0.004722972,0.001345194,0.003377778
465,768,107,0.004458437,0.001049941,0.003408496
465,768,108,0.004624721,0.00120173,0.003422991
465,768,109,0.004388475,0.000851362,0.003537113
465,768,110,0.00555784,0.00214941,0.00340843
466,768,1,0.757900547,0.634030341,0.123870206
466,768,2,0.241290118,0.238264554,0.003025564
466,768,3,0.003609527,0.000486331,0.003123196
466,768,4,0.0143573,0.01130615,0.00305115
466,768,5,0.004008336,0.000917569,0.003090767
466,768,6,0.003894138,0.000719203,0.003174935
466,768,7,0.004281905,0.001093704,0.003188201
466,768,8,0.004315912,0.001104491,0.003211421
466,768,9,0.00407578,0.000840966,0.003234814
466,768,10,0.003995343,0.000759853,0.00323549
466,768,11,0.003899549,0.000668721,0.003230828
466,768,12,0.004129359,0.000925328,0.003204031
466,768,13,0.004052467,0.000873098,0.003179369
466,768,14,0.004123829,0.000968785,0.003155044
466,768,15,0.004228283,0.001046884,0.003181399
466,768,16,0.004313448,0.001032768,0.00328068
466,768,17,0.004152689,0.000807885,0.003344804
466,768,18,0.004155639,0.000681385,0.003474254
466,768,19,0.016023384,0.012805,0.003218384
466,768,20,0.005066647,0.001843261,0.003223386
466,768,21,0.005520322,0.002240914,0.003279408
466,768,22,0.005428691,0.002092983,0.003335708
466,768,23,0.005326707,0.001994175,0.003332532
466,768,24,0.005133731,0.001850147,0.003283584
466,768,25,0.004922341,0.001486059,0.003436282
466,768,26,0.004781076,0.001232067,0.003549009
466,768,27,0.004550682,0.000899454,0.003651228
466,768,28,0.004387752,0.000749864,0.003637888
466,768,29,0.004436299,0.000661323,0.003774976
466,768,30,0.004581252,0.000809274,0.003771978
466,768,31,0.004447709,0.000586458,0.003861251
466,768,32,0.004400303,0.000620271,0.003780032
466,768,33,0.004566484,0.000740792,0.003825692
466,768,34,0.004639227,0.000722616,0.003916611
466,768,35,0.004657591,0.000630167,0.004027424
466,768,36,0.004583826,0.000652613,0.003931213
466,768,37,0.004571206,0.000617998,0.003953208
466,768,38,0.00462925,0.000677618,0.003951632
466,768,39,0.004568357,0.000608907,0.00395945
466,768,40,0.004462532,0.000607226,0.003855306
466,768,41,0.004541378,0.000620193,0.003921185
466,768,42,0.004484054,0.000619001,0.003865053
466,768,43,0.004455039,0.000596776,0.003858263
466,768,44,0.004367311,0.000582242,0.003785069
466,768,45,0.004602701,0.000738522,0.003864179
466,768,46,0.004444283,0.000629441,0.003814842
466,768,47,0.004588582,0.000772963,0.003815619
466,768,48,0.004670218,0.000845011,0.003825207
466,768,49,0.00457541,0.000778969,0.003796441
466,768,50,0.004535167,0.000716748,0.003818419
466,768,51,0.004570034,0.000755425,0.003814609
466,768,52,0.004522479,0.000719172,0.003803307
466,768,53,0.004436356,0.000633076,0.00380328
466,768,54,0.00446787,0.000684435,0.003783435
466,768,55,0.004630785,0.00081127,0.003819515
466,768,56,0.004438891,0.000675209,0.003763682
466,768,57,0.004517473,0.000774557,0.003742916
466,768,58,0.004459515,0.000801978,0.003657537
466,768,59,0.004817382,0.00114764,0.003669742
466,768,60,0.00437312,0.00077918,0.00359394
466,768,61,0.004682382,0.001133854,0.003548528
466,768,62,0.004808388,0.00114628,0.003662108
466,768,63,0.004395655,0.000755891,0.003639764
466,768,64,0.004687723,0.001026528,0.003661195
466,768,65,0.004542372,0.000825058,0.003717314
466,768,66,0.004426194,0.000754626,0.003671568
466,768,67,0.004372819,0.00085937,0.003513449
466,768,68,0.00447498,0.000980267,0.003494713
466,768,69,0.004628457,0.001144381,0.003484076
466,768,70,0.007183122,0.00367338,0.003509742
466,768,71,0.005684921,0.002305779,0.003379142
466,768,72,0.004599652,0.001158645,0.003441007
466,768,73,0.005141153,0.00169787,0.003443283
466,768,74,0.004569773,0.000953728,0.003616045
466,768,75,0.004833755,0.00118174,0.003652015
466,768,76,0.004243115,0.000665323,0.003577792
466,768,77,0.004678783,0.001008549,0.003670234
466,768,78,0.004649617,0.001103442,0.003546175
466,768,79,0.004317666,0.000837721,0.003479945
466,768,80,0.004518388,0.001042024,0.003476364
466,768,81,0.005592633,0.002173993,0.00341864
466,768,82,0.004911637,0.001359071,0.003552566
466,768,83,0.004393328,0.000831093,0.003562235
466,768,84,0.006575361,0.003099077,0.003476284
466,768,85,0.00436021,0.000947842,0.003412368
466,768,86,0.004854523,0.001308137,0.003546386
466,768,87,0.004600112,0.000945076,0.003655036
466,768,88,0.006590653,0.003258504,0.003332149
466,768,89,0.004615317,0.001200238,0.003415079
466,768,90,0.004976588,0.001209365,0.003767223
466,768,91,0.004496041,0.00062111,0.003874931
466,768,92,0.004269438,0.000657952,0.003611486
466,768,93,0.004034425,0.000616609,0.003417816
466,768,94,0.005139608,0.00181679,0.003322818
466,768,95,0.004696817,0.001259954,0.003436863
466,768,96,0.004161714,0.000732522,0.003429192
466,768,97,0.007504316,0.004353055,0.003151261
466,768,98,0.005478001,0.002340547,0.003137454
466,768,99,0.004833691,0.001576113,0.003257578
466,768,100,0.004434706,0.001129332,0.003305374
466,768,101,0.004523165,0.001187984,0.003335181
466,768,102,0.007183665,0.003854787,0.003328878
466,768,103,0.004131688,0.000710559,0.003421129
466,768,104,0.003929785,0.000558977,0.003370808
466,768,105,0.006173388,0.002961581,0.003211807
466,768,106,0.005146875,0.001912534,0.003234341
466,768,107,0.004696686,0.001329195,0.003367491
466,768,108,0.005356153,0.001928331,0.003427822
466,768,109,0.004463742,0.00081804,0.003645702
466,768,110,0.006469459,0.003118893,0.003350566
467,768,1,0.754221687,0.630339654,0.123882033
467,768,2,0.145543165,0.142522922,0.003020243
467,768,3,0.127098902,0.124071124,0.003027778
467,768,4,0.003674299,0.000560134,0.003114165
467,768,5,0.014376197,0.011303815,0.003072382
467,768,6,0.004235619,0.001029565,0.003206054
467,768,7,0.004228458,0.001080293,0.003148165
467,768,8,0.004328434,0.001130557,0.003197877
467,768,9,0.004206825,0.000960912,0.003245913
467,768,10,0.003991564,0.000735996,0.003255568
467,768,11,0.003975669,0.000739111,0.003236558
467,768,12,0.004040623,0.000833112,0.003207511
467,768,13,0.004090372,0.00090424,0.003186132
467,768,14,0.004153437,0.000970381,0.003183056
467,768,15,0.004312689,0.001103203,0.003209486
467,768,16,0.004394009,0.001095015,0.003298994
467,768,17,0.004236785,0.000882357,0.003354428
467,768,18,0.016649366,0.013356113,0.003293253
467,768,19,0.004856022,0.001613223,0.003242799
467,768,20,0.005262811,0.001977631,0.00328518
467,768,21,0.005395152,0.002120719,0.003274433
467,768,22,0.005394746,0.002139507,0.003255239
467,768,23,0.005016034,0.00174813,0.003267904
467,768,24,0.004834533,0.001480215,0.003354318
467,768,25,0.004870251,0.00137208,0.003498171
467,768,26,0.004627426,0.001001309,0.003626117
467,768,27,0.004539744,0.000801854,0.00373789
467,768,28,0.004272858,0.000606038,0.00366682
467,768,29,0.004606556,0.000802921,0.003803635
467,768,30,0.004395127,0.00063243,0.003762697
467,768,31,0.004505935,0.000623511,0.003882424
467,768,32,0.004454894,0.000635851,0.003819043
467,768,33,0.004554415,0.0005887,0.003965715
467,768,34,0.004545706,0.00060731,0.003938396
467,768,35,0.004610563,0.000591815,0.004018748
467,768,36,0.004564655,0.000587044,0.003977611
467,768,37,0.004565045,0.000561245,0.0040038
467,768,38,0.004609532,0.000564668,0.004044864
467,768,39,0.004518021,0.000540963,0.003977058
467,768,40,0.004513271,0.000533911,0.00397936
467,768,41,0.004535352,0.000579963,0.003955389
467,768,42,0.004519755,0.000538407,0.003981348
467,768,43,0.004473462,0.000589307,0.003884155
467,768,44,0.004422088,0.000550938,0.00387115
467,768,45,0.004524736,0.000591836,0.0039329
467,768,46,0.004467185,0.000559299,0.003907886
467,768,47,0.004504146,0.000593712,0.003910434
467,768,48,0.004442103,0.000555737,0.003886366
467,768,49,0.004505344,0.000591189,0.003914155
467,768,50,0.004441398,0.000532803,0.003908595
467,768,51,0.004590123,0.000698737,0.003891386
467,768,52,0.004606837,0.000733657,0.00387318
467,768,53,0.004667703,0.000667154,0.004000549
467,768,54,0.004382761,0.000546058,0.003836703
467,768,55,0.004542468,0.000661203,0.003881265
467,768,56,0.004531254,0.000773105,0.003758149
467,768,57,0.004521447,0.000756837,0.00376461
467,768,58,0.004410814,0.000777358,0.003633456
467,768,59,0.00454793,0.00086907,0.00367886
467,768,60,0.004330181,0.000792562,0.003537619
467,768,61,0.004669633,0.001071137,0.003598496
467,768,62,0.004476841,0.000909996,0.003566845
467,768,63,0.004544832,0.000883183,0.003661649
467,768,64,0.004450223,0.000796004,0.003654219
467,768,65,0.004605236,0.000989856,0.00361538
467,768,66,0.005006249,0.001449402,0.003556847
467,768,67,0.004688632,0.00119303,0.003495602
467,768,68,0.004511456,0.001062249,0.003449207
467,768,69,0.006229676,0.002715191,0.003514485
467,768,70,0.006827733,0.003477785,0.003349948
467,768,71,0.004342089,0.000916251,0.003425838
467,768,72,0.004477297,0.001035297,0.003442
467,768,73,0.005163316,0.001698399,0.003464917
467,768,74,0.004840518,0.00131198,0.003528538
467,768,75,0.004487058,0.000888368,0.00359869
467,768,76,0.004418211,0.000865183,0.003553028
467,768,77,0.004858973,0.001296212,0.003562761
467,768,78,0.004694637,0.001029784,0.003664853
467,768,79,0.004233036,0.000769234,0.003463802
467,768,80,0.004373824,0.000889322,0.003484502
467,768,81,0.004724729,0.001228694,0.003496035
467,768,82,0.004978322,0.001465615,0.003512707
467,768,83,0.005989941,0.002518346,0.003471595
467,768,84,0.004629145,0.001053027,0.003576118
467,768,85,0.005124919,0.001580807,0.003544112
467,768,86,0.00471957,0.001189805,0.003529765
467,768,87,0.007535393,0.004142365,0.003393028
467,768,88,0.004453141,0.000996146,0.003456995
467,768,89,0.004562039,0.001205963,0.003356076
467,768,90,0.004943839,0.001198209,0.00374563
467,768,91,0.00455077,0.000702221,0.003848549
467,768,92,0.004226524,0.000554596,0.003671928
467,768,93,0.004877,0.001490089,0.003386911
467,768,94,0.004730633,0.001347084,0.003383549
467,768,95,0.004164203,0.000771599,0.003392604
467,768,96,0.007550057,0.004362807,0.00318725
467,768,97,0.005193247,0.002066563,0.003126684
467,768,98,0.004768061,0.001622604,0.003145457
467,768,99,0.004565283,0.001235876,0.003329407
467,768,100,0.004552282,0.001213602,0.00333868
467,768,101,0.004581863,0.001339145,0.003242718
467,768,102,0.005649187,0.002356356,0.003292831
467,768,103,0.004777098,0.001340794,0.003436304
467,768,104,0.006201149,0.002977567,0.003223582
467,768,105,0.004945917,0.001680308,0.003265609
467,768,106,0.004967771,0.001604526,0.003363245
467,768,107,0.005344545,0.002013862,0.003330683
467,768,108,0.004451965,0.000958469,0.003493496
467,768,109,0.006658618,0.003185623,0.003472995
467,768,110,0.004521774,0.001132,0.003389774
468,768,1,0.752726956,0.629266712,0.123460244
468,768,2,0.217395839,0.214317432,0.003078407
468,768,3,0.003580676,0.000426366,0.00315431
468,768,4,0.056360419,0.053268766,0.003091653
468,768,5,0.003940933,0.00070125,0.003239683
468,768,6,0.014240677,0.011100449,0.003140228
468,768,7,0.004176833,0.001032185,0.003144648
468,768,8,0.004868478,0.001616273,0.003252205
468,768,9,0.004224235,0.000976451,0.003247784
468,768,10,0.004055576,0.00077195,0.003283626
468,768,11,0.004008698,0.000769097,0.003239601
468,768,12,0.00402813,0.000799009,0.003229121
468,768,13,0.004028652,0.000816798,0.003211854
468,768,14,0.00420137,0.00092363,0.00327774
468,768,15,0.004259084,0.000981762,0.003277322
468,768,16,0.0043668,0.00106239,0.00330441
468,768,17,0.017735319,0.014334528,0.003400791
468,768,18,0.004916886,0.001558311,0.003358575
468,768,19,0.004950263,0.001507189,0.003443074
468,768,20,0.005370267,0.002061854,0.003308413
468,768,21,0.005300239,0.001982659,0.00331758
468,768,22,0.004988067,0.001667026,0.003321041
468,768,23,0.004762328,0.001291247,0.003471081
468,768,24,0.004819366,0.001288199,0.003531167
468,768,25,0.004547113,0.000927247,0.003619866
468,768,26,0.004643077,0.000945605,0.003697472
468,768,27,0.004373973,0.000651406,0.003722567
468,768,28,0.004520197,0.000731683,0.003788514
468,768,29,0.004331446,0.000561251,0.003770195
468,768,30,0.004362145,0.000566125,0.00379602
468,768,31,0.004459554,0.000579446,0.003880108
468,768,32,0.004448193,0.000608016,0.003840177
468,768,33,0.004528509,0.000578958,0.003949551
468,768,34,0.00451213,0.000556318,0.003955812
468,768,35,0.00451694,0.00056624,0.0039507
468,768,36,0.004570564,0.000573987,0.003996577
468,768,37,0.004463815,0.000558633,0.003905182
468,768,38,0.004519079,0.000560759,0.00395832
468,768,39,0.004513487,0.00055789,0.003955597
468,768,40,0.004510778,0.000580458,0.00393032
468,768,41,0.004463314,0.000580709,0.003882605
468,768,42,0.004485049,0.000565287,0.003919762
468,768,43,0.004434844,0.000581451,0.003853393
468,768,44,0.004428071,0.000573623,0.003854448
468,768,45,0.004488095,0.000581103,0.003906992
468,768,46,0.004455363,0.000572587,0.003882776
468,768,47,0.004610455,0.000635115,0.00397534
468,768,48,0.004445747,0.000550334,0.003895413
468,768,49,0.004480407,0.000592609,0.003887798
468,768,50,0.004588466,0.000608356,0.00398011
468,768,51,0.004460669,0.000599868,0.003860801
468,768,52,0.004566618,0.000697893,0.003868725
468,768,53,0.004589598,0.000712831,0.003876767
468,768,54,0.004537193,0.000673753,0.00386344
468,768,55,0.004452807,0.000610371,0.003842436
468,768,56,0.004494605,0.000672307,0.003822298
468,768,57,0.004479359,0.000709353,0.003770006
468,768,58,0.004457115,0.000705151,0.003751964
468,768,59,0.004382165,0.000716156,0.003666009
468,768,60,0.004740408,0.001049776,0.003690632
468,768,61,0.004701484,0.001051995,0.003649489
468,768,62,0.004530102,0.000856959,0.003673143
468,768,63,0.004685737,0.000948425,0.003737312
468,768,64,0.004751712,0.001038215,0.003713497
468,768,65,0.00525589,0.001626326,0.003629564
468,768,66,0.004694942,0.000985277,0.003709665
468,768,67,0.004290294,0.000791905,0.003498389
468,768,68,0.006142485,0.002673963,0.003468522
468,768,69,0.0050134,0.001442135,0.003571265
468,768,70,0.004516643,0.000844325,0.003672318
468,768,71,0.005525723,0.002126091,0.003399632
468,768,72,0.004653803,0.00115267,0.003501133
468,768,73,0.00503242,0.001546786,0.003485634
468,768,74,0.00476557,0.001146,0.00361957
468,768,75,0.004691491,0.001075528,0.003615963
468,768,76,0.004514036,0.000854042,0.003659994
468,768,77,0.004606891,0.000875496,0.003731395
468,768,78,0.004828839,0.001147084,0.003681755
468,768,79,0.004462902,0.000948097,0.003514805
468,768,80,0.004550764,0.001048687,0.003502077
468,768,81,0.00497618,0.001399823,0.003576357
468,768,82,0.006424491,0.002898219,0.003526272
468,768,83,0.00460162,0.000949349,0.003652271
468,768,84,0.004420297,0.000802055,0.003618242
468,768,85,0.004489331,0.000904872,0.003584459
468,768,86,0.008888984,0.005266844,0.00362214
468,768,87,0.004327929,0.000794193,0.003533736
468,768,88,0.004312269,0.000865206,0.003447063
468,768,89,0.004517094,0.001106675,0.003410419
468,768,90,0.004987842,0.001180386,0.003807456
468,768,91,0.004454756,0.000567172,0.003887584
468,768,92,0.005015262,0.001410873,0.003604389
468,768,93,0.004709498,0.0011157,0.003593798
468,768,94,0.004082636,0.000629076,0.00345356
468,768,95,0.007702355,0.004274281,0.003428074
468,768,96,0.005117517,0.001785986,0.003331531
468,768,97,0.004802038,0.001463275,0.003338763
468,768,98,0.004284724,0.001043256,0.003241468
468,768,99,0.004588481,0.001131382,0.003457099
468,768,100,0.004694609,0.001345408,0.003349201
468,768,101,0.005661631,0.002362556,0.003299075
468,768,102,0.004702791,0.00129971,0.003403081
468,768,103,0.006214238,0.002832787,0.003381451
468,768,104,0.004786773,0.001417047,0.003369726
468,768,105,0.005126887,0.001669212,0.003457675
468,768,106,0.005447136,0.001946802,0.003500334
468,768,107,0.004261408,0.00079594,0.003465468
468,768,108,0.006937686,0.00344364,0.003494046
468,768,109,0.004408158,0.000885805,0.003522353
468,768,110,0.00418109,0.000842724,0.003338366
469,768,1,0.754057441,0.630019148,0.124038293
469,768,2,0.170490073,0.167462777,0.003027296
469,768,3,0.04908661,0.04605665,0.00302996
469,768,4,0.003734226,0.000645129,0.003089097
469,768,5,0.055831622,0.052787789,0.003043833
469,768,6,0.004052777,0.000925253,0.003127524
469,768,7,0.014312877,0.011213022,0.003099855
469,768,8,0.004294128,0.001114091,0.003180037
469,768,9,0.0048794,0.001767583,0.003111817
469,768,10,0.004500145,0.001228181,0.003271964
469,768,11,0.004097491,0.000753047,0.003344444
469,768,12,0.003945683,0.000763192,0.003182491
469,768,13,0.004084756,0.000928997,0.003155759
469,768,14,0.004151042,0.000989632,0.00316141
469,768,15,0.004375598,0.001120067,0.003255531
469,768,16,0.018655263,0.0153011,0.003354163
469,768,17,0.004908239,0.001629011,0.003279228
469,768,18,0.004720015,0.001445308,0.003274707
469,768,19,0.005284148,0.002008559,0.003275589
469,768,20,0.005232654,0.001993356,0.003239298
469,768,21,0.005091698,0.001806911,0.003284787
469,768,22,0.004575174,0.001225717,0.003349457
469,768,23,0.004776557,0.001315396,0.003461161
469,768,24,0.004455273,0.001047467,0.003407806
469,768,25,0.004731768,0.001211734,0.003520034
469,768,26,0.004487616,0.00094662,0.003540996
469,768,27,0.004528338,0.000810695,0.003717643
469,768,28,0.004204359,0.000548634,0.003655725
469,768,29,0.004451677,0.000657799,0.003793878
469,768,30,0.004304015,0.000567293,0.003736722
469,768,31,0.004384924,0.000556365,0.003828559
469,768,32,0.004433295,0.000570688,0.003862607
469,768,33,0.004457321,0.000557657,0.003899664
469,768,34,0.004508692,0.000563438,0.003945254
469,768,35,0.004562651,0.000562911,0.00399974
469,768,36,0.004583,0.000559644,0.004023356
469,768,37,0.004517752,0.000539873,0.003977879
469,768,38,0.004521704,0.000536281,0.003985423
469,768,39,0.004544166,0.000564087,0.003980079
469,768,40,0.004481294,0.000544267,0.003937027
469,768,41,0.004459076,0.000568777,0.003890299
469,768,42,0.004460665,0.000559262,0.003901403
469,768,43,0.004422548,0.000571738,0.00385081
469,768,44,0.004507233,0.000573373,0.00393386
469,768,45,0.004469846,0.000592404,0.003877442
469,768,46,0.004568229,0.000585142,0.003983087
469,768,47,0.00448333,0.000608713,0.003874617
469,768,48,0.004464376,0.000551814,0.003912562
469,768,49,0.004469986,0.000599023,0.003870963
469,768,50,0.004503882,0.000555885,0.003947997
469,768,51,0.004508369,0.000618296,0.003890073
469,768,52,0.004480093,0.000579401,0.003900692
469,768,53,0.00458766,0.000706888,0.003880772
469,768,54,0.004510694,0.000686148,0.003824546
469,768,55,0.004513691,0.00069292,0.003820771
469,768,56,0.00457089,0.000808057,0.003762833
469,768,57,0.004607773,0.000850431,0.003757342
469,768,58,0.004456782,0.000778943,0.003677839
469,768,59,0.004751144,0.001089032,0.003662112
469,768,60,0.004650707,0.001037241,0.003613466
469,768,61,0.004395559,0.000841529,0.00355403
469,768,62,0.004801227,0.001141176,0.003660051
469,768,63,0.00474002,0.001066204,0.003673816
469,768,64,0.005501036,0.001906692,0.003594344
469,768,65,0.004477175,0.000804275,0.0036729
469,768,66,0.004394201,0.000817759,0.003576442
469,768,67,0.004658003,0.001322467,0.003335536
469,768,68,0.005235807,0.001834898,0.003400909
469,768,69,0.004650703,0.001058033,0.00359267
469,768,70,0.004730511,0.001140026,0.003590485
469,768,71,0.004363762,0.000742725,0.003621037
469,768,72,0.005862604,0.002424311,0.003438293
469,768,73,0.005068485,0.001553715,0.00351477
469,768,74,0.004869242,0.001270899,0.003598343
469,768,75,0.00449669,0.000929703,0.003566987
469,768,76,0.004603295,0.000934881,0.003668414
469,768,77,0.005285771,0.001751356,0.003534415
469,768,78,0.0048989,0.001411736,0.003487164
469,768,79,0.004364256,0.000883683,0.003480573
469,768,80,0.00464756,0.001262267,0.003385293
469,768,81,0.00647354,0.00313643,0.00333711
469,768,82,0.004778163,0.001284921,0.003493242
469,768,83,0.004512444,0.00093838,0.003574064
469,768,84,0.00471994,0.001169009,0.003550931
469,768,85,0.008903251,0.005381656,0.003521595
469,768,86,0.004471499,0.000819528,0.003651971
469,768,87,0.003955099,0.000559976,0.003395123
469,768,88,0.004489596,0.001140766,0.00334883
469,768,89,0.004448224,0.001192018,0.003256206
469,768,90,0.005044148,0.001401285,0.003642863
469,768,91,0.00524421,0.001624208,0.003620002
469,768,92,0.004623896,0.001093538,0.003530358
469,768,93,0.004276747,0.000776256,0.003500491
469,768,94,0.007467733,0.004133735,0.003333998
469,768,95,0.005009102,0.001750219,0.003258883
469,768,96,0.004879757,0.001479329,0.003400428
469,768,97,0.004162038,0.00091034,0.003251698
469,768,98,0.004604893,0.001307573,0.00329732
469,768,99,0.004890484,0.001503039,0.003387445
469,768,100,0.005746447,0.002395096,0.003351351
469,768,101,0.00483289,0.001456387,0.003376503
469,768,102,0.005836749,0.002448172,0.003388577
469,768,103,0.00476703,0.001346688,0.003420342
469,768,104,0.005245734,0.002014543,0.003231191
469,768,105,0.005287606,0.002008521,0.003279085
469,768,106,0.004532087,0.001045711,0.003486376
469,768,107,0.006728903,0.003464686,0.003264217
469,768,108,0.004619144,0.001124168,0.003494976
469,768,109,0.00420006,0.000815729,0.003384331
469,768,110,0.005210833,0.002132081,0.003078752
470,768,1,0.754452069,0.630165732,0.124286337
470,768,2,0.225449068,0.222427355,0.003021713
470,768,3,0.003721238,0.000582237,0.003139001
470,768,4,0.05339641,0.050366626,0.003029784
470,768,5,0.004038659,0.000987403,0.003051256
470,768,6,0.004807863,0.001776616,0.003031247
470,768,7,0.004098457,0.000970441,0.003128016
470,768,8,0.014548532,0.011495857,0.003052675
470,768,9,0.004326349,0.001214383,0.003111966
470,768,10,0.005003565,0.001844,0.003159565
470,768,11,0.004324936,0.001215476,0.00310946
470,768,12,0.004202528,0.000964552,0.003237976
470,768,13,0.00413982,0.000932296,0.003207524
470,768,14,0.004085837,0.000884012,0.003201825
470,768,15,0.019794561,0.01649179,0.003302771
470,768,16,0.005188534,0.001865587,0.003322947
470,768,17,0.004645571,0.001325808,0.003319763
470,768,18,0.004983221,0.001744327,0.003238894
470,768,19,0.005038086,0.00178836,0.003249726
470,768,20,0.0050325,0.001770276,0.003262224
470,768,21,0.004585869,0.001182088,0.003403781
470,768,22,0.004590382,0.001150405,0.003439977
470,768,23,0.004568939,0.000977798,0.003591141
470,768,24,0.004477373,0.001000094,0.003477279
470,768,25,0.00462947,0.001055491,0.003573979
470,768,26,0.004673137,0.000993469,0.003679668
470,768,27,0.004332882,0.000627366,0.003705516
470,768,28,0.004269994,0.000574042,0.003695952
470,768,29,0.00430564,0.000581081,0.003724559
470,768,30,0.004294569,0.000595488,0.003699081
470,768,31,0.004268858,0.00051957,0.003749288
470,768,32,0.004322908,0.000531636,0.003791272
470,768,33,0.004415966,0.000578311,0.003837655
470,768,34,0.004372146,0.000577283,0.003794863
470,768,35,0.004469882,0.000594335,0.003875547
470,768,36,0.004513647,0.00061852,0.003895127
470,768,37,0.004507595,0.000610238,0.003897357
470,768,38,0.004475524,0.000620883,0.003854641
470,768,39,0.004630672,0.000698691,0.003931981
470,768,40,0.004400707,0.000602588,0.003798119
470,768,41,0.004493834,0.000620435,0.003873399
470,768,42,0.004420635,0.000628576,0.003792059
470,768,43,0.004433088,0.000626308,0.00380678
470,768,44,0.004440483,0.000627753,0.00381273
470,768,45,0.004581037,0.000706503,0.003874534
470,768,46,0.00444224,0.000620527,0.003821713
470,768,47,0.004575021,0.000675297,0.003899724
470,768,48,0.00448445,0.000608901,0.003875549
470,768,49,0.004717013,0.000870159,0.003846854
470,768,50,0.004665803,0.000757309,0.003908494
470,768,51,0.004495126,0.000671351,0.003823775
470,768,52,0.004558815,0.000729214,0.003829601
470,768,53,0.004695919,0.000764165,0.003931754
470,768,54,0.004478064,0.00065506,0.003823004
470,768,55,0.004682962,0.000835821,0.003847141
470,768,56,0.004482158,0.000666433,0.003815725
470,768,57,0.004616641,0.000819275,0.003797366
470,768,58,0.004501291,0.000741981,0.00375931
470,768,59,0.004612578,0.000955981,0.003656597
470,768,60,0.004688218,0.001029451,0.003658767
470,768,61,0.004820874,0.001160219,0.003660655
470,768,62,0.004823108,0.001118191,0.003704917
470,768,63,0.004502322,0.000846337,0.003655985
470,768,64,0.004782486,0.001099369,0.003683117
470,768,65,0.004455427,0.000828767,0.00362666
470,768,66,0.004915951,0.001361862,0.003554089
470,768,67,0.005325481,0.001880063,0.003445418
470,768,68,0.004798633,0.001249729,0.003548904
470,768,69,0.004255549,0.000695903,0.003559646
470,768,70,0.00450009,0.001042966,0.003457124
470,768,71,0.004414571,0.000885801,0.00352877
470,768,72,0.005405882,0.001978782,0.0034271
470,768,73,0.005429361,0.001888959,0.003540402
470,768,74,0.004604342,0.001131971,0.003472371
470,768,75,0.004921558,0.001412687,0.003508871
470,768,76,0.005369039,0.0018562,0.003512839
470,768,77,0.004997095,0.001479122,0.003517973
470,768,78,0.004683606,0.001227691,0.003455915
470,768,79,0.004659344,0.001346477,0.003312867
470,768,80,0.006375107,0.003062123,0.003312984
470,768,81,0.004916837,0.001420023,0.003496814
470,768,82,0.004670345,0.001103817,0.003566528
470,768,83,0.004358301,0.000865207,0.003493094
470,768,84,0.004917936,0.001431195,0.003486741
470,768,85,0.005316739,0.002030185,0.003286554
470,768,86,0.006822628,0.003314191,0.003508437
470,768,87,0.004306461,0.000863385,0.003443076
470,768,88,0.004422183,0.001070042,0.003352141
470,768,89,0.004417511,0.001099971,0.00331754
470,768,90,0.006605542,0.003082876,0.003522666
470,768,91,0.004868523,0.001278128,0.003590395
470,768,92,0.004097154,0.000604401,0.003492753
470,768,93,0.007629542,0.004300608,0.003328934
470,768,94,0.005111557,0.001808204,0.003303353
470,768,95,0.00453819,0.001224521,0.003313669
470,768,96,0.004282826,0.000942186,0.00334064
470,768,97,0.004366121,0.001094735,0.003271386
470,768,98,0.004882652,0.001570569,0.003312083
470,768,99,0.005880447,0.002475643,0.003404804
470,768,100,0.005105112,0.001807482,0.00329763
470,768,101,0.005661776,0.002410934,0.003250842
470,768,102,0.004563134,0.001162125,0.003401009
470,768,103,0.005791987,0.002497654,0.003294333
470,768,104,0.004960215,0.001783253,0.003176962
470,768,105,0.004440441,0.001043865,0.003396576
470,768,106,0.006970281,0.003645304,0.003324977
470,768,107,0.004670857,0.001252922,0.003417935
470,768,108,0.004261572,0.000714569,0.003547003
470,768,109,0.005441656,0.002042279,0.003399377
470,768,110,0.006878576,0.003800763,0.003077813
471,768,1,0.752381216,0.627705916,0.1246753
471,768,2,0.212944292,0.209932171,0.003012121
471,768,3,0.077540374,0.074514499,0.003025875
471,768,4,0.003985007,0.000876524,0.003108483
471,768,5,0.003752657,0.000631346,0.003121311
471,768,6,0.003491965,0.000373627,0.003118338
471,768,7,0.004170913,0.000986377,0.003184536
471,768,8,0.004055736,0.000872663,0.003183073
471,768,9,0.014660719,0.011543165,0.003117554
471,768,10,0.004698283,0.001432854,0.003265429
471,768,11,0.00475903,0.00156013,0.0031989
471,768,12,0.004447088,0.001255602,0.003191486
471,768,13,0.004135563,0.000957581,0.003177982
471,768,14,0.020734399,0.017487115,0.003247284
471,768,15,0.005341784,0.001993231,0.003348553
471,768,16,0.004543976,0.001236861,0.003307115
471,768,17,0.004929382,0.001664843,0.003264539
471,768,18,0.004874521,0.001505695,0.003368826
471,768,19,0.004822031,0.001530576,0.003291455
471,768,20,0.00465179,0.00125937,0.00339242
471,768,21,0.004466337,0.00105843,0.003407907
471,768,22,0.004403212,0.000959255,0.003443957
471,768,23,0.00434809,0.000950955,0.003397135
471,768,24,0.004556358,0.001054968,0.00350139
471,768,25,0.004511076,0.000970697,0.003540379
471,768,26,0.004556474,0.000898704,0.00365777
471,768,27,0.00437137,0.00063154,0.00373983
471,768,28,0.004191452,0.00048499,0.003706462
471,768,29,0.004450053,0.000686212,0.003763841
471,768,30,0.004260776,0.000505807,0.003754969
471,768,31,0.004335306,0.000518057,0.003817249
471,768,32,0.004427507,0.000516952,0.003910555
471,768,33,0.004453803,0.000515264,0.003938539
471,768,34,0.004516662,0.000534168,0.003982494
471,768,35,0.004495418,0.000527894,0.003967524
471,768,36,0.004527862,0.000544564,0.003983298
471,768,37,0.004522068,0.000526338,0.00399573
471,768,38,0.004545116,0.000508709,0.004036407
471,768,39,0.00446946,0.000529558,0.003939902
471,768,40,0.004527617,0.000543199,0.003984418
471,768,41,0.004408425,0.00055193,0.003856495
471,768,42,0.004517508,0.000540302,0.003977206
471,768,43,0.004440593,0.000569188,0.003871405
471,768,44,0.004443308,0.00055661,0.003886698
471,768,45,0.004396807,0.000586994,0.003809813
471,768,46,0.004504949,0.000577873,0.003927076
471,768,47,0.00444329,0.000585935,0.003857355
471,768,48,0.004955548,0.001125323,0.003830225
471,768,49,0.004555169,0.000747482,0.003807687
471,768,50,0.004526169,0.000740466,0.003785703
471,768,51,0.004518816,0.000726902,0.003791914
471,768,52,0.004553975,0.000804653,0.003749322
471,768,53,0.004571577,0.000803441,0.003768136
471,768,54,0.004795139,0.001004103,0.003791036
471,768,55,0.004419376,0.000688495,0.003730881
471,768,56,0.004651913,0.000898123,0.00375379
471,768,57,0.004345506,0.000637676,0.00370783
471,768,58,0.004810378,0.001075247,0.003735131
471,768,59,0.004530219,0.000896126,0.003634093
471,768,60,0.004657769,0.001097256,0.003560513
471,768,61,0.00481348,0.001252143,0.003561337
471,768,62,0.004884868,0.001345494,0.003539374
471,768,63,0.004738867,0.001213476,0.003525391
471,768,64,0.004634742,0.001018692,0.00361605
471,768,65,0.004770306,0.001173013,0.003597293
471,768,66,0.005378252,0.001733513,0.003644739
471,768,67,0.004463856,0.001004037,0.003459819
471,768,68,0.00453796,0.001016472,0.003521488
471,768,69,0.004521952,0.00097894,0.003543012
471,768,70,0.004494777,0.000860206,0.003634571
471,768,71,0.005190795,0.001710818,0.003479977
471,768,72,0.004917623,0.001489403,0.00342822
471,768,73,0.004910102,0.001418244,0.003491858
471,768,74,0.005120077,0.00154829,0.003571787
471,768,75,0.004647709,0.001074448,0.003573261
471,768,76,0.005379908,0.001869819,0.003510089
471,768,77,0.004885832,0.001351754,0.003534078
471,768,78,0.004893015,0.001362492,0.003530523
471,768,79,0.006305182,0.002930541,0.003374641
471,768,80,0.004872778,0.001489219,0.003383559
471,768,81,0.00479412,0.00128753,0.00350659
471,768,82,0.004349252,0.000835407,0.003513845
471,768,83,0.004645663,0.001204362,0.003441301
471,768,84,0.005758405,0.002314801,0.003443604
471,768,85,0.005559164,0.002079665,0.003479499
471,768,86,0.004774081,0.001153169,0.003620912
471,768,87,0.004281463,0.000820405,0.003461058
471,768,88,0.004589479,0.001203252,0.003386227
471,768,89,0.006915056,0.003548563,0.003366493
471,768,90,0.00533363,0.001711534,0.003622096
471,768,91,0.004284837,0.000712607,0.00357223
471,768,92,0.007447759,0.003993347,0.003454412
471,768,93,0.0054272,0.001955393,0.003471807
471,768,94,0.004335824,0.000882058,0.003453766
471,768,95,0.004005525,0.000711782,0.003293743
471,768,96,0.004517702,0.00122182,0.003295882
471,768,97,0.004672736,0.001453149,0.003219587
471,768,98,0.005672384,0.002437447,0.003234937
471,768,99,0.005610548,0.002371289,0.003239259
471,768,100,0.005426246,0.002281971,0.003144275
471,768,101,0.004743036,0.001366465,0.003376571
471,768,102,0.005971367,0.002641787,0.00332958
471,768,103,0.004936743,0.001725593,0.00321115
471,768,104,0.004156017,0.000856104,0.003299913
471,768,105,0.007048877,0.00371518,0.003333697
471,768,106,0.004603731,0.00124609,0.003357641
471,768,107,0.004380464,0.00093675,0.003443714
471,768,108,0.005456367,0.001985536,0.003470831
471,768,109,0.00444611,0.000990435,0.003455675
471,768,110,0.003946589,0.000783369,0.00316322
472,768,1,0.750264499,0.628425864,0.121838635
472,768,2,0.189560284,0.186533026,0.003027258
472,768,3,0.003768022,0.000629419,0.003138603
472,768,4,0.003963565,0.000818873,0.003144692
472,768,5,0.003494642,0.000386548,0.003108094
472,768,6,0.00355178,0.000413745,0.003138035
472,768,7,0.003759287,0.00057677,0.003182517
472,768,8,0.003804579,0.000682681,0.003121898
472,768,9,0.004020341,0.000844439,0.003175902
472,768,10,0.014340942,0.011204597,0.003136345
472,768,11,0.004614402,0.001461005,0.003153397
472,768,12,0.004777359,0.001666345,0.003111014
472,768,13,0.022546125,0.019336581,0.003209544
472,768,14,0.005298057,0.001840861,0.003457196
472,768,15,0.004576296,0.001167635,0.003408661
472,768,16,0.004928258,0.001571911,0.003356347
472,768,17,0.004533374,0.001234255,0.003299119
472,768,18,0.004687784,0.001361345,0.003326439
472,768,19,0.004591502,0.001317547,0.003273955
472,768,20,0.004391337,0.001095439,0.003295898
472,768,21,0.004392287,0.001016411,0.003375876
472,768,22,0.004342201,0.000941184,0.003401017
472,768,23,0.004568427,0.001098331,0.003470096
472,768,24,0.004431722,0.001009746,0.003421976
472,768,25,0.004555982,0.00102095,0.003535032
472,768,26,0.004384559,0.000834596,0.003549963
472,768,27,0.004355449,0.000713463,0.003641986
472,768,28,0.00441494,0.000722453,0.003692487
472,768,29,0.004150546,0.000498985,0.003651561
472,768,30,0.004231847,0.000575793,0.003656054
472,768,31,0.004366726,0.000499805,0.003866921
472,768,32,0.004334519,0.000502173,0.003832346
472,768,33,0.004363838,0.000516108,0.00384773
472,768,34,0.004488392,0.000535584,0.003952808
472,768,35,0.004518886,0.000567482,0.003951404
472,768,36,0.004521025,0.000550294,0.003970731
472,768,37,0.004475539,0.000527412,0.003948127
472,768,38,0.004578841,0.000545852,0.004032989
472,768,39,0.004474628,0.000534998,0.00393963
472,768,40,0.004473958,0.000536086,0.003937872
472,768,41,0.004469463,0.000584352,0.003885111
472,768,42,0.004447973,0.000549672,0.003898301
472,768,43,0.004422529,0.000569524,0.003853005
472,768,44,0.004634898,0.000763101,0.003871797
472,768,45,0.004416973,0.000575378,0.003841595
472,768,46,0.004750396,0.000933463,0.003816933
472,768,47,0.004684935,0.000803491,0.003881444
472,768,48,0.004553358,0.000783138,0.00377022
472,768,49,0.004566514,0.000770336,0.003796178
472,768,50,0.004670153,0.000858783,0.00381137
472,768,51,0.004449255,0.000693473,0.003755782
472,768,52,0.004728084,0.000921215,0.003806869
472,768,53,0.004624829,0.000908777,0.003716052
472,768,54,0.004637392,0.000881284,0.003756108
472,768,55,0.004595323,0.000855328,0.003739995
472,768,56,0.004511513,0.00079021,0.003721303
472,768,57,0.004637676,0.000954077,0.003683599
472,768,58,0.004678457,0.00094943,0.003729027
472,768,59,0.004587815,0.001019649,0.003568166
472,768,60,0.005010728,0.00143517,0.003575558
472,768,61,0.004874872,0.001305573,0.003569299
472,768,62,0.004797806,0.001187,0.003610806
472,768,63,0.004574425,0.000913027,0.003661398
472,768,64,0.00444304,0.000805523,0.003637517
472,768,65,0.004767639,0.001174085,0.003593554
472,768,66,0.004860755,0.001363879,0.003496876
472,768,67,0.004733696,0.001264209,0.003469487
472,768,68,0.004529941,0.001168809,0.003361132
472,768,69,0.00442115,0.00086633,0.00355482
472,768,70,0.005303462,0.001855201,0.003448261
472,768,71,0.004817602,0.001394892,0.00342271
472,768,72,0.004819116,0.001308338,0.003510778
472,768,73,0.004963346,0.001536947,0.003426399
472,768,74,0.004887084,0.001450841,0.003436243
472,768,75,0.00556121,0.002217823,0.003343387
472,768,76,0.004776719,0.001323246,0.003453473
472,768,77,0.004649174,0.001201086,0.003448088
472,768,78,0.00613923,0.00280779,0.00333144
472,768,79,0.005225916,0.001831067,0.003394849
472,768,80,0.004565707,0.00112705,0.003438657
472,768,81,0.004647421,0.00115437,0.003493051
472,768,82,0.004776065,0.001253983,0.003522082
472,768,83,0.005274214,0.001916022,0.003358192
472,768,84,0.005266326,0.001925274,0.003341052
472,768,85,0.00540827,0.001796238,0.003612032
472,768,86,0.004335737,0.000730079,0.003605658
472,768,87,0.004060852,0.000623734,0.003437118
472,768,88,0.006863596,0.003624267,0.003239329
472,768,89,0.005981868,0.002417666,0.003564202
472,768,90,0.004539779,0.000815132,0.003724647
472,768,91,0.006937439,0.003439927,0.003497512
472,768,92,0.005472094,0.002120543,0.003351551
472,768,93,0.004630902,0.001103027,0.003527875
472,768,94,0.004179137,0.000692394,0.003486743
472,768,95,0.004125548,0.00089734,0.003228208
472,768,96,0.004581983,0.001303273,0.00327871
472,768,97,0.005619521,0.002461579,0.003157942
472,768,98,0.005993273,0.002727168,0.003266105
472,768,99,0.005466362,0.00223321,0.003233152
472,768,100,0.004755624,0.001407045,0.003348579
472,768,101,0.006213485,0.002839576,0.003373909
472,768,102,0.005151831,0.001712885,0.003438946
472,768,103,0.003809112,0.000505662,0.00330345
472,768,104,0.006616915,0.003355973,0.003260942
472,768,105,0.004781532,0.001371452,0.00341008
472,768,106,0.004413768,0.00099514,0.003418628
472,768,107,0.00555945,0.002185383,0.003374067
472,768,108,0.004554619,0.000926134,0.003628485
472,768,109,0.004169099,0.00072387,0.003445229
472,768,110,0.003879293,0.000751912,0.003127381
473,768,1,0.754788147,0.630714084,0.124074063
473,768,2,0.18330376,0.180277215,0.003026545
473,768,3,0.071493068,0.068468996,0.003024072
473,768,4,0.004043092,0.000932538,0.003110554
473,768,5,0.003807446,0.000676054,0.003131392
473,768,6,0.003544261,0.000376628,0.003167633
473,768,7,0.003546723,0.00042492,0.003121803
473,768,8,0.00381375,0.000663324,0.003150426
473,768,9,0.00398048,0.000787082,0.003193398
473,768,10,0.004014641,0.000833083,0.003181558
473,768,11,0.014165252,0.011003551,0.003161701
473,768,12,0.024495181,0.021338148,0.003157033
473,768,13,0.004753296,0.001525967,0.003227329
473,768,14,0.004985745,0.001606629,0.003379116
473,768,15,0.004477937,0.001029204,0.003448733
473,768,16,0.004601559,0.001237528,0.003364031
473,768,17,0.004551308,0.001143305,0.003408003
473,768,18,0.004646275,0.001240599,0.003405676
473,768,19,0.004384921,0.000989661,0.00339526
473,768,20,0.004340443,0.000948861,0.003391582
473,768,21,0.004481033,0.001040791,0.003440242
473,768,22,0.004385438,0.000889335,0.003496103
473,768,23,0.004351743,0.000938803,0.00341294
473,768,24,0.004590925,0.00107187,0.003519055
473,768,25,0.004432056,0.00088038,0.003551676
473,768,26,0.004588822,0.00091356,0.003675262
473,768,27,0.004325547,0.000547431,0.003778116
473,768,28,0.004170655,0.00048291,0.003687745
473,768,29,0.004501733,0.000657782,0.003843951
473,768,30,0.004383037,0.000507848,0.003875189
473,768,31,0.004401658,0.00051121,0.003890448
473,768,32,0.004367398,0.000505494,0.003861904
473,768,33,0.004405321,0.00053345,0.003871871
473,768,34,0.004452012,0.000508673,0.003943339
473,768,35,0.004515658,0.000529601,0.003986057
473,768,36,0.004507881,0.000537197,0.003970684
473,768,37,0.004470792,0.000540152,0.00393064
473,768,38,0.004500795,0.000528468,0.003972327
473,768,39,0.004457627,0.000551615,0.003906012
473,768,40,0.004523157,0.000545231,0.003977926
473,768,41,0.004484761,0.000570997,0.003913764
473,768,42,0.004628101,0.00064144,0.003986661
473,768,43,0.004469166,0.00058788,0.003881286
473,768,44,0.004592796,0.000710074,0.003882722
473,768,45,0.004960531,0.001117808,0.003842723
473,768,46,0.004472937,0.000637747,0.00383519
473,768,47,0.004560739,0.00075134,0.003809399
473,768,48,0.004641316,0.000824433,0.003816883
473,768,49,0.004478365,0.000676827,0.003801538
473,768,50,0.004755498,0.000889366,0.003866132
473,768,51,0.004375142,0.00063827,0.003736872
473,768,52,0.004824619,0.001088798,0.003735821
473,768,53,0.00467999,0.000900673,0.003779317
473,768,54,0.00459698,0.000817105,0.003779875
473,768,55,0.004562505,0.000893765,0.00366874
473,768,56,0.004712198,0.000969078,0.00374312
473,768,57,0.004487255,0.000781596,0.003705659
473,768,58,0.004710723,0.001023171,0.003687552
473,768,59,0.004665395,0.001010724,0.003654671
473,768,60,0.004432084,0.000849244,0.00358284
473,768,61,0.004642734,0.001005917,0.003636817
473,768,62,0.004697782,0.00102025,0.003677532
473,768,63,0.004390112,0.000787445,0.003602667
473,768,64,0.005155867,0.001568051,0.003587816
473,768,65,0.004792082,0.001139697,0.003652385
473,768,66,0.004658402,0.001042731,0.003615671
473,768,67,0.004439497,0.00096424,0.003475257
473,768,68,0.004555074,0.0011061,0.003448974
473,768,69,0.004434138,0.000857004,0.003577134
473,768,70,0.004376052,0.000761592,0.00361446
473,768,71,0.005117763,0.001638018,0.003479745
473,768,72,0.004937305,0.001411721,0.003525584
473,768,73,0.005011517,0.001449628,0.003561889
473,768,74,0.006963802,0.003605294,0.003358508
473,768,75,0.004966475,0.001532231,0.003434244
473,768,76,0.0044498,0.00108458,0.00336522
473,768,77,0.006369982,0.002959257,0.003410725
473,768,78,0.00462851,0.001237187,0.003391323
473,768,79,0.004771649,0.001320061,0.003451588
473,768,80,0.00468741,0.00114381,0.0035436
473,768,81,0.004490237,0.000975296,0.003514941
473,768,82,0.005778857,0.00232569,0.003453167
473,768,83,0.005423139,0.002012957,0.003410182
473,768,84,0.004452061,0.000966778,0.003485283
473,768,85,0.004798585,0.001202375,0.00359621
473,768,86,0.004387456,0.000736674,0.003650782
473,768,87,0.006888827,0.003547597,0.00334123
473,768,88,0.005267845,0.001944629,0.003323216
473,768,89,0.004912078,0.001341143,0.003570935
473,768,90,0.004777111,0.000959193,0.003817918
473,768,91,0.006647469,0.0030899,0.003557569
473,768,92,0.004562267,0.001073902,0.003488365
473,768,93,0.00492339,0.001424197,0.003499193
473,768,94,0.004298744,0.000818706,0.003480038
473,768,95,0.005177091,0.002005815,0.003171276
473,768,96,0.004996724,0.001893578,0.003103146
473,768,97,0.006402233,0.00323885,0.003163383
473,768,98,0.005779971,0.00241523,0.003364741
473,768,99,0.004310568,0.000914189,0.003396379
473,768,100,0.006759652,0.003501022,0.00325863
473,768,101,0.005099256,0.001726177,0.003373079
473,768,102,0.004018865,0.000625901,0.003392964
473,768,103,0.003867643,0.000596164,0.003271479
473,768,104,0.004139471,0.000870217,0.003269254
473,768,105,0.006226745,0.002875448,0.003351297
473,768,106,0.006771886,0.003476575,0.003295311
473,768,107,0.004473798,0.000978291,0.003495507
473,768,108,0.004231358,0.000634981,0.003596377
473,768,109,0.00431732,0.000872783,0.003444537
473,768,110,0.003766429,0.00064735,0.003119079
474,768,1,0.756284528,0.633111756,0.123172772
474,768,2,0.147702954,0.144682355,0.003020599
474,768,3,0.003585928,0.000493583,0.003092345
474,768,4,0.046050387,0.042996126,0.003054261
474,768,5,0.004083152,0.00097156,0.003111592
474,768,6,0.003785608,0.000680966,0.003104642
474,768,7,0.003613205,0.000464825,0.00314838
474,768,8,0.003780407,0.000599705,0.003180702
474,768,9,0.004132079,0.000908436,0.003223643
474,768,10,0.004108319,0.000900759,0.00320756
474,768,11,0.035034922,0.031871379,0.003163543
474,768,12,0.004684927,0.001456543,0.003228384
474,768,13,0.004493333,0.00110991,0.003383423
474,768,14,0.004505734,0.001112095,0.003393639
474,768,15,0.004435538,0.000936409,0.003499129
474,768,16,0.004531543,0.001129229,0.003402314
474,768,17,0.004517377,0.001148708,0.003368669
474,768,18,0.004568272,0.001143569,0.003424703
474,768,19,0.004393383,0.000998972,0.003394411
474,768,20,0.004359422,0.001037546,0.003321876
474,768,21,0.004405787,0.001030196,0.003375591
474,768,22,0.00439237,0.000964151,0.003428219
474,768,23,0.004549956,0.001026665,0.003523291
474,768,24,0.004400388,0.000946319,0.003454069
474,768,25,0.004560639,0.001056596,0.003504043
474,768,26,0.004547283,0.000881674,0.003665609
474,768,27,0.004223665,0.000525422,0.003698243
474,768,28,0.004222833,0.000584546,0.003638287
474,768,29,0.004441677,0.000669984,0.003771693
474,768,30,0.004392528,0.000671056,0.003721472
474,768,31,0.004279343,0.00050719,0.003772153
474,768,32,0.004498142,0.000673088,0.003825054
474,768,33,0.004328157,0.000540459,0.003787698
474,768,34,0.004705805,0.000802126,0.003903679
474,768,35,0.004491736,0.000571956,0.00391978
474,768,36,0.004598176,0.000659485,0.003938691
474,768,37,0.004509975,0.000530383,0.003979592
474,768,38,0.004531372,0.000577007,0.003954365
474,768,39,0.004490654,0.000547395,0.003943259
474,768,40,0.004519679,0.000609681,0.003909998
474,768,41,0.004632902,0.000748096,0.003884806
474,768,42,0.00458113,0.000769558,0.003811572
474,768,43,0.004643523,0.000810984,0.003832539
474,768,44,0.004887749,0.000997817,0.003889932
474,768,45,0.004497645,0.000604828,0.003892817
474,768,46,0.004623862,0.000767026,0.003856836
474,768,47,0.004590338,0.000630681,0.003959657
474,768,48,0.004441457,0.000620992,0.003820465
474,768,49,0.004749473,0.000878124,0.003871349
474,768,50,0.004424907,0.000641453,0.003783454
474,768,51,0.004843908,0.000987926,0.003855982
474,768,52,0.004663035,0.00079056,0.003872475
474,768,53,0.004540295,0.000676247,0.003864048
474,768,54,0.004612383,0.000843201,0.003769182
474,768,55,0.004738889,0.000939248,0.003799641
474,768,56,0.004456456,0.000753661,0.003702795
474,768,57,0.004726518,0.00101969,0.003706828
474,768,58,0.00467383,0.00094923,0.0037246
474,768,59,0.004488579,0.00084067,0.003647909
474,768,60,0.00451761,0.000883787,0.003633823
474,768,61,0.004811122,0.001070549,0.003740573
474,768,62,0.004532798,0.000809314,0.003723484
474,768,63,0.004961176,0.001354149,0.003607027
474,768,64,0.004734916,0.001183298,0.003551618
474,768,65,0.004424039,0.000804094,0.003619945
474,768,66,0.004494088,0.000917606,0.003576482
474,768,67,0.00438208,0.000864129,0.003517951
474,768,68,0.0045213,0.001076575,0.003444725
474,768,69,0.004362553,0.000763692,0.003598861
474,768,70,0.004484611,0.000866195,0.003618416
474,768,71,0.004236454,0.000686957,0.003549497
474,768,72,0.006317487,0.002974302,0.003343185
474,768,73,0.007420423,0.004014526,0.003405897
474,768,74,0.004947589,0.001422299,0.00352529
474,768,75,0.004347851,0.00094125,0.003406601
474,768,76,0.006451214,0.002913516,0.003537698
474,768,77,0.004893403,0.001283311,0.003610092
474,768,78,0.004384396,0.00088543,0.003498966
474,768,79,0.004598377,0.00107401,0.003524367
474,768,80,0.004552997,0.001121413,0.003431584
474,768,81,0.005835145,0.00228355,0.003551595
474,768,82,0.005453706,0.001990241,0.003463465
474,768,83,0.004556434,0.001015136,0.003541298
474,768,84,0.004412346,0.000929541,0.003482805
474,768,85,0.004644226,0.000996666,0.00364756
474,768,86,0.0069387,0.003453425,0.003485275
474,768,87,0.005243685,0.001875566,0.003368119
474,768,88,0.004503484,0.001160538,0.003342946
474,768,89,0.005222899,0.001381272,0.003841627
474,768,90,0.004442869,0.000616456,0.003826413
474,768,91,0.004072083,0.000465182,0.003606901
474,768,92,0.005955456,0.002520163,0.003435293
474,768,93,0.004607833,0.001181539,0.003426294
474,768,94,0.006988325,0.0035872,0.003401125
474,768,95,0.004961665,0.001709071,0.003252594
474,768,96,0.006179447,0.003009152,0.003170295
474,768,97,0.005548063,0.002318499,0.003229564
474,768,98,0.004467855,0.001068857,0.003398998
474,768,99,0.004412519,0.000965221,0.003447298
474,768,100,0.004198429,0.000850609,0.00334782
474,768,101,0.005799584,0.002382449,0.003417135
474,768,102,0.005100812,0.001637569,0.003463243
474,768,103,0.003833244,0.00051597,0.003317274
474,768,104,0.004826774,0.001501183,0.003325591
474,768,105,0.008642983,0.005318001,0.003324982
474,768,106,0.0044283,0.001055679,0.003372621
474,768,107,0.00433687,0.000882282,0.003454588
474,768,108,0.004164178,0.000651412,0.003512766
474,768,109,0.004310368,0.000851768,0.0034586
474,768,110,0.003878604,0.000719128,0.003159476
475,768,1,0.752559692,0.629100385,0.123459307
475,768,2,0.141568224,0.138544894,0.00302333
475,768,3,0.072155791,0.069139326,0.003016465
475,768,4,0.003759151,0.000626896,0.003132255
475,768,5,0.04586055,0.042830121,0.003030429
475,768,6,0.00406749,0.001042541,0.003024949
475,768,7,0.003927503,0.0007413,0.003186203
475,768,8,0.00367005,0.000549737,0.003120313
475,768,9,0.004175895,0.001021344,0.003154551
475,768,10,0.036074797,0.032993188,0.003081609
475,768,11,0.004486917,0.001359276,0.003127641
475,768,12,0.004235709,0.001026729,0.00320898
475,768,13,0.004238847,0.000927309,0.003311538
475,768,14,0.004459178,0.001013573,0.003445605
475,768,15,0.004435141,0.001049004,0.003386137
475,768,16,0.004445675,0.00100029,0.003445385
475,768,17,0.004417204,0.000967356,0.003449848
475,768,18,0.004582044,0.00112636,0.003455684
475,768,19,0.004302998,0.00086603,0.003436968
475,768,20,0.004259365,0.000857081,0.003402284
475,768,21,0.004299017,0.0008626,0.003436417
475,768,22,0.004453142,0.000973469,0.003479673
475,768,23,0.004437146,0.000964966,0.00347218
475,768,24,0.004562025,0.00106035,0.003501675
475,768,25,0.004603561,0.000971705,0.003631856
475,768,26,0.004470608,0.000784127,0.003686481
475,768,27,0.00460568,0.000754454,0.003851226
475,768,28,0.004349598,0.000644935,0.003704663
475,768,29,0.004514576,0.000694796,0.00381978
475,768,30,0.004293867,0.000505123,0.003788744
475,768,31,0.004422658,0.000521156,0.003901502
475,768,32,0.004320201,0.000547861,0.00377234
475,768,33,0.0046148,0.000707086,0.003907714
475,768,34,0.004407052,0.000579654,0.003827398
475,768,35,0.004589824,0.000652801,0.003937023
475,768,36,0.004448444,0.000580748,0.003867696
475,768,37,0.004598774,0.000688684,0.00391009
475,768,38,0.00448348,0.000589944,0.003893536
475,768,39,0.004579393,0.000620728,0.003958665
475,768,40,0.004602133,0.000699221,0.003902912
475,768,41,0.004690273,0.000787526,0.003902747
475,768,42,0.004625057,0.000783532,0.003841525
475,768,43,0.004765199,0.000877748,0.003887451
475,768,44,0.004551648,0.000708333,0.003843315
475,768,45,0.004685031,0.000792967,0.003892064
475,768,46,0.004469441,0.000612841,0.0038566
475,768,47,0.004585474,0.000715631,0.003869843
475,768,48,0.00465757,0.000780907,0.003876663
475,768,49,0.004499769,0.000714354,0.003785415
475,768,50,0.004649208,0.000878528,0.00377068
475,768,51,0.004669252,0.000898116,0.003771136
475,768,52,0.004543557,0.000801002,0.003742555
475,768,53,0.004791768,0.001013031,0.003778737
475,768,54,0.004580457,0.000835899,0.003744558
475,768,55,0.004494198,0.000807287,0.003686911
475,768,56,0.004631316,0.000972274,0.003659042
475,768,57,0.004646655,0.000954506,0.003692149
475,768,58,0.004538114,0.000949319,0.003588795
475,768,59,0.004698341,0.001118001,0.00358034
475,768,60,0.004445519,0.000921968,0.003523551
475,768,61,0.004857155,0.001266011,0.003591144
475,768,62,0.004636549,0.000930012,0.003706537
475,768,63,0.004441061,0.000849792,0.003591269
475,768,64,0.004620513,0.000990703,0.00362981
475,768,65,0.004432805,0.000801491,0.003631314
475,768,66,0.004470577,0.000844661,0.003625916
475,768,67,0.004356218,0.000875347,0.003480871
475,768,68,0.00443743,0.000899649,0.003537781
475,768,69,0.004464771,0.000875138,0.003589633
475,768,70,0.004564434,0.00096161,0.003602824
475,768,71,0.006524821,0.00323227,0.003292551
475,768,72,0.007220649,0.003837208,0.003383441
475,768,73,0.00515349,0.001662849,0.003490641
475,768,74,0.004607455,0.001055382,0.003552073
475,768,75,0.006135788,0.002631338,0.00350445
475,768,76,0.004729028,0.001118982,0.003610046
475,768,77,0.004782573,0.001190277,0.003592296
475,768,78,0.004195396,0.000770031,0.003425365
475,768,79,0.004492238,0.001148928,0.00334331
475,768,80,0.005753228,0.002325907,0.003427321
475,768,81,0.005759227,0.002309094,0.003450133
475,768,82,0.004689662,0.001106715,0.003582947
475,768,83,0.004559676,0.000982107,0.003577569
475,768,84,0.004357703,0.00086694,0.003490763
475,768,85,0.004507077,0.000917666,0.003589411
475,768,86,0.004399144,0.000699615,0.003699529
475,768,87,0.006359489,0.003006531,0.003352958
475,768,88,0.005183975,0.001867355,0.00331662
475,768,89,0.005036185,0.001406772,0.003629413
475,768,90,0.00464463,0.000827412,0.003817218
475,768,91,0.004172063,0.000586251,0.003585812
475,768,92,0.006344844,0.002905991,0.003438853
475,768,93,0.007453188,0.004067545,0.003385643
475,768,94,0.005106365,0.001815329,0.003291036
475,768,95,0.006249211,0.003026701,0.00322251
475,768,96,0.005421501,0.00224019,0.003181311
475,768,97,0.004305273,0.001011614,0.003293659
475,768,98,0.004497396,0.001121939,0.003375457
475,768,99,0.004352546,0.000927898,0.003424648
475,768,100,0.004373426,0.000987152,0.003386274
475,768,101,0.004339258,0.000849942,0.003489316
475,768,102,0.00592249,0.002543082,0.003379408
475,768,103,0.004937532,0.00160776,0.003329772
475,768,104,0.005110101,0.001783179,0.003326922
475,768,105,0.005072748,0.0016293,0.003443448
475,768,106,0.006252697,0.002959274,0.003293423
475,768,107,0.004452478,0.000976203,0.003476275
475,768,108,0.004314783,0.000739885,0.003574898
475,768,109,0.00418983,0.000780157,0.003409673
475,768,110,0.005742441,0.002694275,0.003048166
476,768,1,0.749685957,0.626358208,0.123327749
476,768,2,0.199764871,0.196736671,0.0030282
476,768,3,0.003570225,0.000456587,0.003113638
476,768,4,0.062746115,0.059725409,0.003020706
476,768,5,0.003913342,0.000749916,0.003163426
476,768,6,0.011126435,0.008091856,0.003034579
476,768,7,0.004166494,0.00112861,0.003037884
476,768,8,0.00396155,0.000791602,0.003169948
476,768,9,0.004152325,0.000966013,0.003186312
476,768,10,0.004056124,0.000856605,0.003199519
476,768,11,0.035942405,0.032786896,0.003155509
476,768,12,0.004577646,0.001339102,0.003238544
476,768,13,0.004503054,0.001119902,0.003383152
476,768,14,0.004601597,0.001199824,0.003401773
476,768,15,0.004413904,0.000952882,0.003461022
476,768,16,0.004696465,0.001236815,0.00345965
476,768,17,0.004348856,0.000956152,0.003392704
476,768,18,0.004740697,0.001297891,0.003442806
476,768,19,0.004306391,0.000937372,0.003369019
476,768,20,0.004379757,0.001010041,0.003369716
476,768,21,0.004373178,0.001007647,0.003365531
476,768,22,0.00444371,0.001036357,0.003407353
476,768,23,0.004575518,0.001091527,0.003483991
476,768,24,0.004460631,0.001026542,0.003434089
476,768,25,0.004685703,0.001116921,0.003568782
476,768,26,0.004606182,0.000950647,0.003655535
476,768,27,0.004471289,0.000730149,0.00374114
476,768,28,0.004298766,0.000696645,0.003602121
476,768,29,0.004454484,0.000713071,0.003741413
476,768,30,0.004355001,0.000627283,0.003727718
476,768,31,0.004393003,0.00056678,0.003826223
476,768,32,0.004528618,0.000561346,0.003967272
476,768,33,0.004450572,0.000605058,0.003845514
476,768,34,0.004517997,0.000593439,0.003924558
476,768,35,0.004524826,0.00064036,0.003884466
476,768,36,0.004532138,0.000572483,0.003959655
476,768,37,0.004485597,0.000644714,0.003840883
476,768,38,0.004487224,0.000608133,0.003879091
476,768,39,0.004502756,0.000633802,0.003868954
476,768,40,0.004497842,0.000597173,0.003900669
476,768,41,0.004510309,0.000632533,0.003877776
476,768,42,0.004512614,0.000601031,0.003911583
476,768,43,0.004542594,0.000599548,0.003943046
476,768,44,0.004634159,0.000674987,0.003959172
476,768,45,0.004558156,0.000582055,0.003976101
476,768,46,0.004577012,0.000663714,0.003913298
476,768,47,0.004538918,0.000586068,0.00395285
476,768,48,0.004514531,0.00062005,0.003894481
476,768,49,0.004548189,0.000709497,0.003838692
476,768,50,0.004648231,0.000718517,0.003929714
476,768,51,0.004544675,0.000694455,0.00385022
476,768,52,0.004765039,0.000860352,0.003904687
476,768,53,0.004560313,0.000611267,0.003949046
476,768,54,0.004673245,0.000859765,0.00381348
476,768,55,0.004704499,0.000844174,0.003860325
476,768,56,0.004440218,0.000705208,0.00373501
476,768,57,0.004692948,0.000897438,0.00379551
476,768,58,0.004577005,0.000856995,0.00372001
476,768,59,0.004472924,0.000825514,0.00364741
476,768,60,0.004695195,0.001060096,0.003635099
476,768,61,0.004720002,0.000993849,0.003726153
476,768,62,0.004668386,0.000918056,0.00375033
476,768,63,0.004401781,0.000691804,0.003709977
476,768,64,0.004445459,0.000754565,0.003690894
476,768,65,0.004621023,0.000869381,0.003751642
476,768,66,0.004479424,0.000788673,0.003690751
476,768,67,0.004484634,0.000934564,0.00355007
476,768,68,0.004524243,0.000927463,0.00359678
476,768,69,0.004440723,0.000787698,0.003653025
476,768,70,0.007449694,0.004107197,0.003342497
476,768,71,0.006872696,0.00350448,0.003368216
476,768,72,0.005245478,0.001647489,0.003597989
476,768,73,0.004625653,0.001095242,0.003530411
476,768,74,0.006203085,0.002719779,0.003483306
476,768,75,0.00448319,0.000889793,0.003593397
476,768,76,0.004444997,0.000888145,0.003556852
476,768,77,0.00485185,0.001354563,0.003497287
476,768,78,0.004221426,0.000784497,0.003436929
476,768,79,0.00580058,0.002562704,0.003237876
476,768,80,0.005815039,0.002405211,0.003409828
476,768,81,0.004726324,0.001162658,0.003563666
476,768,82,0.004258102,0.000749313,0.003508789
476,768,83,0.004711289,0.00116488,0.003546409
476,768,84,0.004103117,0.000657966,0.003445151
476,768,85,0.004745564,0.001102642,0.003642922
476,768,86,0.004483078,0.000676914,0.003806164
476,768,87,0.00704001,0.003715686,0.003324324
476,768,88,0.004617126,0.001152559,0.003464567
476,768,89,0.005003051,0.00110895,0.003894101
476,768,90,0.004432542,0.000532242,0.0039003
476,768,91,0.006301463,0.002747751,0.003553712
476,768,92,0.005115472,0.001531523,0.003583949
476,768,93,0.004329994,0.000756968,0.003573026
476,768,94,0.005895359,0.002507216,0.003388143
476,768,95,0.007728221,0.004553983,0.003174238
476,768,96,0.004883159,0.001683041,0.003200118
476,768,97,0.004443589,0.001101624,0.003341965
476,768,98,0.004665102,0.001283617,0.003381485
476,768,99,0.004388716,0.001014482,0.003374234
476,768,100,0.004510437,0.001061609,0.003448828
476,768,101,0.006389652,0.003000183,0.003389469
476,768,102,0.004782091,0.001474138,0.003307953
476,768,103,0.003968363,0.000675909,0.003292454
476,768,104,0.005970726,0.002607586,0.00336314
476,768,105,0.004988219,0.001416029,0.00357219
476,768,106,0.004235623,0.000875141,0.003360482
476,768,107,0.005132438,0.001740847,0.003391591
476,768,108,0.004425066,0.000828578,0.003596488
476,768,109,0.006531604,0.003433412,0.003098192
476,768,110,0.005401576,0.00237332,0.003028256
477,768,1,0.753417102,0.629311031,0.124106071
477,768,2,0.185211783,0.182189677,0.003022106
477,768,3,0.065409179,0.062386219,0.00302296
477,768,4,0.003738201,0.000639068,0.003099133
477,768,5,0.003561189,0.00039974,0.003161449
477,768,6,0.007585605,0.004557444,0.003028161
477,768,7,0.006504363,0.003474829,0.003029534
477,768,8,0.004149456,0.001114932,0.003034524
477,768,9,0.004130176,0.000961816,0.00316836
477,768,10,0.004304904,0.00113671,0.003168194
477,768,11,0.00430488,0.001146934,0.003157946
477,768,12,0.035924848,0.032755239,0.003169609
477,768,13,0.004907906,0.001638978,0.003268928
477,768,14,0.004622203,0.001251042,0.003371161
477,768,15,0.004600969,0.001136203,0.003464766
477,768,16,0.004395358,0.00105927,0.003336088
477,768,17,0.004686279,0.001324033,0.003362246
477,768,18,0.004318758,0.000951189,0.003367569
477,768,19,0.00470257,0.001303158,0.003399412
477,768,20,0.004316732,0.000926487,0.003390245
477,768,21,0.004534976,0.001045482,0.003489494
477,768,22,0.004312636,0.000859267,0.003453369
477,768,23,0.004478793,0.001045849,0.003432944
477,768,24,0.004494213,0.001041251,0.003452962
477,768,25,0.004547771,0.000974358,0.003573413
477,768,26,0.004536268,0.000893411,0.003642857
477,768,27,0.004662481,0.000926534,0.003735947
477,768,28,0.004338883,0.000623273,0.00371561
477,768,29,0.004270309,0.000597485,0.003672824
477,768,30,0.004452915,0.000752889,0.003700026
477,768,31,0.004396751,0.000570414,0.003826337
477,768,32,0.004367918,0.000610511,0.003757407
477,768,33,0.004561278,0.000705322,0.003855956
477,768,34,0.004481094,0.00064567,0.003835424
477,768,35,0.004546296,0.000615287,0.003931009
477,768,36,0.004480362,0.000661001,0.003819361
477,768,37,0.004586646,0.000702278,0.003884368
477,768,38,0.00441199,0.000566404,0.003845586
477,768,39,0.004573116,0.00070263,0.003870486
477,768,40,0.004406393,0.000571117,0.003835276
477,768,41,0.004589829,0.000696539,0.00389329
477,768,42,0.00440101,0.000586405,0.003814605
477,768,43,0.004691371,0.000736561,0.00395481
477,768,44,0.004481582,0.000611024,0.003870558
477,768,45,0.004648393,0.000718741,0.003929652
477,768,46,0.004473892,0.000632405,0.003841487
477,768,47,0.004572806,0.000758525,0.003814281
477,768,48,0.004514422,0.000710952,0.00380347
477,768,49,0.004587087,0.000754015,0.003833072
477,768,50,0.004570846,0.000733236,0.00383761
477,768,51,0.004635497,0.000769713,0.003865784
477,768,52,0.004516471,0.000766062,0.003750409
477,768,53,0.004867815,0.000969189,0.003898626
477,768,54,0.0043554,0.000615975,0.003739425
477,768,55,0.004909352,0.00109557,0.003813782
477,768,56,0.004571953,0.000865517,0.003706436
477,768,57,0.004622916,0.000870786,0.00375213
477,768,58,0.004506414,0.00084948,0.003656934
477,768,59,0.004533442,0.000893874,0.003639568
477,768,60,0.00447821,0.000908832,0.003569378
477,768,61,0.004721664,0.001014706,0.003706958
477,768,62,0.004697906,0.001004414,0.003693492
477,768,63,0.004407507,0.000819676,0.003587831
477,768,64,0.004691034,0.001019806,0.003671228
477,768,65,0.004401705,0.000746921,0.003654784
477,768,66,0.004498415,0.000907237,0.003591178
477,768,67,0.004708061,0.001198228,0.003509833
477,768,68,0.004472169,0.0009585,0.003513669
477,768,69,0.008342735,0.004984818,0.003357917
477,768,70,0.006870978,0.003506839,0.003364139
477,768,71,0.004727968,0.001308037,0.003419931
477,768,72,0.004777178,0.001293508,0.00348367
477,768,73,0.00454537,0.000966235,0.003579135
477,768,74,0.004553229,0.00089241,0.003660819
477,768,75,0.005567024,0.002082357,0.003484667
477,768,76,0.004728116,0.001195816,0.0035323
477,768,77,0.004494081,0.000930433,0.003563648
477,768,78,0.006525657,0.003180553,0.003345104
477,768,79,0.005608962,0.002163803,0.003445159
477,768,80,0.004743758,0.001201694,0.003542064
477,768,81,0.004469632,0.000958371,0.003511261
477,768,82,0.004418976,0.000911703,0.003507273
477,768,83,0.004468817,0.001021258,0.003447559
477,768,84,0.004363857,0.000935921,0.003427936
477,768,85,0.004513221,0.000992214,0.003521007
477,768,86,0.007142201,0.003760874,0.003381327
477,768,87,0.004452838,0.001076287,0.003376551
477,768,88,0.004445088,0.001116352,0.003328736
477,768,89,0.004891583,0.001334124,0.003557459
477,768,90,0.006734312,0.0032445,0.003489812
477,768,91,0.004531869,0.001095671,0.003436198
477,768,92,0.004668989,0.001287213,0.003381776
477,768,93,0.004417186,0.000925032,0.003492154
477,768,94,0.004211838,0.000699199,0.003512639
477,768,95,0.00524311,0.001986065,0.003257045
477,768,96,0.008322476,0.005141494,0.003180982
477,768,97,0.00460238,0.001326058,0.003276322
477,768,98,0.00465546,0.001212151,0.003443309
477,768,99,0.004454992,0.001078515,0.003376477
477,768,100,0.00453444,0.001152389,0.003382051
477,768,101,0.004414697,0.000925725,0.003488972
477,768,102,0.005912777,0.002582759,0.003330018
477,768,103,0.006967361,0.003748396,0.003218965
477,768,104,0.004775048,0.001497827,0.003277221
477,768,105,0.004572832,0.001108445,0.003464387
477,768,106,0.004294885,0.000873583,0.003421302
477,768,107,0.004428074,0.000954341,0.003473733
477,768,108,0.004519245,0.000953,0.003566245
477,768,109,0.005035797,0.00170479,0.003331007
477,768,110,0.005584326,0.00252733,0.003056996
478,768,1,0.751262495,0.630543924,0.120718571
478,768,2,0.118044602,0.114984574,0.003060028
478,768,3,0.003661503,0.00050374,0.003157763
478,768,4,0.00346081,0.000328449,0.003132361
478,768,5,0.00771239,0.00465579,0.0030566
478,768,6,0.004041896,0.000976943,0.003064953
478,768,7,0.003858457,0.000702911,0.003155546
478,768,8,0.005060566,0.001992613,0.003067953
478,768,9,0.004525574,0.001285136,0.003240438
478,768,10,0.00398576,0.000721185,0.003264575
478,768,11,0.00454885,0.001369824,0.003179026
478,768,12,0.004236339,0.001025738,0.003210601
478,768,13,0.036201102,0.03294246,0.003258642
478,768,14,0.00523156,0.001813901,0.003417659
478,768,15,0.004602684,0.001197932,0.003404752
478,768,16,0.004547966,0.001082287,0.003465679
478,768,17,0.00448209,0.001158963,0.003323127
478,768,18,0.004547123,0.001107482,0.003439641
478,768,19,0.004415092,0.001025702,0.00338939
478,768,20,0.004393776,0.00093178,0.003461996
478,768,21,0.004323702,0.000900221,0.003423481
478,768,22,0.004591887,0.001108683,0.003483204
478,768,23,0.004470605,0.000996626,0.003473979
478,768,24,0.004512406,0.001010894,0.003501512
478,768,25,0.004565052,0.000993533,0.003571519
478,768,26,0.004527408,0.000849777,0.003677631
478,768,27,0.004402102,0.00060323,0.003798872
478,768,28,0.004458164,0.000715382,0.003742782
478,768,29,0.004492151,0.000668733,0.003823418
478,768,30,0.004325925,0.000497341,0.003828584
478,768,31,0.004507098,0.000559908,0.00394719
478,768,32,0.004412469,0.000500464,0.003912005
478,768,33,0.004411404,0.000538352,0.003873052
478,768,34,0.004508379,0.000526874,0.003981505
478,768,35,0.004505094,0.000546347,0.003958747
478,768,36,0.004557883,0.000540056,0.004017827
478,768,37,0.004518752,0.000546586,0.003972166
478,768,38,0.004662247,0.000550837,0.00411141
478,768,39,0.004528969,0.000578296,0.003950673
478,768,40,0.004512644,0.000598625,0.003914019
478,768,41,0.004480802,0.000549576,0.003931226
478,768,42,0.004460219,0.00061781,0.003842409
478,768,43,0.004514248,0.000579478,0.00393477
478,768,44,0.004464579,0.000601976,0.003862603
478,768,45,0.004534731,0.000625827,0.003908904
478,768,46,0.004553779,0.000673089,0.00388069
478,768,47,0.00452515,0.000659126,0.003866024
478,768,48,0.004476048,0.00062311,0.003852938
478,768,49,0.00448128,0.000602932,0.003878348
478,768,50,0.004618164,0.000708939,0.003909225
478,768,51,0.00449971,0.000644235,0.003855475
478,768,52,0.004648666,0.000726652,0.003922014
478,768,53,0.004567308,0.000757884,0.003809424
478,768,54,0.004738201,0.000929719,0.003808482
478,768,55,0.004455861,0.000639019,0.003816842
478,768,56,0.004768317,0.001057137,0.00371118
478,768,57,0.004630821,0.000902587,0.003728234
478,768,58,0.004695708,0.000949351,0.003746357
478,768,59,0.004381592,0.000740545,0.003641047
478,768,60,0.004529637,0.000873729,0.003655908
478,768,61,0.004574807,0.000892933,0.003681874
478,768,62,0.004663171,0.000979237,0.003683934
478,768,63,0.004676203,0.00096219,0.003714013
478,768,64,0.004467234,0.00082547,0.003641764
478,768,65,0.004634164,0.00093617,0.003697994
478,768,66,0.005141739,0.001592654,0.003549085
478,768,67,0.00467394,0.001154136,0.003519804
478,768,68,0.006699555,0.003285992,0.003413563
478,768,69,0.004640779,0.001178029,0.00346275
478,768,70,0.005297279,0.00190462,0.003392659
478,768,71,0.006988287,0.003538955,0.003449332
478,768,72,0.005033509,0.00144032,0.003593189
478,768,73,0.00480593,0.001225228,0.003580702
478,768,74,0.004350085,0.000727874,0.003622211
478,768,75,0.004280517,0.000754407,0.00352611
478,768,76,0.005683012,0.002110175,0.003572837
478,768,77,0.007217195,0.00381791,0.003399285
478,768,78,0.005860925,0.002428631,0.003432294
478,768,79,0.004836629,0.001218969,0.00361766
478,768,80,0.004244186,0.000663759,0.003580427
478,768,81,0.004402717,0.000898725,0.003503992
478,768,82,0.004366554,0.000806136,0.003560418
478,768,83,0.004533587,0.001005634,0.003527953
478,768,84,0.004131036,0.000657382,0.003473654
478,768,85,0.008106147,0.004477013,0.003629134
478,768,86,0.004247521,0.00073617,0.003511351
478,768,87,0.004283773,0.000888082,0.003395691
478,768,88,0.004420147,0.001036664,0.003383483
478,768,89,0.004834105,0.001261453,0.003572652
478,768,90,0.0046646,0.00082354,0.00384106
478,768,91,0.00565454,0.002088749,0.003565791
478,768,92,0.005064143,0.001517344,0.003546799
478,768,93,0.00440895,0.000854799,0.003554151
478,768,94,0.003992207,0.000547735,0.003444472
478,768,95,0.00416069,0.000813596,0.003347094
478,768,96,0.005364982,0.002111402,0.00325358
478,768,97,0.0084509,0.005214136,0.003236764
478,768,98,0.004912729,0.001414083,0.003498646
478,768,99,0.004568782,0.001134788,0.003433994
478,768,100,0.004340294,0.00095828,0.003382014
478,768,101,0.004286039,0.000876174,0.003409865
478,768,102,0.009678511,0.006414619,0.003263892
478,768,103,0.004629601,0.001362207,0.003267394
478,768,104,0.004328935,0.000986527,0.003342408
478,768,105,0.004398648,0.000966041,0.003432607
478,768,106,0.004357273,0.000863439,0.003493834
478,768,107,0.004159365,0.000686526,0.003472839
478,768,108,0.005537816,0.002071022,0.003466794
478,768,109,0.004929763,0.001698397,0.003231366
478,768,110,0.004159787,0.000984451,0.003175336
479,768,1,0.663799465,0.538706542,0.125092923
479,768,2,0.22413884,0.221100616,0.003038224
479,768,3,0.11809527,0.115067703,0.003027567
479,768,4,0.00373055,0.000626247,0.003104303
479,768,5,0.003493194,0.000356114,0.00313708
479,768,6,0.007674704,0.004645547,0.003029157
479,768,7,0.004273061,0.001237105,0.003035956
479,768,8,0.003967511,0.000799541,0.00316797
479,768,9,0.004738332,0.001688742,0.00304959
479,768,10,0.004557314,0.001442601,0.003114713
479,768,11,0.004056722,0.000878274,0.003178448
479,768,12,0.004548811,0.001469936,0.003078875
479,768,13,0.004495432,0.001365523,0.003129909
479,768,14,0.036878128,0.033576342,0.003301786
479,768,15,0.00488674,0.001524288,0.003362452
479,768,16,0.005064593,0.001527978,0.003536615
479,768,17,0.004398843,0.00104753,0.003351313
479,768,18,0.00464792,0.001331107,0.003316813
479,768,19,0.004511186,0.001215294,0.003295892
479,768,20,0.004480377,0.001048827,0.00343155
479,768,21,0.00433336,0.000939625,0.003393735
479,768,22,0.004482392,0.001049136,0.003433256
479,768,23,0.004423223,0.000960441,0.003462782
479,768,24,0.004526367,0.001057343,0.003469024
479,768,25,0.004612363,0.001070118,0.003542245
479,768,26,0.004604084,0.000920014,0.00368407
479,768,27,0.004357631,0.000626673,0.003730958
479,768,28,0.004109444,0.000475358,0.003634086
479,768,29,0.004373849,0.000599817,0.003774032
479,768,30,0.004368736,0.000554995,0.003813741
479,768,31,0.004327738,0.000515446,0.003812292
479,768,32,0.00449259,0.000701646,0.003790944
479,768,33,0.004583912,0.000604926,0.003978986
479,768,34,0.004322388,0.000474058,0.00384833
479,768,35,0.004638379,0.0006224,0.004015979
479,768,36,0.004475348,0.000507935,0.003967413
479,768,37,0.004582658,0.000601539,0.003981119
479,768,38,0.004443146,0.000494776,0.00394837
479,768,39,0.004727163,0.000720057,0.004007106
479,768,40,0.004549629,0.000565552,0.003984077
479,768,41,0.004470435,0.000497848,0.003972587
479,768,42,0.004439309,0.000487818,0.003951491
479,768,43,0.004446949,0.000523884,0.003923065
479,768,44,0.004523067,0.000600856,0.003922211
479,768,45,0.004427561,0.000516423,0.003911138
479,768,46,0.004568067,0.000710128,0.003857939
479,768,47,0.004565344,0.000632376,0.003932968
479,768,48,0.004449215,0.000624411,0.003824804
479,768,49,0.004479239,0.000614084,0.003865155
479,768,50,0.004540108,0.000689756,0.003850352
479,768,51,0.004602783,0.000696598,0.003906185
479,768,52,0.004509718,0.000705104,0.003804614
479,768,53,0.004695118,0.00074018,0.003954938
479,768,54,0.004449179,0.000681929,0.00376725
479,768,55,0.004701344,0.00095026,0.003751084
479,768,56,0.004530276,0.00077049,0.003759786
479,768,57,0.004729911,0.000989528,0.003740383
479,768,58,0.004691955,0.001030687,0.003661268
479,768,59,0.004649027,0.000941498,0.003707529
479,768,60,0.004319003,0.0007487,0.003570303
479,768,61,0.004566419,0.000972221,0.003594198
479,768,62,0.004490031,0.000879082,0.003610949
479,768,63,0.004665067,0.001057093,0.003607974
479,768,64,0.004708703,0.001048011,0.003660692
479,768,65,0.004535282,0.000870167,0.003665115
479,768,66,0.004560555,0.000964482,0.003596073
479,768,67,0.008255803,0.00487622,0.003379583
479,768,68,0.00514704,0.001740099,0.003406941
479,768,69,0.004287227,0.000821778,0.003465449
479,768,70,0.004238062,0.000817184,0.003420878
479,768,71,0.004576904,0.001184093,0.003392811
479,768,72,0.007113553,0.003766997,0.003346556
479,768,73,0.005156388,0.001662367,0.003494021
479,768,74,0.004597884,0.001090096,0.003507788
479,768,75,0.004376568,0.000835956,0.003540612
479,768,76,0.004534271,0.001130058,0.003404213
479,768,77,0.005595004,0.002119028,0.003475976
479,768,78,0.007457381,0.004078079,0.003379302
479,768,79,0.005632828,0.002212864,0.003419964
479,768,80,0.004813839,0.001249424,0.003564415
479,768,81,0.004275395,0.000781768,0.003493627
479,768,82,0.004397926,0.000868491,0.003529435
479,768,83,0.004419571,0.00090638,0.003513191
479,768,84,0.008566861,0.005032844,0.003534017
479,768,85,0.004459272,0.000763802,0.00369547
479,768,86,0.003940171,0.000427362,0.003512809
479,768,87,0.004286401,0.000920531,0.00336587
479,768,88,0.004468639,0.001174333,0.003294306
479,768,89,0.005023117,0.001333527,0.00368959
479,768,90,0.00441013,0.000617316,0.003792814
479,768,91,0.004072202,0.000413852,0.00365835
479,768,92,0.005366486,0.001930472,0.003436014
479,768,93,0.004983462,0.001607439,0.003376023
479,768,94,0.004123382,0.000751081,0.003372301
479,768,95,0.004094104,0.000761991,0.003332113
479,768,96,0.004263069,0.000916766,0.003346303
479,768,97,0.005754934,0.002555681,0.003199253
479,768,98,0.008758087,0.005391493,0.003366594
479,768,99,0.004640591,0.001270988,0.003369603
479,768,100,0.004326256,0.000941697,0.003384559
479,768,101,0.004315962,0.000945562,0.0033704
479,768,102,0.004143486,0.000761776,0.00338171
479,768,103,0.009618885,0.006427803,0.003191082
479,768,104,0.004832295,0.001571637,0.003260658
479,768,105,0.004421284,0.000985918,0.003435366
479,768,106,0.004316321,0.000909302,0.003407019
479,768,107,0.006096645,0.002731867,0.003364778
479,768,108,0.005168552,0.001833262,0.00333529
479,768,109,0.00408752,0.000864057,0.003223463
479,768,110,0.004049916,0.000924768,0.003125148
480,768,1,0.624274579,0.49875143,0.125523149
480,768,2,0.042142997,0.039079281,0.003063716
480,768,3,0.054139414,0.051072038,0.003067376
480,768,4,0.0037264,0.000576128,0.003150272
480,768,5,0.012230751,0.009213636,0.003017115
480,768,6,0.056729629,0.053698397,0.003031232
480,768,7,0.004194799,0.001152886,0.003041913
480,768,8,0.003969791,0.000783964,0.003185827
480,768,9,0.00421982,0.000983943,0.003235877
480,768,10,0.004090589,0.000815948,0.003274641
480,768,11,0.004084656,0.00071723,0.003367426
480,768,12,0.004258663,0.00083466,0.003424003
480,768,13,0.004089065,0.000592892,0.003496173
480,768,14,0.003995639,0.000544427,0.003451212
480,768,15,0.004032313,0.00047333,0.003558983
480,768,16,0.003976464,0.000495002,0.003481462
480,768,17,0.016032637,0.012423245,0.003609392
480,768,18,0.004780715,0.001257491,0.003523224
480,768,19,0.004261666,0.000773712,0.003487954
480,768,20,0.003985489,0.000490653,0.003494836
480,768,21,0.004188831,0.000654471,0.00353436
480,768,22,0.004375918,0.001005237,0.003370681
480,768,23,0.004642562,0.001284039,0.003358523
480,768,24,0.004618639,0.001287394,0.003331245
480,768,25,0.00457259,0.001342162,0.003230428
480,768,26,0.00476539,0.001410608,0.003354782
480,768,27,0.004361064,0.000949922,0.003411142
480,768,28,0.004734209,0.00126976,0.003464449
480,768,29,0.004361342,0.000882557,0.003478785
480,768,30,0.004046105,0.000675684,0.003370421
480,768,31,0.004497803,0.001051579,0.003446224
480,768,32,0.004273261,0.000901716,0.003371545
480,768,33,0.004578612,0.001174758,0.003403854
480,768,34,0.004528504,0.001151581,0.003376923
480,768,35,0.004551398,0.00117428,0.003377118
480,768,36,0.00448565,0.00110985,0.0033758
480,768,37,0.004438481,0.001018467,0.003420014
480,768,38,0.0076948,0.004341264,0.003353536
480,768,39,0.005726568,0.002336448,0.00339012
480,768,40,0.005921339,0.002447426,0.003473913
480,768,41,0.005148365,0.001703285,0.00344508
480,768,42,0.006593435,0.003123923,0.003469512
480,768,43,0.006392459,0.002760957,0.003631502
480,768,44,0.005380929,0.001831244,0.003549685
480,768,45,0.005566702,0.001931973,0.003634729
480,768,46,0.005230696,0.001558573,0.003672123
480,768,47,0.005282051,0.001590527,0.003691524
480,768,48,0.005136635,0.001341906,0.003794729
480,768,49,0.004831601,0.00104288,0.003788721
480,768,50,0.005015732,0.001257354,0.003758378
480,768,51,0.005043783,0.001366053,0.00367773
480,768,52,0.004668449,0.000980708,0.003687741
480,768,53,0.004733806,0.000864791,0.003869015
480,768,54,0.004496668,0.000781116,0.003715552
480,768,55,0.004874556,0.001210818,0.003663738
480,768,56,0.004727899,0.000934911,0.003792988
480,768,57,0.004936822,0.001111504,0.003825318
480,768,58,0.004641713,0.000805922,0.003835791
480,768,59,0.004895146,0.001064228,0.003830918
480,768,60,0.004418657,0.000654933,0.003763724
480,768,61,0.004780452,0.000947381,0.003833071
480,768,62,0.004436274,0.000688466,0.003747808
480,768,63,0.004637662,0.000879825,0.003757837
480,768,64,0.004306449,0.000654723,0.003651726
480,768,65,0.004653208,0.000992969,0.003660239
480,768,66,0.004378987,0.000777014,0.003601973
480,768,67,0.004580886,0.000935962,0.003644924
480,768,68,0.004362119,0.000727295,0.003634824
480,768,69,0.004595297,0.000858652,0.003736645
480,768,70,0.004834497,0.001169184,0.003665313
480,768,71,0.004629953,0.0011252,0.003504753
480,768,72,0.004543726,0.000831181,0.003712545
480,768,73,0.004539664,0.000859159,0.003680505
480,768,74,0.004692353,0.000901898,0.003790455
480,768,75,0.004718412,0.000871824,0.003846588
480,768,76,0.004505036,0.000871583,0.003633453
480,768,77,0.004393628,0.00083186,0.003561768
480,768,78,0.00465684,0.001062597,0.003594243
480,768,79,0.007655321,0.004217206,0.003438115
480,768,80,0.005022217,0.001535109,0.003487108
480,768,81,0.004859383,0.001340217,0.003519166
480,768,82,0.00479857,0.001055345,0.003743225
480,768,83,0.006585604,0.003193395,0.003392209
480,768,84,0.006147835,0.002726951,0.003420884
480,768,85,0.004385012,0.000962169,0.003422843
480,768,86,0.004429181,0.000939829,0.003489352
480,768,87,0.004819742,0.001291803,0.003527939
480,768,88,0.004480463,0.000785637,0.003694826
480,768,89,0.004152388,0.000516173,0.003636215
480,768,90,0.004922611,0.001072691,0.00384992
480,768,91,0.004078133,0.000480878,0.003597255
480,768,92,0.004290365,0.000884795,0.00340557
480,768,93,0.004365588,0.000865031,0.003500557
480,768,94,0.004305461,0.000685848,0.003619613
480,768,95,0.006190053,0.002666139,0.003523914
480,768,96,0.004586393,0.001168193,0.0034182
480,768,97,0.005278353,0.001877721,0.003400632
480,768,98,0.00513947,0.001810753,0.003328717
480,768,99,0.007813822,0.004506296,0.003307526
480,768,100,0.004732132,0.001468797,0.003263335
480,768,101,0.004526133,0.001215446,0.003310687
480,768,102,0.004234072,0.000885474,0.003348598
480,768,103,0.004382791,0.001196971,0.00318582
480,768,104,0.004553666,0.001340044,0.003213622
480,768,105,0.008000858,0.004744151,0.003256707
480,768,106,0.008560057,0.00526949,0.003290567
480,768,107,0.010224202,0.006889654,0.003334548
480,768,108,0.00497568,0.001740753,0.003234927
480,768,109,0.004625532,0.001478765,0.003146767
480,768,110,0.005830357,0.002722935,0.003107422
481,768,1,0.753246726,0.628875743,0.124370983
481,768,2,0.054160758,0.051119301,0.003041457
481,768,3,0.003627823,0.000516534,0.003111289
481,768,4,0.012372587,0.009345719,0.003026868
481,768,5,0.056674074,0.053643633,0.003030441
481,768,6,0.003985671,0.000877033,0.003108638
481,768,7,0.003851859,0.000733581,0.003118278
481,768,8,0.003970398,0.000819441,0.003150957
481,768,9,0.004184696,0.001011804,0.003172892
481,768,10,0.004051668,0.000832115,0.003219553
481,768,11,0.004162135,0.000836263,0.003325872
481,768,12,0.004232982,0.000780391,0.003452591
481,768,13,0.004075817,0.000608355,0.003467462
481,768,14,0.003934427,0.000440179,0.003494248
481,768,15,0.004043996,0.000492703,0.003551293
481,768,16,0.015851285,0.012285882,0.003565403
481,768,17,0.004862666,0.001265845,0.003596821
481,768,18,0.004355629,0.000765524,0.003590105
481,768,19,0.004052136,0.000528101,0.003524035
481,768,20,0.004071278,0.000527724,0.003543554
481,768,21,0.00415041,0.000686836,0.003463574
481,768,22,0.004510623,0.001092747,0.003417876
481,768,23,0.004595864,0.001210603,0.003385261
481,768,24,0.00458911,0.001292897,0.003296213
481,768,25,0.004865028,0.001487074,0.003377954
481,768,26,0.004514114,0.001175828,0.003338286
481,768,27,0.004654075,0.001254282,0.003399793
481,768,28,0.004389388,0.000984417,0.003404971
481,768,29,0.004124468,0.000731161,0.003393307
481,768,30,0.004206357,0.000820035,0.003386322
481,768,31,0.004458013,0.001128409,0.003329604
481,768,32,0.004446217,0.001054719,0.003391498
481,768,33,0.004426273,0.001075921,0.003350352
481,768,34,0.004357938,0.000974185,0.003383753
481,768,35,0.004433172,0.001058385,0.003374787
481,768,36,0.004778515,0.001401286,0.003377229
481,768,37,0.008014816,0.004717243,0.003297573
481,768,38,0.005638047,0.002257606,0.003380441
481,768,39,0.005981843,0.002648895,0.003332948
481,768,40,0.005249131,0.001909928,0.003339203
481,768,41,0.006383329,0.002955579,0.00342775
481,768,42,0.006257078,0.002872871,0.003384207
481,768,43,0.00553765,0.00205228,0.00348537
481,768,44,0.005525836,0.001912912,0.003612924
481,768,45,0.005058515,0.00147318,0.003585335
481,768,46,0.005239487,0.001603137,0.00363635
481,768,47,0.005056041,0.001466263,0.003589778
481,768,48,0.004785461,0.001157935,0.003627526
481,768,49,0.005178871,0.001473988,0.003704883
481,768,50,0.005127457,0.00144391,0.003683547
481,768,51,0.004615736,0.000901644,0.003714092
481,768,52,0.004586868,0.000877483,0.003709385
481,768,53,0.004743869,0.001069788,0.003674081
481,768,54,0.004842116,0.001138997,0.003703119
481,768,55,0.004620268,0.000905409,0.003714859
481,768,56,0.004941773,0.001095176,0.003846597
481,768,57,0.00463012,0.000869833,0.003760287
481,768,58,0.004890871,0.001133141,0.00375773
481,768,59,0.004553851,0.000815743,0.003738108
481,768,60,0.004722374,0.000899815,0.003822559
481,768,61,0.004483537,0.000716909,0.003766628
481,768,62,0.004651994,0.000811975,0.003840019
481,768,63,0.004394902,0.000688409,0.003706493
481,768,64,0.00470842,0.000935971,0.003772449
481,768,65,0.004419428,0.000676358,0.00374307
481,768,66,0.004565698,0.000826143,0.003739555
481,768,67,0.004361292,0.000675287,0.003686005
481,768,68,0.00447997,0.000790137,0.003689833
481,768,69,0.004903373,0.001139504,0.003763869
481,768,70,0.004746064,0.001077937,0.003668127
481,768,71,0.004270764,0.000770921,0.003499843
481,768,72,0.004616122,0.001044273,0.003571849
481,768,73,0.004674849,0.001053568,0.003621281
481,768,74,0.00469293,0.001055459,0.003637471
481,768,75,0.004674113,0.000902687,0.003771426
481,768,76,0.004456509,0.000799345,0.003657164
481,768,77,0.004634712,0.001081936,0.003552776
481,768,78,0.007519656,0.004098643,0.003421013
481,768,79,0.004677005,0.001203331,0.003473674
481,768,80,0.004898739,0.001289183,0.003609556
481,768,81,0.004766091,0.001174222,0.003591869
481,768,82,0.00454476,0.000944614,0.003600146
481,768,83,0.004221063,0.000774593,0.00344647
481,768,84,0.006213888,0.002804286,0.003409602
481,768,85,0.006006629,0.002646056,0.003360573
481,768,86,0.00451309,0.001103773,0.003409317
481,768,87,0.004693589,0.001210432,0.003483157
481,768,88,0.004456969,0.000921731,0.003535238
481,768,89,0.004460141,0.000844104,0.003616037
481,768,90,0.0046787,0.001020518,0.003658182
481,768,91,0.004250783,0.000721401,0.003529382
481,768,92,0.004465843,0.001047248,0.003418595
481,768,93,0.004458826,0.000906337,0.003552489
481,768,94,0.006393741,0.002930743,0.003462998
481,768,95,0.004751869,0.001250763,0.003501106
481,768,96,0.005222723,0.00191642,0.003306303
481,768,97,0.005253719,0.001930335,0.003323384
481,768,98,0.0074643,0.004294396,0.003169904
481,768,99,0.004741427,0.001503666,0.003237761
481,768,100,0.004570863,0.001249296,0.003321567
481,768,101,0.004315219,0.00099918,0.003316039
481,768,102,0.004746513,0.001364955,0.003381558
481,768,103,0.004509165,0.001224674,0.003284491
481,768,104,0.0079429,0.004825459,0.003117441
481,768,105,0.006629884,0.003388818,0.003241066
481,768,106,0.010659681,0.007476217,0.003183464
481,768,107,0.006434272,0.003096608,0.003337664
481,768,108,0.004567987,0.001390708,0.003177279
481,768,109,0.005514565,0.002334875,0.00317969
481,768,110,0.005963409,0.002921266,0.003042143
482,768,1,0.752850892,0.62929989,0.123551002
482,768,2,0.00358465,0.000440925,0.003143725
482,768,3,0.003552188,0.000363011,0.003189177
482,768,4,0.065522518,0.062486446,0.003036072
482,768,5,0.003833134,0.000705966,0.003127168
482,768,6,0.003493177,0.000369182,0.003123995
482,768,7,0.00383906,0.000712275,0.003126785
482,768,8,0.003815973,0.000632004,0.003183969
482,768,9,0.004095333,0.000911997,0.003183336
482,768,10,0.004057753,0.000823144,0.003234609
482,768,11,0.0041009,0.000748533,0.003352367
482,768,12,0.00406598,0.000705085,0.003360895
482,768,13,0.004055725,0.000646858,0.003408867
482,768,14,0.004037137,0.00059811,0.003439027
482,768,15,0.016376434,0.012828007,0.003548427
482,768,16,0.004902196,0.001308635,0.003593561
482,768,17,0.004326646,0.00065587,0.003670776
482,768,18,0.00412403,0.00057402,0.00355001
482,768,19,0.004039101,0.000561044,0.003478057
482,768,20,0.004297441,0.000850506,0.003446935
482,768,21,0.004111656,0.000629465,0.003482191
482,768,22,0.00445024,0.001061874,0.003388366
482,768,23,0.00451029,0.001105886,0.003404404
482,768,24,0.00501912,0.001534415,0.003484705
482,768,25,0.0044645,0.00110046,0.00336404
482,768,26,0.004818757,0.001447759,0.003370998
482,768,27,0.004177405,0.000783623,0.003393782
482,768,28,0.004370997,0.000915709,0.003455288
482,768,29,0.004251794,0.000817857,0.003433937
482,768,30,0.004372183,0.000963603,0.00340858
482,768,31,0.004511472,0.001121878,0.003389594
482,768,32,0.004459667,0.001060208,0.003399459
482,768,33,0.004354693,0.000954569,0.003400124
482,768,34,0.004483194,0.001048413,0.003434781
482,768,35,0.004383524,0.001012096,0.003371428
482,768,36,0.008593726,0.00524529,0.003348436
482,768,37,0.00550377,0.002221511,0.003282259
482,768,38,0.006072437,0.002715421,0.003357016
482,768,39,0.005347187,0.00199116,0.003356027
482,768,40,0.006228148,0.002777084,0.003451064
482,768,41,0.006252505,0.002862228,0.003390277
482,768,42,0.005537896,0.002109012,0.003428884
482,768,43,0.005221054,0.001723835,0.003497219
482,768,44,0.00522726,0.001499247,0.003728013
482,768,45,0.005247801,0.001540509,0.003707292
482,768,46,0.005100373,0.001418074,0.003682299
482,768,47,0.004689836,0.001048578,0.003641258
482,768,48,0.005081808,0.001426046,0.003655762
482,768,49,0.004939413,0.001294031,0.003645382
482,768,50,0.004662155,0.000962808,0.003699347
482,768,51,0.004678308,0.000936705,0.003741603
482,768,52,0.004767497,0.001045002,0.003722495
482,768,53,0.004731351,0.001042322,0.003689029
482,768,54,0.004807898,0.001024904,0.003782994
482,768,55,0.00476796,0.000997946,0.003770014
482,768,56,0.004788373,0.000964019,0.003824354
482,768,57,0.004834275,0.000954025,0.00388025
482,768,58,0.004587867,0.000673218,0.003914649
482,768,59,0.004763053,0.000838493,0.00392456
482,768,60,0.004479289,0.000645898,0.003833391
482,768,61,0.004512834,0.000659793,0.003853041
482,768,62,0.004653223,0.000811516,0.003841707
482,768,63,0.004565571,0.000752513,0.003813058
482,768,64,0.004436394,0.000633976,0.003802418
482,768,65,0.004590324,0.000799911,0.003790413
482,768,66,0.004384747,0.000661762,0.003722985
482,768,67,0.004566422,0.000808841,0.003757581
482,768,68,0.00474409,0.001014509,0.003729581
482,768,69,0.00493231,0.001115569,0.003816741
482,768,70,0.00444058,0.000763526,0.003677054
482,768,71,0.004352975,0.000808291,0.003544684
482,768,72,0.004680477,0.001074874,0.003605603
482,768,73,0.004765398,0.001061793,0.003703605
482,768,74,0.004536558,0.000808941,0.003727617
482,768,75,0.004642452,0.00103097,0.003611482
482,768,76,0.004703498,0.001104133,0.003599365
482,768,77,0.007283579,0.003861257,0.003422322
482,768,78,0.004624007,0.001168092,0.003455915
482,768,79,0.004745646,0.001215123,0.003530523
482,768,80,0.004985023,0.001190036,0.003794987
482,768,81,0.004399671,0.000781811,0.00361786
482,768,82,0.004476223,0.000830517,0.003645706
482,768,83,0.004398725,0.000975524,0.003423201
482,768,84,0.004462104,0.001005453,0.003456651
482,768,85,0.005307244,0.001967805,0.003339439
482,768,86,0.00594144,0.00263102,0.00331042
482,768,87,0.004857057,0.001303299,0.003553758
482,768,88,0.004294233,0.000803881,0.003490352
482,768,89,0.00473251,0.001082074,0.003650436
482,768,90,0.004687215,0.001013174,0.003674041
482,768,91,0.004454117,0.000872233,0.003581884
482,768,92,0.004470291,0.001038446,0.003431845
482,768,93,0.006874958,0.003489046,0.003385912
482,768,94,0.004862653,0.001254968,0.003607685
482,768,95,0.004235575,0.000693035,0.00354254
482,768,96,0.005663621,0.002334998,0.003328623
482,768,97,0.008280199,0.004966955,0.003313244
482,768,98,0.004525243,0.001165152,0.003360091
482,768,99,0.004433808,0.001036079,0.003397729
482,768,100,0.004240952,0.000912032,0.00332892
482,768,101,0.004802872,0.001470107,0.003332765
482,768,102,0.004664555,0.001376697,0.003287858
482,768,103,0.006729287,0.003637956,0.003091331
482,768,104,0.007698739,0.004508384,0.003190355
482,768,105,0.010714427,0.007443195,0.003271232
482,768,106,0.006306948,0.003038161,0.003268787
482,768,107,0.005034125,0.001605701,0.003428424
482,768,108,0.003996019,0.000700335,0.003295684
482,768,109,0.007482131,0.004242389,0.003239742
482,768,110,0.005031614,0.001969232,0.003062382
483,768,1,0.74983488,0.626342861,0.123492019
483,768,2,0.057605841,0.054552698,0.003053143
483,768,3,0.003638203,0.000518003,0.0031202
483,768,4,0.005433007,0.002408161,0.003024846
483,768,5,0.063580585,0.060553272,0.003027313
483,768,6,0.003980073,0.000860386,0.003119687
483,768,7,0.00383735,0.000722903,0.003114447
483,768,8,0.003982233,0.000803466,0.003178767
483,768,9,0.004089331,0.000906307,0.003183024
483,768,10,0.004054107,0.000825127,0.00322898
483,768,11,0.004070898,0.000736287,0.003334611
483,768,12,0.004288356,0.000872809,0.003415547
483,768,13,0.003969316,0.000528999,0.003440317
483,768,14,0.016493075,0.012978728,0.003514347
483,768,15,0.004880618,0.001207114,0.003673504
483,768,16,0.004260739,0.000572872,0.003687867
483,768,17,0.004199005,0.000603694,0.003595311
483,768,18,0.004060246,0.000560559,0.003499687
483,768,19,0.004524493,0.000984681,0.003539812
483,768,20,0.004042033,0.000592712,0.003449321
483,768,21,0.004360989,0.000954274,0.003406715
483,768,22,0.004268253,0.000872013,0.00339624
483,768,23,0.004719612,0.001343874,0.003375738
483,768,24,0.004670989,0.001335856,0.003335133
483,768,25,0.00475882,0.001403224,0.003355596
483,768,26,0.004356175,0.001033195,0.00332298
483,768,27,0.004353651,0.000962041,0.00339161
483,768,28,0.004352981,0.000891947,0.003461034
483,768,29,0.004365015,0.000944641,0.003420374
483,768,30,0.004339686,0.000911156,0.00342853
483,768,31,0.004546033,0.001166896,0.003379137
483,768,32,0.0044324,0.001052024,0.003380376
483,768,33,0.004374047,0.000944816,0.003429231
483,768,34,0.004470522,0.001072922,0.0033976
483,768,35,0.008709517,0.005384333,0.003325184
483,768,36,0.005516214,0.002231438,0.003284776
483,768,37,0.006129124,0.002780973,0.003348151
483,768,38,0.005323397,0.001916781,0.003406616
483,768,39,0.006134708,0.002693587,0.003441121
483,768,40,0.006346452,0.002943254,0.003403198
483,768,41,0.005457947,0.00201496,0.003442987
483,768,42,0.005178751,0.001655151,0.0035236
483,768,43,0.00493849,0.001378856,0.003559634
483,768,44,0.005169644,0.001612046,0.003557598
483,768,45,0.00513074,0.001474933,0.003655807
483,768,46,0.004947613,0.001304038,0.003643575
483,768,47,0.004952079,0.001318332,0.003633747
483,768,48,0.005124918,0.00139225,0.003732668
483,768,49,0.004649064,0.000899826,0.003749238
483,768,50,0.004683217,0.00091054,0.003772677
483,768,51,0.004647321,0.000897975,0.003749346
483,768,52,0.004782242,0.00103564,0.003746602
483,768,53,0.004811748,0.000947701,0.003864047
483,768,54,0.004804853,0.000948567,0.003856286
483,768,55,0.00466855,0.000902704,0.003765846
483,768,56,0.004793321,0.000922737,0.003870584
483,768,57,0.00460291,0.00074804,0.00385487
483,768,58,0.004722487,0.000830345,0.003892142
483,768,59,0.00458999,0.000694969,0.003895021
483,768,60,0.004599785,0.000697463,0.003902322
483,768,61,0.004633508,0.000725121,0.003908387
483,768,62,0.004576083,0.000674028,0.003902055
483,768,63,0.004415588,0.000596146,0.003819442
483,768,64,0.00460266,0.000748122,0.003854538
483,768,65,0.004387591,0.000625304,0.003762287
483,768,66,0.004682547,0.000899992,0.003782555
483,768,67,0.004690992,0.000909001,0.003781991
483,768,68,0.004856375,0.001091044,0.003765331
483,768,69,0.004630031,0.00090855,0.003721481
483,768,70,0.004490291,0.0007296,0.003760691
483,768,71,0.004544364,0.000965073,0.003579291
483,768,72,0.004698732,0.001131161,0.003567571
483,768,73,0.00458026,0.000831437,0.003748823
483,768,74,0.004726861,0.001063749,0.003663112
483,768,75,0.004700894,0.001125301,0.003575593
483,768,76,0.004543675,0.000950981,0.003592694
483,768,77,0.004272825,0.000768477,0.003504348
483,768,78,0.006257276,0.00284695,0.003410326
483,768,79,0.004963552,0.001464898,0.003498654
483,768,80,0.00469501,0.001136468,0.003558542
483,768,81,0.005189887,0.001566688,0.003623199
483,768,82,0.004613869,0.000996255,0.003617614
483,768,83,0.004338039,0.000891324,0.003446715
483,768,84,0.004829109,0.001430217,0.003398892
483,768,85,0.004506765,0.001118918,0.003387847
483,768,86,0.00445638,0.001178444,0.003277936
483,768,87,0.006407536,0.003039058,0.003368478
483,768,88,0.004823173,0.001383811,0.003439362
483,768,89,0.004786368,0.001124603,0.003661765
483,768,90,0.004743376,0.001005236,0.00373814
483,768,91,0.004307438,0.000730131,0.003577307
483,768,92,0.007084885,0.003781184,0.003303701
483,768,93,0.004761402,0.001312154,0.003449248
483,768,94,0.004426221,0.000778969,0.003647252
483,768,95,0.005615446,0.002222662,0.003392784
483,768,96,0.00822793,0.0049029,0.00332503
483,768,97,0.004656902,0.00121827,0.003438632
483,768,98,0.004080741,0.00072734,0.003353401
483,768,99,0.004449548,0.001102649,0.003346899
483,768,100,0.004746571,0.00147113,0.003275441
483,768,101,0.004945356,0.001630732,0.003314624
483,768,102,0.006879968,0.003676378,0.00320359
483,768,103,0.007161321,0.004068499,0.003092822
483,768,104,0.011012762,0.007791896,0.003220866
483,768,105,0.00466044,0.001350353,0.003310087
483,768,106,0.004458477,0.001096681,0.003361796
483,768,107,0.005253575,0.001807818,0.003445757
483,768,108,0.00824982,0.005107141,0.003142679
483,768,109,0.00524208,0.002066876,0.003175204
483,768,110,0.004145839,0.001078656,0.003067183
484,768,1,0.750227384,0.626611816,0.123615568
484,768,2,0.00359835,0.000464784,0.003133566
484,768,3,0.053776927,0.05073453,0.003042397
484,768,4,0.029352785,0.026317956,0.003034829
484,768,5,0.003892566,0.00078782,0.003104746
484,768,6,0.039434387,0.036395979,0.003038408
484,768,7,0.004164866,0.001003173,0.003161693
484,768,8,0.004077692,0.000889539,0.003188153
484,768,9,0.00411853,0.000925478,0.003193052
484,768,10,0.004196779,0.000896702,0.003300077
484,768,11,0.004165347,0.000836895,0.003328452
484,768,12,0.004155844,0.000787621,0.003368223
484,768,13,0.016893053,0.013422905,0.003470148
484,768,14,0.004774744,0.001238859,0.003535885
484,768,15,0.004258958,0.000532279,0.003726679
484,768,16,0.004229603,0.000527938,0.003701665
484,768,17,0.004134957,0.000548268,0.003586689
484,768,18,0.004560948,0.001001538,0.00355941
484,768,19,0.004157318,0.000611621,0.003545697
484,768,20,0.00446714,0.000973696,0.003493444
484,768,21,0.004133837,0.000725586,0.003408251
484,768,22,0.004113724,0.000748814,0.00336491
484,768,23,0.004725676,0.001332746,0.00339293
484,768,24,0.004782965,0.001411844,0.003371121
484,768,25,0.004472335,0.001163345,0.00330899
484,768,26,0.004710747,0.001257051,0.003453696
484,768,27,0.004141399,0.000756269,0.00338513
484,768,28,0.004473158,0.001120019,0.003353139
484,768,29,0.004242445,0.000810531,0.003431914
484,768,30,0.004432455,0.001070469,0.003361986
484,768,31,0.004578952,0.001184007,0.003394945
484,768,32,0.004287344,0.000928096,0.003359248
484,768,33,0.004347751,0.000967476,0.003380275
484,768,34,0.008954363,0.005704997,0.003249366
484,768,35,0.005611578,0.002326461,0.003285117
484,768,36,0.005971251,0.002669766,0.003301485
484,768,37,0.005468052,0.002069357,0.003398695
484,768,38,0.006152816,0.002804603,0.003348213
484,768,39,0.006284501,0.002943894,0.003340607
484,768,40,0.005400707,0.001926151,0.003474556
484,768,41,0.005288674,0.001762692,0.003525982
484,768,42,0.004738269,0.001186809,0.00355146
484,768,43,0.005261189,0.001728478,0.003532711
484,768,44,0.005043353,0.00146807,0.003575283
484,768,45,0.004978274,0.001277095,0.003701179
484,768,46,0.004915796,0.001231503,0.003684293
484,768,47,0.004934603,0.001317918,0.003616685
484,768,48,0.004724748,0.001039788,0.00368496
484,768,49,0.004684817,0.000946307,0.00373851
484,768,50,0.004630298,0.000933937,0.003696361
484,768,51,0.004749223,0.000990301,0.003758922
484,768,52,0.004760063,0.000953723,0.00380634
484,768,53,0.004898247,0.000992435,0.003905812
484,768,54,0.004730371,0.00087766,0.003852711
484,768,55,0.004661149,0.000795807,0.003865342
484,768,56,0.004690481,0.000768658,0.003921823
484,768,57,0.004550425,0.00070168,0.003848745
484,768,58,0.004678925,0.000783581,0.003895344
484,768,59,0.004656672,0.000701118,0.003955554
484,768,60,0.004536461,0.000660867,0.003875594
484,768,61,0.004584546,0.00064308,0.003941466
484,768,62,0.004545648,0.000632698,0.00391295
484,768,63,0.004530944,0.000661918,0.003869026
484,768,64,0.004534607,0.000696049,0.003838558
484,768,65,0.004577237,0.000715146,0.003862091
484,768,66,0.004766682,0.000966464,0.003800218
484,768,67,0.004852747,0.001044762,0.003807985
484,768,68,0.004664561,0.000908491,0.00375607
484,768,69,0.004498769,0.000717185,0.003781584
484,768,70,0.00466828,0.001020421,0.003647859
484,768,71,0.004646688,0.001086944,0.003559744
484,768,72,0.004566939,0.000943433,0.003623506
484,768,73,0.004742707,0.000955244,0.003787463
484,768,74,0.004793532,0.001063347,0.003730185
484,768,75,0.004524208,0.000930804,0.003593404
484,768,76,0.004414767,0.000836603,0.003578164
484,768,77,0.004771014,0.001322929,0.003448085
484,768,78,0.005287246,0.001727149,0.003560097
484,768,79,0.00527045,0.001794444,0.003476006
484,768,80,0.004885444,0.001184635,0.003700809
484,768,81,0.005094483,0.001302478,0.003792005
484,768,82,0.004505145,0.000899468,0.003605677
484,768,83,0.004430991,0.000929914,0.003501077
484,768,84,0.00480866,0.001259431,0.003549229
484,768,85,0.004462097,0.001087937,0.00337416
484,768,86,0.006395056,0.00299409,0.003400966
484,768,87,0.005101532,0.00151213,0.003589402
484,768,88,0.004385584,0.00084818,0.003537404
484,768,89,0.004448347,0.000729602,0.003718745
484,768,90,0.004786034,0.001081696,0.003704338
484,768,91,0.00696734,0.003660797,0.003306543
484,768,92,0.005015515,0.001552159,0.003463356
484,768,93,0.004355918,0.000745973,0.003609945
484,768,94,0.004241579,0.000583571,0.003658008
484,768,95,0.008969387,0.005642069,0.003327318
484,768,96,0.005030462,0.001661974,0.003368488
484,768,97,0.004232761,0.000817687,0.003415074
484,768,98,0.004251266,0.000817345,0.003433921
484,768,99,0.005045712,0.001725308,0.003320404
484,768,100,0.004562367,0.001410827,0.00315154
484,768,101,0.007402254,0.004106234,0.00329602
484,768,102,0.007308516,0.004196862,0.003111654
484,768,103,0.010852728,0.007529474,0.003323254
484,768,104,0.004458591,0.001241664,0.003216927
484,768,105,0.004423134,0.001059189,0.003363945
484,768,106,0.004370574,0.00104528,0.003325294
484,768,107,0.00935325,0.006178097,0.003175153
484,768,108,0.004924985,0.001764621,0.003160364
484,768,109,0.004363307,0.001219714,0.003143593
484,768,110,0.004171239,0.001026228,0.003145011
485,768,1,0.751338001,0.627318159,0.124019842
485,768,2,0.0560179,0.052956707,0.003061193
485,768,3,0.003619376,0.000501906,0.00311747
485,768,4,0.029405821,0.026381727,0.003024094
485,768,5,0.003694872,0.000589768,0.003105104
485,768,6,0.003610811,0.000509046,0.003101765
485,768,7,0.039023674,0.035992543,0.003031131
485,768,8,0.004288264,0.001237039,0.003051225
485,768,9,0.004249931,0.001079584,0.003170347
485,768,10,0.004192983,0.000900194,0.003292789
485,768,11,0.004182878,0.000826119,0.003356759
485,768,12,0.017792678,0.01436552,0.003427158
485,768,13,0.004734355,0.001206803,0.003527552
485,768,14,0.004061209,0.000474658,0.003586551
485,768,15,0.004203368,0.00050542,0.003697948
485,768,16,0.004236299,0.000583688,0.003652611
485,768,17,0.004721381,0.001120297,0.003601084
485,768,18,0.004166911,0.000637225,0.003529686
485,768,19,0.004525641,0.000977181,0.00354846
485,768,20,0.004184697,0.000755067,0.00342963
485,768,21,0.003931662,0.000594552,0.00333711
485,768,22,0.004472757,0.001112956,0.003359801
485,768,23,0.00467519,0.001329091,0.003346099
485,768,24,0.004498579,0.001193948,0.003304631
485,768,25,0.004652696,0.001333726,0.00331897
485,768,26,0.004303555,0.000981461,0.003322094
485,768,27,0.004641167,0.00126066,0.003380507
485,768,28,0.004206688,0.00085378,0.003352908
485,768,29,0.004314866,0.000953013,0.003361853
485,768,30,0.004253428,0.000931866,0.003321562
485,768,31,0.004367776,0.000987053,0.003380723
485,768,32,0.004362513,0.000999312,0.003363201
485,768,33,0.009345702,0.006143269,0.003202433
485,768,34,0.005579085,0.00232434,0.003254745
485,768,35,0.006200592,0.002825672,0.00337492
485,768,36,0.005300016,0.002063765,0.003236251
485,768,37,0.006234429,0.002819869,0.00341456
485,768,38,0.006242675,0.002856809,0.003385866
485,768,39,0.005397002,0.001973904,0.003423098
485,768,40,0.005156335,0.00180718,0.003349155
485,768,41,0.004707395,0.001298467,0.003408928
485,768,42,0.005361009,0.001828576,0.003532433
485,768,43,0.005089778,0.001401759,0.003688019
485,768,44,0.004661439,0.001053868,0.003607571
485,768,45,0.004975095,0.001269686,0.003705409
485,768,46,0.004934829,0.001227415,0.003707414
485,768,47,0.004648517,0.000829983,0.003818534
485,768,48,0.004758693,0.000976721,0.003781972
485,768,49,0.004604891,0.000837913,0.003766978
485,768,50,0.004732568,0.000917536,0.003815032
485,768,51,0.0047463,0.000926593,0.003819707
485,768,52,0.00473104,0.001010661,0.003720379
485,768,53,0.004688872,0.00091086,0.003778012
485,768,54,0.004618252,0.000838459,0.003779793
485,768,55,0.004520268,0.000753707,0.003766561
485,768,56,0.004665878,0.000848203,0.003817675
485,768,57,0.004533841,0.000705026,0.003828815
485,768,58,0.004655741,0.000871822,0.003783919
485,768,59,0.004658494,0.000732864,0.00392563
485,768,60,0.004401596,0.000601407,0.003800189
485,768,61,0.004643553,0.000748147,0.003895406
485,768,62,0.004543825,0.00072245,0.003821375
485,768,63,0.004699932,0.000854873,0.003845059
485,768,64,0.004815731,0.001039065,0.003776666
485,768,65,0.004869138,0.001156193,0.003712945
485,768,66,0.004863702,0.001145495,0.003718207
485,768,67,0.004691256,0.001005419,0.003685837
485,768,68,0.004540234,0.000748672,0.003791562
485,768,69,0.004738863,0.00099373,0.003745133
485,768,70,0.004692568,0.001081681,0.003610887
485,768,71,0.004550765,0.000907383,0.003643382
485,768,72,0.004661906,0.000945638,0.003716268
485,768,73,0.004813886,0.001045187,0.003768699
485,768,74,0.004650551,0.000863977,0.003786574
485,768,75,0.004457109,0.000845616,0.003611493
485,768,76,0.004624217,0.001070961,0.003553256
485,768,77,0.004917852,0.001371994,0.003545858
485,768,78,0.005105732,0.001467952,0.00363778
485,768,79,0.005241522,0.001610554,0.003630968
485,768,80,0.004510909,0.000818434,0.003692475
485,768,81,0.005256437,0.00157706,0.003679377
485,768,82,0.004373511,0.000799272,0.003574239
485,768,83,0.004519081,0.001049428,0.003469653
485,768,84,0.004829131,0.001327715,0.003501416
485,768,85,0.006193257,0.002849603,0.003343654
485,768,86,0.004754539,0.001255685,0.003498854
485,768,87,0.004777275,0.001255841,0.003521434
485,768,88,0.004275314,0.000758839,0.003516475
485,768,89,0.004846699,0.001096823,0.003749876
485,768,90,0.007184732,0.003764595,0.003420137
485,768,91,0.004861785,0.001461893,0.003399892
485,768,92,0.004548235,0.000978894,0.003569341
485,768,93,0.004312656,0.000699912,0.003612744
485,768,94,0.007113002,0.003649172,0.00346383
485,768,95,0.004711992,0.001302361,0.003409631
485,768,96,0.004977669,0.001550183,0.003427486
485,768,97,0.005061686,0.001608646,0.00345304
485,768,98,0.005369724,0.002023073,0.003346651
485,768,99,0.005074626,0.001655923,0.003418703
485,768,100,0.007032904,0.003799269,0.003233635
485,768,101,0.007641898,0.004452782,0.003189116
485,768,102,0.010713309,0.007571111,0.003142198
485,768,103,0.004549464,0.001291696,0.003257768
485,768,104,0.004263507,0.000929711,0.003333796
485,768,105,0.004308416,0.000979719,0.003328697
485,768,106,0.004403423,0.001014766,0.003388657
485,768,107,0.00438159,0.0009278,0.00345379
485,768,108,0.008250566,0.005118566,0.003132
485,768,109,0.005275391,0.002121201,0.00315419
485,768,110,0.005780092,0.002749309,0.003030783
486,768,1,0.753097256,0.629596331,0.123500925
486,768,2,0.003595743,0.000459777,0.003135966
486,768,3,0.003570727,0.000377525,0.003193202
486,768,4,0.01052516,0.007463152,0.003062008
486,768,5,0.021732828,0.018701276,0.003031552
486,768,6,0.004925184,0.001785824,0.00313936
486,768,7,0.003921403,0.000785371,0.003136032
486,768,8,0.037753993,0.03469878,0.003055213
486,768,9,0.004564395,0.001439833,0.003124562
486,768,10,0.00429773,0.001091654,0.003206076
486,768,11,0.018746837,0.015290077,0.00345676
486,768,12,0.004642302,0.001210989,0.003431313
486,768,13,0.003983113,0.000511591,0.003471522
486,768,14,0.004096902,0.000545686,0.003551216
486,768,15,0.004321199,0.000687006,0.003634193
486,768,16,0.00478111,0.001158677,0.003622433
486,768,17,0.004249432,0.000674131,0.003575301
486,768,18,0.00451074,0.001084786,0.003425954
486,768,19,0.004279231,0.000721375,0.003557856
486,768,20,0.004090458,0.000643158,0.0034473
486,768,21,0.003963691,0.000624157,0.003339534
486,768,22,0.004667827,0.001346858,0.003320969
486,768,23,0.004433208,0.001145612,0.003287596
486,768,24,0.004734979,0.001424304,0.003310675
486,768,25,0.004441106,0.001143324,0.003297782
486,768,26,0.004698927,0.001324226,0.003374701
486,768,27,0.004176873,0.000784507,0.003392366
486,768,28,0.004341914,0.000989448,0.003352466
486,768,29,0.004256557,0.000875841,0.003380716
486,768,30,0.004124051,0.000785556,0.003338495
486,768,31,0.004293948,0.00095703,0.003336918
486,768,32,0.009679765,0.006370474,0.003309291
486,768,33,0.005502641,0.002246353,0.003256288
486,768,34,0.00616638,0.002868278,0.003298102
486,768,35,0.005391868,0.002119559,0.003272309
486,768,36,0.006203451,0.002843228,0.003360223
486,768,37,0.006215566,0.002854211,0.003361355
486,768,38,0.005363982,0.001979816,0.003384166
486,768,39,0.005149991,0.001729916,0.003420075
486,768,40,0.00487033,0.001443499,0.003426831
486,768,41,0.005252607,0.001745337,0.00350727
486,768,42,0.004830307,0.001246133,0.003584174
486,768,43,0.004706758,0.001121938,0.00358482
486,768,44,0.004938639,0.00119607,0.003742569
486,768,45,0.004799718,0.0010474,0.003752318
486,768,46,0.004695651,0.000921197,0.003774454
486,768,47,0.004805941,0.001037895,0.003768046
486,768,48,0.004567817,0.000855588,0.003712229
486,768,49,0.004646528,0.000898558,0.00374797
486,768,50,0.004685725,0.000985014,0.003700711
486,768,51,0.004660415,0.0009919,0.003668515
486,768,52,0.00467489,0.000963572,0.003711318
486,768,53,0.004597966,0.000814911,0.003783055
486,768,54,0.004657397,0.000917067,0.00374033
486,768,55,0.004489442,0.000690495,0.003798947
486,768,56,0.004795207,0.000977738,0.003817469
486,768,57,0.004560389,0.000733276,0.003827113
486,768,58,0.004549074,0.000776214,0.00377286
486,768,59,0.00454054,0.000737729,0.003802811
486,768,60,0.004694291,0.000897567,0.003796724
486,768,61,0.004595117,0.000846774,0.003748343
486,768,62,0.004599051,0.000813487,0.003785564
486,768,63,0.004905895,0.001179544,0.003726351
486,768,64,0.00486164,0.001202225,0.003659415
486,768,65,0.004851549,0.001190585,0.003660964
486,768,66,0.00462735,0.001017735,0.003609615
486,768,67,0.004666155,0.001001082,0.003665073
486,768,68,0.004782791,0.001110811,0.00367198
486,768,69,0.004817142,0.001164752,0.00365239
486,768,70,0.004477908,0.001003238,0.00347467
486,768,71,0.004700819,0.0011374,0.003563419
486,768,72,0.00470309,0.001058492,0.003644598
486,768,73,0.004720228,0.000951058,0.00376917
486,768,74,0.004625749,0.000793877,0.003831872
486,768,75,0.004320875,0.000738426,0.003582449
486,768,76,0.004998072,0.001410839,0.003587233
486,768,77,0.004532796,0.001007993,0.003524803
486,768,78,0.005087103,0.00144604,0.003641063
486,768,79,0.00509791,0.001494273,0.003603637
486,768,80,0.004727701,0.001061872,0.003665829
486,768,81,0.005018239,0.00134675,0.003671489
486,768,82,0.004391075,0.000904505,0.00348657
486,768,83,0.004617009,0.001157759,0.00345925
486,768,84,0.006495083,0.003133317,0.003361766
486,768,85,0.004717078,0.001336163,0.003380915
486,768,86,0.004454177,0.00099465,0.003459527
486,768,87,0.004682199,0.001213029,0.00346917
486,768,88,0.004658901,0.001126813,0.003532088
486,768,89,0.007288173,0.003786413,0.00350176
486,768,90,0.004747332,0.001294162,0.00345317
486,768,91,0.004472465,0.001098765,0.0033737
486,768,92,0.004444024,0.000990459,0.003453565
486,768,93,0.007216168,0.003692761,0.003523407
486,768,94,0.004818781,0.001401894,0.003416887
486,768,95,0.00455457,0.001125235,0.003429335
486,768,96,0.004117489,0.000709582,0.003407907
486,768,97,0.00678863,0.003516481,0.003272149
486,768,98,0.004649231,0.001275596,0.003373635
486,768,99,0.007115073,0.003946553,0.00316852
486,768,100,0.007980793,0.004749194,0.003231599
486,768,101,0.005263753,0.002086019,0.003177734
486,768,102,0.004049808,0.000835132,0.003214676
486,768,103,0.009032926,0.005727967,0.003304959
486,768,104,0.004482123,0.001253509,0.003228614
486,768,105,0.004395805,0.001056963,0.003338842
486,768,106,0.004385207,0.001072539,0.003312668
486,768,107,0.004572208,0.00113461,0.003437598
486,768,108,0.004084155,0.000816994,0.003267161
486,768,109,0.008496548,0.005273317,0.003223231
486,768,110,0.005079635,0.00201699,0.003062645
487,768,1,0.754785926,0.63040553,0.124380396
487,768,2,0.052524044,0.049465017,0.003059027
487,768,3,0.003651421,0.000533403,0.003118018
487,768,4,0.02237206,0.019354629,0.003017431
487,768,5,0.011871183,0.008848612,0.003022571
487,768,6,0.003908581,0.000815965,0.003092616
487,768,7,0.018767891,0.015752184,0.003015707
487,768,8,0.004116226,0.001102368,0.003013858
487,768,9,0.021890076,0.018780892,0.003109184
487,768,10,0.020233923,0.016875468,0.003358455
487,768,11,0.00466346,0.001139923,0.003523537
487,768,12,0.004006868,0.000479377,0.003527491
487,768,13,0.00404681,0.000505805,0.003541005
487,768,14,0.004220987,0.000589872,0.003631115
487,768,15,0.004751002,0.001085652,0.00366535
487,768,16,0.004336983,0.000680469,0.003656514
487,768,17,0.004615985,0.001019086,0.003596899
487,768,18,0.004184105,0.000664743,0.003519362
487,768,19,0.004187652,0.000677355,0.003510297
487,768,20,0.003938207,0.000541023,0.003397184
487,768,21,0.004246823,0.000881126,0.003365697
487,768,22,0.004454247,0.001163402,0.003290845
487,768,23,0.00466205,0.001336941,0.003325109
487,768,24,0.00449901,0.001233847,0.003265163
487,768,25,0.004828387,0.001508123,0.003320264
487,768,26,0.004304354,0.000957301,0.003347053
487,768,27,0.004485684,0.001036066,0.003449618
487,768,28,0.004107395,0.000712748,0.003394647
487,768,29,0.004149118,0.000816952,0.003332166
487,768,30,0.004312201,0.000989412,0.003322789
487,768,31,0.009538271,0.006256525,0.003281746
487,768,32,0.005521181,0.002196911,0.00332427
487,768,33,0.006187123,0.002937139,0.003249984
487,768,34,0.005536206,0.002268748,0.003267458
487,768,35,0.00603883,0.002736372,0.003302458
487,768,36,0.006336205,0.003013549,0.003322656
487,768,37,0.005386898,0.002045025,0.003341873
487,768,38,0.005118833,0.001748775,0.003370058
487,768,39,0.004900057,0.001458837,0.00344122
487,768,40,0.005041038,0.001553947,0.003487091
487,768,41,0.004694044,0.001283298,0.003410746
487,768,42,0.004849945,0.001289933,0.003560012
487,768,43,0.004686412,0.001076775,0.003609637
487,768,44,0.004806948,0.001139473,0.003667475
487,768,45,0.004871807,0.001103768,0.003768039
487,768,46,0.004548312,0.000890016,0.003658296
487,768,47,0.004787872,0.001027237,0.003760635
487,768,48,0.004570877,0.000830807,0.00374007
487,768,49,0.00468303,0.000995679,0.003687351
487,768,50,0.004667638,0.001018888,0.00364875
487,768,51,0.004708989,0.000917032,0.003791957
487,768,52,0.004454486,0.000782219,0.003672267
487,768,53,0.004715474,0.000960371,0.003755103
487,768,54,0.004555384,0.000786304,0.00376908
487,768,55,0.004640793,0.00089682,0.003743973
487,768,56,0.004576269,0.000783715,0.003792554
487,768,57,0.004497934,0.000792214,0.00370572
487,768,58,0.004619484,0.000869777,0.003749707
487,768,59,0.004715027,0.000880643,0.003834384
487,768,60,0.004631878,0.000919242,0.003712636
487,768,61,0.004716308,0.000935851,0.003780457
487,768,62,0.00490455,0.001207737,0.003696813
487,768,63,0.004916217,0.00117053,0.003745687
487,768,64,0.004807383,0.001093244,0.003714139
487,768,65,0.004614305,0.000959556,0.003654749
487,768,66,0.004790123,0.001115272,0.003674851
487,768,67,0.004743228,0.00104997,0.003693258
487,768,68,0.004843192,0.001095022,0.00374817
487,768,69,0.004485213,0.000828917,0.003656296
487,768,70,0.004626706,0.001149534,0.003477172
487,768,71,0.004659424,0.001081638,0.003577786
487,768,72,0.004681421,0.001068169,0.003613252
487,768,73,0.004569722,0.000848483,0.003721239
487,768,74,0.004573047,0.000805781,0.003767266
487,768,75,0.004707048,0.001046868,0.00366018
487,768,76,0.004472036,0.000905106,0.00356693
487,768,77,0.004541975,0.001052592,0.003489383
487,768,78,0.004986354,0.001388134,0.00359822
487,768,79,0.005295746,0.001732623,0.003563123
487,768,80,0.00477801,0.001201828,0.003576182
487,768,81,0.005086474,0.001375904,0.00371057
487,768,82,0.004209305,0.000754334,0.003454971
487,768,83,0.006512372,0.003209233,0.003303139
487,768,84,0.004741585,0.001373756,0.003367829
487,768,85,0.00447029,0.001095145,0.003375145
487,768,86,0.004301339,0.000840427,0.003460912
487,768,87,0.004999534,0.001420116,0.003579418
487,768,88,0.007191195,0.00365051,0.003540685
487,768,89,0.005071434,0.001433477,0.003637957
487,768,90,0.004325992,0.000800245,0.003525747
487,768,91,0.004324628,0.000961452,0.003363176
487,768,92,0.007376989,0.003953717,0.003423272
487,768,93,0.00510265,0.001524915,0.003577735
487,768,94,0.004410712,0.000901293,0.003509419
487,768,95,0.00415243,0.000688725,0.003463705
487,768,96,0.006755964,0.003522402,0.003233562
487,768,97,0.004544088,0.001250204,0.003293884
487,768,98,0.007342642,0.004026285,0.003316357
487,768,99,0.007807492,0.004572262,0.00323523
487,768,100,0.004265961,0.000982772,0.003283189
487,768,101,0.004116796,0.000805379,0.003311417
487,768,102,0.004645679,0.001393296,0.003252383
487,768,103,0.00437447,0.001150814,0.003223656
487,768,104,0.008546191,0.00532883,0.003217361
487,768,105,0.004776778,0.001470436,0.003306342
487,768,106,0.004485653,0.001114455,0.003371198
487,768,107,0.004403564,0.001042412,0.003361152
487,768,108,0.004128811,0.000886248,0.003242563
487,768,109,0.004314038,0.001084345,0.003229693
487,768,110,0.011289458,0.008246195,0.003043263
488,768,1,0.752746907,0.628745293,0.124001614
488,768,2,0.003618236,0.000468378,0.003149858
488,768,3,0.02492436,0.021821989,0.003102371
488,768,4,0.031480807,0.02843855,0.003042257
488,768,5,0.00395189,0.00084331,0.00310858
488,768,6,0.018741458,0.015708114,0.003033344
488,768,7,0.004127309,0.001000156,0.003127153
488,768,8,0.003565348,0.000408131,0.003157217
488,768,9,0.038242451,0.034896007,0.003346444
488,768,10,0.00445229,0.001092721,0.003359569
488,768,11,0.004036164,0.000578782,0.003457382
488,768,12,0.004068235,0.000598883,0.003469352
488,768,13,0.004105162,0.000596686,0.003508476
488,768,14,0.004705778,0.001081503,0.003624275
488,768,15,0.004311671,0.000731644,0.003580027
488,768,16,0.00468648,0.001101565,0.003584915
488,768,17,0.004248113,0.0007412,0.003506913
488,768,18,0.00422646,0.000707832,0.003518628
488,768,19,0.004067003,0.000556719,0.003510284
488,768,20,0.004023775,0.000586228,0.003437547
488,768,21,0.004314799,0.001011123,0.003303676
488,768,22,0.004567131,0.001191823,0.003375308
488,768,23,0.004528975,0.001225154,0.003303821
488,768,24,0.004807629,0.001472087,0.003335542
488,768,25,0.00439803,0.001088335,0.003309695
488,768,26,0.004491612,0.001072902,0.00341871
488,768,27,0.004278823,0.000865387,0.003413436
488,768,28,0.004223316,0.000840449,0.003382867
488,768,29,0.004358319,0.000959081,0.003399238
488,768,30,0.009213858,0.005947006,0.003266852
488,768,31,0.005616897,0.002309502,0.003307395
488,768,32,0.006256822,0.003022258,0.003234564
488,768,33,0.005628417,0.002355074,0.003273343
488,768,34,0.006112174,0.002750296,0.003361878
488,768,35,0.006214592,0.002874997,0.003339595
488,768,36,0.005527294,0.002109791,0.003417503
488,768,37,0.005157429,0.001663615,0.003493814
488,768,38,0.004724322,0.001320175,0.003404147
488,768,39,0.004902965,0.001404606,0.003498359
488,768,40,0.004857903,0.001261683,0.00359622
488,768,41,0.004709862,0.001081755,0.003628107
488,768,42,0.004670478,0.001022302,0.003648176
488,768,43,0.004665723,0.000962274,0.003703449
488,768,44,0.004805507,0.001098659,0.003706848
488,768,45,0.004618245,0.000967867,0.003650378
488,768,46,0.00471813,0.001042558,0.003675572
488,768,47,0.004610277,0.000935667,0.00367461
488,768,48,0.004702593,0.001010181,0.003692412
488,768,49,0.00455985,0.00089209,0.00366776
488,768,50,0.004673906,0.000920571,0.003753335
488,768,51,0.004489085,0.000830119,0.003658966
488,768,52,0.004718012,0.001022979,0.003695033
488,768,53,0.004523724,0.000795199,0.003728525
488,768,54,0.004606743,0.000886793,0.00371995
488,768,55,0.004572631,0.000810943,0.003761688
488,768,56,0.004512584,0.000782487,0.003730097
488,768,57,0.004445804,0.000746744,0.00369906
488,768,58,0.004678936,0.001016549,0.003662387
488,768,59,0.004902201,0.001140185,0.003762016
488,768,60,0.004716166,0.000979798,0.003736368
488,768,61,0.005048395,0.001366844,0.003681551
488,768,62,0.004886698,0.00111068,0.003776018
488,768,63,0.004779507,0.001021688,0.003757819
488,768,64,0.00461418,0.000903654,0.003710526
488,768,65,0.00481159,0.001186552,0.003625038
488,768,66,0.00475519,0.001040089,0.003715101
488,768,67,0.004732121,0.001076931,0.00365519
488,768,68,0.0047062,0.001024692,0.003681508
488,768,69,0.004474954,0.000898999,0.003575955
488,768,70,0.004674992,0.001100325,0.003574667
488,768,71,0.004745183,0.001207026,0.003538157
488,768,72,0.00451857,0.000914001,0.003604569
488,768,73,0.004619005,0.000982484,0.003636521
488,768,74,0.004311922,0.000640476,0.003671446
488,768,75,0.004733682,0.001125507,0.003608175
488,768,76,0.004595002,0.001063816,0.003531186
488,768,77,0.00476793,0.001354366,0.003413564
488,768,78,0.004895418,0.001445908,0.00344951
488,768,79,0.004900248,0.001384749,0.003515499
488,768,80,0.004960612,0.001442735,0.003517877
488,768,81,0.00482733,0.001143682,0.003683648
488,768,82,0.006342329,0.00292476,0.003417569
488,768,83,0.004654587,0.001294077,0.00336051
488,768,84,0.004484029,0.001086938,0.003397091
488,768,85,0.004197184,0.000795106,0.003402078
488,768,86,0.004485795,0.001126127,0.003359668
488,768,87,0.007862532,0.004335445,0.003527087
488,768,88,0.005317408,0.001610712,0.003706696
488,768,89,0.004211125,0.00048906,0.003722065
488,768,90,0.004037829,0.000481797,0.003556032
488,768,91,0.007677452,0.004306943,0.003370509
488,768,92,0.005321806,0.001798651,0.003523155
488,768,93,0.004463272,0.000852827,0.003610445
488,768,94,0.003979584,0.000460966,0.003518618
488,768,95,0.006888888,0.003550359,0.003338529
488,768,96,0.004615706,0.00121915,0.003396556
488,768,97,0.006676135,0.003283052,0.003393083
488,768,98,0.008094226,0.004898076,0.00319615
488,768,99,0.004239678,0.000883612,0.003356066
488,768,100,0.003990165,0.000646107,0.003344058
488,768,101,0.003999245,0.000625114,0.003374131
488,768,102,0.005435689,0.002307933,0.003127756
488,768,103,0.004817971,0.001572032,0.003245939
488,768,104,0.004148952,0.000826336,0.003322616
488,768,105,0.00693602,0.003660784,0.003275236
488,768,106,0.004685266,0.001441407,0.003243859
488,768,107,0.004818883,0.001416672,0.003402211
488,768,108,0.004199387,0.000910756,0.003288631
488,768,109,0.004222776,0.000949429,0.003273347
488,768,110,0.004661937,0.001276093,0.003385844
489,768,1,0.752038771,0.62814814,0.123890631
489,768,2,0.033183364,0.030148423,0.003034941
489,768,3,0.003690945,0.000592241,0.003098704
489,768,4,0.03197173,0.028945833,0.003025897
489,768,5,0.040626125,0.037604025,0.0030221
489,768,6,0.003884859,0.00086888,0.003015979
489,768,7,0.003652326,0.000569463,0.003082863
489,768,8,0.038116468,0.034798868,0.0033176
489,768,9,0.004428514,0.000941359,0.003487155
489,768,10,0.0039701,0.000502461,0.003467639
489,768,11,0.004051636,0.000521986,0.00352965
489,768,12,0.004031201,0.000524263,0.003506938
489,768,13,0.00462311,0.001167829,0.003455281
489,768,14,0.004363132,0.000766413,0.003596719
489,768,15,0.004614894,0.00104638,0.003568514
489,768,16,0.004429536,0.000833149,0.003596387
489,768,17,0.004211352,0.000640879,0.003570473
489,768,18,0.004023036,0.000547137,0.003475899
489,768,19,0.00411069,0.000627202,0.003483488
489,768,20,0.004109689,0.000704406,0.003405283
489,768,21,0.004154336,0.000815417,0.003338919
489,768,22,0.004724396,0.001391499,0.003332897
489,768,23,0.004704102,0.001399912,0.00330419
489,768,24,0.004500238,0.001194271,0.003305967
489,768,25,0.004541473,0.001181146,0.003360327
489,768,26,0.004208847,0.000821874,0.003386973
489,768,27,0.004148532,0.000749526,0.003399006
489,768,28,0.004458382,0.001008173,0.003450209
489,768,29,0.009619405,0.006309934,0.003309471
489,768,30,0.005461632,0.002130364,0.003331268
489,768,31,0.006207263,0.002886172,0.003321091
489,768,32,0.005615241,0.00234577,0.003269471
489,768,33,0.005861082,0.002565761,0.003295321
489,768,34,0.006161547,0.002889296,0.003272251
489,768,35,0.005467051,0.00204865,0.003418401
489,768,36,0.005055086,0.001662751,0.003392335
489,768,37,0.004975406,0.001471625,0.003503781
489,768,38,0.004652071,0.001136419,0.003515652
489,768,39,0.004798369,0.001250495,0.003547874
489,768,40,0.004662788,0.001099076,0.003563712
489,768,41,0.004542963,0.00093795,0.003605013
489,768,42,0.004795086,0.001191826,0.00360326
489,768,43,0.004630821,0.001096604,0.003534217
489,768,44,0.00481578,0.001203552,0.003612228
489,768,45,0.004485765,0.000834745,0.00365102
489,768,46,0.004677928,0.001070592,0.003607336
489,768,47,0.004610045,0.00095556,0.003654485
489,768,48,0.004514659,0.000857268,0.003657391
489,768,49,0.004640606,0.000867949,0.003772657
489,768,50,0.004489652,0.000830227,0.003659425
489,768,51,0.004619495,0.000960094,0.003659401
489,768,52,0.004639819,0.000981907,0.003657912
489,768,53,0.004560768,0.00089015,0.003670618
489,768,54,0.004654941,0.000959102,0.003695839
489,768,55,0.004744218,0.000968785,0.003775433
489,768,56,0.004542731,0.000760525,0.003782206
489,768,57,0.004734882,0.000986376,0.003748506
489,768,58,0.004736902,0.000960332,0.00377657
489,768,59,0.004735035,0.000911207,0.003823828
489,768,60,0.004502155,0.00072958,0.003772575
489,768,61,0.00502158,0.001195289,0.003826291
489,768,62,0.004610433,0.000809363,0.00380107
489,768,63,0.004504516,0.00074274,0.003761776
489,768,64,0.004649138,0.000939093,0.003710045
489,768,65,0.004874087,0.001129499,0.003744588
489,768,66,0.004561927,0.000872884,0.003689043
489,768,67,0.004527158,0.000869995,0.003657163
489,768,68,0.004831673,0.001153471,0.003678202
489,768,69,0.004936544,0.001179299,0.003757245
489,768,70,0.004224035,0.000748544,0.003475491
489,768,71,0.005034311,0.001379907,0.003654404
489,768,72,0.00485589,0.001179085,0.003676805
489,768,73,0.004886949,0.001198401,0.003688548
489,768,74,0.004302447,0.000678501,0.003623946
489,768,75,0.004777305,0.001206425,0.00357088
489,768,76,0.004542435,0.001087152,0.003455283
489,768,77,0.00481678,0.001394979,0.003421801
489,768,78,0.004726431,0.00125481,0.003471621
489,768,79,0.005071986,0.001517205,0.003554781
489,768,80,0.004772036,0.001265325,0.003506711
489,768,81,0.005508218,0.001949409,0.003558809
489,768,82,0.00450797,0.001131264,0.003376706
489,768,83,0.005376346,0.001920329,0.003456017
489,768,84,0.004517669,0.001106999,0.00341067
489,768,85,0.004111617,0.00074149,0.003370127
489,768,86,0.008443161,0.004999197,0.003443964
489,768,87,0.005208261,0.001606744,0.003601517
489,768,88,0.004553461,0.000917531,0.00363593
489,768,89,0.004143506,0.000566897,0.003576609
489,768,90,0.007079389,0.003774626,0.003304763
489,768,91,0.005398712,0.001949681,0.003449031
489,768,92,0.004910251,0.001305463,0.003604788
489,768,93,0.004100925,0.000449663,0.003651262
489,768,94,0.006665982,0.003351773,0.003314209
489,768,95,0.0049181,0.001505631,0.003412469
489,768,96,0.003971349,0.000611413,0.003359936
489,768,97,0.003843966,0.000538148,0.003305818
489,768,98,0.006424432,0.003165816,0.003258616
489,768,99,0.007932764,0.004721875,0.003210889
489,768,100,0.004307508,0.000992304,0.003315204
489,768,101,0.006367907,0.003225997,0.00314191
489,768,102,0.004477629,0.001375716,0.003101913
489,768,103,0.004054735,0.0008431,0.003211635
489,768,104,0.00410899,0.000760872,0.003348118
489,768,105,0.003846226,0.000562183,0.003284043
489,768,106,0.006449335,0.003266213,0.003183122
489,768,107,0.004765275,0.001552038,0.003213237
489,768,108,0.004586347,0.001257216,0.003329131
489,768,109,0.004342654,0.001040139,0.003302515
489,768,110,0.004691846,0.001315182,0.003376664
490,768,1,0.750967033,0.627144906,0.123822127
490,768,2,0.003649855,0.000473758,0.003176097
490,768,3,0.031647556,0.028569715,0.003077841
490,768,4,0.069897355,0.066851505,0.00304585
490,768,5,0.003854184,0.000726191,0.003127993
490,768,6,0.003544995,0.000413325,0.00313167
490,768,7,0.037905782,0.034590734,0.003315048
490,768,8,0.004249852,0.000809906,0.003439946
490,768,9,0.003971512,0.000474285,0.003497227
490,768,10,0.003989348,0.000495201,0.003494147
490,768,11,0.004017651,0.00051229,0.003505361
490,768,12,0.004777148,0.001194459,0.003582689
490,768,13,0.004210057,0.000617223,0.003592834
490,768,14,0.004681475,0.00103546,0.003646015
490,768,15,0.004405041,0.000647424,0.003757617
490,768,16,0.004222297,0.000604593,0.003617704
490,768,17,0.004134869,0.000554381,0.003580488
490,768,18,0.004072729,0.000538774,0.003533955
490,768,19,0.004196721,0.000620799,0.003575922
490,768,20,0.003970726,0.00047545,0.003495276
490,768,21,0.004466447,0.001057828,0.003408619
490,768,22,0.004548729,0.001102214,0.003446515
490,768,23,0.004549049,0.0011609,0.003388149
490,768,24,0.004597584,0.001201412,0.003396172
490,768,25,0.004372277,0.000991536,0.003380741
490,768,26,0.004347943,0.000877669,0.003470274
490,768,27,0.004349811,0.00087783,0.003471981
490,768,28,0.009834862,0.006468007,0.003366855
490,768,29,0.005411212,0.002102402,0.00330881
490,768,30,0.005981126,0.002646719,0.003334407
490,768,31,0.005748391,0.002401513,0.003346878
490,768,32,0.00573102,0.002428662,0.003302358
490,768,33,0.006188689,0.002867309,0.00332138
490,768,34,0.005194849,0.001790589,0.00340426
490,768,35,0.005031817,0.001546493,0.003485324
490,768,36,0.004868257,0.001390771,0.003477486
490,768,37,0.004620913,0.00103876,0.003582153
490,768,38,0.004986859,0.001444025,0.003542834
490,768,39,0.004510771,0.001025617,0.003485154
490,768,40,0.00466657,0.0011574,0.00350917
490,768,41,0.004787746,0.001173263,0.003614483
490,768,42,0.004627164,0.001070757,0.003556407
490,768,43,0.004887148,0.001185293,0.003701855
490,768,44,0.004486121,0.00083339,0.003652731
490,768,45,0.004712974,0.000970973,0.003742001
490,768,46,0.004508287,0.00074702,0.003761267
490,768,47,0.00458948,0.000842259,0.003747221
490,768,48,0.004654641,0.000831792,0.003822849
490,768,49,0.00459447,0.000812128,0.003782342
490,768,50,0.004513736,0.000743923,0.003769813
490,768,51,0.004679192,0.000873312,0.00380588
490,768,52,0.004504402,0.000792245,0.003712157
490,768,53,0.004747961,0.00099291,0.003755051
490,768,54,0.004660027,0.000843624,0.003816403
490,768,55,0.004432877,0.000695031,0.003737846
490,768,56,0.00493525,0.001046171,0.003889079
490,768,57,0.004640841,0.000820912,0.003819929
490,768,58,0.00451583,0.000700486,0.003815344
490,768,59,0.004723809,0.000916481,0.003807328
490,768,60,0.004781147,0.000885488,0.003895659
490,768,61,0.004768429,0.000899576,0.003868853
490,768,62,0.004561474,0.000788993,0.003772481
490,768,63,0.004813572,0.000998341,0.003815231
490,768,64,0.004526922,0.000722756,0.003804166
490,768,65,0.004472837,0.000722605,0.003750232
490,768,66,0.004900624,0.00105336,0.003847264
490,768,67,0.004788939,0.000986679,0.00380226
490,768,68,0.004800401,0.000949317,0.003851084
490,768,69,0.00429512,0.000613274,0.003681846
490,768,70,0.004633757,0.001010269,0.003623488
490,768,71,0.005249918,0.001724866,0.003525052
490,768,72,0.005111011,0.00150264,0.003608371
490,768,73,0.00439243,0.000731551,0.003660879
490,768,74,0.004373831,0.000690142,0.003683689
490,768,75,0.004698705,0.001055723,0.003642982
490,768,76,0.004409597,0.000915426,0.003494171
490,768,77,0.00478929,0.001372597,0.003416693
490,768,78,0.004979256,0.001429035,0.003550221
490,768,79,0.004993619,0.001354194,0.003639425
490,768,80,0.005536576,0.002024397,0.003512179
490,768,81,0.004886597,0.001255519,0.003631078
490,768,82,0.004621751,0.001130915,0.003490836
490,768,83,0.004814707,0.001325069,0.003489638
490,768,84,0.004057292,0.000620097,0.003437195
490,768,85,0.008162358,0.00473527,0.003427088
490,768,86,0.005349452,0.001831641,0.003517811
490,768,87,0.004555556,0.000959536,0.00359602
490,768,88,0.004690371,0.000975396,0.003714975
490,768,89,0.007120544,0.003558844,0.0035617
490,768,90,0.004556335,0.00113784,0.003418495
490,768,91,0.004975781,0.001527125,0.003448656
490,768,92,0.004728644,0.001157574,0.00357107
490,768,93,0.004266636,0.000621345,0.003645291
490,768,94,0.003966796,0.000465843,0.003500953
490,768,95,0.006457072,0.003128525,0.003328547
490,768,96,0.004758056,0.001385414,0.003372642
490,768,97,0.003925276,0.000537536,0.00338774
490,768,98,0.004253202,0.000855826,0.003397376
490,768,99,0.006079593,0.002847459,0.003232134
490,768,100,0.007682764,0.004469353,0.003213411
490,768,101,0.004274359,0.000975473,0.003298886
490,768,102,0.006250791,0.003091929,0.003158862
490,768,103,0.004784086,0.001538401,0.003245685
490,768,104,0.004041724,0.000656057,0.003385667
490,768,105,0.003841036,0.000469585,0.003371451
490,768,106,0.004230571,0.000839132,0.003391439
490,768,107,0.006738277,0.0034461,0.003292177
490,768,108,0.00471253,0.001268364,0.003444166
490,768,109,0.004391965,0.001064454,0.003327511
490,768,110,0.004738663,0.001335782,0.003402881
491,768,1,0.751036914,0.627121188,0.123915726
491,768,2,0.007333375,0.004287171,0.003046204
491,768,3,0.003632768,0.000532233,0.003100535
491,768,4,0.070055599,0.067023836,0.003031763
491,768,5,0.029503482,0.026477995,0.003025487
491,768,6,0.038641963,0.035430365,0.003211598
491,768,7,0.004150849,0.000800168,0.003350681
491,768,8,0.003836137,0.000423786,0.003412351
491,768,9,0.004044757,0.000592731,0.003452026
491,768,10,0.004064313,0.000584007,0.003480306
491,768,11,0.004622477,0.001187291,0.003435186
491,768,12,0.004280079,0.000717427,0.003562652
491,768,13,0.004546997,0.000917512,0.003629485
491,768,14,0.004350541,0.000563592,0.003786949
491,768,15,0.004239277,0.000527037,0.00371224
491,768,16,0.004251909,0.000558549,0.00369336
491,768,17,0.004135192,0.000540445,0.003594747
491,768,18,0.004162964,0.000547121,0.003615843
491,768,19,0.004030617,0.000516329,0.003514288
491,768,20,0.004048878,0.000553343,0.003495535
491,768,21,0.004438424,0.001025482,0.003412942
491,768,22,0.004519981,0.001208331,0.00331165
491,768,23,0.004679361,0.001298269,0.003381092
491,768,24,0.004454281,0.001108681,0.0033456
491,768,25,0.004479404,0.001112415,0.003366989
491,768,26,0.00433993,0.000916582,0.003423348
491,768,27,0.010205173,0.006903892,0.003301281
491,768,28,0.005401822,0.002138977,0.003262845
491,768,29,0.005761484,0.002443297,0.003318187
491,768,30,0.005776459,0.002433817,0.003342642
491,768,31,0.005471872,0.002255606,0.003216266
491,768,32,0.006172873,0.002888964,0.003283909
491,768,33,0.0052009,0.001808,0.0033929
491,768,34,0.004956666,0.001544849,0.003411817
491,768,35,0.004945278,0.001484,0.003461278
491,768,36,0.004462555,0.001059201,0.003403354
491,768,37,0.004979055,0.001529535,0.00344952
491,768,38,0.004700399,0.001197009,0.00350339
491,768,39,0.004534381,0.001053129,0.003481252
491,768,40,0.004683951,0.001218748,0.003465203
491,768,41,0.00483525,0.001312757,0.003522493
491,768,42,0.004722428,0.001115599,0.003606829
491,768,43,0.004687426,0.0010425,0.003644926
491,768,44,0.004598411,0.000937791,0.00366062
491,768,45,0.004541042,0.000864472,0.00367657
491,768,46,0.004511576,0.000839278,0.003672298
491,768,47,0.004634686,0.000917944,0.003716742
491,768,48,0.004687445,0.000916283,0.003771162
491,768,49,0.004538698,0.000801401,0.003737297
491,768,50,0.004672976,0.000839909,0.003833067
491,768,51,0.004570015,0.000877226,0.003692789
491,768,52,0.004797025,0.000992683,0.003804342
491,768,53,0.004525738,0.000742941,0.003782797
491,768,54,0.004532563,0.000806401,0.003726162
491,768,55,0.004794811,0.000989666,0.003805145
491,768,56,0.004734434,0.000761588,0.003972846
491,768,57,0.004452254,0.000703598,0.003748656
491,768,58,0.004791583,0.000879303,0.00391228
491,768,59,0.004681318,0.000729029,0.003952289
491,768,60,0.00458493,0.000723172,0.003861758
491,768,61,0.004822717,0.000959797,0.00386292
491,768,62,0.004828689,0.000958259,0.00387043
491,768,63,0.00453219,0.000692888,0.003839302
491,768,64,0.004522485,0.000715322,0.003807163
491,768,65,0.00475487,0.000968168,0.003786702
491,768,66,0.004853905,0.001009491,0.003844414
491,768,67,0.004811318,0.001014068,0.00379725
491,768,68,0.004394315,0.000620382,0.003773933
491,768,69,0.00471311,0.001015911,0.003697199
491,768,70,0.005243872,0.001696148,0.003547724
491,768,71,0.005010427,0.001316718,0.003693709
491,768,72,0.004423137,0.000732431,0.003690706
491,768,73,0.004409299,0.000646772,0.003762527
491,768,74,0.004335219,0.000689651,0.003645568
491,768,75,0.004561307,0.001000832,0.003560475
491,768,76,0.004573157,0.001093912,0.003479245
491,768,77,0.004887462,0.001434427,0.003453035
491,768,78,0.004686709,0.001221364,0.003465345
491,768,79,0.006084814,0.00253984,0.003544974
491,768,80,0.004741214,0.001070145,0.003671069
491,768,81,0.004715606,0.00103139,0.003684216
491,768,82,0.00450127,0.000986203,0.003515067
491,768,83,0.004720617,0.001259277,0.00346134
491,768,84,0.007889947,0.004519072,0.003370875
491,768,85,0.004568679,0.001088451,0.003480228
491,768,86,0.004675762,0.00122327,0.003452492
491,768,87,0.00472682,0.001311819,0.003415001
491,768,88,0.004912795,0.001208591,0.003704204
491,768,89,0.004134129,0.000504476,0.003629653
491,768,90,0.006372788,0.003071036,0.003301752
491,768,91,0.005377393,0.001887757,0.003489636
491,768,92,0.004980188,0.001344423,0.003635765
491,768,93,0.004239835,0.000634757,0.003605078
491,768,94,0.003967445,0.000483565,0.00348388
491,768,95,0.003971849,0.000606038,0.003365811
491,768,96,0.006452032,0.003222012,0.00323002
491,768,97,0.004526594,0.001288323,0.003238271
491,768,98,0.004371961,0.000990614,0.003381347
491,768,99,0.004366833,0.000977065,0.003389768
491,768,100,0.00622478,0.002993529,0.003231251
491,768,101,0.009537234,0.006365864,0.00317137
491,768,102,0.004036288,0.000786518,0.00324977
491,768,103,0.004195721,0.000970947,0.003224774
491,768,104,0.004782658,0.001490938,0.00329172
491,768,105,0.003880828,0.000544836,0.003335992
491,768,106,0.004229758,0.000839382,0.003390376
491,768,107,0.004380538,0.001070044,0.003310494
491,768,108,0.006698773,0.003332165,0.003366608
491,768,109,0.004577404,0.001236825,0.003340579
491,768,110,0.005637615,0.002317001,0.003320614
492,768,1,0.758277333,0.633143752,0.125133581
492,768,2,0.003599974,0.000469998,0.003129976
492,768,3,0.019077359,0.016029199,0.00304816
492,768,4,0.052214884,0.049188592,0.003026292
492,768,5,0.066722034,0.063589358,0.003132676
492,768,6,0.004049467,0.000870695,0.003178772
492,768,7,0.003776208,0.000436219,0.003339989
492,768,8,0.003993085,0.000585817,0.003407268
492,768,9,0.004062686,0.000625434,0.003437252
492,768,10,0.004616825,0.001162738,0.003454087
492,768,11,0.004148696,0.000701216,0.00344748
492,768,12,0.004479784,0.000956909,0.003522875
492,768,13,0.004148898,0.000494665,0.003654233
492,768,14,0.004159142,0.000505584,0.003653558
492,768,15,0.004278654,0.000606914,0.00367174
492,768,16,0.00434705,0.000696522,0.003650528
492,768,17,0.004039979,0.000523334,0.003516645
492,768,18,0.004092918,0.000615727,0.003477191
492,768,19,0.003950215,0.000507103,0.003443112
492,768,20,0.004172773,0.000792189,0.003380584
492,768,21,0.004543273,0.001162685,0.003380588
492,768,22,0.004380581,0.001061673,0.003318908
492,768,23,0.004666515,0.001330056,0.003336459
492,768,24,0.004497146,0.001171555,0.003325591
492,768,25,0.004449607,0.001167565,0.003282042
492,768,26,0.010865552,0.007583874,0.003281678
492,768,27,0.005465138,0.002156195,0.003308943
492,768,28,0.005605084,0.002297552,0.003307532
492,768,29,0.00541724,0.002153355,0.003263885
492,768,30,0.005784297,0.002491581,0.003292716
492,768,31,0.006053257,0.002797243,0.003256014
492,768,32,0.005050706,0.001656585,0.003394121
492,768,33,0.00480246,0.001522746,0.003279714
492,768,34,0.004916274,0.001560176,0.003356098
492,768,35,0.00468768,0.001249066,0.003438614
492,768,36,0.004808275,0.001412825,0.00339545
492,768,37,0.004621907,0.001240815,0.003381092
492,768,38,0.004789661,0.001270545,0.003519116
492,768,39,0.004597812,0.001123701,0.003474111
492,768,40,0.004626378,0.001272942,0.003353436
492,768,41,0.004903129,0.001282233,0.003620896
492,768,42,0.004607467,0.001006944,0.003600523
492,768,43,0.00478061,0.000998827,0.003781783
492,768,44,0.004518011,0.000773422,0.003744589
492,768,45,0.004443754,0.00080242,0.003641334
492,768,46,0.004630925,0.000960926,0.003669999
492,768,47,0.004646012,0.000925207,0.003720805
492,768,48,0.004624313,0.000876054,0.003748259
492,768,49,0.004652133,0.000828788,0.003823345
492,768,50,0.004577144,0.000881473,0.003695671
492,768,51,0.004681603,0.000932433,0.00374917
492,768,52,0.004604579,0.00084469,0.003759889
492,768,53,0.004503596,0.000802124,0.003701472
492,768,54,0.004660638,0.000918961,0.003741677
492,768,55,0.004622898,0.000826883,0.003796015
492,768,56,0.004630287,0.000853254,0.003777033
492,768,57,0.00484829,0.001007176,0.003841114
492,768,58,0.004563689,0.000810755,0.003752934
492,768,59,0.004774537,0.001010268,0.003764269
492,768,60,0.004731303,0.00089265,0.003838653
492,768,61,0.004861149,0.000975636,0.003885513
492,768,62,0.00458186,0.000771227,0.003810633
492,768,63,0.004579388,0.000796286,0.003783102
492,768,64,0.00462659,0.000898219,0.003728371
492,768,65,0.004926845,0.001200096,0.003726749
492,768,66,0.004614938,0.00092393,0.003691008
492,768,67,0.004748623,0.000992533,0.00375609
492,768,68,0.004624953,0.000848769,0.003776184
492,768,69,0.005051598,0.001450607,0.003600991
492,768,70,0.005366823,0.001696232,0.003670591
492,768,71,0.004377589,0.000623722,0.003753867
492,768,72,0.004319103,0.000518615,0.003800488
492,768,73,0.004272389,0.000607156,0.003665233
492,768,74,0.004452862,0.000833512,0.00361935
492,768,75,0.004926898,0.001318749,0.003608149
492,768,76,0.004588079,0.001155778,0.003432301
492,768,77,0.004875296,0.001431541,0.003443755
492,768,78,0.005998796,0.002462522,0.003536274
492,768,79,0.004781829,0.001148337,0.003633492
492,768,80,0.00474315,0.001037735,0.003705415
492,768,81,0.004278952,0.000690934,0.003588018
492,768,82,0.004658734,0.001143262,0.003515472
492,768,83,0.005020087,0.00160169,0.003418397
492,768,84,0.004415282,0.001048554,0.003366728
492,768,85,0.006802631,0.003428296,0.003374335
492,768,86,0.005079081,0.001566786,0.003512295
492,768,87,0.004815514,0.001241059,0.003574455
492,768,88,0.004786911,0.001070378,0.003716533
492,768,89,0.004161069,0.000475935,0.003685134
492,768,90,0.004071634,0.000562379,0.003509255
492,768,91,0.007178991,0.003828578,0.003350413
492,768,92,0.005506652,0.001878139,0.003628513
492,768,93,0.004269171,0.000633846,0.003635325
492,768,94,0.00393477,0.000448491,0.003486279
492,768,95,0.003913235,0.000470496,0.003442739
492,768,96,0.004242081,0.000809611,0.00343247
492,768,97,0.006093988,0.0028143,0.003279688
492,768,98,0.004802552,0.001404632,0.00339792
492,768,99,0.004472743,0.001049367,0.003423376
492,768,100,0.006735871,0.003506122,0.003229749
492,768,101,0.005636886,0.002422339,0.003214547
492,768,102,0.007082812,0.003970017,0.003112795
492,768,103,0.004223488,0.000962943,0.003260545
492,768,104,0.004343374,0.000935049,0.003408325
492,768,105,0.004487127,0.001192009,0.003295118
492,768,106,0.003935075,0.000613186,0.003321889
492,768,107,0.004673758,0.001454166,0.003219592
492,768,108,0.004796689,0.001405188,0.003391501
492,768,109,0.008465693,0.005303304,0.003162389
492,768,110,0.00448881,0.001192656,0.003296154
493,768,1,0.751176487,0.627438094,0.123738393
493,768,2,0.033967936,0.030925759,0.003042177
493,768,3,0.003779993,0.000618893,0.0031611
493,768,4,0.115059425,0.111940686,0.003118739
493,768,5,0.00394955,0.000638406,0.003311144
493,768,6,0.003684898,0.000464465,0.003220433
493,768,7,0.003894748,0.000574473,0.003320275
493,768,8,0.004047249,0.000683697,0.003363552
493,768,9,0.004550951,0.001090251,0.0034607
493,768,10,0.004158606,0.000683474,0.003475132
493,768,11,0.00439637,0.000755341,0.003641029
493,768,12,0.004103516,0.000505336,0.00359818
493,768,13,0.004143992,0.000506801,0.003637191
493,768,14,0.004262828,0.000493845,0.003768983
493,768,15,0.004309159,0.000505403,0.003803756
493,768,16,0.004182217,0.000523457,0.00365876
493,768,17,0.004123974,0.000523717,0.003600257
493,768,18,0.004059453,0.000478335,0.003581118
493,768,19,0.004095296,0.000506014,0.003589282
493,768,20,0.004060667,0.000542196,0.003518471
493,768,21,0.004373515,0.001011739,0.003361776
493,768,22,0.004405128,0.00105847,0.003346658
493,768,23,0.004575391,0.001246111,0.00332928
493,768,24,0.004517961,0.001153178,0.003364783
493,768,25,0.011627856,0.008274014,0.003353842
493,768,26,0.005434497,0.002067073,0.003367424
493,768,27,0.005474966,0.002130882,0.003344084
493,768,28,0.005482916,0.002134855,0.003348061
493,768,29,0.005547685,0.002280762,0.003266923
493,768,30,0.006064565,0.002716056,0.003348509
493,768,31,0.004770637,0.001492288,0.003278349
493,768,32,0.004760285,0.001503581,0.003256704
493,768,33,0.004948394,0.00157173,0.003376664
493,768,34,0.004582727,0.001246376,0.003336351
493,768,35,0.004751532,0.001372282,0.00337925
493,768,36,0.00461064,0.001198037,0.003412603
493,768,37,0.004648319,0.001130643,0.003517676
493,768,38,0.004692564,0.001133873,0.003558691
493,768,39,0.004528157,0.001022986,0.003505171
493,768,40,0.004661912,0.001123469,0.003538443
493,768,41,0.004629853,0.000982597,0.003647256
493,768,42,0.004621075,0.001023192,0.003597883
493,768,43,0.004704348,0.000994372,0.003709976
493,768,44,0.004532545,0.000772481,0.003760064
493,768,45,0.004603849,0.000762126,0.003841723
493,768,46,0.004388934,0.000698305,0.003690629
493,768,47,0.00453745,0.000823963,0.003713487
493,768,48,0.004768909,0.000936934,0.003831975
493,768,49,0.004780081,0.000935408,0.003844673
493,768,50,0.004587302,0.000851978,0.003735324
493,768,51,0.004743435,0.000972683,0.003770752
493,768,52,0.004807409,0.000997259,0.00381015
493,768,53,0.0046428,0.000835301,0.003807499
493,768,54,0.004547007,0.000796027,0.00375098
493,768,55,0.004906897,0.000974667,0.00393223
493,768,56,0.004784196,0.000795595,0.003988601
493,768,57,0.004677044,0.000725835,0.003951209
493,768,58,0.004657535,0.000723635,0.0039339
493,768,59,0.004710268,0.000800095,0.003910173
493,768,60,0.004855019,0.000986871,0.003868148
493,768,61,0.004609555,0.000689318,0.003920237
493,768,62,0.004691124,0.000862953,0.003828171
493,768,63,0.004688776,0.00078828,0.003900496
493,768,64,0.004802735,0.001064767,0.003737968
493,768,65,0.004791366,0.00107428,0.003717086
493,768,66,0.004638979,0.000898562,0.003740417
493,768,67,0.004732085,0.000974993,0.003757092
493,768,68,0.004838164,0.001151472,0.003686692
493,768,69,0.004977497,0.00119719,0.003780307
493,768,70,0.004606504,0.000985297,0.003621207
493,768,71,0.004539886,0.00071231,0.003827576
493,768,72,0.004462688,0.000531319,0.003931369
493,768,73,0.004389184,0.000540048,0.003849136
493,768,74,0.004373145,0.000789625,0.00358352
493,768,75,0.004938934,0.001366431,0.003572503
493,768,76,0.004698834,0.001213166,0.003485668
493,768,77,0.005957153,0.002183601,0.003773552
493,768,78,0.004646436,0.000983347,0.003663089
493,768,79,0.004774426,0.001037522,0.003736904
493,768,80,0.004718615,0.000982575,0.00373604
493,768,81,0.00452384,0.000798582,0.003725258
493,768,82,0.004681796,0.001150855,0.003530941
493,768,83,0.005114682,0.001580006,0.003534676
493,768,84,0.004260527,0.000810125,0.003450402
493,768,85,0.004132698,0.000826648,0.00330605
493,768,86,0.006648496,0.003172405,0.003476091
493,768,87,0.005306693,0.001539819,0.003766874
493,768,88,0.004548275,0.00079086,0.003757415
493,768,89,0.004406307,0.000653212,0.003753095
493,768,90,0.005911204,0.002566241,0.003344963
493,768,91,0.006129076,0.002658666,0.00347041
493,768,92,0.004894788,0.001152727,0.003742061
493,768,93,0.004193827,0.000515859,0.003677968
493,768,94,0.003985362,0.000470509,0.003514853
493,768,95,0.003887263,0.000453656,0.003433607
493,768,96,0.00434746,0.000764506,0.003582954
493,768,97,0.003929696,0.000516581,0.003413115
493,768,98,0.006215782,0.002871348,0.003344434
493,768,99,0.004713494,0.001291009,0.003422485
493,768,100,0.004042342,0.000796253,0.003246089
493,768,101,0.007246833,0.003934852,0.003311981
493,768,102,0.005616458,0.002446782,0.003169676
493,768,103,0.006354376,0.003243148,0.003111228
493,768,104,0.004484696,0.001119264,0.003365432
493,768,105,0.004190123,0.000794195,0.003395928
493,768,106,0.004644418,0.001193288,0.00345113
493,768,107,0.004258259,0.001017808,0.003240451
493,768,108,0.0056713,0.00225595,0.00341535
493,768,109,0.004660075,0.001315591,0.003344484
493,768,110,0.00755084,0.004210029,0.003340811
494,768,1,0.752659124,0.628604042,0.124055082
494,768,2,0.003617661,0.000460504,0.003157157
494,768,3,0.115105526,0.111967568,0.003137958
494,768,4,0.003756446,0.000517057,0.003239389
494,768,5,0.00368959,0.000408926,0.003280664
494,768,6,0.003906424,0.000564704,0.00334172
494,768,7,0.004011239,0.000579309,0.00343193
494,768,8,0.004397476,0.000943874,0.003453602
494,768,9,0.004140176,0.000669529,0.003470647
494,768,10,0.004250338,0.0007318,0.003518538
494,768,11,0.004033393,0.000494657,0.003538736
494,768,12,0.004040389,0.000478313,0.003562076
494,768,13,0.004095203,0.000489985,0.003605218
494,768,14,0.004237606,0.000495593,0.003742013
494,768,15,0.004299179,0.000511497,0.003787682
494,768,16,0.004145144,0.000519176,0.003625968
494,768,17,0.004068641,0.000497636,0.003571005
494,768,18,0.004015234,0.000471091,0.003544143
494,768,19,0.004005818,0.000508995,0.003496823
494,768,20,0.004212126,0.000725205,0.003486921
494,768,21,0.004418111,0.001053485,0.003364626
494,768,22,0.004441795,0.000965928,0.003475867
494,768,23,0.004465839,0.001053966,0.003411873
494,768,24,0.01258357,0.009191224,0.003392346
494,768,25,0.005427342,0.002009043,0.003418299
494,768,26,0.005616442,0.002263864,0.003352578
494,768,27,0.005247241,0.001937421,0.00330982
494,768,28,0.005554866,0.002220683,0.003334183
494,768,29,0.005931785,0.002510661,0.003421124
494,768,30,0.004731037,0.001433343,0.003297694
494,768,31,0.004828433,0.001477782,0.003350651
494,768,32,0.004736024,0.001350986,0.003385038
494,768,33,0.004620639,0.001240861,0.003379778
494,768,34,0.004711163,0.001308387,0.003402776
494,768,35,0.004571414,0.001096222,0.003475192
494,768,36,0.004680424,0.001160613,0.003519811
494,768,37,0.0045474,0.001062567,0.003484833
494,768,38,0.004585336,0.001052572,0.003532764
494,768,39,0.00458021,0.001031216,0.003548994
494,768,40,0.004562793,0.000988975,0.003573818
494,768,41,0.004538172,0.000944585,0.003593587
494,768,42,0.004602202,0.000937522,0.00366468
494,768,43,0.004553329,0.000867931,0.003685398
494,768,44,0.004678263,0.000897087,0.003781176
494,768,45,0.00448145,0.000752798,0.003728652
494,768,46,0.004679085,0.001009145,0.00366994
494,768,47,0.004763396,0.000951198,0.003812198
494,768,48,0.004560557,0.000808685,0.003751872
494,768,49,0.004641467,0.000845329,0.003796138
494,768,50,0.004453569,0.000681078,0.003772491
494,768,51,0.004665066,0.000845247,0.003819819
494,768,52,0.004675545,0.000776784,0.003898761
494,768,53,0.004624597,0.000791221,0.003833376
494,768,54,0.004596302,0.000764017,0.003832285
494,768,55,0.004590489,0.000650106,0.003940383
494,768,56,0.004692815,0.000823821,0.003868994
494,768,57,0.004723514,0.000782831,0.003940683
494,768,58,0.004698664,0.000738291,0.003960373
494,768,59,0.004616987,0.00069396,0.003923027
494,768,60,0.004668444,0.000734531,0.003933913
494,768,61,0.00498736,0.001021035,0.003966325
494,768,62,0.00439556,0.000506739,0.003888821
494,768,63,0.004828467,0.000921235,0.003907232
494,768,64,0.004497588,0.000615169,0.003882419
494,768,65,0.00504041,0.00113957,0.00390084
494,768,66,0.004551871,0.000699042,0.003852829
494,768,67,0.004754732,0.000891205,0.003863527
494,768,68,0.004575262,0.000733077,0.003842185
494,768,69,0.005002048,0.001265045,0.003737003
494,768,70,0.00504434,0.001277696,0.003766644
494,768,71,0.004455649,0.000709928,0.003745721
494,768,72,0.004534009,0.000632074,0.003901935
494,768,73,0.004346204,0.000575888,0.003770316
494,768,74,0.004348529,0.000632914,0.003715615
494,768,75,0.004948104,0.00126673,0.003681374
494,768,76,0.00606034,0.002547884,0.003512456
494,768,77,0.005001901,0.001365653,0.003636248
494,768,78,0.004986668,0.00134592,0.003640748
494,768,79,0.00461865,0.000872064,0.003746586
494,768,80,0.004445821,0.000573052,0.003872769
494,768,81,0.004370933,0.000697258,0.003673675
494,768,82,0.005473422,0.002013206,0.003460216
494,768,83,0.004953908,0.001372204,0.003581704
494,768,84,0.004182728,0.000713512,0.003469216
494,768,85,0.004271518,0.000869019,0.003402499
494,768,86,0.004495125,0.001050728,0.003444397
494,768,87,0.006017128,0.002506022,0.003511106
494,768,88,0.005129429,0.001364878,0.003764551
494,768,89,0.004366283,0.000605987,0.003760296
494,768,90,0.004327444,0.000595446,0.003731998
494,768,91,0.00638163,0.003023602,0.003358028
494,768,92,0.005988096,0.002444197,0.003543899
494,768,93,0.004686572,0.000951982,0.00373459
494,768,94,0.004032362,0.000473799,0.003558563
494,768,95,0.003909874,0.000428065,0.003481809
494,768,96,0.004073023,0.00058139,0.003491633
494,768,97,0.004105431,0.000648716,0.003456715
494,768,98,0.005681772,0.002282489,0.003399283
494,768,99,0.005088495,0.001592781,0.003495714
494,768,100,0.004071282,0.000790108,0.003281174
494,768,101,0.004578266,0.001315347,0.003262919
494,768,102,0.007177053,0.003903465,0.003273588
494,768,103,0.005411686,0.002247069,0.003164617
494,768,104,0.006043916,0.002797719,0.003246197
494,768,105,0.004431973,0.001178583,0.00325339
494,768,106,0.004315747,0.000952945,0.003362802
494,768,107,0.00705559,0.003758179,0.003297411
494,768,108,0.004878061,0.001387908,0.003490153
494,768,109,0.004713192,0.001318513,0.003394679
494,768,110,0.006877547,0.003520183,0.003357364
495,768,1,0.751176356,0.626863901,0.124312455
495,768,2,0.146273213,0.143207933,0.00306528
495,768,3,0.003675241,0.000520977,0.003154264
495,768,4,0.003563005,0.000391247,0.003171758
495,768,5,0.003859898,0.000646286,0.003213612
495,768,6,0.004034869,0.000800471,0.003234398
495,768,7,0.004367222,0.000967004,0.003400218
495,768,8,0.004079134,0.000657936,0.003421198
495,768,9,0.004224998,0.000637746,0.003587252
495,768,10,0.004006317,0.000495274,0.003511043
495,768,11,0.004045995,0.000491801,0.003554194
495,768,12,0.003994181,0.000497596,0.003496585
495,768,13,0.004086679,0.000486361,0.003600318
495,768,14,0.004190712,0.000514807,0.003675905
495,768,15,0.004164874,0.000520813,0.003644061
495,768,16,0.004086834,0.000511456,0.003575378
495,768,17,0.004010547,0.000477851,0.003532696
495,768,18,0.004116329,0.000556382,0.003559947
495,768,19,0.003989164,0.000482338,0.003506826
495,768,20,0.004085365,0.000617519,0.003467846
495,768,21,0.004416617,0.001071521,0.003345096
495,768,22,0.00453979,0.001125276,0.003414514
495,768,23,0.013212672,0.009917684,0.003294988
495,768,24,0.005456923,0.00220601,0.003250913
495,768,25,0.005705901,0.002414458,0.003291443
495,768,26,0.005353465,0.002083395,0.00327007
495,768,27,0.00548349,0.002115597,0.003367893
495,768,28,0.005422192,0.002162146,0.003260046
495,768,29,0.005079237,0.001764467,0.00331477
495,768,30,0.004669994,0.001368491,0.003301503
495,768,31,0.004611512,0.001291369,0.003320143
495,768,32,0.004686028,0.001310585,0.003375443
495,768,33,0.004556721,0.001216444,0.003340277
495,768,34,0.004521252,0.001078708,0.003442544
495,768,35,0.004547451,0.001098803,0.003448648
495,768,36,0.004475364,0.001064372,0.003410992
495,768,37,0.004528775,0.00111408,0.003414695
495,768,38,0.004580914,0.001105269,0.003475645
495,768,39,0.00457471,0.001087741,0.003486969
495,768,40,0.004593167,0.00108351,0.003509657
495,768,41,0.00471179,0.001134521,0.003577269
495,768,42,0.004707981,0.00112801,0.003579971
495,768,43,0.004636438,0.000971826,0.003664612
495,768,44,0.004667076,0.00095855,0.003708526
495,768,45,0.004610166,0.000890599,0.003719567
495,768,46,0.004647305,0.00092932,0.003717985
495,768,47,0.004659654,0.000912911,0.003746743
495,768,48,0.004589636,0.000816829,0.003772807
495,768,49,0.00449234,0.000767925,0.003724415
495,768,50,0.004703221,0.000831766,0.003871455
495,768,51,0.004616431,0.000712355,0.003904076
495,768,52,0.004558721,0.000716393,0.003842328
495,768,53,0.004684104,0.000783388,0.003900716
495,768,54,0.004456112,0.000601501,0.003854611
495,768,55,0.004767548,0.000905694,0.003861854
495,768,56,0.004516985,0.000620953,0.003896032
495,768,57,0.004828705,0.00088288,0.003945825
495,768,58,0.004456515,0.000624168,0.003832347
495,768,59,0.004936822,0.001063755,0.003873067
495,768,60,0.004418224,0.000558474,0.00385975
495,768,61,0.004748496,0.000824311,0.003924185
495,768,62,0.00456187,0.000702371,0.003859499
495,768,63,0.004541419,0.00071715,0.003824269
495,768,64,0.004667088,0.000871509,0.003795579
495,768,65,0.004588557,0.00071256,0.003875997
495,768,66,0.004378587,0.000610175,0.003768412
495,768,67,0.004879079,0.000944497,0.003934582
495,768,68,0.004322049,0.000590326,0.003731723
495,768,69,0.004405882,0.000724988,0.003680894
495,768,70,0.006213501,0.0026212,0.003592301
495,768,71,0.004527635,0.000807493,0.003720142
495,768,72,0.004356263,0.000488024,0.003868239
495,768,73,0.00432579,0.000603728,0.003722062
495,768,74,0.00430971,0.0006801,0.00362961
495,768,75,0.005856831,0.002323455,0.003533376
495,768,76,0.004763886,0.001314285,0.003449601
495,768,77,0.005195989,0.001539002,0.003656987
495,768,78,0.005268488,0.001544967,0.003723521
495,768,79,0.004289117,0.000617217,0.0036719
495,768,80,0.004744013,0.001030779,0.003713234
495,768,81,0.005330953,0.001831694,0.003499259
495,768,82,0.00494569,0.001552198,0.003393492
495,768,83,0.004691784,0.001230972,0.003460812
495,768,84,0.004212771,0.000818741,0.00339403
495,768,85,0.004382778,0.000940046,0.003442732
495,768,86,0.005962516,0.002542586,0.00341993
495,768,87,0.005046791,0.001491431,0.00355536
495,768,88,0.004678567,0.000968512,0.003710055
495,768,89,0.004501619,0.000767221,0.003734398
495,768,90,0.004084284,0.000537846,0.003546438
495,768,91,0.004313292,0.001020704,0.003292588
495,768,92,0.006269573,0.00288228,0.003387293
495,768,93,0.005521705,0.001937458,0.003584247
495,768,94,0.004350218,0.000906249,0.003443969
495,768,95,0.004080883,0.000645465,0.003435418
495,768,96,0.004091486,0.000643604,0.003447882
495,768,97,0.006096645,0.002764804,0.003331841
495,768,98,0.00479332,0.001423666,0.003369654
495,768,99,0.004422006,0.001084494,0.003337512
495,768,100,0.004305623,0.001035895,0.003269728
495,768,101,0.005238609,0.002052564,0.003186045
495,768,102,0.005716435,0.002518289,0.003198146
495,768,103,0.00460456,0.00141871,0.00318585
495,768,104,0.008112295,0.004867537,0.003244758
495,768,105,0.004340304,0.00101357,0.003326734
495,768,106,0.007074839,0.003882891,0.003191948
495,768,107,0.004676254,0.001435832,0.003240422
495,768,108,0.004817544,0.001474706,0.003342838
495,768,109,0.006580852,0.003429514,0.003151338
495,768,110,0.0053362,0.00213446,0.00320174
496,768,1,0.753861913,0.631271203,0.12259071
496,768,2,0.003626267,0.000445402,0.003180865
496,768,3,0.003547358,0.000410402,0.003136956
496,768,4,0.003695686,0.000449079,0.003246607
496,768,5,0.004018388,0.000752256,0.003266132
496,768,6,0.004297654,0.000966936,0.003330718
496,768,7,0.004084174,0.00070213,0.003382044
496,768,8,0.004076115,0.000674227,0.003401888
496,768,9,0.003972237,0.000541386,0.003430851
496,768,10,0.004024476,0.000503409,0.003521067
496,768,11,0.004020035,0.000510095,0.00350994
496,768,12,0.003979713,0.000519573,0.00346014
496,768,13,0.004063337,0.000505437,0.0035579
496,768,14,0.004176626,0.000550836,0.00362579
496,768,15,0.004207674,0.000534793,0.003672881
496,768,16,0.004153402,0.000534051,0.003619351
496,768,17,0.004116873,0.00050737,0.003609503
496,768,18,0.004081964,0.000506647,0.003575317
496,768,19,0.00401098,0.000519306,0.003491674
496,768,20,0.00392578,0.000481642,0.003444138
496,768,21,0.003783051,0.000425114,0.003357937
496,768,22,0.014434251,0.011198695,0.003235556
496,768,23,0.005609344,0.002353034,0.00325631
496,768,24,0.005743975,0.002438611,0.003305364
496,768,25,0.005465716,0.002131733,0.003333983
496,768,26,0.005057863,0.00174652,0.003311343
496,768,27,0.005594598,0.002335457,0.003259141
496,768,28,0.004811572,0.001562036,0.003249536
496,768,29,0.004770276,0.00141822,0.003352056
496,768,30,0.004590062,0.0013057,0.003284362
496,768,31,0.004640343,0.001252588,0.003387755
496,768,32,0.004469158,0.001153714,0.003315444
496,768,33,0.004479679,0.001079782,0.003399897
496,768,34,0.004535469,0.001081015,0.003454454
496,768,35,0.004535185,0.001028254,0.003506931
496,768,36,0.004477693,0.001022218,0.003455475
496,768,37,0.004536802,0.001091603,0.003445199
496,768,38,0.004609897,0.001101951,0.003507946
496,768,39,0.004627485,0.0011071,0.003520385
496,768,40,0.004586591,0.001127068,0.003459523
496,768,41,0.004734525,0.001152291,0.003582234
496,768,42,0.004712225,0.001052175,0.00366005
496,768,43,0.004596761,0.000942737,0.003654024
496,768,44,0.004743963,0.000913683,0.00383028
496,768,45,0.004358679,0.000660572,0.003698107
496,768,46,0.004471974,0.000787605,0.003684369
496,768,47,0.004494239,0.000728168,0.003766071
496,768,48,0.00463111,0.00088114,0.00374997
496,768,49,0.004551925,0.00074789,0.003804035
496,768,50,0.004753914,0.000971624,0.00378229
496,768,51,0.004816046,0.001023706,0.00379234
496,768,52,0.004706088,0.000845361,0.003860727
496,768,53,0.004475369,0.00067913,0.003796239
496,768,54,0.004764734,0.001002101,0.003762633
496,768,55,0.004551007,0.000689567,0.00386144
496,768,56,0.004755255,0.000913121,0.003842134
496,768,57,0.004573269,0.00082808,0.003745189
496,768,58,0.004858366,0.001099691,0.003758675
496,768,59,0.004473733,0.000719977,0.003753756
496,768,60,0.004689037,0.000969143,0.003719894
496,768,61,0.00458865,0.000813422,0.003775228
496,768,62,0.004663186,0.000938763,0.003724423
496,768,63,0.004594517,0.000889513,0.003705004
496,768,64,0.00464056,0.000876967,0.003763593
496,768,65,0.004453081,0.000697823,0.003755258
496,768,66,0.00472616,0.000932814,0.003793346
496,768,67,0.004325995,0.000561234,0.003764761
496,768,68,0.004307344,0.000547645,0.003759699
496,768,69,0.004210762,0.000638136,0.003572626
496,768,70,0.004743328,0.001140704,0.003602624
496,768,71,0.006070974,0.002331599,0.003739375
496,768,72,0.004418117,0.000587161,0.003830956
496,768,73,0.004533601,0.000695708,0.003837893
496,768,74,0.006084976,0.002406963,0.003678013
496,768,75,0.004788305,0.001284187,0.003504118
496,768,76,0.004625642,0.001110638,0.003515004
496,768,77,0.004705514,0.001089574,0.00361594
496,768,78,0.004548586,0.000886805,0.003661781
496,768,79,0.004917751,0.001222873,0.003694878
496,768,80,0.005974293,0.002312297,0.003661996
496,768,81,0.004275428,0.000777054,0.003498374
496,768,82,0.004663411,0.001237063,0.003426348
496,768,83,0.004668586,0.001263315,0.003405271
496,768,84,0.004621838,0.001225516,0.003396322
496,768,85,0.005795806,0.00238723,0.003408576
496,768,86,0.004560433,0.000947296,0.003613137
496,768,87,0.004851847,0.001270378,0.003581469
496,768,88,0.004847111,0.001106476,0.003740635
496,768,89,0.004236119,0.000589074,0.003647045
496,768,90,0.004466779,0.000969861,0.003496918
496,768,91,0.005991232,0.002679918,0.003311314
496,768,92,0.004943994,0.001361971,0.003582023
496,768,93,0.004375766,0.000758145,0.003617621
496,768,94,0.004000726,0.00052677,0.003473956
496,768,95,0.004588973,0.001088675,0.003500298
496,768,96,0.004469054,0.001062718,0.003406336
496,768,97,0.00455012,0.001082436,0.003467684
496,768,98,0.005671753,0.002329302,0.003342451
496,768,99,0.004636632,0.001314406,0.003322226
496,768,100,0.005993179,0.002801171,0.003192008
496,768,101,0.005646925,0.002353877,0.003293048
496,768,102,0.004514659,0.001249109,0.00326555
496,768,103,0.008133706,0.005024644,0.003109062
496,768,104,0.004503158,0.000992244,0.003510914
496,768,105,0.007108432,0.003890322,0.00321811
496,768,106,0.004676914,0.001283976,0.003392938
496,768,107,0.00459911,0.001321781,0.003277329
496,768,108,0.004494569,0.001064546,0.003430023
496,768,109,0.004487344,0.001203277,0.003284067
496,768,110,0.005486598,0.002206939,0.003279659
497,768,1,0.758815963,0.634990228,0.123825735
497,768,2,0.119551998,0.116476128,0.00307587
497,768,3,0.003673368,0.000510819,0.003162549
497,768,4,0.003739455,0.000499551,0.003239904
497,768,5,0.00403082,0.00076115,0.00326967
497,768,6,0.004223419,0.000905975,0.003317444
497,768,7,0.004164657,0.000743308,0.003421349
497,768,8,0.004044222,0.000638402,0.00340582
497,768,9,0.003954898,0.00051993,0.003434968
497,768,10,0.003986973,0.000489222,0.003497751
497,768,11,0.004028557,0.000487342,0.003541215
497,768,12,0.004069206,0.000505643,0.003563563
497,768,13,0.004117676,0.000511231,0.003606445
497,768,14,0.004238492,0.000537211,0.003701281
497,768,15,0.0041791,0.000522343,0.003656757
497,768,16,0.004211513,0.000499796,0.003711717
497,768,17,0.00399818,0.000492579,0.003505601
497,768,18,0.00402237,0.000454563,0.003567807
497,768,19,0.003981592,0.000478098,0.003503494
497,768,20,0.003910345,0.000480177,0.003430168
497,768,21,0.014546957,0.011331763,0.003215194
497,768,22,0.005306167,0.0020542,0.003251967
497,768,23,0.005791874,0.002466232,0.003325642
497,768,24,0.005341347,0.001957286,0.003384061
497,768,25,0.005240714,0.001928424,0.00331229
497,768,26,0.005329625,0.001998639,0.003330986
497,768,27,0.004826591,0.001480099,0.003346492
497,768,28,0.004810116,0.001471511,0.003338605
497,768,29,0.004416,0.00105353,0.00336247
497,768,30,0.004550295,0.001197883,0.003352412
497,768,31,0.00438667,0.001034437,0.003352233
497,768,32,0.004614924,0.001258327,0.003356597
497,768,33,0.004496939,0.001090056,0.003406883
497,768,34,0.004577825,0.001119383,0.003458442
497,768,35,0.004514259,0.001012202,0.003502057
497,768,36,0.004681085,0.001256355,0.00342473
497,768,37,0.004683827,0.001226246,0.003457581
497,768,38,0.004673423,0.001151143,0.00352228
497,768,39,0.004635541,0.001095416,0.003540125
497,768,40,0.004666071,0.001049147,0.003616924
497,768,41,0.004492926,0.000902557,0.003590369
497,768,42,0.004711669,0.00104799,0.003663679
497,768,43,0.004590152,0.000831051,0.003759101
497,768,44,0.004509218,0.000698832,0.003810386
497,768,45,0.004329244,0.00062659,0.003702654
497,768,46,0.004607949,0.000879807,0.003728142
497,768,47,0.00469589,0.000887408,0.003808482
497,768,48,0.004489036,0.000697594,0.003791442
497,768,49,0.004405214,0.000639782,0.003765432
497,768,50,0.004626568,0.000891028,0.00373554
497,768,51,0.004666716,0.000935634,0.003731082
497,768,52,0.004626359,0.00077425,0.003852109
497,768,53,0.004602608,0.000804183,0.003798425
497,768,54,0.004600794,0.000791024,0.00380977
497,768,55,0.004570496,0.000743133,0.003827363
497,768,56,0.004583275,0.000666994,0.003916281
497,768,57,0.004726737,0.000801667,0.00392507
497,768,58,0.004646767,0.000728891,0.003917876
497,768,59,0.004728301,0.000966472,0.003761829
497,768,60,0.004623809,0.000676001,0.003947808
497,768,61,0.004495024,0.000646688,0.003848336
497,768,62,0.004757781,0.00090788,0.003849901
497,768,63,0.004576948,0.000689999,0.003886949
497,768,64,0.004461801,0.000697097,0.003764704
497,768,65,0.004582755,0.000819915,0.00376284
497,768,66,0.0044677,0.000698564,0.003769136
497,768,67,0.004654523,0.000936477,0.003718046
497,768,68,0.004415297,0.000599844,0.003815453
497,768,69,0.004252991,0.000614604,0.003638387
497,768,70,0.004299804,0.000708732,0.003591072
497,768,71,0.00461667,0.000991975,0.003624695
497,768,72,0.006257039,0.002556659,0.00370038
497,768,73,0.005912879,0.002148638,0.003764241
497,768,74,0.005020014,0.001345214,0.0036748
497,768,75,0.004925864,0.001305906,0.003619958
497,768,76,0.004430207,0.000906566,0.003523641
497,768,77,0.004607685,0.000936328,0.003671357
497,768,78,0.004541221,0.000841682,0.003699539
497,768,79,0.004854105,0.001114975,0.00373913
497,768,80,0.00445922,0.000608489,0.003850731
497,768,81,0.005482877,0.002075075,0.003407802
497,768,82,0.004783479,0.001367939,0.00341554
497,768,83,0.004861012,0.001367446,0.003493566
497,768,84,0.006216527,0.002879734,0.003336793
497,768,85,0.004653535,0.00131771,0.003335825
497,768,86,0.004511463,0.000946058,0.003565405
497,768,87,0.004777917,0.001258114,0.003519803
497,768,88,0.004693014,0.001112458,0.003580556
497,768,89,0.004246778,0.000633303,0.003613475
497,768,90,0.005856519,0.002520397,0.003336122
497,768,91,0.004948443,0.001613874,0.003334569
497,768,92,0.004896729,0.001319268,0.003577461
497,768,93,0.004382075,0.000719296,0.003662779
497,768,94,0.004102707,0.0005822,0.003520507
497,768,95,0.003965624,0.000548539,0.003417085
497,768,96,0.00509154,0.001691537,0.003400003
497,768,97,0.004615149,0.001182448,0.003432701
497,768,98,0.004176346,0.000723318,0.003453028
497,768,99,0.007714713,0.004407644,0.003307069
497,768,100,0.005284482,0.002038685,0.003245797
497,768,101,0.004872114,0.001617977,0.003254137
497,768,102,0.008133638,0.004990121,0.003143517
497,768,103,0.004207788,0.001098016,0.003109772
497,768,104,0.004236719,0.000836578,0.003400141
497,768,105,0.003859647,0.000553763,0.003305884
497,768,106,0.007076656,0.003887354,0.003189302
497,768,107,0.004917118,0.001558699,0.003358419
497,768,108,0.004466744,0.001078106,0.003388638
497,768,109,0.0045501,0.00122657,0.00332353
497,768,110,0.00442138,0.00111957,0.00330181
498,768,1,0.75268183,0.629977953,0.122703877
498,768,2,0.003533928,0.00040633,0.003127598
498,768,3,0.014428195,0.011340983,0.003087212
498,768,4,0.003865906,0.000677358,0.003188548
498,768,5,0.003908169,0.000701144,0.003207025
498,768,6,0.004262069,0.001008023,0.003254046
498,768,7,0.004274296,0.000831818,0.003442478
498,768,8,0.004038705,0.000614925,0.00342378
498,768,9,0.003992172,0.000515878,0.003476294
498,768,10,0.003910426,0.000489798,0.003420628
498,768,11,0.004162513,0.000598968,0.003563545
498,768,12,0.004075696,0.000531455,0.003544241
498,768,13,0.00413955,0.000502235,0.003637315
498,768,14,0.00418178,0.000515573,0.003666207
498,768,15,0.004230438,0.000516846,0.003713592
498,768,16,0.004093683,0.000526129,0.003567554
498,768,17,0.004031934,0.000491081,0.003540853
498,768,18,0.003963599,0.00047234,0.003491259
498,768,19,0.003942194,0.000517095,0.003425099
498,768,20,0.015316053,0.012104178,0.003211875
498,768,21,0.005006399,0.001778034,0.003228365
498,768,22,0.005495015,0.002227916,0.003267099
498,768,23,0.005385178,0.002108074,0.003277104
498,768,24,0.00535607,0.002079413,0.003276657
498,768,25,0.00515736,0.001868298,0.003289062
498,768,26,0.004936803,0.001626256,0.003310547
498,768,27,0.004869772,0.001502139,0.003367633
498,768,28,0.004587641,0.00117112,0.003416521
498,768,29,0.004384094,0.000987987,0.003396107
498,768,30,0.004406084,0.001052669,0.003353415
498,768,31,0.004596135,0.001224597,0.003371538
498,768,32,0.004501269,0.001093358,0.003407911
498,768,33,0.004572679,0.00106648,0.003506199
498,768,34,0.00450121,0.00102844,0.00347277
498,768,35,0.004618154,0.001156205,0.003461949
498,768,36,0.004746309,0.001218937,0.003527372
498,768,37,0.004533318,0.001077357,0.003455961
498,768,38,0.004650052,0.001111368,0.003538684
498,768,39,0.004690387,0.001104863,0.003585524
498,768,40,0.004574393,0.000979813,0.00359458
498,768,41,0.004515341,0.000870732,0.003644609
498,768,42,0.004548257,0.000901312,0.003646945
498,768,43,0.004549057,0.00082971,0.003719347
498,768,44,0.004479386,0.000737243,0.003742143
498,768,45,0.004514712,0.000722409,0.003792303
498,768,46,0.004431512,0.000707319,0.003724193
498,768,47,0.004508955,0.000729026,0.003779929
498,768,48,0.00457614,0.000803567,0.003772573
498,768,49,0.004674052,0.000897405,0.003776647
498,768,50,0.004563716,0.000773787,0.003789929
498,768,51,0.004549239,0.000774864,0.003774375
498,768,52,0.004579345,0.000773981,0.003805364
498,768,53,0.004501019,0.000708735,0.003792284
498,768,54,0.00445947,0.000670797,0.003788673
498,768,55,0.004570782,0.000679278,0.003891504
498,768,56,0.004592943,0.00072685,0.003866093
498,768,57,0.004419486,0.000577559,0.003841927
498,768,58,0.004500996,0.000686496,0.0038145
498,768,59,0.004579692,0.000772456,0.003807236
498,768,60,0.004657099,0.000876771,0.003780328
498,768,61,0.004642218,0.00077458,0.003867638
498,768,62,0.004344259,0.000661672,0.003682587
498,768,63,0.004850667,0.001104155,0.003746512
498,768,64,0.004471535,0.000756974,0.003714561
498,768,65,0.004461789,0.000837489,0.0036243
498,768,66,0.004647907,0.000985885,0.003662022
498,768,67,0.004339623,0.000706093,0.00363353
498,768,68,0.004626631,0.000969492,0.003657139
498,768,69,0.004353924,0.000766001,0.003587923
498,768,70,0.004441936,0.000863614,0.003578322
498,768,71,0.00719017,0.003562147,0.003628023
498,768,72,0.005748259,0.002066174,0.003682085
498,768,73,0.004687366,0.000865028,0.003822338
498,768,74,0.004958829,0.001332248,0.003626581
498,768,75,0.00458472,0.000945517,0.003639203
498,768,76,0.004726164,0.001182624,0.00354354
498,768,77,0.004403852,0.00071658,0.003687272
498,768,78,0.004700953,0.00099902,0.003701933
498,768,79,0.004695863,0.000954903,0.00374096
498,768,80,0.004378459,0.000665169,0.00371329
498,768,81,0.004250665,0.000688846,0.003561819
498,768,82,0.005473588,0.002083105,0.003390483
498,768,83,0.005095272,0.001528098,0.003567174
498,768,84,0.004217534,0.00081336,0.003404174
498,768,85,0.006528253,0.003131471,0.003396782
498,768,86,0.004440407,0.000935607,0.0035048
498,768,87,0.004944832,0.001377562,0.00356727
498,768,88,0.0047375,0.001039189,0.003698311
498,768,89,0.00653725,0.003036125,0.003501125
498,768,90,0.004322697,0.000951183,0.003371514
498,768,91,0.005121305,0.001620467,0.003500838
498,768,92,0.004602215,0.001022893,0.003579322
498,768,93,0.004434325,0.000810406,0.003623919
498,768,94,0.004059914,0.000582631,0.003477283
498,768,95,0.004748398,0.00138582,0.003362578
498,768,96,0.004668877,0.001305944,0.003362933
498,768,97,0.004250051,0.000792286,0.003457765
498,768,98,0.007291825,0.004047326,0.003244499
498,768,99,0.005378171,0.002211147,0.003167024
498,768,100,0.004947248,0.001712422,0.003234826
498,768,101,0.004522378,0.001191123,0.003331255
498,768,102,0.004410386,0.001171132,0.003239254
498,768,103,0.007088997,0.003969701,0.003119296
498,768,104,0.004404393,0.001010138,0.003394255
498,768,105,0.003851265,0.000522448,0.003328817
498,768,106,0.006139114,0.002868376,0.003270738
498,768,107,0.005173125,0.001897381,0.003275744
498,768,108,0.004805853,0.001403634,0.003402219
498,768,109,0.005289171,0.001952005,0.003337166
498,768,110,0.004475668,0.001132281,0.003343387
499,768,1,0.75693781,0.63250938,0.12442843
499,768,2,0.127074746,0.123984488,0.003090258
499,768,3,0.003650666,0.000509121,0.003141545
499,768,4,0.014383187,0.01120833,0.003174857
499,768,5,0.003986126,0.000718817,0.003267309
499,768,6,0.004387043,0.001071259,0.003315784
499,768,7,0.0042629,0.000899725,0.003363175
499,768,8,0.004155415,0.000754414,0.003401001
499,768,9,0.003993404,0.000539873,0.003453531
499,768,10,0.003991074,0.000487348,0.003503726
499,768,11,0.004069383,0.000512046,0.003557337
499,768,12,0.00407804,0.000497541,0.003580499
499,768,13,0.004170188,0.00051635,0.003653838
499,768,14,0.004279429,0.00051485,0.003764579
499,768,15,0.004305416,0.000510211,0.003795205
499,768,16,0.004183667,0.000527453,0.003656214
499,768,17,0.004117467,0.000492518,0.003624949
499,768,18,0.004038259,0.000469721,0.003568538
499,768,19,0.015691177,0.01236036,0.003330817
499,768,20,0.005025526,0.001678058,0.003347468
499,768,21,0.004919252,0.001599499,0.003319753
499,768,22,0.005356273,0.002059094,0.003297179
499,768,23,0.005476014,0.002116396,0.003359618
499,768,24,0.005085862,0.001658989,0.003426873
499,768,25,0.004842067,0.001411722,0.003430345
499,768,26,0.004922309,0.001459583,0.003462726
499,768,27,0.004594949,0.001140348,0.003454601
499,768,28,0.004521367,0.001111735,0.003409632
499,768,29,0.004314496,0.000886018,0.003428478
499,768,30,0.004603975,0.001184939,0.003419036
499,768,31,0.004395818,0.000963632,0.003432186
499,768,32,0.004587046,0.001102623,0.003484423
499,768,33,0.004479406,0.001011591,0.003467815
499,768,34,0.004602278,0.001063202,0.003539076
499,768,35,0.004537502,0.000986072,0.00355143
499,768,36,0.004642553,0.001067224,0.003575329
499,768,37,0.004588853,0.000993069,0.003595784
499,768,38,0.004573334,0.000994302,0.003579032
499,768,39,0.004608524,0.001013511,0.003595013
499,768,40,0.004683083,0.00092945,0.003753633
499,768,41,0.004482496,0.000777693,0.003704803
499,768,42,0.004625617,0.000820743,0.003804874
499,768,43,0.004529098,0.000720535,0.003808563
499,768,44,0.004529941,0.000649743,0.003880198
499,768,45,0.004314877,0.000564382,0.003750495
499,768,46,0.004584714,0.000755253,0.003829461
499,768,47,0.004415259,0.000668286,0.003746973
499,768,48,0.004608419,0.000731045,0.003877374
499,768,49,0.004408802,0.000586367,0.003822435
499,768,50,0.004612524,0.000673749,0.003938775
499,768,51,0.004376907,0.000536266,0.003840641
499,768,52,0.004647292,0.00073593,0.003911362
499,768,53,0.004573358,0.000698687,0.003874671
499,768,54,0.004671352,0.000808923,0.003862429
499,768,55,0.004433785,0.000518064,0.003915721
499,768,56,0.004542634,0.000637056,0.003905578
499,768,57,0.004601418,0.000631951,0.003969467
499,768,58,0.004489661,0.000542472,0.003947189
499,768,59,0.004530917,0.000547416,0.003983501
499,768,60,0.004548702,0.000576875,0.003971827
499,768,61,0.004598723,0.000552456,0.004046267
499,768,62,0.004471075,0.000590871,0.003880204
499,768,63,0.004580154,0.000612973,0.003967181
499,768,64,0.004403059,0.000601648,0.003801411
499,768,65,0.004425039,0.000636907,0.003788132
499,768,66,0.00452827,0.000722352,0.003805918
499,768,67,0.004976535,0.001127151,0.003849384
499,768,68,0.004645618,0.000776171,0.003869447
499,768,69,0.004307226,0.000613383,0.003693843
499,768,70,0.006182964,0.002520017,0.003662947
499,768,71,0.006828378,0.0031632,0.003665178
499,768,72,0.004356545,0.000606116,0.003750429
499,768,73,0.00453965,0.000729068,0.003810582
499,768,74,0.005075263,0.001368229,0.003707034
499,768,75,0.004693817,0.001133504,0.003560313
499,768,76,0.004488719,0.000912328,0.003576391
499,768,77,0.004509735,0.000837037,0.003672698
499,768,78,0.004800939,0.001180467,0.003620472
499,768,79,0.004809946,0.001097101,0.003712845
499,768,80,0.00426785,0.00049872,0.00376913
499,768,81,0.004254833,0.000596132,0.003658701
499,768,82,0.004570911,0.001080531,0.00349038
499,768,83,0.005039911,0.001522244,0.003517667
499,768,84,0.005843263,0.002469958,0.003373305
499,768,85,0.004787937,0.001248322,0.003539615
499,768,86,0.005129256,0.001531266,0.00359799
499,768,87,0.00483281,0.001126397,0.003706413
499,768,88,0.007716145,0.003993316,0.003722829
499,768,89,0.004409139,0.00066901,0.003740129
499,768,90,0.004113367,0.000689355,0.003424012
499,768,91,0.004990362,0.001545776,0.003444586
499,768,92,0.004865673,0.001135486,0.003730187
499,768,93,0.004228058,0.000490875,0.003737183
499,768,94,0.004608674,0.00118998,0.003418694
499,768,95,0.004697097,0.001313205,0.003383892
499,768,96,0.004165244,0.000732426,0.003432818
499,768,97,0.007504398,0.004126333,0.003378065
499,768,98,0.00510207,0.001777535,0.003324535
499,768,99,0.004639934,0.001455228,0.003184706
499,768,100,0.004724749,0.001403205,0.003321544
499,768,101,0.004511123,0.001221389,0.003289734
499,768,102,0.004534203,0.001279813,0.00325439
499,768,103,0.005540962,0.002418952,0.00312201
499,768,104,0.004939463,0.001636687,0.003302776
499,768,105,0.006255731,0.002899024,0.003356707
499,768,106,0.004878224,0.001605343,0.003272881
499,768,107,0.005067744,0.001713854,0.00335389
499,768,108,0.005307404,0.001968127,0.003339277
499,768,109,0.004468784,0.00114177,0.003327014
499,768,110,0.006539898,0.003306374,0.003233524
500,768,1,0.753338258,0.630042479,0.123295779
500,768,2,0.003545516,0.000425327,0.003120189
500,768,3,0.056392637,0.053352485,0.003040152
500,768,4,0.003850149,0.000686052,0.003164097
500,768,5,0.014310583,0.011203411,0.003107172
500,768,6,0.004072741,0.000867864,0.003204877
500,768,7,0.004819734,0.001451936,0.003367798
500,768,8,0.004214436,0.000794737,0.003419699
500,768,9,0.004041528,0.000571067,0.003470461
500,768,10,0.004050829,0.000546855,0.003503974
500,768,11,0.004020677,0.000481058,0.003539619
500,768,12,0.004044582,0.000501341,0.003543241
500,768,13,0.004114375,0.000577298,0.003537077
500,768,14,0.004271455,0.000629696,0.003641759
500,768,15,0.004320554,0.000579581,0.003740973
500,768,16,0.004224929,0.000596484,0.003628445
500,768,17,0.004088384,0.000515975,0.003572409
500,768,18,0.016594691,0.013274885,0.003319806
500,768,19,0.005136582,0.001882997,0.003253585
500,768,20,0.004769344,0.001511242,0.003258102
500,768,21,0.00515919,0.001827158,0.003332032
500,768,22,0.005244243,0.001966136,0.003278107
500,768,23,0.005040849,0.001707742,0.003333107
500,768,24,0.004869502,0.001455417,0.003414085
500,768,25,0.004830116,0.001387894,0.003442222
500,768,26,0.004481295,0.001113699,0.003367596
500,768,27,0.004656346,0.001279695,0.003376651
500,768,28,0.004412108,0.00102279,0.003389318
500,768,29,0.00449969,0.001115654,0.003384036
500,768,30,0.004327747,0.000965765,0.003361982
500,768,31,0.004412934,0.001017498,0.003395436
500,768,32,0.004521225,0.0010764,0.003444825
500,768,33,0.004424056,0.001007333,0.003416723
500,768,34,0.004561895,0.001092127,0.003469768
500,768,35,0.004582724,0.001074903,0.003507821
500,768,36,0.004586542,0.001027546,0.003558996
500,768,37,0.004500859,0.000991445,0.003509414
500,768,38,0.004510649,0.000979277,0.003531372
500,768,39,0.004584031,0.000979572,0.003604459
500,768,40,0.00453513,0.000928435,0.003606695
500,768,41,0.004595532,0.000904512,0.00369102
500,768,42,0.004473238,0.000776676,0.003696562
500,768,43,0.004563159,0.000764186,0.003798973
500,768,44,0.004419993,0.000628755,0.003791238
500,768,45,0.004396427,0.000649521,0.003746906
500,768,46,0.004499028,0.000745431,0.003753597
500,768,47,0.004482703,0.00070401,0.003778693
500,768,48,0.004610887,0.000837234,0.003773653
500,768,49,0.004456569,0.000682545,0.003774024
500,768,50,0.004456715,0.000716003,0.003740712
500,768,51,0.00462672,0.000851707,0.003775013
500,768,52,0.004556533,0.000696982,0.003859551
500,768,53,0.004599515,0.000696154,0.003903361
500,768,54,0.004523853,0.000666063,0.00385779
500,768,55,0.004609318,0.000687567,0.003921751
500,768,56,0.004593363,0.000619561,0.003973802
500,768,57,0.004522575,0.000596658,0.003925917
500,768,58,0.004469788,0.000590794,0.003878994
500,768,59,0.004436982,0.000617345,0.003819637
500,768,60,0.004510512,0.000643368,0.003867144
500,768,61,0.004580295,0.00072395,0.003856345
500,768,62,0.004533647,0.000732584,0.003801063
500,768,63,0.00457961,0.000732704,0.003846906
500,768,64,0.004616003,0.000877129,0.003738874
500,768,65,0.004664561,0.000910525,0.003754036
500,768,66,0.005279934,0.001504891,0.003775043
500,768,67,0.004619653,0.000876312,0.003743341
500,768,68,0.004392564,0.000602594,0.00378997
500,768,69,0.00584248,0.002307434,0.003535046
500,768,70,0.005051616,0.001447028,0.003604588
500,768,71,0.004583011,0.000906075,0.003676936
500,768,72,0.005459995,0.001873282,0.003586713
500,768,73,0.004884748,0.001024716,0.003860032
500,768,74,0.004820313,0.001176411,0.003643902
500,768,75,0.004734152,0.001126366,0.003607786
500,768,76,0.004634859,0.001076537,0.003558322
500,768,77,0.00460099,0.000969548,0.003631442
500,768,78,0.00467112,0.000969494,0.003701626
500,768,79,0.004874916,0.001126206,0.00374871
500,768,80,0.004514217,0.000699305,0.003814912
500,768,81,0.004367943,0.000728726,0.003639217
500,768,82,0.00480061,0.001390432,0.003410178
500,768,83,0.006433803,0.00302172,0.003412083
500,768,84,0.004609536,0.001156278,0.003453258
500,768,85,0.004408095,0.000944225,0.00346387
500,768,86,0.004576719,0.00099882,0.003577899
500,768,87,0.00896513,0.005352748,0.003612382
500,768,88,0.004446928,0.00069612,0.003750808
500,768,89,0.004090444,0.00053417,0.003556274
500,768,90,0.004351309,0.000951197,0.003400112
500,768,91,0.004987743,0.001628246,0.003359497
500,768,92,0.004680643,0.001107467,0.003573176
500,768,93,0.004902676,0.001445088,0.003457588
500,768,94,0.004671301,0.001246383,0.003424918
500,768,95,0.00400359,0.000685792,0.003317798
500,768,96,0.007701154,0.004345905,0.003355249
500,768,97,0.005096696,0.001740888,0.003355808
500,768,98,0.004891463,0.001462719,0.003428744
500,768,99,0.004075376,0.000840442,0.003234934
500,768,100,0.004655362,0.001361034,0.003294328
500,768,101,0.004624916,0.001410139,0.003214777
500,768,102,0.005546036,0.002427897,0.003118139
500,768,103,0.004704027,0.001582303,0.003121724
500,768,104,0.006368586,0.003104521,0.003264065
500,768,105,0.004820831,0.001505689,0.003315142
500,768,106,0.00500221,0.001811069,0.003191141
500,768,107,0.00550307,0.002276069,0.003227001
500,768,108,0.004323105,0.001019941,0.003303164
500,768,109,0.006844256,0.003687544,0.003156712
500,768,110,0.004437377,0.001210763,0.003226614
501,768,1,0.758197332,0.633790503,0.124406829
501,768,2,0.049096071,0.04605407,0.003042001
501,768,3,0.003629229,0.000532963,0.003096266
501,768,4,0.055921035,0.052836928,0.003084107
501,768,5,0.003912041,0.000773078,0.003138963
501,768,6,0.014415261,0.011212595,0.003202666
501,768,7,0.004218595,0.000899063,0.003319532
501,768,8,0.004903012,0.001576407,0.003326605
501,768,9,0.004309365,0.000826107,0.003483258
501,768,10,0.004035845,0.000527686,0.003508159
501,768,11,0.004089936,0.000520562,0.003569374
501,768,12,0.004123628,0.000534512,0.003589116
501,768,13,0.004122325,0.000513679,0.003608646
501,768,14,0.0042715,0.000534301,0.003737199
501,768,15,0.004281887,0.000529102,0.003752785
501,768,16,0.004241138,0.000544987,0.003696151
501,768,17,0.017425956,0.014091139,0.003334817
501,768,18,0.005182196,0.001952919,0.003229277
501,768,19,0.004822227,0.001495474,0.003326753
501,768,20,0.004856003,0.001641065,0.003214938
501,768,21,0.004874342,0.001615225,0.003259117
501,768,22,0.005263823,0.001851068,0.003412755
501,768,23,0.004600344,0.00116483,0.003435514
501,768,24,0.00481681,0.001336573,0.003480237
501,768,25,0.004431416,0.00099146,0.003439956
501,768,26,0.004669903,0.001282204,0.003387699
501,768,27,0.004500074,0.001133908,0.003366166
501,768,28,0.004616177,0.001152324,0.003463853
501,768,29,0.004186926,0.000751945,0.003434981
501,768,30,0.004438816,0.001020771,0.003418045
501,768,31,0.004300576,0.000890962,0.003409614
501,768,32,0.00442544,0.001000244,0.003425196
501,768,33,0.004445035,0.000983048,0.003461987
501,768,34,0.004463515,0.001006835,0.00345668
501,768,35,0.004547654,0.001053621,0.003494033
501,768,36,0.004586487,0.001070809,0.003515678
501,768,37,0.004603439,0.001054983,0.003548456
501,768,38,0.004542742,0.000990072,0.00355267
501,768,39,0.00456052,0.00097034,0.00359018
501,768,40,0.004659389,0.00094966,0.003709729
501,768,41,0.004451097,0.000773979,0.003677118
501,768,42,0.004496654,0.000783475,0.003713179
501,768,43,0.004518462,0.000746712,0.00377175
501,768,44,0.004464309,0.000662644,0.003801665
501,768,45,0.004502622,0.000708637,0.003793985
501,768,46,0.004512619,0.000692158,0.003820461
501,768,47,0.004485912,0.000746472,0.00373944
501,768,48,0.004645448,0.000728246,0.003917202
501,768,49,0.004332492,0.000559584,0.003772908
501,768,50,0.004563907,0.000695388,0.003868519
501,768,51,0.00449507,0.000662332,0.003832738
501,768,52,0.004564087,0.000665837,0.00389825
501,768,53,0.00446356,0.000602741,0.003860819
501,768,54,0.004644086,0.000728972,0.003915114
501,768,55,0.004528649,0.000590864,0.003937785
501,768,56,0.004571289,0.000582552,0.003988737
501,768,57,0.004586093,0.000586455,0.003999638
501,768,58,0.004562666,0.000604955,0.003957711
501,768,59,0.004520791,0.00057589,0.003944901
501,768,60,0.004666604,0.000731817,0.003934787
501,768,61,0.004628762,0.000702072,0.00392669
501,768,62,0.004389164,0.000523818,0.003865346
501,768,63,0.004793711,0.000891098,0.003902613
501,768,64,0.004669207,0.000824145,0.003845062
501,768,65,0.005374033,0.001672713,0.00370132
501,768,66,0.004539508,0.000737531,0.003801977
501,768,67,0.004384492,0.000591775,0.003792717
501,768,68,0.004690478,0.000884559,0.003805919
501,768,69,0.005086017,0.001431007,0.00365501
501,768,70,0.004693447,0.000979507,0.00371394
501,768,71,0.004726506,0.000996122,0.003730384
501,768,72,0.004509231,0.000630672,0.003878559
501,768,73,0.005760748,0.001987175,0.003773573
501,768,74,0.004858268,0.001273434,0.003584834
501,768,75,0.004905092,0.00128126,0.003623832
501,768,76,0.004429773,0.000884271,0.003545502
501,768,77,0.004759296,0.001058353,0.003700943
501,768,78,0.005177863,0.001564107,0.003613756
501,768,79,0.004908835,0.001280894,0.003627941
501,768,80,0.004437134,0.000716356,0.003720778
501,768,81,0.004487668,0.000959399,0.003528269
501,768,82,0.006234184,0.002983102,0.003251082
501,768,83,0.004987149,0.001489518,0.003497631
501,768,84,0.004483954,0.000993795,0.003490159
501,768,85,0.004692572,0.001218384,0.003474188
501,768,86,0.008874246,0.005436403,0.003437843
501,768,87,0.004681093,0.001059872,0.003621221
501,768,88,0.004214095,0.000435919,0.003778176
501,768,89,0.004139745,0.000566215,0.00357353
501,768,90,0.004279507,0.000866477,0.00341303
501,768,91,0.005067967,0.001694189,0.003373778
501,768,92,0.005383656,0.001865978,0.003517678
501,768,93,0.004726129,0.00116589,0.003560239
501,768,94,0.004024918,0.000615088,0.00340983
501,768,95,0.007391527,0.004081827,0.0033097
501,768,96,0.004962872,0.001650275,0.003312597
501,768,97,0.00500873,0.001569984,0.003438746
501,768,98,0.004133469,0.000711059,0.00342241
501,768,99,0.00440666,0.001195013,0.003211647
501,768,100,0.004972308,0.001713116,0.003259192
501,768,101,0.005647979,0.002438731,0.003209248
501,768,102,0.00486436,0.001617015,0.003247345
501,768,103,0.005803801,0.002626255,0.003177546
501,768,104,0.004880066,0.001581774,0.003298292
501,768,105,0.00522428,0.001954793,0.003269487
501,768,106,0.005245028,0.00199979,0.003245238
501,768,107,0.004726953,0.001294013,0.00343294
501,768,108,0.00652281,0.003324642,0.003198168
501,768,109,0.004792886,0.001454145,0.003338741
501,768,110,0.004034243,0.000854468,0.003179775
502,768,1,0.752814688,0.6297337,0.123080988
502,768,2,0.003624364,0.000405202,0.003219162
502,768,3,0.053495124,0.050386543,0.003108581
502,768,4,0.003919577,0.000750419,0.003169158
502,768,5,0.00492242,0.001811411,0.003111009
502,768,6,0.003996508,0.000812461,0.003184047
502,768,7,0.014589333,0.011273003,0.00331633
502,768,8,0.004293682,0.000921489,0.003372193
502,768,9,0.004953317,0.001581711,0.003371606
502,768,10,0.004353267,0.00086353,0.003489737
502,768,11,0.004069138,0.000540118,0.00352902
502,768,12,0.004156076,0.000601407,0.003554669
502,768,13,0.004072176,0.000517779,0.003554397
502,768,14,0.004382461,0.000641489,0.003740972
502,768,15,0.004231212,0.000548703,0.003682509
502,768,16,0.018563596,0.015178657,0.003384939
502,768,17,0.00531514,0.002012861,0.003302279
502,768,18,0.004748753,0.001330081,0.003418672
502,768,19,0.004916374,0.001497318,0.003419056
502,768,20,0.004781772,0.001360587,0.003421185
502,768,21,0.004603348,0.001317644,0.003285704
502,768,22,0.004706811,0.001284502,0.003422309
502,768,23,0.004711298,0.001179653,0.003531645
502,768,24,0.004524053,0.001027984,0.003496069
502,768,25,0.004449668,0.00096878,0.003480888
502,768,26,0.004549845,0.001161412,0.003388433
502,768,27,0.004655206,0.001298315,0.003356891
502,768,28,0.004449594,0.001001174,0.00344842
502,768,29,0.004271318,0.000817228,0.00345409
502,768,30,0.004294651,0.000859998,0.003434653
502,768,31,0.004305941,0.000863101,0.00344284
502,768,32,0.004297588,0.00084776,0.003449828
502,768,33,0.00438047,0.000933693,0.003446777
502,768,34,0.004487461,0.000952565,0.003534896
502,768,35,0.004361348,0.000819183,0.003542165
502,768,36,0.004530907,0.000941828,0.003589079
502,768,37,0.004491132,0.000905858,0.003585274
502,768,38,0.004545504,0.00095689,0.003588614
502,768,39,0.004554045,0.000891289,0.003662756
502,768,40,0.004637099,0.000973334,0.003663765
502,768,41,0.004408379,0.000722692,0.003685687
502,768,42,0.004514537,0.000838983,0.003675554
502,768,43,0.004447991,0.000725122,0.003722869
502,768,44,0.004461812,0.000730801,0.003731011
502,768,45,0.00449563,0.000687077,0.003808553
502,768,46,0.004535339,0.000783447,0.003751892
502,768,47,0.00448296,0.00068079,0.00380217
502,768,48,0.004546524,0.000786684,0.00375984
502,768,49,0.004615895,0.000753602,0.003862293
502,768,50,0.004643892,0.000833094,0.003810798
502,768,51,0.004654364,0.00083036,0.003824004
502,768,52,0.004572336,0.000658043,0.003914293
502,768,53,0.004526726,0.000670336,0.00385639
502,768,54,0.004681279,0.000834676,0.003846603
502,768,55,0.004519928,0.000613511,0.003906417
502,768,56,0.004691711,0.000805256,0.003886455
502,768,57,0.0045221,0.000561663,0.003960437
502,768,58,0.004570841,0.000668361,0.00390248
502,768,59,0.004594342,0.000587372,0.00400697
502,768,60,0.004557322,0.000611435,0.003945887
502,768,61,0.004749888,0.000717746,0.004032142
502,768,62,0.004666521,0.000807333,0.003859188
502,768,63,0.004833106,0.000967385,0.003865721
502,768,64,0.004429892,0.000649743,0.003780149
502,768,65,0.004793597,0.000972776,0.003820821
502,768,66,0.004437291,0.000640767,0.003796524
502,768,67,0.004987688,0.001129676,0.003858012
502,768,68,0.005122431,0.001466756,0.003655675
502,768,69,0.004792763,0.001099469,0.003693294
502,768,70,0.004355349,0.000569009,0.00378634
502,768,71,0.004451163,0.000734483,0.00371668
502,768,72,0.004529216,0.000677424,0.003851792
502,768,73,0.005327535,0.001579296,0.003748239
502,768,74,0.005345994,0.001652033,0.003693961
502,768,75,0.004510425,0.000909502,0.003600923
502,768,76,0.004877095,0.00131197,0.003565125
502,768,77,0.00536295,0.001781483,0.003581467
502,768,78,0.005160449,0.001416751,0.003743698
502,768,79,0.004619534,0.000914724,0.00370481
502,768,80,0.004750472,0.000971277,0.003779195
502,768,81,0.00606337,0.002682218,0.003381152
502,768,82,0.00490029,0.001499623,0.003400667
502,768,83,0.004729168,0.001237303,0.003491865
502,768,84,0.004286003,0.000821684,0.003464319
502,768,85,0.004857055,0.00146127,0.003395785
502,768,86,0.005349301,0.001978803,0.003370498
502,768,87,0.007073731,0.003445615,0.003628116
502,768,88,0.004518878,0.000789994,0.003728884
502,768,89,0.004191509,0.000515872,0.003675637
502,768,90,0.00415027,0.000739996,0.003410274
502,768,91,0.006704495,0.00331172,0.003392775
502,768,92,0.005129164,0.001434787,0.003694377
502,768,93,0.004113953,0.000565406,0.003548547
502,768,94,0.007204911,0.003930859,0.003274052
502,768,95,0.005081127,0.001802534,0.003278593
502,768,96,0.004577265,0.001218025,0.00335924
502,768,97,0.004382486,0.000938953,0.003443533
502,768,98,0.004322347,0.000889032,0.003433315
502,768,99,0.004799305,0.001467597,0.003331708
502,768,100,0.005814215,0.002529054,0.003285161
502,768,101,0.005042429,0.001809932,0.003232497
502,768,102,0.005623056,0.002466137,0.003156919
502,768,103,0.00470892,0.001392188,0.003316732
502,768,104,0.005764418,0.002484815,0.003279603
502,768,105,0.005003977,0.001671833,0.003332144
502,768,106,0.004499411,0.00110062,0.003398791
502,768,107,0.007015039,0.003613937,0.003401102
502,768,108,0.00461301,0.001253795,0.003359215
502,768,109,0.004255837,0.000941516,0.003314321
502,768,110,0.005201923,0.00207365,0.003128273
503,768,1,0.76394949,0.639507391,0.124442099
503,768,2,0.077466954,0.074428189,0.003038765
503,768,3,0.003811959,0.000688872,0.003123087
503,768,4,0.003649638,0.000493534,0.003156104
503,768,5,0.003590387,0.00048575,0.003104637
503,768,6,0.004306646,0.001127622,0.003179024
503,768,7,0.004040376,0.000834578,0.003205798
503,768,8,0.014667384,0.011368083,0.003299301
503,768,9,0.004537015,0.001051376,0.003485639
503,768,10,0.004814761,0.001385013,0.003429748
503,768,11,0.004445424,0.000968099,0.003477325
503,768,12,0.004131003,0.000631954,0.003499049
503,768,13,0.004147101,0.000653468,0.003493633
503,768,14,0.00415728,0.000597683,0.003559597
503,768,15,0.019868772,0.016453597,0.003415175
503,768,16,0.005423829,0.002034474,0.003389355
503,768,17,0.004652547,0.001300094,0.003352453
503,768,18,0.004925754,0.001576279,0.003349475
503,768,19,0.004769212,0.001388626,0.003380586
503,768,20,0.004651406,0.001280146,0.00337126
503,768,21,0.004418598,0.001078394,0.003340204
503,768,22,0.004439542,0.001023782,0.00341576
503,768,23,0.004390988,0.000918147,0.003472841
503,768,24,0.004319217,0.00091589,0.003403327
503,768,25,0.004462767,0.001029857,0.00343291
503,768,26,0.004499706,0.001105305,0.003394401
503,768,27,0.00455585,0.00114871,0.00340714
503,768,28,0.00441281,0.000989667,0.003423143
503,768,29,0.004120437,0.000771315,0.003349122
503,768,30,0.004522396,0.001108693,0.003413703
503,768,31,0.004210271,0.000844479,0.003365792
503,768,32,0.004464338,0.00098481,0.003479528
503,768,33,0.004394851,0.000951877,0.003442974
503,768,34,0.004532864,0.00103912,0.003493744
503,768,35,0.004524169,0.001015326,0.003508843
503,768,36,0.004560097,0.000984653,0.003575444
503,768,37,0.00446305,0.000959444,0.003503606
503,768,38,0.004587075,0.001003324,0.003583751
503,768,39,0.004515005,0.000995438,0.003519567
503,768,40,0.004660848,0.00094097,0.003719878
503,768,41,0.004449904,0.000816048,0.003633856
503,768,42,0.004566037,0.000765406,0.003800631
503,768,43,0.004408089,0.000730554,0.003677535
503,768,44,0.004535556,0.000748157,0.003787399
503,768,45,0.004406102,0.000679622,0.00372648
503,768,46,0.004434667,0.000682419,0.003752248
503,768,47,0.004555678,0.000742617,0.003813061
503,768,48,0.004369718,0.000623733,0.003745985
503,768,49,0.004974993,0.001207904,0.003767089
503,768,50,0.00455736,0.000789601,0.003767759
503,768,51,0.004528712,0.000760979,0.003767733
503,768,52,0.004569888,0.00079106,0.003778828
503,768,53,0.004658804,0.000840906,0.003817898
503,768,54,0.004468323,0.000708312,0.003760011
503,768,55,0.004832658,0.00099712,0.003835538
503,768,56,0.004336305,0.000545238,0.003791067
503,768,57,0.004744288,0.000877962,0.003866326
503,768,58,0.004410277,0.000542423,0.003867854
503,768,59,0.004728982,0.000868736,0.003860246
503,768,60,0.004626873,0.000757576,0.003869297
503,768,61,0.00462289,0.000709271,0.003913619
503,768,62,0.00480446,0.001018001,0.003786459
503,768,63,0.004808762,0.001047831,0.003760931
503,768,64,0.004713521,0.001047445,0.003666076
503,768,65,0.004596595,0.000893426,0.003703169
503,768,66,0.004697994,0.001017268,0.003680726
503,768,67,0.005416113,0.001696056,0.003720057
503,768,68,0.004352794,0.000699826,0.003652968
503,768,69,0.004467478,0.000873607,0.003593871
503,768,70,0.004620045,0.000918858,0.003701187
503,768,71,0.004513705,0.000799604,0.003714101
503,768,72,0.005282467,0.001523876,0.003758591
503,768,73,0.004987664,0.001114301,0.003873363
503,768,74,0.004663722,0.001034455,0.003629267
503,768,75,0.005038114,0.001501203,0.003536911
503,768,76,0.00462721,0.001081231,0.003545979
503,768,77,0.00543904,0.001842724,0.003596316
503,768,78,0.004891041,0.001297031,0.00359401
503,768,79,0.004934233,0.001299392,0.003634841
503,768,80,0.006270534,0.002691669,0.003578865
503,768,81,0.004751665,0.001283487,0.003468178
503,768,82,0.004787643,0.001315249,0.003472394
503,768,83,0.00425519,0.000857386,0.003397804
503,768,84,0.004625058,0.001227188,0.00339787
503,768,85,0.005658137,0.00241312,0.003245017
503,768,86,0.005774108,0.002359021,0.003415087
503,768,87,0.005010241,0.00135439,0.003655851
503,768,88,0.004169424,0.000594028,0.003575396
503,768,89,0.004536554,0.000958092,0.003578462
503,768,90,0.006680221,0.003436064,0.003244157
503,768,91,0.005513424,0.002077717,0.003435707
503,768,92,0.004455893,0.000862952,0.003592941
503,768,93,0.007137303,0.003805095,0.003332208
503,768,94,0.005413685,0.002062417,0.003351268
503,768,95,0.004370281,0.000995446,0.003374835
503,768,96,0.004026819,0.000690883,0.003335936
503,768,97,0.004439747,0.001113499,0.003326248
503,768,98,0.004701977,0.001340824,0.003361153
503,768,99,0.005645194,0.002306223,0.003338971
503,768,100,0.005485802,0.002293352,0.00319245
503,768,101,0.005354267,0.002217083,0.003137184
503,768,102,0.004691784,0.001612727,0.003079057
503,768,103,0.006219591,0.002893154,0.003326437
503,768,104,0.004807224,0.001593568,0.003213656
503,768,105,0.004308829,0.000935849,0.00337298
503,768,106,0.006948434,0.003725696,0.003222738
503,768,107,0.004719456,0.001346772,0.003372684
503,768,108,0.004305598,0.00101625,0.003289348
503,768,109,0.005485273,0.002169892,0.003315381
503,768,110,0.004239304,0.001110415,0.003128889
504,768,1,0.806060216,0.676851303,0.129208913
504,768,2,0.003691611,0.000493131,0.00319848
504,768,3,0.003652764,0.000462767,0.003189997
504,768,4,0.003682282,0.000479307,0.003202975
504,768,5,0.003655099,0.000427445,0.003227654
504,768,6,0.003747527,0.000462804,0.003284723
504,768,7,0.003835973,0.000450124,0.003385849
504,768,8,0.00392557,0.000496744,0.003428826
504,768,9,0.01442148,0.011235073,0.003186407
504,768,10,0.004541264,0.00135827,0.003182994
504,768,11,0.004806688,0.001574187,0.003232501
504,768,12,0.004404169,0.001230554,0.003173615
504,768,13,0.004172752,0.000948494,0.003224258
504,768,14,0.021158453,0.017509423,0.00364903
504,768,15,0.005517327,0.001618578,0.003898749
504,768,16,0.004702493,0.000723779,0.003978714
504,768,17,0.00489484,0.000858515,0.004036325
504,768,18,0.004717262,0.000620245,0.004097017
504,768,19,0.004678067,0.000608082,0.004069985
504,768,20,0.004453841,0.000636366,0.003817475
504,768,21,0.004353282,0.000588245,0.003765037
504,768,22,0.004346395,0.000654704,0.003691691
504,768,23,0.00434162,0.000689955,0.003651665
504,768,24,0.00435851,0.000632538,0.003725972
504,768,25,0.004275254,0.000588549,0.003686705
504,768,26,0.004509227,0.000861495,0.003647732
504,768,27,0.004340294,0.000757605,0.003582689
504,768,28,0.00435977,0.000775893,0.003583877
504,768,29,0.004459637,0.000837412,0.003622225
504,768,30,0.004204827,0.000526683,0.003678144
504,768,31,0.004171487,0.000556851,0.003614636
504,768,32,0.004370389,0.00076122,0.003609169
504,768,33,0.004326192,0.000723094,0.003603098
504,768,34,0.004244612,0.000783771,0.003460841
504,768,35,0.004638289,0.001027187,0.003611102
504,768,36,0.004465244,0.000911159,0.003554085
504,768,37,0.004599202,0.000957055,0.003642147
504,768,38,0.004497191,0.000844817,0.003652374
504,768,39,0.004586695,0.000921291,0.003665404
504,768,40,0.004574342,0.000816991,0.003757351
504,768,41,0.004548492,0.000732178,0.003816314
504,768,42,0.004406901,0.000669641,0.00373726
504,768,43,0.004348132,0.000699621,0.003648511
504,768,44,0.004409491,0.000763123,0.003646368
504,768,45,0.004692717,0.000955183,0.003737534
504,768,46,0.004567189,0.000691825,0.003875364
504,768,47,0.004581022,0.000865021,0.003716001
504,768,48,0.00484713,0.000958563,0.003888567
504,768,49,0.004695286,0.000766969,0.003928317
504,768,50,0.004530544,0.000695449,0.003835095
504,768,51,0.004617911,0.000746302,0.003871609
504,768,52,0.004583252,0.000733776,0.003849476
504,768,53,0.004506985,0.000770422,0.003736563
504,768,54,0.004542815,0.000744255,0.00379856
504,768,55,0.00451721,0.000843763,0.003673447
504,768,56,0.004611549,0.000918782,0.003692767
504,768,57,0.004498856,0.000823069,0.003675787
504,768,58,0.00465616,0.000946949,0.003709211
504,768,59,0.004701958,0.000990441,0.003711517
504,768,60,0.00450359,0.000836824,0.003666766
504,768,61,0.005016119,0.001362658,0.003653461
504,768,62,0.004824948,0.001225501,0.003599447
504,768,63,0.004812763,0.001193828,0.003618935
504,768,64,0.004614948,0.000930565,0.003684383
504,768,65,0.00446739,0.00076724,0.00370015
504,768,66,0.004802612,0.001066444,0.003736168
504,768,67,0.004822398,0.001082736,0.003739662
504,768,68,0.004793531,0.000987267,0.003806264
504,768,69,0.004449174,0.000685749,0.003763425
504,768,70,0.004333864,0.000661327,0.003672537
504,768,71,0.005287625,0.001677465,0.00361016
504,768,72,0.004794867,0.001157136,0.003637731
504,768,73,0.004678674,0.001164732,0.003513942
504,768,74,0.004983595,0.001455389,0.003528206
504,768,75,0.004972593,0.001357117,0.003615476
504,768,76,0.005440187,0.001953144,0.003487043
504,768,77,0.004806503,0.001285067,0.003521436
504,768,78,0.004438508,0.001130062,0.003308446
504,768,79,0.00627295,0.002829783,0.003443167
504,768,80,0.005393184,0.001757158,0.003636026
504,768,81,0.004608644,0.000937565,0.003671079
504,768,82,0.004645128,0.000968265,0.003676863
504,768,83,0.004700233,0.001084869,0.003615364
504,768,84,0.005264344,0.001723868,0.003540476
504,768,85,0.005131272,0.001711551,0.003419721
504,768,86,0.005649719,0.001968783,0.003680936
504,768,87,0.004353624,0.000672569,0.003681055
504,768,88,0.00405038,0.000510372,0.003540008
504,768,89,0.006716343,0.00320439,0.003511953
504,768,90,0.005924169,0.002465727,0.003458442
504,768,91,0.004640219,0.00106532,0.003574899
504,768,92,0.006800931,0.003340198,0.003460733
504,768,93,0.005546628,0.001985708,0.00356092
504,768,94,0.00471379,0.001069499,0.003644291
504,768,95,0.004141572,0.000517604,0.003623968
504,768,96,0.003971429,0.000511368,0.003460061
504,768,97,0.004514887,0.001087837,0.00342705
504,768,98,0.00544033,0.002199972,0.003240358
504,768,99,0.006044925,0.002776207,0.003268718
504,768,100,0.005826718,0.002208093,0.003618625
504,768,101,0.004633743,0.001144643,0.0034891
504,768,102,0.005948985,0.002695438,0.003253547
504,768,103,0.00509258,0.001879235,0.003213345
504,768,104,0.003970208,0.000579801,0.003390407
504,768,105,0.006553245,0.003226407,0.003326838
504,768,106,0.004920015,0.001466508,0.003453507
504,768,107,0.004519527,0.000943519,0.003576008
504,768,108,0.005532604,0.002009852,0.003522752
504,768,109,0.004271153,0.000998311,0.003272842
504,768,110,0.004054655,0.000875043,0.003179612
505,768,1,0.753232208,0.630699218,0.12253299
505,768,2,0.07150331,0.068448983,0.003054327
505,768,3,0.003786061,0.000656682,0.003129379
505,768,4,0.003651803,0.000478542,0.003173261
505,768,5,0.003682376,0.000545723,0.003136653
505,768,6,0.003719006,0.00054125,0.003177756
505,768,7,0.003792041,0.000531769,0.003260272
505,768,8,0.003956575,0.000611699,0.003344876
505,768,9,0.003993497,0.000672942,0.003320555
505,768,10,0.014124402,0.010997076,0.003127326
505,768,11,0.004529443,0.001400045,0.003129398
505,768,12,0.004760389,0.001713754,0.003046635
505,768,13,0.022019247,0.018767629,0.003251618
505,768,14,0.005286777,0.001504877,0.0037819
505,768,15,0.005075633,0.001188947,0.003886686
505,768,16,0.004541509,0.000607147,0.003934362
505,768,17,0.004496006,0.000640071,0.003855935
505,768,18,0.00466318,0.000698126,0.003965054
505,768,19,0.004574146,0.00068792,0.003886226
505,768,20,0.004415399,0.000601798,0.003813601
505,768,21,0.004211964,0.000614783,0.003597181
505,768,22,0.004536193,0.000830847,0.003705346
505,768,23,0.004247906,0.000617847,0.003630059
505,768,24,0.004263905,0.000668186,0.003595719
505,768,25,0.004567888,0.000951166,0.003616722
505,768,26,0.004367147,0.000832615,0.003534532
505,768,27,0.004565869,0.001055426,0.003510443
505,768,28,0.004388057,0.000835508,0.003552549
505,768,29,0.004071007,0.000621049,0.003449958
505,768,30,0.004593103,0.00105255,0.003540553
505,768,31,0.004303682,0.000838457,0.003465225
505,768,32,0.004405886,0.000942533,0.003463353
505,768,33,0.004333163,0.000914888,0.003418275
505,768,34,0.004402329,0.00097154,0.003430789
505,768,35,0.004453123,0.001027595,0.003425528
505,768,36,0.004594026,0.001106366,0.00348766
505,768,37,0.00455652,0.001019828,0.003536692
505,768,38,0.004459131,0.000932775,0.003526356
505,768,39,0.004495517,0.000992377,0.00350314
505,768,40,0.004497934,0.000959397,0.003538537
505,768,41,0.004529414,0.000996755,0.003532659
505,768,42,0.004525916,0.000948345,0.003577571
505,768,43,0.004563828,0.001057244,0.003506584
505,768,44,0.004594449,0.000965285,0.003629164
505,768,45,0.004519458,0.000977639,0.003541819
505,768,46,0.005065015,0.001452455,0.00361256
505,768,47,0.004435383,0.000845911,0.003589472
505,768,48,0.004611897,0.000968468,0.003643429
505,768,49,0.004632752,0.001002278,0.003630474
505,768,50,0.004537306,0.000852815,0.003684491
505,768,51,0.004678403,0.001072758,0.003605645
505,768,52,0.004422343,0.000747413,0.00367493
505,768,53,0.00480428,0.001184388,0.003619892
505,768,54,0.004634839,0.001064173,0.003570666
505,768,55,0.004627819,0.001031049,0.00359677
505,768,56,0.004449881,0.000953605,0.003496276
505,768,57,0.004718504,0.001221794,0.00349671
505,768,58,0.004499843,0.000967172,0.003532671
505,768,59,0.004682146,0.001196131,0.003486015
505,768,60,0.004718261,0.001178925,0.003539336
505,768,61,0.004479249,0.000890225,0.003589024
505,768,62,0.004578039,0.001040362,0.003537677
505,768,63,0.004707484,0.001172251,0.003535233
505,768,64,0.004372574,0.000832714,0.00353986
505,768,65,0.005222679,0.001631097,0.003591582
505,768,66,0.004771116,0.001166991,0.003604125
505,768,67,0.004646008,0.00104087,0.003605138
505,768,68,0.004446927,0.000816639,0.003630288
505,768,69,0.004508743,0.000911387,0.003597356
505,768,70,0.00447167,0.000849131,0.003622539
505,768,71,0.004333821,0.000765895,0.003567926
505,768,72,0.005056597,0.001555702,0.003500895
505,768,73,0.004903069,0.00144534,0.003457729
505,768,74,0.005138824,0.001558008,0.003580816
505,768,75,0.006860929,0.003407208,0.003453721
505,768,76,0.004994216,0.001496095,0.003498121
505,768,77,0.004277506,0.000920068,0.003357438
505,768,78,0.006288688,0.003026521,0.003262167
505,768,79,0.004744717,0.001367376,0.003377341
505,768,80,0.004882041,0.001362415,0.003519626
505,768,81,0.004851001,0.00117383,0.003677171
505,768,82,0.004335972,0.000799831,0.003536141
505,768,83,0.00570464,0.002313762,0.003390878
505,768,84,0.005345321,0.002025178,0.003320143
505,768,85,0.004574327,0.001117452,0.003456875
505,768,86,0.00488094,0.001329189,0.003551751
505,768,87,0.00445212,0.000884795,0.003567325
505,768,88,0.006627996,0.003310719,0.003317277
505,768,89,0.005320537,0.001917795,0.003402742
505,768,90,0.004844961,0.001529484,0.003315477
505,768,91,0.004932887,0.001497068,0.003435819
505,768,92,0.006554227,0.00318188,0.003372347
505,768,93,0.004672642,0.00116818,0.003504462
505,768,94,0.004969244,0.001437652,0.003531592
505,768,95,0.004359927,0.000813367,0.00354656
505,768,96,0.005019205,0.00162553,0.003393675
505,768,97,0.004721301,0.001529321,0.00319198
505,768,98,0.006431868,0.003233922,0.003197946
505,768,99,0.005855451,0.002578321,0.00327713
505,768,100,0.004482055,0.001047861,0.003434194
505,768,101,0.006532711,0.003329489,0.003203222
505,768,102,0.005010324,0.001887658,0.003122666
505,768,103,0.004117554,0.000866352,0.003251202
505,768,104,0.003905908,0.000618002,0.003287906
505,768,105,0.004102037,0.000866125,0.003235912
505,768,106,0.006305625,0.003001927,0.003303698
505,768,107,0.006906929,0.003466638,0.003440291
505,768,108,0.004457136,0.001032584,0.003424552
505,768,109,0.004007691,0.000797089,0.003210602
505,768,110,0.004099571,0.001079634,0.003019937
506,768,1,0.752074267,0.629784816,0.122289451
506,768,2,0.003557927,0.000445001,0.003112926
506,768,3,0.04602804,0.042981063,0.003046977
506,768,4,0.00386845,0.00075296,0.00311549
506,768,5,0.00372137,0.000536812,0.003184558
506,768,6,0.003696321,0.000489785,0.003206536
506,768,7,0.003870346,0.000655654,0.003214692
506,768,8,0.004105486,0.000790756,0.00331473
506,768,9,0.004126528,0.000761331,0.003365197
506,768,10,0.004092224,0.000837616,0.003254608
506,768,11,0.013332415,0.010190908,0.003141507
506,768,12,0.024275915,0.021121492,0.003154423
506,768,13,0.004847113,0.001525052,0.003322061
506,768,14,0.004959696,0.001163191,0.003796505
506,768,15,0.004567614,0.000706659,0.003860955
506,768,16,0.004550674,0.000601401,0.003949273
506,768,17,0.004511769,0.00056825,0.003943519
506,768,18,0.004558333,0.000565868,0.003992465
506,768,19,0.004510535,0.000578569,0.003931966
506,768,20,0.004421133,0.000537861,0.003883272
506,768,21,0.004243156,0.000522853,0.003720303
506,768,22,0.004323999,0.000550111,0.003773888
506,768,23,0.004334651,0.000600606,0.003734045
506,768,24,0.004429186,0.00082505,0.003604136
506,768,25,0.004450603,0.000785362,0.003665241
506,768,26,0.004437332,0.000913008,0.003524324
506,768,27,0.004586349,0.001022712,0.003563637
506,768,28,0.004244539,0.000691296,0.003553243
506,768,29,0.004293012,0.000717037,0.003575975
506,768,30,0.004609995,0.000982118,0.003627877
506,768,31,0.004444743,0.000860594,0.003584149
506,768,32,0.00427157,0.000835808,0.003435762
506,768,33,0.004585516,0.001072795,0.003512721
506,768,34,0.004261025,0.000783556,0.003477469
506,768,35,0.004338865,0.000895496,0.003443369
506,768,36,0.004584709,0.001010687,0.003574022
506,768,37,0.004562851,0.001019573,0.003543278
506,768,38,0.004604753,0.000981103,0.00362365
506,768,39,0.004460146,0.000901394,0.003558752
506,768,40,0.004609301,0.000928287,0.003681014
506,768,41,0.004413266,0.000851399,0.003561867
506,768,42,0.004709899,0.001085823,0.003624076
506,768,43,0.004554626,0.000956193,0.003598433
506,768,44,0.0047076,0.00109583,0.00361177
506,768,45,0.004818019,0.001263445,0.003554574
506,768,46,0.004626551,0.000940816,0.003685735
506,768,47,0.004515931,0.000950529,0.003565402
506,768,48,0.004779664,0.001033858,0.003745806
506,768,49,0.004374917,0.000684613,0.003690304
506,768,50,0.004754116,0.001072323,0.003681793
506,768,51,0.004458931,0.000737434,0.003721497
506,768,52,0.004847775,0.001124681,0.003723094
506,768,53,0.004555172,0.000910149,0.003645023
506,768,54,0.004534985,0.000909694,0.003625291
506,768,55,0.004535217,0.000996244,0.003538973
506,768,56,0.0047512,0.001169227,0.003581973
506,768,57,0.004496511,0.000875184,0.003621327
506,768,58,0.004624381,0.001126838,0.003497543
506,768,59,0.004736126,0.001160808,0.003575318
506,768,60,0.004403143,0.000900796,0.003502347
506,768,61,0.004591884,0.001015587,0.003576297
506,768,62,0.004749661,0.001233241,0.00351642
506,768,63,0.004499628,0.001020479,0.003479149
506,768,64,0.005031338,0.001489128,0.00354221
506,768,65,0.004729191,0.001190024,0.003539167
506,768,66,0.004511671,0.000855351,0.00365632
506,768,67,0.004415781,0.000799349,0.003616432
506,768,68,0.00441977,0.000773697,0.003646073
506,768,69,0.004523501,0.000854275,0.003669226
506,768,70,0.004289378,0.00070517,0.003584208
506,768,71,0.004476529,0.000912839,0.00356369
506,768,72,0.004161925,0.000660112,0.003501813
506,768,73,0.006186097,0.002815349,0.003370748
506,768,74,0.007616245,0.004138283,0.003477962
506,768,75,0.005014346,0.001469659,0.003544687
506,768,76,0.004278336,0.000775105,0.003503231
506,768,77,0.006280077,0.002929282,0.003350795
506,768,78,0.004879805,0.001546526,0.003333279
506,768,79,0.004465373,0.001036008,0.003429365
506,768,80,0.004671088,0.001173144,0.003497944
506,768,81,0.004603341,0.001045598,0.003557743
506,768,82,0.005647843,0.002361879,0.003285964
506,768,83,0.005531138,0.002126665,0.003404473
506,768,84,0.004536088,0.00114071,0.003395378
506,768,85,0.004395756,0.001012425,0.003383331
506,768,86,0.004793944,0.001253476,0.003540468
506,768,87,0.006826673,0.003461942,0.003364731
506,768,88,0.005250315,0.001802729,0.003447586
506,768,89,0.004624147,0.001047214,0.003576933
506,768,90,0.005064371,0.001667573,0.003396798
506,768,91,0.00445007,0.001061768,0.003388302
506,768,92,0.004167802,0.000704165,0.003463637
506,768,93,0.005975215,0.002507247,0.003467968
506,768,94,0.004635558,0.001142608,0.00349295
506,768,95,0.006876846,0.003467345,0.003409501
506,768,96,0.004889157,0.001561278,0.003327879
506,768,97,0.005965521,0.002803956,0.003161565
506,768,98,0.005626385,0.002394448,0.003231937
506,768,99,0.004579152,0.001224938,0.003354214
506,768,100,0.0045915,0.001069221,0.003522279
506,768,101,0.004158615,0.000680675,0.00347794
506,768,102,0.005561275,0.002349745,0.00321153
506,768,103,0.005009949,0.001862029,0.00314792
506,768,104,0.003972136,0.000673856,0.00329828
506,768,105,0.004804363,0.00156087,0.003243493
506,768,106,0.00860699,0.005417771,0.003189219
506,768,107,0.004677552,0.001213754,0.003463798
506,768,108,0.004250926,0.000869337,0.003381589
506,768,109,0.003950041,0.000762538,0.003187503
506,768,110,0.004198883,0.001098238,0.003100645
507,768,1,0.751483894,0.628687379,0.122796515
507,768,2,0.072197353,0.069154283,0.00304307
507,768,3,0.003672008,0.000510705,0.003161303
507,768,4,0.045868647,0.04277188,0.003096767
507,768,5,0.004086582,0.000868986,0.003217596
507,768,6,0.003636836,0.000474046,0.00316279
507,768,7,0.003853816,0.000623535,0.003230281
507,768,8,0.004178242,0.000866083,0.003312159
507,768,9,0.003951732,0.000646418,0.003305314
507,768,10,0.00412872,0.000931169,0.003197551
507,768,11,0.034579675,0.031465885,0.00311379
507,768,12,0.004563157,0.001379671,0.003183486
507,768,13,0.004488051,0.001033752,0.003454299
507,768,14,0.004538065,0.000785023,0.003753042
507,768,15,0.004661152,0.000708492,0.00395266
507,768,16,0.004468039,0.000525018,0.003943021
507,768,17,0.004484502,0.000558534,0.003925968
507,768,18,0.004524924,0.000542366,0.003982558
507,768,19,0.004594031,0.000549433,0.004044598
507,768,20,0.004297343,0.000520808,0.003776535
507,768,21,0.004235975,0.000477242,0.003758733
507,768,22,0.004176199,0.000468448,0.003707751
507,768,23,0.004267655,0.000521686,0.003745969
507,768,24,0.00421418,0.000628976,0.003585204
507,768,25,0.004667498,0.000981458,0.00368604
507,768,26,0.004443353,0.000925903,0.00351745
507,768,27,0.004494164,0.000961601,0.003532563
507,768,28,0.00465567,0.001075,0.00358067
507,768,29,0.004340066,0.000775761,0.003564305
507,768,30,0.004518484,0.00096634,0.003552144
507,768,31,0.004261737,0.000726688,0.003535049
507,768,32,0.004320525,0.000915528,0.003404997
507,768,33,0.004443401,0.000923458,0.003519943
507,768,34,0.004492417,0.001113411,0.003379006
507,768,35,0.004487621,0.001017952,0.003469669
507,768,36,0.004602272,0.001156288,0.003445984
507,768,37,0.004533081,0.000997913,0.003535168
507,768,38,0.004627523,0.001064191,0.003563332
507,768,39,0.004484413,0.00092268,0.003561733
507,768,40,0.004582056,0.001041852,0.003540204
507,768,41,0.004671569,0.001052625,0.003618944
507,768,42,0.004717648,0.001086381,0.003631267
507,768,43,0.004517522,0.001002468,0.003515054
507,768,44,0.004694433,0.001238725,0.003455708
507,768,45,0.00464624,0.001087693,0.003558547
507,768,46,0.004727252,0.001135826,0.003591426
507,768,47,0.004489634,0.000880458,0.003609176
507,768,48,0.004655877,0.000983677,0.0036722
507,768,49,0.004627772,0.00098794,0.003639832
507,768,50,0.004541833,0.000869636,0.003672197
507,768,51,0.004608781,0.000990248,0.003618533
507,768,52,0.004735949,0.001047416,0.003688533
507,768,53,0.004546771,0.000846269,0.003700502
507,768,54,0.004735791,0.001132533,0.003603258
507,768,55,0.004585309,0.00096504,0.003620269
507,768,56,0.004456577,0.000888716,0.003567861
507,768,57,0.004581647,0.001038826,0.003542821
507,768,58,0.004656428,0.001107916,0.003548512
507,768,59,0.004498664,0.000968691,0.003529973
507,768,60,0.004687141,0.001176192,0.003510949
507,768,61,0.004425897,0.000914527,0.00351137
507,768,62,0.004769168,0.001362903,0.003406265
507,768,63,0.00468813,0.001236841,0.003451289
507,768,64,0.004484381,0.000982547,0.003501834
507,768,65,0.004684257,0.001108591,0.003575666
507,768,66,0.004454181,0.000859481,0.0035947
507,768,67,0.004487795,0.000839892,0.003647903
507,768,68,0.004332682,0.000701949,0.003630733
507,768,69,0.004436843,0.000796394,0.003640449
507,768,70,0.00440686,0.000829559,0.003577301
507,768,71,0.004590976,0.000991286,0.00359969
507,768,72,0.006266413,0.002923484,0.003342929
507,768,73,0.007355368,0.003902644,0.003452724
507,768,74,0.005138537,0.00170988,0.003428657
507,768,75,0.004677149,0.001200497,0.003476652
507,768,76,0.005910363,0.002601925,0.003308438
507,768,77,0.004696488,0.001394632,0.003301856
507,768,78,0.004794106,0.001491696,0.00330241
507,768,79,0.004233117,0.000886137,0.00334698
507,768,80,0.004664494,0.001151232,0.003513262
507,768,81,0.005697739,0.002291417,0.003406322
507,768,82,0.005696324,0.002342998,0.003353326
507,768,83,0.00480389,0.001314676,0.003489214
507,768,84,0.004487063,0.001072665,0.003414398
507,768,85,0.004311849,0.000918888,0.003392961
507,768,86,0.004578239,0.001131954,0.003446285
507,768,87,0.004611529,0.000989611,0.003621918
507,768,88,0.006047874,0.002726365,0.003321509
507,768,89,0.005319015,0.001839129,0.003479886
507,768,90,0.004933164,0.00157708,0.003356084
507,768,91,0.004763194,0.001324972,0.003438222
507,768,92,0.00413406,0.00073629,0.00339777
507,768,93,0.006409142,0.002933648,0.003475494
507,768,94,0.007308682,0.003988901,0.003319781
507,768,95,0.005038576,0.001731664,0.003306912
507,768,96,0.006130858,0.002936134,0.003194724
507,768,97,0.005431421,0.00222472,0.003206701
507,768,98,0.004336322,0.001104808,0.003231514
507,768,99,0.004682744,0.00126958,0.003413164
507,768,100,0.004383775,0.000919647,0.003464128
507,768,101,0.00433033,0.000919123,0.003411207
507,768,102,0.00429177,0.000957605,0.003334165
507,768,103,0.005735341,0.002593237,0.003142104
507,768,104,0.004985499,0.00178492,0.003200579
507,768,105,0.005178086,0.001915988,0.003262098
507,768,106,0.005149882,0.001824555,0.003325327
507,768,107,0.006384418,0.002936749,0.003447669
507,768,108,0.004449358,0.001000283,0.003449075
507,768,109,0.004050091,0.000844789,0.003205302
507,768,110,0.004090499,0.000964325,0.003126174
508,768,1,0.752731683,0.630300924,0.122430759
508,768,2,0.003524771,0.000399375,0.003125396
508,768,3,0.062805653,0.059740353,0.0030653
508,768,4,0.003695966,0.000586962,0.003109004
508,768,5,0.011333638,0.008252824,0.003080814
508,768,6,0.004089383,0.001007716,0.003081667
508,768,7,0.003761448,0.000507512,0.003253936
508,768,8,0.004239315,0.000867557,0.003371758
508,768,9,0.00406029,0.000723133,0.003337157
508,768,10,0.003998276,0.000752933,0.003245343
508,768,11,0.004137019,0.00095373,0.003183289
508,768,12,0.034445223,0.031306132,0.003139091
508,768,13,0.004841047,0.001461221,0.003379826
508,768,14,0.004953652,0.001115934,0.003837718
508,768,15,0.004643661,0.000746373,0.003897288
508,768,16,0.004568671,0.000594973,0.003973698
508,768,17,0.004599293,0.000639809,0.003959484
508,768,18,0.004526032,0.000480132,0.0040459
508,768,19,0.004648839,0.000612872,0.004035967
508,768,20,0.004368629,0.000484768,0.003883861
508,768,21,0.004229931,0.000481999,0.003747932
508,768,22,0.004315552,0.000515782,0.00379977
508,768,23,0.004295,0.000534632,0.003760368
508,768,24,0.00448454,0.000802718,0.003681822
508,768,25,0.004451223,0.000768533,0.00368269
508,768,26,0.00455819,0.00101588,0.00354231
508,768,27,0.004604396,0.001080301,0.003524095
508,768,28,0.004548603,0.000984338,0.003564265
508,768,29,0.004243701,0.000737665,0.003506036
508,768,30,0.004532073,0.000966719,0.003565354
508,768,31,0.004299545,0.000790456,0.003509089
508,768,32,0.004255569,0.000885547,0.003370022
508,768,33,0.00455615,0.001180163,0.003375987
508,768,34,0.004483506,0.001074113,0.003409393
508,768,35,0.004456989,0.001109381,0.003347608
508,768,36,0.004513913,0.00117904,0.003334873
508,768,37,0.004634252,0.001229042,0.00340521
508,768,38,0.004589196,0.00105711,0.003532086
508,768,39,0.004478779,0.000994102,0.003484677
508,768,40,0.004568199,0.000993248,0.003574951
508,768,41,0.004551024,0.000947642,0.003603382
508,768,42,0.004523299,0.000896008,0.003627291
508,768,43,0.004467784,0.000875814,0.00359197
508,768,44,0.00457133,0.000977586,0.003593744
508,768,45,0.004608955,0.001023473,0.003585482
508,768,46,0.004762177,0.001012089,0.003750088
508,768,47,0.00445892,0.000798657,0.003660263
508,768,48,0.004595677,0.000895135,0.003700542
508,768,49,0.00457435,0.00083554,0.00373881
508,768,50,0.004473663,0.000781361,0.003692302
508,768,51,0.004654446,0.000972819,0.003681627
508,768,52,0.004523354,0.000878693,0.003644661
508,768,53,0.004740827,0.001103739,0.003637088
508,768,54,0.004623442,0.000921192,0.00370225
508,768,55,0.004583089,0.000983149,0.00359994
508,768,56,0.004675337,0.001085541,0.003589796
508,768,57,0.004467331,0.000834871,0.00363246
508,768,58,0.00467766,0.001090418,0.003587242
508,768,59,0.004602027,0.000964068,0.003637959
508,768,60,0.004424706,0.000839099,0.003585607
508,768,61,0.004703552,0.001112475,0.003591077
508,768,62,0.004681658,0.00113098,0.003550678
508,768,63,0.004731786,0.0011052,0.003626586
508,768,64,0.004449459,0.000798748,0.003650711
508,768,65,0.004469972,0.000778858,0.003691114
508,768,66,0.004659442,0.000942341,0.003717101
508,768,67,0.00448089,0.000754745,0.003726145
508,768,68,0.004419329,0.000739406,0.003679923
508,768,69,0.004479391,0.000824577,0.003654814
508,768,70,0.004452511,0.000798738,0.003653773
508,768,71,0.007322006,0.003834074,0.003487932
508,768,72,0.006764326,0.003359139,0.003405187
508,768,73,0.005387254,0.001831334,0.00355592
508,768,74,0.004650408,0.001083565,0.003566843
508,768,75,0.006064091,0.002628107,0.003435984
508,768,76,0.004459418,0.000997544,0.003461874
508,768,77,0.004355585,0.000973337,0.003382248
508,768,78,0.004823243,0.001488536,0.003334707
508,768,79,0.00424347,0.000879057,0.003364413
508,768,80,0.005896741,0.002468598,0.003428143
508,768,81,0.005953125,0.002419365,0.00353376
508,768,82,0.004765219,0.001159917,0.003605302
508,768,83,0.00419893,0.000618982,0.003579948
508,768,84,0.004616606,0.001134283,0.003482323
508,768,85,0.004002646,0.000597279,0.003405367
508,768,86,0.004908435,0.00137508,0.003533355
508,768,87,0.004492029,0.000957563,0.003534466
508,768,88,0.007009377,0.003508163,0.003501214
508,768,89,0.004695564,0.001088202,0.003607362
508,768,90,0.004819893,0.001418752,0.003401141
508,768,91,0.00454146,0.001054797,0.003486663
508,768,92,0.006207963,0.002809511,0.003398452
508,768,93,0.0052475,0.001695119,0.003552381
508,768,94,0.004445605,0.000780771,0.003664834
508,768,95,0.005696643,0.002261657,0.003434986
508,768,96,0.00747661,0.004246688,0.003229922
508,768,97,0.004873894,0.001641743,0.003232151
508,768,98,0.004455581,0.001217009,0.003238572
508,768,99,0.004840067,0.001430563,0.003409504
508,768,100,0.00440951,0.000968264,0.003441246
508,768,101,0.004484585,0.001076625,0.00340796
508,768,102,0.006171174,0.003011169,0.003160005
508,768,103,0.004884619,0.001609957,0.003274662
508,768,104,0.003981079,0.000683095,0.003297984
508,768,105,0.005979358,0.002674653,0.003304705
508,768,106,0.005092889,0.001701177,0.003391712
508,768,107,0.004489891,0.000839703,0.003650188
508,768,108,0.004941888,0.001495701,0.003446187
508,768,109,0.004199998,0.000965065,0.003234933
508,768,110,0.006268427,0.003255732,0.003012695
509,768,1,0.754497846,0.631446537,0.123051309
509,768,2,0.065407946,0.062345905,0.003062041
509,768,3,0.003628709,0.000510728,0.003117981
509,768,4,0.003528518,0.000370313,0.003158205
509,768,5,0.007768486,0.004721489,0.003046997
509,768,6,0.006486127,0.003416524,0.003069603
509,768,7,0.004091273,0.00097716,0.003114113
509,768,8,0.003940357,0.000651367,0.00328899
509,768,9,0.004370106,0.001095347,0.003274759
509,768,10,0.004325175,0.00107838,0.003246795
509,768,11,0.003942949,0.000743841,0.003199108
509,768,12,0.004061739,0.000835479,0.00322626
509,768,13,0.034678526,0.03139561,0.003282916
509,768,14,0.005411451,0.00162962,0.003781831
509,768,15,0.004726186,0.00081898,0.003907206
509,768,16,0.004697452,0.000700062,0.00399739
509,768,17,0.004461597,0.000535825,0.003925772
509,768,18,0.004746121,0.000691869,0.004054252
509,768,19,0.004483131,0.00051832,0.003964811
509,768,20,0.00445939,0.000541901,0.003917489
509,768,21,0.004245854,0.000493123,0.003752731
509,768,22,0.004311814,0.00053477,0.003777044
509,768,23,0.004255533,0.000516456,0.003739077
509,768,24,0.004399532,0.00075036,0.003649172
509,768,25,0.004461143,0.000821167,0.003639976
509,768,26,0.004477892,0.000928148,0.003549744
509,768,27,0.00451125,0.000975264,0.003535986
509,768,28,0.004733379,0.001108542,0.003624837
509,768,29,0.00425977,0.000730713,0.003529057
509,768,30,0.004406304,0.000743676,0.003662628
509,768,31,0.00434472,0.000786528,0.003558192
509,768,32,0.00435695,0.000850649,0.003506301
509,768,33,0.004333749,0.000873662,0.003460087
509,768,34,0.004576827,0.00112281,0.003454017
509,768,35,0.004485862,0.001008979,0.003476883
509,768,36,0.004615597,0.00108707,0.003528527
509,768,37,0.00448409,0.000934762,0.003549328
509,768,38,0.004664471,0.001055233,0.003609238
509,768,39,0.004368934,0.000772955,0.003595979
509,768,40,0.004653145,0.001015362,0.003637783
509,768,41,0.00437321,0.000726269,0.003646941
509,768,42,0.004654045,0.000996678,0.003657367
509,768,43,0.004322991,0.000700872,0.003622119
509,768,44,0.004764629,0.001138291,0.003626338
509,768,45,0.004437306,0.000855039,0.003582267
509,768,46,0.004824647,0.001079855,0.003744792
509,768,47,0.004392117,0.000729478,0.003662639
509,768,48,0.004793076,0.000904806,0.00388827
509,768,49,0.004333443,0.000649003,0.00368444
509,768,50,0.004646912,0.000871171,0.003775741
509,768,51,0.004438575,0.000776598,0.003661977
509,768,52,0.004797179,0.001003795,0.003793384
509,768,53,0.004297797,0.000700538,0.003597259
509,768,54,0.004972346,0.001296662,0.003675684
509,768,55,0.004218437,0.000656624,0.003561813
509,768,56,0.004978633,0.001346928,0.003631705
509,768,57,0.004490337,0.000929726,0.003560611
509,768,58,0.004678074,0.001062259,0.003615815
509,768,59,0.004402348,0.000875262,0.003527086
509,768,60,0.004618406,0.001009003,0.003609403
509,768,61,0.004456582,0.000872061,0.003584521
509,768,62,0.004650225,0.001139715,0.00351051
509,768,63,0.004779742,0.00119939,0.003580352
509,768,64,0.004415503,0.000849804,0.003565699
509,768,65,0.004716638,0.001078999,0.003637639
509,768,66,0.004358369,0.000761979,0.00359639
509,768,67,0.004528954,0.000940815,0.003588139
509,768,68,0.004681855,0.001066591,0.003615264
509,768,69,0.004444582,0.000869466,0.003575116
509,768,70,0.008264451,0.004797706,0.003466745
509,768,71,0.006711288,0.003353089,0.003358199
509,768,72,0.004730858,0.001336465,0.003394393
509,768,73,0.004933779,0.001419012,0.003514767
509,768,74,0.004579037,0.00101712,0.003561917
509,768,75,0.004453249,0.001004071,0.003449178
509,768,76,0.005427175,0.002079984,0.003347191
509,768,77,0.004671275,0.001359318,0.003311957
509,768,78,0.004572278,0.001194861,0.003377417
509,768,79,0.006546719,0.003205646,0.003341073
509,768,80,0.005847441,0.002251117,0.003596324
509,768,81,0.0047643,0.001144802,0.003619498
509,768,82,0.004369053,0.000822956,0.003546097
509,768,83,0.004380389,0.00085323,0.003527159
509,768,84,0.004355718,0.000939989,0.003415729
509,768,85,0.004205004,0.000938851,0.003266153
509,768,86,0.004656201,0.001269555,0.003386646
509,768,87,0.007229136,0.00381216,0.003416976
509,768,88,0.004563917,0.000967862,0.003596055
509,768,89,0.004369174,0.000844118,0.003525056
509,768,90,0.004807408,0.001394541,0.003412867
509,768,91,0.006591807,0.003369756,0.003222051
509,768,92,0.004569318,0.001242082,0.003327236
509,768,93,0.004857307,0.001359564,0.003497743
509,768,94,0.004491064,0.000920967,0.003570097
509,768,95,0.004192217,0.000655079,0.003537138
509,768,96,0.004987205,0.001699223,0.003287982
509,768,97,0.008204604,0.005016107,0.003188497
509,768,98,0.004761803,0.001417818,0.003343985
509,768,99,0.004669824,0.001309822,0.003360002
509,768,100,0.004596884,0.001088883,0.003508001
509,768,101,0.004497484,0.00102097,0.003476514
509,768,102,0.004262883,0.000951788,0.003311095
509,768,103,0.005754626,0.002608155,0.003146471
509,768,104,0.0070485,0.003829298,0.003219202
509,768,105,0.004808003,0.001546849,0.003261154
509,768,106,0.004724883,0.001306211,0.003418672
509,768,107,0.004465805,0.000878828,0.003586977
509,768,108,0.004275494,0.000851271,0.003424223
509,768,109,0.004288452,0.001093375,0.003195077
509,768,110,0.004905252,0.00180277,0.003102482
510,768,1,0.75781752,0.634790607,0.123026913
510,768,2,0.003595199,0.000456988,0.003138211
510,768,3,0.003512913,0.000400641,0.003112272
510,768,4,0.007813967,0.004786371,0.003027596
510,768,5,0.004021813,0.000894551,0.003127262
510,768,6,0.003785661,0.000603099,0.003182562
510,768,7,0.005098558,0.001997121,0.003101437
510,768,8,0.004361697,0.001097775,0.003263922
510,768,9,0.003929668,0.000642169,0.003287499
510,768,10,0.004669894,0.00142505,0.003244844
510,768,11,0.004224602,0.001045763,0.003178839
510,768,12,0.004064069,0.000869897,0.003194172
510,768,13,0.003827434,0.00063452,0.003192914
510,768,14,0.035542031,0.031858778,0.003683253
510,768,15,0.005458986,0.001527418,0.003931568
510,768,16,0.004636965,0.000641833,0.003995132
510,768,17,0.004651379,0.00063296,0.004018419
510,768,18,0.004590055,0.000569822,0.004020233
510,768,19,0.00456311,0.000569408,0.003993702
510,768,20,0.00449207,0.000540181,0.003951889
510,768,21,0.004345432,0.000520653,0.003824779
510,768,22,0.004279879,0.000518734,0.003761145
510,768,23,0.004272592,0.000511405,0.003761187
510,768,24,0.004234765,0.000587417,0.003647348
510,768,25,0.004510703,0.000874521,0.003636182
510,768,26,0.004464228,0.00094586,0.003518368
510,768,27,0.004539552,0.001028215,0.003511337
510,768,28,0.004444652,0.000887971,0.003556681
510,768,29,0.004488253,0.000892103,0.00359615
510,768,30,0.004534272,0.000882753,0.003651519
510,768,31,0.004175778,0.000678735,0.003497043
510,768,32,0.004494735,0.001012662,0.003482073
510,768,33,0.00438736,0.000931425,0.003455935
510,768,34,0.00445403,0.000960405,0.003493625
510,768,35,0.004490373,0.001025897,0.003464476
510,768,36,0.004643703,0.001031323,0.00361238
510,768,37,0.004500582,0.000951214,0.003549368
510,768,38,0.004620142,0.000963454,0.003656688
510,768,39,0.004633901,0.00102885,0.003605051
510,768,40,0.004579753,0.000926465,0.003653288
510,768,41,0.004523707,0.000830188,0.003693519
510,768,42,0.004502328,0.000822682,0.003679646
510,768,43,0.004363848,0.000775099,0.003588749
510,768,44,0.004578482,0.000944669,0.003633813
510,768,45,0.00444341,0.000839763,0.003603647
510,768,46,0.004679955,0.000972168,0.003707787
510,768,47,0.004513368,0.000830087,0.003683281
510,768,48,0.004611984,0.000832016,0.003779968
510,768,49,0.004446217,0.00068865,0.003757567
510,768,50,0.004401104,0.000745166,0.003655938
510,768,51,0.004603392,0.00095927,0.003644122
510,768,52,0.004445313,0.000843356,0.003601957
510,768,53,0.004685426,0.001097619,0.003587807
510,768,54,0.004579599,0.000931266,0.003648333
510,768,55,0.004623724,0.001118952,0.003504772
510,768,56,0.004507769,0.000952013,0.003555756
510,768,57,0.00475422,0.001208364,0.003545856
510,768,58,0.004590833,0.001088452,0.003502381
510,768,59,0.004762324,0.001197498,0.003564826
510,768,60,0.004379919,0.000786469,0.00359345
510,768,61,0.004550649,0.000945925,0.003604724
510,768,62,0.004478873,0.000998515,0.003480358
510,768,63,0.004688694,0.001189245,0.003499449
510,768,64,0.004733078,0.001153793,0.003579285
510,768,65,0.004500487,0.000901695,0.003598792
510,768,66,0.004658664,0.001033466,0.003625198
510,768,67,0.005075202,0.001541969,0.003533233
510,768,68,0.004715625,0.001119763,0.003595862
510,768,69,0.006647684,0.003143952,0.003503732
510,768,70,0.004571796,0.001097167,0.003474629
510,768,71,0.005292926,0.001844137,0.003448789
510,768,72,0.006919898,0.003530266,0.003389632
510,768,73,0.005157937,0.001633655,0.003524282
510,768,74,0.004744266,0.001291586,0.00345268
510,768,75,0.004362985,0.000893572,0.003469413
510,768,76,0.004322482,0.000854079,0.003468403
510,768,77,0.005551746,0.002175622,0.003376124
510,768,78,0.007272937,0.003859189,0.003413748
510,768,79,0.005908177,0.002411252,0.003496925
510,768,80,0.00499601,0.001331378,0.003664632
510,768,81,0.004207765,0.000593392,0.003614373
510,768,82,0.004350463,0.000770435,0.003580028
510,768,83,0.004323282,0.000767206,0.003556076
510,768,84,0.004395915,0.000989182,0.003406733
510,768,85,0.004034748,0.000712312,0.003322436
510,768,86,0.008341143,0.004835026,0.003506117
510,768,87,0.004245449,0.000745024,0.003500425
510,768,88,0.004293297,0.000742815,0.003550482
510,768,89,0.004366003,0.000860474,0.003505529
510,768,90,0.00474498,0.001360003,0.003384977
510,768,91,0.004640472,0.001278394,0.003362078
510,768,92,0.005731593,0.002311183,0.00342041
510,768,93,0.005309628,0.001633632,0.003675996
510,768,94,0.004382099,0.00073534,0.003646759
510,768,95,0.003917945,0.0004389,0.003479045
510,768,96,0.003909259,0.000578305,0.003330954
510,768,97,0.005256965,0.002026883,0.003230082
510,768,98,0.008511747,0.005243733,0.003268014
510,768,99,0.005005893,0.001632061,0.003373832
510,768,100,0.004707812,0.001190676,0.003517136
510,768,101,0.004412214,0.00083347,0.003578744
510,768,102,0.004014084,0.000732853,0.003281231
510,768,103,0.009556783,0.006390929,0.003165854
510,768,104,0.004618247,0.001456376,0.003161871
510,768,105,0.004401603,0.001154777,0.003246826
510,768,106,0.004547505,0.001167396,0.003380109
510,768,107,0.004691526,0.000969813,0.003721713
510,768,108,0.003871852,0.000449375,0.003422477
510,768,109,0.005208867,0.002097828,0.003111039
510,768,110,0.004810605,0.00179335,0.003017255
511,768,1,0.619532467,0.493487098,0.126045369
511,768,2,0.200793542,0.197749535,0.003044007
511,768,3,0.003641085,0.000494771,0.003146314
511,768,4,0.003523861,0.000370421,0.00315344
511,768,5,0.007833164,0.004798342,0.003034822
511,768,6,0.004269398,0.0010832,0.003186198
511,768,7,0.00382465,0.000616164,0.003208486
511,768,8,0.00484038,0.001586812,0.003253568
511,768,9,0.00442212,0.001173387,0.003248733
511,768,10,0.004084835,0.000808834,0.003276001
511,768,11,0.004651549,0.001553276,0.003098273
511,768,12,0.004407354,0.001202624,0.00320473
511,768,13,0.003908045,0.000710606,0.003197439
511,768,14,0.003693521,0.000477196,0.003216325
511,768,15,0.036542056,0.032769739,0.003772317
511,768,16,0.005120334,0.001211856,0.003908478
511,768,17,0.004932678,0.000978441,0.003954237
511,768,18,0.00450477,0.000581088,0.003923682
511,768,19,0.004636312,0.000623181,0.004013131
511,768,20,0.004469577,0.000629051,0.003840526
511,768,21,0.004319458,0.000580793,0.003738665
511,768,22,0.004207058,0.000558656,0.003648402
511,768,23,0.004382122,0.000743312,0.00363881
511,768,24,0.004328222,0.000774777,0.003553445
511,768,25,0.00453334,0.000976197,0.003557143
511,768,26,0.004551845,0.001051703,0.003500142
511,768,27,0.004648537,0.001113445,0.003535092
511,768,28,0.004335518,0.00081793,0.003517588
511,768,29,0.004139397,0.000622883,0.003516514
511,768,30,0.004395091,0.000820903,0.003574188
511,768,31,0.004384372,0.000834507,0.003549865
511,768,32,0.004182932,0.000777041,0.003405891
511,768,33,0.004547923,0.001090138,0.003457785
511,768,34,0.004493774,0.001107778,0.003385996
511,768,35,0.004419074,0.000954145,0.003464929
511,768,36,0.004671055,0.001165058,0.003505997
511,768,37,0.004542861,0.000980714,0.003562147
511,768,38,0.004520383,0.00100878,0.003511603
511,768,39,0.004525174,0.000953613,0.003571561
511,768,40,0.004714314,0.001131637,0.003582677
511,768,41,0.004618828,0.000978207,0.003640621
511,768,42,0.004436019,0.000821749,0.00361427
511,768,43,0.00441329,0.000845914,0.003567376
511,768,44,0.004522555,0.000872713,0.003649842
511,768,45,0.00445107,0.000861827,0.003589243
511,768,46,0.004581936,0.000848659,0.003733277
511,768,47,0.004444825,0.000828773,0.003616052
511,768,48,0.004743829,0.000960417,0.003783412
511,768,49,0.004474842,0.000701538,0.003773304
511,768,50,0.00436717,0.000660358,0.003706812
511,768,51,0.004487308,0.00083699,0.003650318
511,768,52,0.00458647,0.000944145,0.003642325
511,768,53,0.004479487,0.000873034,0.003606453
511,768,54,0.004656206,0.001074488,0.003581718
511,768,55,0.004409274,0.00086398,0.003545294
511,768,56,0.004642217,0.001162477,0.00347974
511,768,57,0.0046256,0.001047885,0.003577715
511,768,58,0.00470485,0.001130096,0.003574754
511,768,59,0.004652009,0.001128184,0.003523825
511,768,60,0.004699039,0.001120548,0.003578491
511,768,61,0.00427545,0.000735431,0.003540019
511,768,62,0.004631766,0.001049761,0.003582005
511,768,63,0.00435281,0.000913142,0.003439668
511,768,64,0.00465952,0.001216373,0.003443147
511,768,65,0.004888472,0.001281571,0.003606901
511,768,66,0.00443376,0.000897166,0.003536594
511,768,67,0.004619368,0.001026538,0.00359283
511,768,68,0.008208111,0.004674762,0.003533349
511,768,69,0.00515777,0.001615163,0.003542607
511,768,70,0.004312367,0.000694923,0.003617444
511,768,71,0.004152696,0.000615041,0.003537655
511,768,72,0.004410886,0.001033481,0.003377405
511,768,73,0.007165434,0.003766691,0.003398743
511,768,74,0.005188708,0.001755431,0.003433277
511,768,75,0.004674562,0.001178229,0.003496333
511,768,76,0.00437159,0.000871512,0.003500078
511,768,77,0.004454329,0.00105246,0.003401869
511,768,78,0.005439575,0.00217603,0.003263545
511,768,79,0.007514826,0.004182584,0.003332242
511,768,80,0.005855541,0.00230769,0.003547851
511,768,81,0.004814053,0.001241174,0.003572879
511,768,82,0.0041769,0.000688224,0.003488676
511,768,83,0.004387427,0.00090428,0.003483147
511,768,84,0.004351665,0.000914016,0.003437649
511,768,85,0.008711285,0.005181105,0.00353018
511,768,86,0.004463746,0.000952068,0.003511678
511,768,87,0.003876556,0.000385175,0.003491381
511,768,88,0.004219841,0.000770412,0.003449429
511,768,89,0.004524461,0.001022725,0.003501736
511,768,90,0.004814856,0.001545884,0.003268972
511,768,91,0.004417724,0.001132905,0.003284819
511,768,92,0.004145665,0.000783768,0.003361897
511,768,93,0.005492008,0.002029994,0.003462014
511,768,94,0.004960921,0.001523209,0.003437712
511,768,95,0.004337348,0.000865124,0.003472224
511,768,96,0.003912289,0.000541888,0.003370401
511,768,97,0.004088028,0.000748628,0.0033394
511,768,98,0.005589327,0.00242562,0.003163707
511,768,99,0.008925034,0.00560214,0.003322894
511,768,100,0.004834807,0.001321433,0.003513374
511,768,101,0.004334941,0.000808513,0.003526428
511,768,102,0.004070487,0.000812904,0.003257583
511,768,103,0.004046569,0.000867201,0.003179368
511,768,104,0.009629712,0.006423409,0.003206303
511,768,105,0.004892247,0.001639582,0.003252665
511,768,106,0.004616453,0.001153994,0.003462459
511,768,107,0.00450955,0.000870402,0.003639148
511,768,108,0.005767484,0.002502355,0.003265129
511,768,109,0.004914459,0.001867461,0.003046998
511,768,110,0.004012936,0.000992591,0.003020345
512,768,1,0.620901832,0.494688678,0.126213154
512,768,2,0.138986183,0.135929134,0.003057049
512,768,3,0.004501088,0.001481651,0.003019437
512,768,4,0.063643433,0.060624162,0.003019271
512,768,5,0.056759796,0.053721562,0.003038234
512,768,6,0.004222159,0.001022308,0.003199851
512,768,7,0.003763327,0.000601493,0.003161834
512,768,8,0.004178235,0.000913161,0.003265074
512,768,9,0.004047182,0.00071535,0.003331832
512,768,10,0.004028757,0.000729372,0.003299385
512,768,11,0.004127415,0.000850363,0.003277052
512,768,12,0.003993307,0.000752033,0.003241274
512,768,13,0.004047832,0.000807026,0.003240806
512,768,14,0.00383289,0.000595172,0.003237718
512,768,15,0.00389819,0.0006958,0.00320239
512,768,16,0.003540437,0.000427163,0.003113274
512,768,17,0.003748078,0.000623562,0.003124516
512,768,18,0.016122245,0.012926193,0.003196052
512,768,19,0.005107748,0.001582501,0.003525247
512,768,20,0.004642152,0.000883772,0.00375838
512,768,21,0.0048324,0.000956205,0.003876195
512,768,22,0.004587731,0.000689332,0.003898399
512,768,23,0.004631826,0.000706351,0.003925475
512,768,24,0.004672342,0.000703104,0.003969238
512,768,25,0.004688495,0.000795446,0.003893049
512,768,26,0.004340737,0.000668387,0.00367235
512,768,27,0.004609483,0.000888182,0.003721301
512,768,28,0.004375051,0.000693968,0.003681083
512,768,29,0.00411739,0.000528319,0.003589071
512,768,30,0.004330073,0.000675919,0.003654154
512,768,31,0.004253288,0.00071119,0.003542098
512,768,32,0.004797176,0.001278096,0.00351908
512,768,33,0.004502344,0.001004718,0.003497626
512,768,34,0.004604799,0.001091723,0.003513076
512,768,35,0.004498115,0.000985171,0.003512944
512,768,36,0.004385036,0.000874509,0.003510527
512,768,37,0.00423402,0.000821763,0.003412257
512,768,38,0.004611872,0.001159026,0.003452846
512,768,39,0.006027837,0.002675067,0.00335277
512,768,40,0.005727261,0.002409942,0.003317319
512,768,41,0.005952804,0.002568494,0.00338431
512,768,42,0.005283259,0.001776276,0.003506983
512,768,43,0.006524329,0.003126662,0.003397667
512,768,44,0.00638702,0.002944158,0.003442862
512,768,45,0.00548543,0.001977448,0.003507982
512,768,46,0.005538582,0.00207779,0.003460792
512,768,47,0.005311385,0.001726163,0.003585222
512,768,48,0.005318342,0.001739934,0.003578408
512,768,49,0.004962428,0.001479828,0.0034826
512,768,50,0.004877236,0.001329644,0.003547592
512,768,51,0.005058394,0.001524213,0.003534181
512,768,52,0.005244195,0.001565289,0.003678906
512,768,53,0.004637111,0.001015802,0.003621309
512,768,54,0.00476081,0.001025666,0.003735144
512,768,55,0.004363013,0.000774618,0.003588395
512,768,56,0.004870316,0.001266077,0.003604239
512,768,57,0.004693759,0.001147863,0.003545896
512,768,58,0.004945137,0.001439539,0.003505598
512,768,59,0.004703354,0.001136805,0.003566549
512,768,60,0.004825347,0.001298008,0.003527339
512,768,61,0.004493608,0.00093857,0.003555038
512,768,62,0.004763661,0.001181354,0.003582307
512,768,63,0.004494445,0.000951586,0.003542859
512,768,64,0.00476321,0.001232798,0.003530412
512,768,65,0.004731671,0.001214302,0.003517369
512,768,66,0.004639109,0.001126691,0.003512418
512,768,67,0.00463214,0.001024798,0.003607342
512,768,68,0.004794507,0.001220119,0.003574388
512,768,69,0.004714515,0.001233642,0.003480873
512,768,70,0.00478567,0.001282827,0.003502843
512,768,71,0.004658513,0.001114182,0.003544331
512,768,72,0.00454545,0.000968339,0.003577111
512,768,73,0.004543866,0.001126124,0.003417742
512,768,74,0.0044355,0.000957696,0.003477804
512,768,75,0.004210096,0.000735237,0.003474859
512,768,76,0.004553674,0.001026668,0.003527006
512,768,77,0.00467313,0.001147406,0.003525724
512,768,78,0.004661783,0.001143053,0.00351873
512,768,79,0.004728833,0.001245854,0.003482979
512,768,80,0.006317924,0.003003701,0.003314223
512,768,81,0.005118045,0.001795602,0.003322443
512,768,82,0.004902787,0.001469997,0.00343279
512,768,83,0.005066363,0.001369737,0.003696626
512,768,84,0.006367057,0.002906383,0.003460674
512,768,85,0.006036092,0.002669835,0.003366257
512,768,86,0.00442499,0.000981768,0.003443222
512,768,87,0.004479779,0.001020972,0.003458807
512,768,88,0.004804429,0.001342103,0.003462326
512,768,89,0.004657269,0.001046385,0.003610884
512,768,90,0.004039146,0.000496923,0.003542223
512,768,91,0.005037939,0.001436481,0.003601458
512,768,92,0.003967854,0.000400327,0.003567527
512,768,93,0.004192981,0.000751136,0.003441845
512,768,94,0.004369403,0.000901404,0.003467999
512,768,95,0.004240324,0.000851825,0.003388499
512,768,96,0.00622177,0.002839082,0.003382688
512,768,97,0.004630553,0.001160143,0.00347041
512,768,98,0.00517102,0.001806411,0.003364609
512,768,99,0.00510741,0.001801965,0.003305445
512,768,100,0.007597297,0.004472246,0.003125051
512,768,101,0.004824714,0.001595177,0.003229537
512,768,102,0.004730501,0.001337623,0.003392878
512,768,103,0.004288777,0.000841464,0.003447313
512,768,104,0.004352485,0.000984104,0.003368381
512,768,105,0.004383683,0.001156856,0.003226827
512,768,106,0.00790353,0.004749676,0.003153854
512,768,107,0.008569346,0.005374337,0.003195009
512,768,108,0.010368304,0.007059901,0.003308403
512,768,109,0.004900921,0.001652263,0.003248658
512,768,110,0.004631699,0.001392049,0.00323965
513,768,1,0.756672285,0.633199179,0.123473106
513,768,2,0.004544681,0.001396307,0.003148374
513,768,3,0.063608322,0.06059113,0.003017192
513,768,4,0.056694779,0.053667047,0.003027732
513,768,5,0.003940714,0.000804991,0.003135723
513,768,6,0.003817523,0.000635764,0.003181759
513,768,7,0.003923756,0.000742476,0.00318128
513,768,8,0.00413015,0.000809556,0.003320594
513,768,9,0.00400798,0.000664439,0.003343541
513,768,10,0.004102957,0.00076238,0.003340577
513,768,11,0.004075201,0.00086372,0.003211481
513,768,12,0.004067523,0.000849708,0.003217815
513,768,13,0.003914419,0.00073099,0.003183429
513,768,14,0.003873605,0.000673057,0.003200548
513,768,15,0.003722544,0.000563611,0.003158933
513,768,16,0.003747767,0.000565828,0.003181939
513,768,17,0.015534532,0.012454098,0.003080434
513,768,18,0.005068171,0.001778625,0.003289546
513,768,19,0.004705456,0.001008996,0.00369646
513,768,20,0.004640158,0.000689313,0.003950845
513,768,21,0.004581491,0.000622996,0.003958495
513,768,22,0.00458214,0.000638915,0.003943225
513,768,23,0.004689201,0.000659294,0.004029907
513,768,24,0.004759853,0.000781405,0.003978448
513,768,25,0.004559036,0.000656696,0.00390234
513,768,26,0.004604519,0.000867562,0.003736957
513,768,27,0.004389134,0.000544637,0.003844497
513,768,28,0.004201084,0.000510036,0.003691048
513,768,29,0.004203006,0.000529358,0.003673648
513,768,30,0.004171181,0.00058255,0.003588631
513,768,31,0.00440813,0.000884112,0.003524018
513,768,32,0.004438576,0.000968232,0.003470344
513,768,33,0.004502791,0.000989799,0.003512992
513,768,34,0.004523743,0.001027933,0.00349581
513,768,35,0.004827599,0.001167836,0.003659763
513,768,36,0.004175492,0.000657123,0.003518369
513,768,37,0.004636683,0.001181839,0.003454844
513,768,38,0.006316472,0.003028352,0.00328812
513,768,39,0.00560655,0.002328251,0.003278299
513,768,40,0.006140592,0.002719095,0.003421497
513,768,41,0.005305891,0.001867275,0.003438616
513,768,42,0.006305419,0.002956531,0.003348888
513,768,43,0.006460239,0.002939028,0.003521211
513,768,44,0.005565252,0.001996344,0.003568908
513,768,45,0.005371233,0.001895976,0.003475257
513,768,46,0.005144702,0.001604315,0.003540387
513,768,47,0.005169949,0.001747198,0.003422751
513,768,48,0.005089411,0.001564643,0.003524768
513,768,49,0.004864335,0.001340897,0.003523438
513,768,50,0.005244652,0.001590939,0.003653713
513,768,51,0.005124187,0.001480443,0.003643744
513,768,52,0.004779472,0.001015326,0.003764146
513,768,53,0.004552852,0.000795916,0.003756936
513,768,54,0.004650025,0.00096439,0.003685635
513,768,55,0.004866994,0.00119428,0.003672714
513,768,56,0.004643587,0.000967774,0.003675813
513,768,57,0.004866197,0.001268699,0.003597498
513,768,58,0.004704731,0.001092612,0.003612119
513,768,59,0.004803599,0.001252822,0.003550777
513,768,60,0.004550794,0.000992276,0.003558518
513,768,61,0.004749878,0.001139618,0.00361026
513,768,62,0.004448688,0.000918904,0.003529784
513,768,63,0.004799869,0.001267634,0.003532235
513,768,64,0.004807375,0.001250447,0.003556928
513,768,65,0.004542977,0.001072244,0.003470733
513,768,66,0.004844817,0.001252732,0.003592085
513,768,67,0.004761473,0.001152926,0.003608547
513,768,68,0.004779657,0.001145279,0.003634378
513,768,69,0.004704328,0.001170816,0.003533512
513,768,70,0.004703347,0.001130245,0.003573102
513,768,71,0.004536082,0.000919912,0.00361617
513,768,72,0.004639934,0.001079728,0.003560206
513,768,73,0.004520287,0.000986467,0.00353382
513,768,74,0.004163429,0.000754285,0.003409144
513,768,75,0.004533999,0.001072267,0.003461732
513,768,76,0.004660546,0.001033009,0.003627537
513,768,77,0.004526411,0.000927369,0.003599042
513,768,78,0.004494776,0.000988947,0.003505829
513,768,79,0.006545249,0.003246263,0.003298986
513,768,80,0.004726229,0.001395303,0.003330926
513,768,81,0.004934973,0.001579719,0.003355254
513,768,82,0.004839803,0.001327955,0.003511848
513,768,83,0.004683994,0.001034128,0.003649866
513,768,84,0.004049218,0.000557806,0.003491412
513,768,85,0.006210881,0.002759325,0.003451556
513,768,86,0.005864522,0.002507043,0.003357479
513,768,87,0.004612345,0.001154402,0.003457943
513,768,88,0.004694628,0.001271116,0.003423512
513,768,89,0.00457522,0.001064919,0.003510301
513,768,90,0.004469213,0.000962072,0.003507141
513,768,91,0.004649234,0.001121071,0.003528163
513,768,92,0.004265663,0.00070887,0.003556793
513,768,93,0.004338709,0.000897581,0.003441128
513,768,94,0.004497702,0.001045324,0.003452378
513,768,95,0.006356899,0.002971303,0.003385596
513,768,96,0.004873292,0.001320563,0.003552729
513,768,97,0.005252558,0.00169269,0.003559868
513,768,98,0.005062034,0.001625398,0.003436636
513,768,99,0.007335738,0.004104431,0.003231307
513,768,100,0.004651088,0.001498677,0.003152411
513,768,101,0.004773055,0.001420558,0.003352497
513,768,102,0.004369352,0.000924126,0.003445226
513,768,103,0.004840865,0.00131093,0.003529935
513,768,104,0.004490701,0.000979509,0.003511192
513,768,105,0.007489968,0.004401604,0.003088364
513,768,106,0.006752056,0.003588775,0.003163281
513,768,107,0.010760867,0.00749457,0.003266297
513,768,108,0.006677509,0.00319306,0.003484449
513,768,109,0.004463366,0.001103779,0.003359587
513,768,110,0.005224432,0.002142742,0.00308169
514,768,1,0.753786231,0.630222725,0.123563506
514,768,2,0.064081812,0.061028819,0.003052993
514,768,3,0.066237157,0.063178886,0.003058271
514,768,4,0.003756289,0.00056505,0.003191239
514,768,5,0.003545269,0.000400536,0.003144733
514,768,6,0.003745109,0.000540011,0.003205098
514,768,7,0.003833605,0.000608121,0.003225484
514,768,8,0.004018688,0.000658829,0.003359859
514,768,9,0.003985372,0.000568246,0.003417126
514,768,10,0.004039161,0.00065051,0.003388651
514,768,11,0.004014577,0.000716629,0.003297948
514,768,12,0.004030797,0.000769528,0.003261269
514,768,13,0.003986167,0.000708717,0.00327745
514,768,14,0.003858888,0.000595536,0.003263352
514,768,15,0.003838432,0.000615491,0.003222941
514,768,16,0.015643909,0.012580958,0.003062951
514,768,17,0.005125233,0.001874588,0.003250645
514,768,18,0.004541537,0.001073817,0.00346772
514,768,19,0.004505701,0.000635092,0.003870609
514,768,20,0.004485702,0.000564118,0.003921584
514,768,21,0.004641823,0.000621193,0.00402063
514,768,22,0.004503786,0.00061325,0.003890536
514,768,23,0.004943376,0.000911559,0.004031817
514,768,24,0.004575365,0.000668383,0.003906982
514,768,25,0.004819367,0.000855031,0.003964336
514,768,26,0.00417067,0.000487119,0.003683551
514,768,27,0.004278452,0.00051375,0.003764702
514,768,28,0.004290329,0.000565248,0.003725081
514,768,29,0.00424082,0.000584837,0.003655983
514,768,30,0.004152825,0.00061809,0.003534735
514,768,31,0.004473367,0.000895708,0.003577659
514,768,32,0.004367477,0.000898202,0.003469275
514,768,33,0.004840981,0.001240616,0.003600365
514,768,34,0.00457574,0.000989284,0.003586456
514,768,35,0.004475514,0.000845995,0.003629519
514,768,36,0.004586035,0.001004016,0.003582019
514,768,37,0.006555302,0.003293331,0.003261971
514,768,38,0.005565433,0.002224055,0.003341378
514,768,39,0.006138028,0.002793831,0.003344197
514,768,40,0.005355203,0.0020238,0.003331403
514,768,41,0.006249607,0.002853454,0.003396153
514,768,42,0.006475543,0.002940411,0.003535132
514,768,43,0.005443653,0.001965439,0.003478214
514,768,44,0.00521418,0.001749676,0.003464504
514,768,45,0.005210476,0.001744793,0.003465683
514,768,46,0.005295645,0.001769485,0.00352616
514,768,47,0.005142795,0.001553716,0.003589079
514,768,48,0.004924051,0.001201193,0.003722858
514,768,49,0.004916579,0.001310549,0.00360603
514,768,50,0.005073735,0.001358788,0.003714947
514,768,51,0.00464144,0.000925493,0.003715947
514,768,52,0.004819507,0.00105786,0.003761647
514,768,53,0.004530775,0.000874549,0.003656226
514,768,54,0.004819527,0.001130611,0.003688916
514,768,55,0.004813193,0.001145405,0.003667788
514,768,56,0.004766953,0.0010806,0.003686353
514,768,57,0.004709368,0.00112092,0.003588448
514,768,58,0.004797234,0.001239699,0.003557535
514,768,59,0.004676375,0.001096137,0.003580238
514,768,60,0.004744682,0.001155013,0.003589669
514,768,61,0.004467632,0.000860568,0.003607064
514,768,62,0.004729744,0.001122673,0.003607071
514,768,63,0.004705465,0.001126706,0.003578759
514,768,64,0.004614082,0.001140497,0.003473585
514,768,65,0.004784973,0.001224877,0.003560096
514,768,66,0.00474778,0.001265179,0.003482601
514,768,67,0.00493177,0.001264175,0.003667595
514,768,68,0.004896636,0.001196266,0.00370037
514,768,69,0.004426281,0.000914827,0.003511454
514,768,70,0.004598339,0.000976534,0.003621805
514,768,71,0.004724993,0.001105318,0.003619675
514,768,72,0.004596686,0.001031201,0.003565485
514,768,73,0.004352596,0.000823555,0.003529041
514,768,74,0.004431384,0.000983213,0.003448171
514,768,75,0.004499178,0.000978936,0.003520242
514,768,76,0.004609781,0.001021995,0.003587786
514,768,77,0.004316926,0.000766105,0.003550821
514,768,78,0.006650172,0.00324382,0.003406352
514,768,79,0.004592183,0.00117623,0.003415953
514,768,80,0.004729498,0.00132416,0.003405338
514,768,81,0.00524796,0.001656436,0.003591524
514,768,82,0.004336897,0.000800914,0.003535983
514,768,83,0.004537145,0.000862191,0.003674954
514,768,84,0.004389033,0.000762798,0.003626235
514,768,85,0.004323518,0.000858001,0.003465517
514,768,86,0.005354462,0.001778928,0.003575534
514,768,87,0.005840976,0.002433811,0.003407165
514,768,88,0.00504001,0.001484811,0.003555199
514,768,89,0.004214796,0.000700352,0.003514444
514,768,90,0.004779193,0.001249433,0.00352976
514,768,91,0.004663307,0.001137364,0.003525943
514,768,92,0.004519632,0.000837489,0.003682143
514,768,93,0.004268466,0.000802802,0.003465664
514,768,94,0.006742456,0.003486967,0.003255489
514,768,95,0.005062792,0.001660662,0.00340213
514,768,96,0.004387466,0.000790269,0.003597197
514,768,97,0.005427619,0.001961995,0.003465624
514,768,98,0.008237055,0.004896898,0.003340157
514,768,99,0.004558098,0.00119941,0.003358688
514,768,100,0.004238097,0.001015583,0.003222514
514,768,101,0.004285542,0.000958819,0.003326723
514,768,102,0.004940572,0.001570756,0.003369816
514,768,103,0.004802587,0.00127249,0.003530097
514,768,104,0.006375984,0.003212766,0.003163218
514,768,105,0.007677876,0.004523038,0.003154838
514,768,106,0.010839978,0.007567342,0.003272636
514,768,107,0.006419528,0.003046991,0.003372537
514,768,108,0.005183741,0.00163803,0.003545711
514,768,109,0.003805062,0.000376541,0.003428521
514,768,110,0.007188401,0.004106641,0.00308176
515,768,1,0.757697153,0.633614653,0.1240825
515,768,2,0.005783752,0.002725235,0.003058517
515,768,3,0.060240251,0.057228488,0.003011763
515,768,4,0.063571497,0.060547307,0.00302419
515,768,5,0.003907177,0.000768712,0.003138465
515,768,6,0.003798289,0.000614169,0.00318412
515,768,7,0.003919216,0.000719014,0.003200202
515,768,8,0.004067711,0.000758766,0.003308945
515,768,9,0.00401641,0.000655973,0.003360437
515,768,10,0.004015681,0.000702197,0.003313484
515,768,11,0.004173291,0.000916773,0.003256518
515,768,12,0.003963658,0.000726692,0.003236966
515,768,13,0.003927425,0.000688157,0.003239268
515,768,14,0.003812762,0.000561295,0.003251467
515,768,15,0.015622093,0.01259506,0.003027033
515,768,16,0.004915384,0.001858922,0.003056462
515,768,17,0.004541733,0.001262774,0.003278959
515,768,18,0.004356182,0.000919919,0.003436263
515,768,19,0.004362038,0.000551506,0.003810532
515,768,20,0.004811163,0.000864298,0.003946865
515,768,21,0.004650209,0.000661213,0.003988996
515,768,22,0.004774176,0.000814006,0.00396017
515,768,23,0.004770813,0.000710912,0.004059901
515,768,24,0.004713048,0.000677273,0.004035775
515,768,25,0.004401615,0.000503539,0.003898076
515,768,26,0.00429899,0.000568835,0.003730155
515,768,27,0.004271059,0.000559917,0.003711142
515,768,28,0.004403053,0.000740684,0.003662369
515,768,29,0.004234533,0.000561593,0.00367294
515,768,30,0.004267942,0.000614309,0.003653633
515,768,31,0.004329289,0.000811109,0.00351818
515,768,32,0.004753029,0.001191287,0.003561742
515,768,33,0.004648771,0.001044192,0.003604579
515,768,34,0.004349633,0.00085968,0.003489953
515,768,35,0.00470927,0.001117431,0.003591839
515,768,36,0.006723721,0.003418129,0.003305592
515,768,37,0.005663825,0.002253013,0.003410812
515,768,38,0.005988429,0.002691073,0.003297356
515,768,39,0.005337803,0.001998675,0.003339128
515,768,40,0.006174572,0.002777649,0.003396923
515,768,41,0.006586585,0.003044214,0.003542371
515,768,42,0.005242113,0.001828215,0.003413898
515,768,43,0.005232797,0.001844062,0.003388735
515,768,44,0.005055482,0.001514525,0.003540957
515,768,45,0.00500663,0.001577048,0.003429582
515,768,46,0.005298725,0.001759149,0.003539576
515,768,47,0.004951206,0.001435592,0.003515614
515,768,48,0.005060729,0.001445947,0.003614782
515,768,49,0.00509255,0.001544182,0.003548368
515,768,50,0.004761222,0.001083145,0.003678077
515,768,51,0.004773781,0.001026519,0.003747262
515,768,52,0.004468582,0.00082749,0.003641092
515,768,53,0.004850636,0.001195749,0.003654887
515,768,54,0.004840329,0.001132495,0.003707834
515,768,55,0.004804747,0.001143055,0.003661692
515,768,56,0.004575055,0.000974261,0.003600794
515,768,57,0.00473898,0.001163484,0.003575496
515,768,58,0.004634696,0.00105512,0.003579576
515,768,59,0.00472864,0.001089733,0.003638907
515,768,60,0.004556733,0.001016561,0.003540172
515,768,61,0.004868205,0.001194715,0.00367349
515,768,62,0.004645427,0.001053675,0.003591752
515,768,63,0.004629535,0.001111502,0.003518033
515,768,64,0.004802381,0.001303957,0.003498424
515,768,65,0.004969501,0.001392158,0.003577343
515,768,66,0.004767625,0.001187818,0.003579807
515,768,67,0.004904688,0.001247432,0.003657256
515,768,68,0.004606166,0.000970855,0.003635311
515,768,69,0.004499733,0.000864033,0.0036357
515,768,70,0.00473592,0.001068702,0.003667218
515,768,71,0.004690956,0.001096968,0.003593988
515,768,72,0.004421793,0.000805654,0.003616139
515,768,73,0.00450334,0.000952418,0.003550922
515,768,74,0.004447447,0.000951266,0.003496181
515,768,75,0.004494285,0.001010423,0.003483862
515,768,76,0.004441596,0.000831924,0.003609672
515,768,77,0.004675232,0.001065931,0.003609301
515,768,78,0.004512367,0.001017204,0.003495163
515,768,79,0.005112609,0.001693063,0.003419546
515,768,80,0.004802325,0.001548948,0.003253377
515,768,81,0.004980925,0.001513407,0.003467518
515,768,82,0.005205191,0.001759301,0.00344589
515,768,83,0.004721966,0.001037164,0.003684802
515,768,84,0.004302149,0.000737079,0.00356507
515,768,85,0.004714525,0.001192913,0.003521612
515,768,86,0.004500459,0.001010822,0.003489637
515,768,87,0.00433936,0.00093475,0.00340461
515,768,88,0.006372846,0.003023998,0.003348848
515,768,89,0.004981081,0.001534121,0.00344696
515,768,90,0.004732413,0.001280413,0.003452
515,768,91,0.004809083,0.001270941,0.003538142
515,768,92,0.004355932,0.000808435,0.003547497
515,768,93,0.00678463,0.003497256,0.003287374
515,768,94,0.004844552,0.001509161,0.003335391
515,768,95,0.00446898,0.001058442,0.003410538
515,768,96,0.005639496,0.002227883,0.003411613
515,768,97,0.008292197,0.004808626,0.003483571
515,768,98,0.004575344,0.001172273,0.003403071
515,768,99,0.00398204,0.000648565,0.003333475
515,768,100,0.004390667,0.001110024,0.003280643
515,768,101,0.004815512,0.001507308,0.003308204
515,768,102,0.004969663,0.001612423,0.00335724
515,768,103,0.00679578,0.003503927,0.003291853
515,768,104,0.007044056,0.003861589,0.003182467
515,768,105,0.011119957,0.007893622,0.003226335
515,768,106,0.004753641,0.001412966,0.003340675
515,768,107,0.004553259,0.001072543,0.003480716
515,768,108,0.005420921,0.001819111,0.00360181
515,768,109,0.007730667,0.00458685,0.003143817
515,768,110,0.005113493,0.002069343,0.00304415
516,768,1,0.754337138,0.630743524,0.123593614
516,768,2,0.012528243,0.009481873,0.00304637
516,768,3,0.080290274,0.077276468,0.003013806
516,768,4,0.003886565,0.000762899,0.003123666
516,768,5,0.039431557,0.036391617,0.00303994
516,768,6,0.004047579,0.000982813,0.003064766
516,768,7,0.004086356,0.000920344,0.003166012
516,768,8,0.004091794,0.000840306,0.003251488
516,768,9,0.004069607,0.000723475,0.003346132
516,768,10,0.004126549,0.000803405,0.003323144
516,768,11,0.004111858,0.000853063,0.003258795
516,768,12,0.004014941,0.000793294,0.003221647
516,768,13,0.003942177,0.00069942,0.003242757
516,768,14,0.015793693,0.012754027,0.003039666
516,768,15,0.005029429,0.001733189,0.00329624
516,768,16,0.004061118,0.001001719,0.003059399
516,768,17,0.004362006,0.001180544,0.003181462
516,768,18,0.004339304,0.000924703,0.003414601
516,768,19,0.004895399,0.00118899,0.003706409
516,768,20,0.004551406,0.000658008,0.003893398
516,768,21,0.004804432,0.000869818,0.003934614
516,768,22,0.004668671,0.000768965,0.003899706
516,768,23,0.004752154,0.000809183,0.003942971
516,768,24,0.004500498,0.00060879,0.003891708
516,768,25,0.00454619,0.000697819,0.003848371
516,768,26,0.004257066,0.000588894,0.003668172
516,768,27,0.004478076,0.000807624,0.003670452
516,768,28,0.004220437,0.000586143,0.003634294
516,768,29,0.004230072,0.000656067,0.003574005
516,768,30,0.004227113,0.00066007,0.003567043
516,768,31,0.004568385,0.001040014,0.003528371
516,768,32,0.004608723,0.001085423,0.0035233
516,768,33,0.004513899,0.001030421,0.003483478
516,768,34,0.004600131,0.001119506,0.003480625
516,768,35,0.007054005,0.003656724,0.003397281
516,768,36,0.005614524,0.002315744,0.00329878
516,768,37,0.005940093,0.002635717,0.003304376
516,768,38,0.00543457,0.002141723,0.003292847
516,768,39,0.006284615,0.002903898,0.003380717
516,768,40,0.006279957,0.002904123,0.003375834
516,768,41,0.005347388,0.001996203,0.003351185
516,768,42,0.005389509,0.00194119,0.003448319
516,768,43,0.004906731,0.001317087,0.003589644
516,768,44,0.005220135,0.001671086,0.003549049
516,768,45,0.004979825,0.001487567,0.003492258
516,768,46,0.0050074,0.0015171,0.0034903
516,768,47,0.005035432,0.001478725,0.003556707
516,768,48,0.004946303,0.001384174,0.003562129
516,768,49,0.004773918,0.001123538,0.00365038
516,768,50,0.004596292,0.000971127,0.003625165
516,768,51,0.004697857,0.001056834,0.003641023
516,768,52,0.004785205,0.001137648,0.003647557
516,768,53,0.004690827,0.001054948,0.003635879
516,768,54,0.004950702,0.001303536,0.003647166
516,768,55,0.004601058,0.001028098,0.00357296
516,768,56,0.004606092,0.001048531,0.003557561
516,768,57,0.00470684,0.001154518,0.003552322
516,768,58,0.004483993,0.00096484,0.003519153
516,768,59,0.004812409,0.001250681,0.003561728
516,768,60,0.004706399,0.001145952,0.003560447
516,768,61,0.00462297,0.001035081,0.003587889
516,768,62,0.004800853,0.001202977,0.003597876
516,768,63,0.004661429,0.001161902,0.003499527
516,768,64,0.005010762,0.001551179,0.003459583
516,768,65,0.00494694,0.001445312,0.003501628
516,768,66,0.004891482,0.001385459,0.003506023
516,768,67,0.004725907,0.001125465,0.003600442
516,768,68,0.004403556,0.000768509,0.003635047
516,768,69,0.004889245,0.001243776,0.003645469
516,768,70,0.004816526,0.001159878,0.003656648
516,768,71,0.004435049,0.000820471,0.003614578
516,768,72,0.004425977,0.000889467,0.00353651
516,768,73,0.004655631,0.001167612,0.003488019
516,768,74,0.004415998,0.000855387,0.003560611
516,768,75,0.004287271,0.000795479,0.003491792
516,768,76,0.004566641,0.001019733,0.003546908
516,768,77,0.004386826,0.000851249,0.003535577
516,768,78,0.004704511,0.001157412,0.003547099
516,768,79,0.004684404,0.001283268,0.003401136
516,768,80,0.005284737,0.001884009,0.003400728
516,768,81,0.004996775,0.001477042,0.003519733
516,768,82,0.005071363,0.001575469,0.003495894
516,768,83,0.004690249,0.001010291,0.003679958
516,768,84,0.004303855,0.000715293,0.003588562
516,768,85,0.004891974,0.001273399,0.003618575
516,768,86,0.004314664,0.000808071,0.003506593
516,768,87,0.006292548,0.00287085,0.003421698
516,768,88,0.005252,0.00169072,0.00356128
516,768,89,0.004419734,0.00077771,0.003642024
516,768,90,0.004280755,0.000826795,0.00345396
516,768,91,0.004939991,0.001333965,0.003606026
516,768,92,0.006710999,0.003373137,0.003337862
516,768,93,0.005009552,0.00165711,0.003352442
516,768,94,0.004336494,0.001005588,0.003330906
516,768,95,0.004363208,0.000943955,0.003419253
516,768,96,0.008963477,0.005519312,0.003444165
516,768,97,0.005025112,0.001610958,0.003414154
516,768,98,0.004181843,0.000823065,0.003358778
516,768,99,0.004205898,0.000919203,0.003286695
516,768,100,0.004997031,0.001741355,0.003255676
516,768,101,0.004526609,0.001280644,0.003245965
516,768,102,0.007554174,0.004142181,0.003411993
516,768,103,0.007080803,0.003919719,0.003161084
516,768,104,0.010898768,0.007699439,0.003199329
516,768,105,0.00438659,0.001187686,0.003198904
516,768,106,0.004611292,0.001272764,0.003338528
516,768,107,0.004499542,0.001056773,0.003442769
516,768,108,0.009234162,0.005887697,0.003346465
516,768,109,0.004713135,0.001594975,0.00311816
516,768,110,0.00425215,0.001151464,0.003100686
517,768,1,0.757874652,0.633598426,0.124276226
517,768,2,0.003616871,0.000481772,0.003135099
517,768,3,0.081311585,0.078292067,0.003019518
517,768,4,0.003679247,0.000578367,0.00310088
517,768,5,0.003548609,0.000397061,0.003151548
517,768,6,0.039104943,0.036027033,0.00307791
517,768,7,0.004273456,0.001182926,0.00309053
517,768,8,0.004102488,0.000825311,0.003277177
517,768,9,0.00408485,0.0007513,0.00333355
517,768,10,0.004063116,0.000781339,0.003281777
517,768,11,0.004086909,0.000856265,0.003230644
517,768,12,0.004007377,0.000823156,0.003184221
517,768,13,0.016488002,0.013444161,0.003043841
517,768,14,0.004711376,0.001675402,0.003035974
517,768,15,0.004224853,0.001086795,0.003138058
517,768,16,0.004159584,0.001094998,0.003064586
517,768,17,0.004420934,0.001168523,0.003252411
517,768,18,0.00488182,0.001491386,0.003390434
517,768,19,0.004488821,0.000750245,0.003738576
517,768,20,0.004832305,0.001115982,0.003716323
517,768,21,0.004633733,0.000809559,0.003824174
517,768,22,0.004695763,0.000954402,0.003741361
517,768,23,0.004487167,0.000695821,0.003791346
517,768,24,0.004651444,0.000858314,0.00379313
517,768,25,0.004309184,0.000673693,0.003635491
517,768,26,0.004618612,0.000991778,0.003626834
517,768,27,0.004215112,0.000656829,0.003558283
517,768,28,0.004335372,0.000784338,0.003551034
517,768,29,0.004137503,0.000630616,0.003506887
517,768,30,0.004215025,0.000716358,0.003498667
517,768,31,0.004300279,0.000866978,0.003433301
517,768,32,0.004556817,0.001079614,0.003477203
517,768,33,0.00443798,0.000975507,0.003462473
517,768,34,0.008051593,0.004490099,0.003561494
517,768,35,0.005374474,0.002059133,0.003315341
517,768,36,0.0061006,0.002856234,0.003244366
517,768,37,0.005294718,0.001978372,0.003316346
517,768,38,0.006265075,0.002969552,0.003295523
517,768,39,0.006292611,0.002990186,0.003302425
517,768,40,0.005389112,0.002017395,0.003371717
517,768,41,0.005339637,0.001830937,0.0035087
517,768,42,0.004830321,0.001212181,0.00361814
517,768,43,0.005180209,0.001684616,0.003495593
517,768,44,0.005178221,0.001677209,0.003501012
517,768,45,0.004651094,0.001133819,0.003517275
517,768,46,0.004925324,0.001444286,0.003481038
517,768,47,0.005014457,0.001458128,0.003556329
517,768,48,0.004725233,0.001115975,0.003609258
517,768,49,0.004718288,0.001115826,0.003602462
517,768,50,0.004616929,0.001005292,0.003611637
517,768,51,0.004724758,0.001119391,0.003605367
517,768,52,0.004794657,0.00114747,0.003647187
517,768,53,0.004641066,0.001060526,0.00358054
517,768,54,0.004652201,0.001088894,0.003563307
517,768,55,0.004713016,0.0010137,0.003699316
517,768,56,0.004378194,0.00086475,0.003513444
517,768,57,0.004843288,0.001305419,0.003537869
517,768,58,0.004837422,0.001304683,0.003532739
517,768,59,0.004688136,0.00113591,0.003552226
517,768,60,0.004837623,0.001313255,0.003524368
517,768,61,0.004735816,0.001175082,0.003560734
517,768,62,0.004845235,0.001248281,0.003596954
517,768,63,0.004989089,0.00151622,0.003472869
517,768,64,0.004983619,0.001402248,0.003581371
517,768,65,0.004878217,0.00126141,0.003616807
517,768,66,0.004683481,0.001030288,0.003653193
517,768,67,0.004351916,0.000698915,0.003653001
517,768,68,0.004898454,0.001243871,0.003654583
517,768,69,0.004807871,0.001146626,0.003661245
517,768,70,0.00453233,0.000972603,0.003559727
517,768,71,0.004554533,0.00094786,0.003606673
517,768,72,0.004700464,0.001115218,0.003585246
517,768,73,0.004306444,0.000844534,0.00346191
517,768,74,0.004381831,0.000919667,0.003462164
517,768,75,0.004541227,0.000992701,0.003548526
517,768,76,0.004282315,0.000814546,0.003467769
517,768,77,0.004687225,0.001147542,0.003539683
517,768,78,0.004502815,0.000987004,0.003515811
517,768,79,0.004837755,0.00142995,0.003407805
517,768,80,0.005081312,0.001752414,0.003328898
517,768,81,0.004643559,0.001219568,0.003423991
517,768,82,0.005208994,0.001779186,0.003429808
517,768,83,0.00460518,0.000978817,0.003626363
517,768,84,0.004452187,0.000912201,0.003539986
517,768,85,0.004636204,0.00123642,0.003399784
517,768,86,0.006129996,0.002810796,0.0033192
517,768,87,0.004894309,0.001460098,0.003434211
517,768,88,0.004808264,0.001275094,0.00353317
517,768,89,0.004336744,0.000767771,0.003568973
517,768,90,0.004862905,0.001353214,0.003509691
517,768,91,0.007014479,0.003613568,0.003400911
517,768,92,0.004879808,0.001436334,0.003443474
517,768,93,0.004431769,0.001099313,0.003332456
517,768,94,0.004409197,0.001013932,0.003395265
517,768,95,0.007283218,0.003764498,0.00351872
517,768,96,0.004713673,0.001096873,0.0036168
517,768,97,0.00492763,0.001364154,0.003563476
517,768,98,0.004931738,0.001531447,0.003400291
517,768,99,0.005199659,0.001950736,0.003248923
517,768,100,0.005029834,0.001836793,0.003193041
517,768,101,0.00716936,0.003812761,0.003356599
517,768,102,0.007604532,0.004320526,0.003284006
517,768,103,0.010490141,0.007381814,0.003108327
517,768,104,0.004653357,0.001485002,0.003168355
517,768,105,0.004266382,0.001029975,0.003236407
517,768,106,0.004431762,0.001108138,0.003323624
517,768,107,0.004450106,0.001084617,0.003365489
517,768,108,0.004554293,0.001005372,0.003548921
517,768,109,0.007864205,0.004730869,0.003133336
517,768,110,0.005091425,0.002072215,0.00301921
518,768,1,0.753704323,0.630159377,0.123544946
518,768,2,0.064056967,0.061016638,0.003040329
518,768,3,0.01122628,0.008208479,0.003017801
518,768,4,0.021761974,0.018743188,0.003018786
518,768,5,0.004836091,0.001817407,0.003018684
518,768,6,0.003879306,0.000792629,0.003086677
518,768,7,0.037926144,0.034853272,0.003072872
518,768,8,0.00444316,0.001297826,0.003145334
518,768,9,0.004204558,0.000871403,0.003333155
518,768,10,0.003967891,0.000647242,0.003320649
518,768,11,0.004096368,0.000875711,0.003220657
518,768,12,0.017362555,0.014315735,0.00304682
518,768,13,0.004660496,0.001540331,0.003120165
518,768,14,0.004005894,0.000880818,0.003125076
518,768,15,0.004106076,0.000979087,0.003126989
518,768,16,0.004442983,0.001246159,0.003196824
518,768,17,0.004791183,0.001542412,0.003248771
518,768,18,0.004511358,0.001044788,0.00346657
518,768,19,0.004882892,0.001173158,0.003709734
518,768,20,0.004529152,0.000715038,0.003814114
518,768,21,0.004750935,0.000908031,0.003842904
518,768,22,0.004499277,0.000677365,0.003821912
518,768,23,0.004611916,0.000755134,0.003856782
518,768,24,0.004489517,0.000688682,0.003800835
518,768,25,0.004616251,0.000955971,0.00366028
518,768,26,0.00424911,0.000650213,0.003598897
518,768,27,0.00436909,0.000785882,0.003583208
518,768,28,0.004174191,0.000589867,0.003584324
518,768,29,0.004193455,0.000674633,0.003518822
518,768,30,0.004267927,0.000799775,0.003468152
518,768,31,0.004249328,0.000834096,0.003415232
518,768,32,0.004434568,0.001028461,0.003406107
518,768,33,0.008218823,0.004847782,0.003371041
518,768,34,0.005532079,0.002141748,0.003390331
518,768,35,0.006088837,0.002731916,0.003356921
518,768,36,0.005455143,0.002079463,0.00337568
518,768,37,0.006104226,0.002778236,0.00332599
518,768,38,0.006283397,0.002881367,0.00340203
518,768,39,0.005381567,0.001954583,0.003426984
518,768,40,0.005208028,0.001785527,0.003422501
518,768,41,0.004832069,0.001450998,0.003381071
518,768,42,0.005322905,0.001874754,0.003448151
518,768,43,0.004941468,0.001394296,0.003547172
518,768,44,0.004636871,0.001118586,0.003518285
518,768,45,0.005050007,0.001509983,0.003540024
518,768,46,0.004747804,0.001211249,0.003536555
518,768,47,0.004935825,0.001182315,0.00375351
518,768,48,0.004649875,0.001055495,0.00359438
518,768,49,0.004710502,0.000962782,0.00374772
518,768,50,0.004525703,0.000825644,0.003700059
518,768,51,0.004701337,0.000969882,0.003731455
518,768,52,0.00464189,0.000983536,0.003658354
518,768,53,0.004760205,0.001043702,0.003716503
518,768,54,0.004536415,0.000894334,0.003642081
518,768,55,0.004745157,0.0011307,0.003614457
518,768,56,0.004766777,0.001200013,0.003566764
518,768,57,0.00484313,0.001254802,0.003588328
518,768,58,0.004727006,0.001134483,0.003592523
518,768,59,0.004916888,0.001295435,0.003621453
518,768,60,0.004651289,0.001092158,0.003559131
518,768,61,0.004774021,0.001236464,0.003537557
518,768,62,0.005072917,0.001586777,0.00348614
518,768,63,0.004917499,0.001437644,0.003479855
518,768,64,0.004815351,0.001347177,0.003468174
518,768,65,0.004770739,0.001229271,0.003541468
518,768,66,0.004522347,0.001003622,0.003518725
518,768,67,0.004814241,0.001247252,0.003566989
518,768,68,0.004653239,0.001167733,0.003485506
518,768,69,0.00481615,0.001251569,0.003564581
518,768,70,0.004576449,0.001055051,0.003521398
518,768,71,0.004671843,0.001083009,0.003588834
518,768,72,0.004482579,0.001031545,0.003451034
518,768,73,0.004387677,0.000952195,0.003435482
518,768,74,0.00449064,0.001060702,0.003429938
518,768,75,0.004379165,0.000781521,0.003597644
518,768,76,0.004511563,0.001046819,0.003464744
518,768,77,0.004423232,0.000939028,0.003484204
518,768,78,0.004617967,0.001215687,0.00340228
518,768,79,0.004682907,0.001188925,0.003493982
518,768,80,0.004946567,0.001584822,0.003361745
518,768,81,0.004839976,0.001337036,0.00350294
518,768,82,0.00506715,0.001564896,0.003502254
518,768,83,0.004451407,0.000814144,0.003637263
518,768,84,0.004470702,0.000978696,0.003492006
518,768,85,0.006408336,0.003025424,0.003382912
518,768,86,0.004760926,0.001331158,0.003429768
518,768,87,0.00440224,0.00099074,0.0034115
518,768,88,0.004762438,0.001229002,0.003533436
518,768,89,0.00483994,0.001191399,0.003648541
518,768,90,0.007106143,0.003737425,0.003368718
518,768,91,0.004913893,0.001329454,0.003584439
518,768,92,0.004288466,0.000846865,0.003441601
518,768,93,0.004499997,0.000998082,0.003501915
518,768,94,0.007148675,0.003796489,0.003352186
518,768,95,0.004891787,0.001441298,0.003450489
518,768,96,0.004557555,0.00104485,0.003512705
518,768,97,0.004053455,0.000599218,0.003454237
518,768,98,0.006590449,0.003324117,0.003266332
518,768,99,0.004628152,0.001391793,0.003236359
518,768,100,0.007028108,0.003830569,0.003197539
518,768,101,0.008284561,0.004842988,0.003441573
518,768,102,0.005136458,0.001814544,0.003321914
518,768,103,0.003990308,0.000730153,0.003260155
518,768,104,0.008920615,0.005735532,0.003185083
518,768,105,0.004616887,0.001336862,0.003280025
518,768,106,0.004397969,0.001087836,0.003310133
518,768,107,0.004545529,0.001085889,0.00345964
518,768,108,0.004628506,0.001092847,0.003535659
518,768,109,0.00389754,0.0005251,0.00337244
518,768,110,0.008148192,0.005114828,0.003033364
519,768,1,0.753697188,0.630125238,0.12357195
519,768,2,0.014746795,0.011699432,0.003047363
519,768,3,0.072107776,0.069074954,0.003032822
519,768,4,0.011818343,0.008789627,0.003028716
519,768,5,0.003891425,0.00079903,0.003092395
519,768,6,0.018817361,0.015779792,0.003037569
519,768,7,0.004064225,0.001042552,0.003021673
519,768,8,0.021800169,0.018669453,0.003130716
519,768,9,0.004558556,0.001295278,0.003263278
519,768,10,0.004144627,0.000852652,0.003291975
519,768,11,0.018243,0.015122339,0.003120661
519,768,12,0.004577002,0.001526387,0.003050615
519,768,13,0.004038573,0.000923146,0.003115427
519,768,14,0.00408547,0.00091509,0.00317038
519,768,15,0.004256933,0.001106,0.003150933
519,768,16,0.004713309,0.001641718,0.003071591
519,768,17,0.004593744,0.001253977,0.003339767
519,768,18,0.004797026,0.001230204,0.003566822
519,768,19,0.004443949,0.000720759,0.00372319
519,768,20,0.004666829,0.000891664,0.003775165
519,768,21,0.004521365,0.000730448,0.003790917
519,768,22,0.004623352,0.000745801,0.003877551
519,768,23,0.004522798,0.000713999,0.003808799
519,768,24,0.004737945,0.00091763,0.003820315
519,768,25,0.004328064,0.000711422,0.003616642
519,768,26,0.004414033,0.000711079,0.003702954
519,768,27,0.004151873,0.0006068,0.003545073
519,768,28,0.004238069,0.000693101,0.003544968
519,768,29,0.00430529,0.000780003,0.003525287
519,768,30,0.004146338,0.000637068,0.00350927
519,768,31,0.004186625,0.000848591,0.003338034
519,768,32,0.008439324,0.005071508,0.003367816
519,768,33,0.005423493,0.002132889,0.003290604
519,768,34,0.006200542,0.002781841,0.003418701
519,768,35,0.00549985,0.002214759,0.003285091
519,768,36,0.006015651,0.002728295,0.003287356
519,768,37,0.006384535,0.003017309,0.003367226
519,768,38,0.005349807,0.002034202,0.003315605
519,768,39,0.005155199,0.001821666,0.003333533
519,768,40,0.004966193,0.001569658,0.003396535
519,768,41,0.005032418,0.001643355,0.003389063
519,768,42,0.004793329,0.001390597,0.003402732
519,768,43,0.004813905,0.001384159,0.003429746
519,768,44,0.004748967,0.001236882,0.003512085
519,768,45,0.004839455,0.001323134,0.003516321
519,768,46,0.004933444,0.001359258,0.003574186
519,768,47,0.004599747,0.000934261,0.003665486
519,768,48,0.004693003,0.001088594,0.003604409
519,768,49,0.004778169,0.001030459,0.00374771
519,768,50,0.004598466,0.00091416,0.003684306
519,768,51,0.004749726,0.001042095,0.003707631
519,768,52,0.004688687,0.001018122,0.003670565
519,768,53,0.004554742,0.000939207,0.003615535
519,768,54,0.004831127,0.001152868,0.003678259
519,768,55,0.004734682,0.001092745,0.003641937
519,768,56,0.004783812,0.001229522,0.00355429
519,768,57,0.004759889,0.001195374,0.003564515
519,768,58,0.004874501,0.001312531,0.00356197
519,768,59,0.004748539,0.001206296,0.003542243
519,768,60,0.004853329,0.0013432,0.003510129
519,768,61,0.004990623,0.00150715,0.003483473
519,768,62,0.004808293,0.001400903,0.00340739
519,768,63,0.004924296,0.001458094,0.003466202
519,768,64,0.004721638,0.001213912,0.003507726
519,768,65,0.004736955,0.001236087,0.003500868
519,768,66,0.004655448,0.001126902,0.003528546
519,768,67,0.004792136,0.001180686,0.00361145
519,768,68,0.004594223,0.001099065,0.003495158
519,768,69,0.004831756,0.0012268,0.003604956
519,768,70,0.004552471,0.000957915,0.003594556
519,768,71,0.004684868,0.001068144,0.003616724
519,768,72,0.004365004,0.000865864,0.00349914
519,768,73,0.004524455,0.001045975,0.00347848
519,768,74,0.00429521,0.000896443,0.003398767
519,768,75,0.004631905,0.001088102,0.003543803
519,768,76,0.004433216,0.000940125,0.003493091
519,768,77,0.004670963,0.001160026,0.003510937
519,768,78,0.004264979,0.000849873,0.003415106
519,768,79,0.004760382,0.001285464,0.003474918
519,768,80,0.004642808,0.001291979,0.003350829
519,768,81,0.004819093,0.001443211,0.003375882
519,768,82,0.005048118,0.001653932,0.003394186
519,768,83,0.004369928,0.000823733,0.003546195
519,768,84,0.006310268,0.00299368,0.003316588
519,768,85,0.004912278,0.001379098,0.00353318
519,768,86,0.004352032,0.000959585,0.003392447
519,768,87,0.004223033,0.000818852,0.003404181
519,768,88,0.005080204,0.001625664,0.00345454
519,768,89,0.007235917,0.003869453,0.003366464
519,768,90,0.005007084,0.001623504,0.00338358
519,768,91,0.004383381,0.000891968,0.003491413
519,768,92,0.004324206,0.000839914,0.003484292
519,768,93,0.007200315,0.004000944,0.003199371
519,768,94,0.005158507,0.001820565,0.003337942
519,768,95,0.004539149,0.001082332,0.003456817
519,768,96,0.004178742,0.000666607,0.003512135
519,768,97,0.006631875,0.003324782,0.003307093
519,768,98,0.004497521,0.0011906,0.003306921
519,768,99,0.007186932,0.004006918,0.003180014
519,768,100,0.007888004,0.0045998,0.003288204
519,768,101,0.004456313,0.000982941,0.003473372
519,768,102,0.004076396,0.000637671,0.003438725
519,768,103,0.004519903,0.001262967,0.003256936
519,768,104,0.004310419,0.001101393,0.003209026
519,768,105,0.00851749,0.005308028,0.003209462
519,768,106,0.004838727,0.001585249,0.003253478
519,768,107,0.004675861,0.001223062,0.003452799
519,768,108,0.004598998,0.001026843,0.003572155
519,768,109,0.003914472,0.000547747,0.003366725
519,768,110,0.004123036,0.000918679,0.003204357
520,768,1,0.755245497,0.631275782,0.123969715
520,768,2,0.033712039,0.030685342,0.003026697
520,768,3,0.053625101,0.050604909,0.003020192
520,768,4,0.003816517,0.000703358,0.003113159
520,768,5,0.018874262,0.015854767,0.003019495
520,768,6,0.004036337,0.00090049,0.003135847
520,768,7,0.003527708,0.000421987,0.003105721
520,768,8,0.003596118,0.000480348,0.00311577
520,768,9,0.021277738,0.018066494,0.003211244
520,768,10,0.020018901,0.016885452,0.003133449
520,768,11,0.004373622,0.001279374,0.003094248
520,768,12,0.004138756,0.000998045,0.003140711
520,768,13,0.004044105,0.000907846,0.003136259
520,768,14,0.004097686,0.000979417,0.003118269
520,768,15,0.004629176,0.001600756,0.00302842
520,768,16,0.004442337,0.001275358,0.003166979
520,768,17,0.004963475,0.001569853,0.003393622
520,768,18,0.004450726,0.000825133,0.003625593
520,768,19,0.004655024,0.000843248,0.003811776
520,768,20,0.004501188,0.000640448,0.00386074
520,768,21,0.00449689,0.000659864,0.003837026
520,768,22,0.004583527,0.00068231,0.003901217
520,768,23,0.004768301,0.000819823,0.003948478
520,768,24,0.004477212,0.000688961,0.003788251
520,768,25,0.004412224,0.000682153,0.003730071
520,768,26,0.00426423,0.000627669,0.003636561
520,768,27,0.004275988,0.000626506,0.003649482
520,768,28,0.004252112,0.000614175,0.003637937
520,768,29,0.004172362,0.000649898,0.003522464
520,768,30,0.004037444,0.00061567,0.003421774
520,768,31,0.008673242,0.005356158,0.003317084
520,768,32,0.005593264,0.002227796,0.003365468
520,768,33,0.005984111,0.002500408,0.003483703
520,768,34,0.005509679,0.002202794,0.003306885
520,768,35,0.006100244,0.002804513,0.003295731
520,768,36,0.006245816,0.002906206,0.00333961
520,768,37,0.005517275,0.002219389,0.003297886
520,768,38,0.005172131,0.001881494,0.003290637
520,768,39,0.004788266,0.001425084,0.003363182
520,768,40,0.004939095,0.001551828,0.003387267
520,768,41,0.004918162,0.001398139,0.003520023
520,768,42,0.004662312,0.001206844,0.003455468
520,768,43,0.004706238,0.00123937,0.003466868
520,768,44,0.004705124,0.001218094,0.00348703
520,768,45,0.004900982,0.001277157,0.003623825
520,768,46,0.004537312,0.000995142,0.00354217
520,768,47,0.004870839,0.001271758,0.003599081
520,768,48,0.004615743,0.001006367,0.003609376
520,768,49,0.004778475,0.001045981,0.003732494
520,768,50,0.004538921,0.000836342,0.003702579
520,768,51,0.004784565,0.001033912,0.003750653
520,768,52,0.004607709,0.000973162,0.003634547
520,768,53,0.004931162,0.001225413,0.003705749
520,768,54,0.00469959,0.001102087,0.003597503
520,768,55,0.004862018,0.001177918,0.0036841
520,768,56,0.00473039,0.001163024,0.003567366
520,768,57,0.004794427,0.001205372,0.003589055
520,768,58,0.004781129,0.001283281,0.003497848
520,768,59,0.00473047,0.001284676,0.003445794
520,768,60,0.005102757,0.001591716,0.003511041
520,768,61,0.004806528,0.001280794,0.003525734
520,768,62,0.004763614,0.001301877,0.003461737
520,768,63,0.004697058,0.001195508,0.00350155
520,768,64,0.004908759,0.001365577,0.003543182
520,768,65,0.004656706,0.001102684,0.003554022
520,768,66,0.004783336,0.001186298,0.003597038
520,768,67,0.004664237,0.001022152,0.003642085
520,768,68,0.004617711,0.001119435,0.003498276
520,768,69,0.004714733,0.001162217,0.003552516
520,768,70,0.004767838,0.001141277,0.003626561
520,768,71,0.004441984,0.000882396,0.003559588
520,768,72,0.00457626,0.001007952,0.003568308
520,768,73,0.004260481,0.000874291,0.00338619
520,768,74,0.00463642,0.001248705,0.003387715
520,768,75,0.004513032,0.001026148,0.003486884
520,768,76,0.00464361,0.001049719,0.003593891
520,768,77,0.004271288,0.000855967,0.003415321
520,768,78,0.004589504,0.001260697,0.003328807
520,768,79,0.00469345,0.001301128,0.003392322
520,768,80,0.004516329,0.001165514,0.003350815
520,768,81,0.004593267,0.00121335,0.003379917
520,768,82,0.004874218,0.001436248,0.00343797
520,768,83,0.006350422,0.002840695,0.003509727
520,768,84,0.004574351,0.00115362,0.003420731
520,768,85,0.004486923,0.001023269,0.003463654
520,768,86,0.004167321,0.000747713,0.003419608
520,768,87,0.004404866,0.001010648,0.003394218
520,768,88,0.007996781,0.004525628,0.003471153
520,768,89,0.005218912,0.001851837,0.003367075
520,768,90,0.004340929,0.000864951,0.003475978
520,768,91,0.003997241,0.000529681,0.00346756
520,768,92,0.007534257,0.004254117,0.00328014
520,768,93,0.005359486,0.002044691,0.003314795
520,768,94,0.004520314,0.001096822,0.003423492
520,768,95,0.00402681,0.000548649,0.003478161
520,768,96,0.00684344,0.003502106,0.003341334
520,768,97,0.004552444,0.001223516,0.003328928
520,768,98,0.006547887,0.00334986,0.003198027
520,768,99,0.00814222,0.004890344,0.003251876
520,768,100,0.004359665,0.000979499,0.003380166
520,768,101,0.004111991,0.000630827,0.003481164
520,768,102,0.003846665,0.000453682,0.003392983
520,768,103,0.005324679,0.002100955,0.003223724
520,768,104,0.004839627,0.00158183,0.003257797
520,768,105,0.004143971,0.000839374,0.003304597
520,768,106,0.006908652,0.003663474,0.003245178
520,768,107,0.004768284,0.001477058,0.003291226
520,768,108,0.004878116,0.001556358,0.003321758
520,768,109,0.004441203,0.001083869,0.003357334
520,768,110,0.003929353,0.000621426,0.003307927
521,768,1,0.755609412,0.631976882,0.12363253
521,768,2,0.010021743,0.006975851,0.003045892
521,768,3,0.062459338,0.059442217,0.003017121
521,768,4,0.040596004,0.03757122,0.003024784
521,768,5,0.003866827,0.000758586,0.003108241
521,768,6,0.003569482,0.000445378,0.003124104
521,768,7,0.003570263,0.000381636,0.003188627
521,768,8,0.003492432,0.000379837,0.003112595
521,768,9,0.037785435,0.034662505,0.00312293
521,768,10,0.004374993,0.001250203,0.00312479
521,768,11,0.004008447,0.000866573,0.003141874
521,768,12,0.003971394,0.000837815,0.003133579
521,768,13,0.004089177,0.000970411,0.003118766
521,768,14,0.004640407,0.001521818,0.003118589
521,768,15,0.004311775,0.001196108,0.003115667
521,768,16,0.00468003,0.001577329,0.003102701
521,768,17,0.004622672,0.001274995,0.003347677
521,768,18,0.004568611,0.000817624,0.003750987
521,768,19,0.004408238,0.000594783,0.003813455
521,768,20,0.004447831,0.000604895,0.003842936
521,768,21,0.004632364,0.00082818,0.003804184
521,768,22,0.004714339,0.000662886,0.004051453
521,768,23,0.004546539,0.000699509,0.00384703
521,768,24,0.00449689,0.00064348,0.00385341
521,768,25,0.004189811,0.000621531,0.00356828
521,768,26,0.004159807,0.000575202,0.003584605
521,768,27,0.004415957,0.000779976,0.003635981
521,768,28,0.004144232,0.000597444,0.003546788
521,768,29,0.004122974,0.000609342,0.003513632
521,768,30,0.009125287,0.00572979,0.003395497
521,768,31,0.005519517,0.002055795,0.003463722
521,768,32,0.005676766,0.002308622,0.003368144
521,768,33,0.005571685,0.002177469,0.003394216
521,768,34,0.005772382,0.002478619,0.003293763
521,768,35,0.006152112,0.002831924,0.003320188
521,768,36,0.005531372,0.002205404,0.003325968
521,768,37,0.00501517,0.001669213,0.003345957
521,768,38,0.005066528,0.0016577,0.003408828
521,768,39,0.00475699,0.001280393,0.003476597
521,768,40,0.00465954,0.001278969,0.003380571
521,768,41,0.004768199,0.001302475,0.003465724
521,768,42,0.004542122,0.001044862,0.00349726
521,768,43,0.004832357,0.001274032,0.003558325
521,768,44,0.004617206,0.001102717,0.003514489
521,768,45,0.004916519,0.001347848,0.003568671
521,768,46,0.004457149,0.000913857,0.003543292
521,768,47,0.004804349,0.001186286,0.003618063
521,768,48,0.004639607,0.001031389,0.003608218
521,768,49,0.004657548,0.000996251,0.003661297
521,768,50,0.00466452,0.000988526,0.003675994
521,768,51,0.005044375,0.001344278,0.003700097
521,768,52,0.004727529,0.001047692,0.003679837
521,768,53,0.004994755,0.001297585,0.00369717
521,768,54,0.004597549,0.000948143,0.003649406
521,768,55,0.004586053,0.000960139,0.003625914
521,768,56,0.004925328,0.001356446,0.003568882
521,768,57,0.004753614,0.001087647,0.003665967
521,768,58,0.004711319,0.001118257,0.003593062
521,768,59,0.004538362,0.001029328,0.003509034
521,768,60,0.004980441,0.001391598,0.003588843
521,768,61,0.004678601,0.001104359,0.003574242
521,768,62,0.004527822,0.001033489,0.003494333
521,768,63,0.004683442,0.001207535,0.003475907
521,768,64,0.004898345,0.001313798,0.003584547
521,768,65,0.004567982,0.001013685,0.003554297
521,768,66,0.004603911,0.001054242,0.003549669
521,768,67,0.004828022,0.001261321,0.003566701
521,768,68,0.004871376,0.001291158,0.003580218
521,768,69,0.004486116,0.000887472,0.003598644
521,768,70,0.00483893,0.001192319,0.003646611
521,768,71,0.004512986,0.000921299,0.003591687
521,768,72,0.004385077,0.000917016,0.003468061
521,768,73,0.004562036,0.001081676,0.00348036
521,768,74,0.00459335,0.001153046,0.003440304
521,768,75,0.004480172,0.000911872,0.0035683
521,768,76,0.004522923,0.001003568,0.003519355
521,768,77,0.004393127,0.000836053,0.003557074
521,768,78,0.004298138,0.000919027,0.003379111
521,768,79,0.004778529,0.001374355,0.003404174
521,768,80,0.004972746,0.001632311,0.003340435
521,768,81,0.004840321,0.001444397,0.003395924
521,768,82,0.005598925,0.002115027,0.003483898
521,768,83,0.004581711,0.001051824,0.003529887
521,768,84,0.005190841,0.001778835,0.003412006
521,768,85,0.004562346,0.001092808,0.003469538
521,768,86,0.004028193,0.000583089,0.003445104
521,768,87,0.008479865,0.005024268,0.003455597
521,768,88,0.005392892,0.00173929,0.003653602
521,768,89,0.004405573,0.000945384,0.003460189
521,768,90,0.00421826,0.000682283,0.003535977
521,768,91,0.006820564,0.003545758,0.003274806
521,768,92,0.005604237,0.002088584,0.003515653
521,768,93,0.004902393,0.001465789,0.003436604
521,768,94,0.004016042,0.00057594,0.003440102
521,768,95,0.006750446,0.003311097,0.003439349
521,768,96,0.004904151,0.001438555,0.003465596
521,768,97,0.003803438,0.000474354,0.003329084
521,768,98,0.003827532,0.000549469,0.003278063
521,768,99,0.006331707,0.00314056,0.003191147
521,768,100,0.007999423,0.004718023,0.0032814
521,768,101,0.004535429,0.001073714,0.003461715
521,768,102,0.006128858,0.002849216,0.003279642
521,768,103,0.004469912,0.001178767,0.003291145
521,768,104,0.004031653,0.000804794,0.003226859
521,768,105,0.004094046,0.00082541,0.003268636
521,768,106,0.003915505,0.000634745,0.00328076
521,768,107,0.006346085,0.003157436,0.003188649
521,768,108,0.004836846,0.001582533,0.003254313
521,768,109,0.004687597,0.00142259,0.003265007
521,768,110,0.004400777,0.001163916,0.003236861
522,768,1,0.753700936,0.62997791,0.123723026
522,768,2,0.004743246,0.001693232,0.003050014
522,768,3,0.098669159,0.095647066,0.003022093
522,768,4,0.003758609,0.000646324,0.003112285
522,768,5,0.003605801,0.000447799,0.003158002
522,768,6,0.003505197,0.000392945,0.003112252
522,768,7,0.003544995,0.000399387,0.003145608
522,768,8,0.037731297,0.034650582,0.003080715
522,768,9,0.004327496,0.001114245,0.003213251
522,768,10,0.003889383,0.000621549,0.003267834
522,768,11,0.003916969,0.000709103,0.003207866
522,768,12,0.003958441,0.000782012,0.003176429
522,768,13,0.00467206,0.001557595,0.003114465
522,768,14,0.004321687,0.001162642,0.003159045
522,768,15,0.004599553,0.001473819,0.003125734
522,768,16,0.004600551,0.001297732,0.003302819
522,768,17,0.004349386,0.000949365,0.003400021
522,768,18,0.004432419,0.000733778,0.003698641
522,768,19,0.004424433,0.000542847,0.003881586
522,768,20,0.004606601,0.000629548,0.003977053
522,768,21,0.004475985,0.000596203,0.003879782
522,768,22,0.004626669,0.000642052,0.003984617
522,768,23,0.004566185,0.000610145,0.00395604
522,768,24,0.004447023,0.000635255,0.003811768
522,768,25,0.00423,0.000570762,0.003659238
522,768,26,0.004316995,0.000570252,0.003746743
522,768,27,0.004222812,0.000564874,0.003657938
522,768,28,0.004161304,0.000561666,0.003599638
522,768,29,0.009321893,0.005876796,0.003445097
522,768,30,0.005451117,0.001941336,0.003509781
522,768,31,0.005482147,0.002080549,0.003401598
522,768,32,0.005674218,0.002292101,0.003382117
522,768,33,0.005758967,0.002319295,0.003439672
522,768,34,0.006048754,0.002799523,0.003249231
522,768,35,0.005188206,0.001868276,0.00331993
522,768,36,0.005126753,0.00173145,0.003395303
522,768,37,0.004966864,0.001481302,0.003485562
522,768,38,0.004546002,0.001127706,0.003418296
522,768,39,0.005123544,0.00162812,0.003495424
522,768,40,0.004484667,0.000966198,0.003518469
522,768,41,0.00468232,0.001125843,0.003556477
522,768,42,0.004905936,0.001279962,0.003625974
522,768,43,0.004707334,0.001050789,0.003656545
522,768,44,0.004859764,0.001225659,0.003634105
522,768,45,0.00438002,0.000815698,0.003564322
522,768,46,0.004715447,0.001131222,0.003584225
522,768,47,0.004670746,0.001016169,0.003654577
522,768,48,0.004603583,0.001000111,0.003603472
522,768,49,0.004647938,0.000988146,0.003659792
522,768,50,0.005112382,0.001456187,0.003656195
522,768,51,0.004695506,0.001092106,0.0036034
522,768,52,0.004854967,0.001292679,0.003562288
522,768,53,0.004403132,0.000782553,0.003620579
522,768,54,0.004774281,0.001296445,0.003477836
522,768,55,0.004977148,0.001388762,0.003588386
522,768,56,0.004482924,0.000965629,0.003517295
522,768,57,0.00455997,0.001043222,0.003516748
522,768,58,0.005007196,0.00150014,0.003507056
522,768,59,0.004675433,0.001163992,0.003511441
522,768,60,0.004865199,0.001281523,0.003583676
522,768,61,0.004590123,0.001033949,0.003556174
522,768,62,0.00462877,0.001107843,0.003520927
522,768,63,0.00460368,0.001076906,0.003526774
522,768,64,0.004686617,0.001136685,0.003549932
522,768,65,0.004791752,0.001218758,0.003572994
522,768,66,0.004800586,0.001164686,0.0036359
522,768,67,0.004798573,0.001143526,0.003655047
522,768,68,0.004339296,0.000808624,0.003530672
522,768,69,0.004881526,0.001215356,0.00366617
522,768,70,0.004808545,0.001084139,0.003724406
522,768,71,0.00434021,0.000727925,0.003612285
522,768,72,0.00455382,0.000987002,0.003566818
522,768,73,0.004698172,0.001195536,0.003502636
522,768,74,0.004442609,0.000995853,0.003446756
522,768,75,0.004545703,0.001066923,0.00347878
522,768,76,0.004304681,0.000738256,0.003566425
522,768,77,0.004392273,0.000874077,0.003518196
522,768,78,0.004625285,0.001160687,0.003464598
522,768,79,0.004751729,0.001321602,0.003430127
522,768,80,0.005051656,0.001639249,0.003412407
522,768,81,0.00551706,0.002105154,0.003411906
522,768,82,0.005066217,0.001432487,0.00363373
522,768,83,0.004638571,0.001028798,0.003609773
522,768,84,0.004756228,0.001179367,0.003576861
522,768,85,0.004005662,0.000476983,0.003528679
522,768,86,0.007967212,0.004539477,0.003427735
522,768,87,0.005497494,0.001980753,0.003516741
522,768,88,0.004635832,0.001018526,0.003617306
522,768,89,0.004504466,0.001055056,0.00344941
522,768,90,0.007186642,0.003728838,0.003457804
522,768,91,0.004493999,0.001008206,0.003485793
522,768,92,0.004897356,0.00150039,0.003396966
522,768,93,0.004711166,0.001356227,0.003354939
522,768,94,0.004336832,0.00095061,0.003386222
522,768,95,0.00400086,0.000547753,0.003453107
522,768,96,0.006409705,0.003066555,0.00334315
522,768,97,0.00463452,0.001334886,0.003299634
522,768,98,0.003934818,0.000634013,0.003300805
522,768,99,0.004136783,0.000913991,0.003222792
522,768,100,0.006154807,0.002912914,0.003241893
522,768,101,0.00779273,0.004424898,0.003367832
522,768,102,0.004243307,0.001020527,0.00322278
522,768,103,0.00608485,0.002876313,0.003208537
522,768,104,0.004860435,0.001600617,0.003259818
522,768,105,0.004060201,0.000757877,0.003302324
522,768,106,0.003820934,0.000528613,0.003292321
522,768,107,0.004370033,0.00097583,0.003394203
522,768,108,0.006575167,0.003386018,0.003189149
522,768,109,0.004879894,0.001522276,0.003357618
522,768,110,0.004358884,0.000960912,0.003397972
523,768,1,0.754346799,0.63085495,0.123491849
523,768,2,0.010844907,0.007802176,0.003042731
523,768,3,0.073944214,0.07092528,0.003018934
523,768,4,0.029488372,0.026472894,0.003015478
523,768,5,0.003900942,0.000789607,0.003111335
523,768,6,0.003528622,0.000410706,0.003117916
523,768,7,0.038334818,0.035193927,0.003140891
523,768,8,0.004196046,0.001018168,0.003177878
523,768,9,0.003828811,0.000645728,0.003183083
523,768,10,0.00399948,0.000825182,0.003174298
523,768,11,0.00391737,0.000782167,0.003135203
523,768,12,0.004319781,0.001143673,0.003176108
523,768,13,0.004196727,0.001061179,0.003135548
523,768,14,0.00452331,0.001420023,0.003103287
523,768,15,0.00444142,0.001253926,0.003187494
523,768,16,0.004268335,0.001085312,0.003183023
523,768,17,0.004554093,0.001126326,0.003427767
523,768,18,0.004423997,0.000633687,0.00379031
523,768,19,0.004514885,0.000480037,0.004034848
523,768,20,0.004577108,0.000545897,0.004031211
523,768,21,0.004521059,0.000513667,0.004007392
523,768,22,0.004617722,0.000566717,0.004051005
523,768,23,0.004531984,0.000541873,0.003990111
523,768,24,0.004463897,0.000537792,0.003926105
523,768,25,0.004271094,0.000495583,0.003775511
523,768,26,0.004209092,0.00051402,0.003695072
523,768,27,0.004257297,0.000502276,0.003755021
523,768,28,0.009550197,0.006068086,0.003482111
523,768,29,0.00540561,0.001996132,0.003409478
523,768,30,0.005462299,0.002146321,0.003315978
523,768,31,0.005580196,0.002191708,0.003388488
523,768,32,0.005559697,0.001991811,0.003567886
523,768,33,0.005999505,0.002651834,0.003347671
523,768,34,0.005110174,0.001827525,0.003282649
523,768,35,0.004863839,0.001626646,0.003237193
523,768,36,0.005062719,0.00177605,0.003286669
523,768,37,0.004517598,0.001103482,0.003414116
523,768,38,0.005165687,0.001630904,0.003534783
523,768,39,0.004903585,0.001192886,0.003710699
523,768,40,0.004336826,0.000813713,0.003523113
523,768,41,0.004722304,0.001148398,0.003573906
523,768,42,0.00482715,0.001239018,0.003588132
523,768,43,0.004856809,0.001193993,0.003662816
523,768,44,0.004543329,0.001004714,0.003538615
523,768,45,0.004695182,0.001105086,0.003590096
523,768,46,0.004695891,0.001144952,0.003550939
523,768,47,0.00461639,0.001040212,0.003576178
523,768,48,0.004670256,0.001125583,0.003544673
523,768,49,0.005113531,0.001499223,0.003614308
523,768,50,0.004743928,0.001125019,0.003618909
523,768,51,0.005004789,0.001262601,0.003742188
523,768,52,0.004325487,0.000778335,0.003547152
523,768,53,0.00490522,0.001280424,0.003624796
523,768,54,0.004738889,0.001128382,0.003610507
523,768,55,0.004538897,0.000961645,0.003577252
523,768,56,0.004567463,0.001040681,0.003526782
523,768,57,0.004888287,0.001372234,0.003516053
523,768,58,0.004721563,0.001159764,0.003561799
523,768,59,0.004650983,0.001148641,0.003502342
523,768,60,0.004871935,0.001305539,0.003566396
523,768,61,0.004701411,0.00114291,0.003558501
523,768,62,0.004562807,0.001046063,0.003516744
523,768,63,0.004639175,0.001147686,0.003491489
523,768,64,0.00484025,0.001315386,0.003524864
523,768,65,0.004706442,0.001118463,0.003587979
523,768,66,0.004886388,0.001223127,0.003663261
523,768,67,0.00440429,0.000789976,0.003614314
523,768,68,0.004829623,0.001272546,0.003557077
523,768,69,0.004638445,0.001042559,0.003595886
523,768,70,0.004462851,0.000903112,0.003559739
523,768,71,0.004706435,0.001118532,0.003587903
523,768,72,0.004629717,0.001156662,0.003473055
523,768,73,0.00452093,0.001074819,0.003446111
523,768,74,0.004577067,0.001054467,0.0035226
523,768,75,0.004372972,0.000731283,0.003641689
523,768,76,0.004335285,0.000815106,0.003520179
523,768,77,0.004569497,0.001090362,0.003479135
523,768,78,0.004343028,0.000988233,0.003354795
523,768,79,0.004648508,0.001286818,0.00336169
523,768,80,0.006130813,0.002654471,0.003476342
523,768,81,0.00481666,0.001306546,0.003510114
523,768,82,0.004836033,0.001148883,0.00368715
523,768,83,0.004306535,0.00078146,0.003525075
523,768,84,0.004728058,0.001209049,0.003519009
523,768,85,0.007708147,0.004403358,0.003304789
523,768,86,0.0046559,0.001262395,0.003393505
523,768,87,0.004735926,0.001264163,0.003471763
523,768,88,0.004816888,0.001269232,0.003547656
523,768,89,0.004799805,0.00142829,0.003371515
523,768,90,0.004286675,0.000749628,0.003537047
523,768,91,0.006200156,0.002897465,0.003302691
523,768,92,0.005391472,0.001963328,0.003428144
523,768,93,0.005101011,0.001622795,0.003478216
523,768,94,0.004128702,0.000692064,0.003436638
523,768,95,0.004073405,0.00052617,0.003547235
523,768,96,0.004031145,0.000503604,0.003527541
523,768,97,0.006197611,0.002901176,0.003296435
523,768,98,0.004565384,0.00126266,0.003302724
523,768,99,0.004250571,0.001017561,0.00323301
523,768,100,0.004327421,0.001078791,0.00324863
523,768,101,0.006354394,0.003036915,0.003317479
523,768,102,0.009638675,0.006213941,0.003424734
523,768,103,0.003852986,0.000595472,0.003257514
523,768,104,0.00409934,0.000954162,0.003145178
523,768,105,0.004870926,0.001636123,0.003234803
523,768,106,0.00393006,0.000647966,0.003282094
523,768,107,0.004204379,0.000880327,0.003324052
523,768,108,0.004615547,0.001133622,0.003481925
523,768,109,0.006687198,0.003235799,0.003451399
523,768,110,0.004467363,0.001105151,0.003362212
524,768,1,0.757602572,0.633221693,0.124380879
524,768,2,0.011303376,0.008224182,0.003079194
524,768,3,0.068423819,0.065355618,0.003068201
524,768,4,0.028740389,0.02569338,0.003047009
524,768,5,0.005846664,0.002800459,0.003046205
524,768,6,0.039274727,0.036005457,0.00326927
524,768,7,0.004163644,0.000899656,0.003263988
524,768,8,0.003824137,0.000559655,0.003264482
524,768,9,0.004060578,0.000824342,0.003236236
524,768,10,0.003910774,0.000659314,0.00325146
524,768,11,0.004059026,0.000890297,0.003168729
524,768,12,0.004046703,0.00089029,0.003156413
524,768,13,0.004496367,0.00130614,0.003190227
524,768,14,0.004114017,0.000937496,0.003176521
524,768,15,0.004163713,0.000989647,0.003174066
524,768,16,0.004459939,0.001162107,0.003297832
524,768,17,0.004513332,0.001022368,0.003490964
524,768,18,0.004374453,0.000557788,0.003816665
524,768,19,0.004497642,0.000552545,0.003945097
524,768,20,0.004591809,0.000533778,0.004058031
524,768,21,0.004444936,0.00051408,0.003930856
524,768,22,0.004673622,0.000544329,0.004129293
524,768,23,0.004533772,0.000533708,0.004000064
524,768,24,0.004476698,0.000519506,0.003957192
524,768,25,0.004183235,0.000493906,0.003689329
524,768,26,0.00429961,0.000492513,0.003807097
524,768,27,0.009926657,0.006444036,0.003482621
524,768,28,0.005475001,0.002081258,0.003393743
524,768,29,0.005598006,0.002210182,0.003387824
524,768,30,0.005557961,0.001990329,0.003567632
524,768,31,0.005296933,0.001880908,0.003416025
524,768,32,0.005952928,0.002580147,0.003372781
524,768,33,0.005129011,0.001673813,0.003455198
524,768,34,0.004766813,0.001287609,0.003479204
524,768,35,0.004937023,0.001500464,0.003436559
524,768,36,0.004645826,0.001282088,0.003363738
524,768,37,0.004826677,0.00137966,0.003447017
524,768,38,0.004832915,0.001226021,0.003606894
524,768,39,0.004704808,0.001124216,0.003580592
524,768,40,0.004602912,0.001033918,0.003568994
524,768,41,0.004677557,0.001098068,0.003579489
524,768,42,0.004990731,0.001313051,0.00367768
524,768,43,0.004537728,0.000930254,0.003607474
524,768,44,0.004830416,0.001200295,0.003630121
524,768,45,0.004633807,0.00102156,0.003612247
524,768,46,0.004536224,0.000937722,0.003598502
524,768,47,0.004736961,0.001134954,0.003602007
524,768,48,0.005031893,0.001369944,0.003661949
524,768,49,0.004821771,0.001087878,0.003733893
524,768,50,0.004816601,0.001030704,0.003785897
524,768,51,0.004541701,0.000835843,0.003705858
524,768,52,0.004742603,0.001075202,0.003667401
524,768,53,0.004737565,0.001015848,0.003721717
524,768,54,0.004625483,0.000998761,0.003626722
524,768,55,0.004461755,0.000849603,0.003612152
524,768,56,0.005005737,0.001393923,0.003611814
524,768,57,0.00465926,0.001035857,0.003623403
524,768,58,0.004742592,0.001148786,0.003593806
524,768,59,0.004622023,0.001096283,0.00352574
524,768,60,0.004876066,0.001230378,0.003645688
524,768,61,0.004664772,0.001015891,0.003648881
524,768,62,0.004537039,0.001043187,0.003493852
524,768,63,0.004716561,0.001183934,0.003532627
524,768,64,0.004899912,0.001303225,0.003596687
524,768,65,0.004672289,0.00107161,0.003600679
524,768,66,0.004663753,0.001052804,0.003610949
524,768,67,0.004645153,0.001030807,0.003614346
524,768,68,0.004917545,0.001281918,0.003635627
524,768,69,0.004399337,0.000858891,0.003540446
524,768,70,0.00466697,0.001081036,0.003585934
524,768,71,0.00468966,0.001115588,0.003574072
524,768,72,0.004497987,0.000999773,0.003498214
524,768,73,0.004524523,0.001028512,0.003496011
524,768,74,0.004342139,0.000854558,0.003487581
524,768,75,0.004378898,0.000872578,0.00350632
524,768,76,0.004479286,0.000900479,0.003578807
524,768,77,0.004446027,0.000951757,0.00349427
524,768,78,0.004650521,0.001215344,0.003435177
524,768,79,0.005820742,0.002531746,0.003288996
524,768,80,0.004986205,0.00147514,0.003511065
524,768,81,0.004818321,0.001269028,0.003549293
524,768,82,0.004365504,0.000651799,0.003713705
524,768,83,0.004496205,0.000943718,0.003552487
524,768,84,0.005165867,0.00156852,0.003597347
524,768,85,0.004349942,0.000834455,0.003515487
524,768,86,0.006602569,0.003212486,0.003390083
524,768,87,0.005220873,0.001714692,0.003506181
524,768,88,0.004839373,0.001248808,0.003590565
524,768,89,0.004691356,0.001227459,0.003463897
524,768,90,0.004371837,0.000772368,0.003599469
524,768,91,0.003965103,0.000478981,0.003486122
524,768,92,0.006962051,0.003619781,0.00334227
524,768,93,0.005516244,0.002169085,0.003347159
524,768,94,0.004373789,0.000908936,0.003464853
524,768,95,0.004003085,0.000450667,0.003552418
524,768,96,0.004058892,0.000427141,0.003631751
524,768,97,0.00421638,0.000674189,0.003542191
524,768,98,0.005749941,0.002469828,0.003280113
524,768,99,0.004799557,0.001527976,0.003271581
524,768,100,0.004379318,0.001145174,0.003234144
524,768,101,0.006862766,0.003534758,0.003328008
524,768,102,0.005666669,0.002306122,0.003360547
524,768,103,0.006973757,0.00380934,0.003164417
524,768,104,0.00411437,0.000911725,0.003202645
524,768,105,0.004425754,0.001161807,0.003263947
524,768,106,0.004554456,0.001228584,0.003325872
524,768,107,0.004126399,0.000718382,0.003408017
524,768,108,0.004570039,0.001166392,0.003403647
524,768,109,0.004858963,0.001444114,0.003414849
524,768,110,0.008234983,0.004990369,0.003244614
525,768,1,0.753726564,0.630150951,0.123575613
525,768,2,0.00916778,0.006102968,0.003064812
525,768,3,0.09993612,0.096920873,0.003015247
525,768,4,0.003738618,0.000643208,0.00309541
525,768,5,0.041224875,0.038009446,0.003215429
525,768,6,0.004120859,0.00085565,0.003265209
525,768,7,0.00383971,0.000593973,0.003245737
525,768,8,0.004076424,0.000819874,0.00325655
525,768,9,0.003971296,0.000728071,0.003243225
525,768,10,0.004041112,0.000824489,0.003216623
525,768,11,0.003909417,0.000724826,0.003184591
525,768,12,0.004232278,0.001103109,0.003129169
525,768,13,0.004123369,0.000994601,0.003128768
525,768,14,0.004101587,0.000986324,0.003115263
525,768,15,0.004316955,0.001177111,0.003139844
525,768,16,0.004449773,0.001167889,0.003281884
525,768,17,0.004386127,0.000924288,0.003461839
525,768,18,0.004443662,0.000636637,0.003807025
525,768,19,0.004440705,0.000491673,0.003949032
525,768,20,0.004578623,0.000519473,0.00405915
525,768,21,0.004413338,0.000502917,0.003910421
525,768,22,0.004546669,0.000480285,0.004066384
525,768,23,0.004459341,0.000482695,0.003976646
525,768,24,0.004434169,0.000476181,0.003957988
525,768,25,0.004119814,0.000451841,0.003667973
525,768,26,0.010606467,0.007170819,0.003435648
525,768,27,0.005544166,0.002109528,0.003434638
525,768,28,0.005620828,0.002086557,0.003534271
525,768,29,0.005324899,0.001941992,0.003382907
525,768,30,0.00549463,0.002178203,0.003316427
525,768,31,0.005667362,0.002300541,0.003366821
525,768,32,0.004827032,0.001377737,0.003449295
525,768,33,0.004668936,0.001294253,0.003374683
525,768,34,0.005008404,0.001617303,0.003391101
525,768,35,0.004564979,0.001135392,0.003429587
525,768,36,0.004808838,0.001362465,0.003446373
525,768,37,0.004611188,0.001209913,0.003401275
525,768,38,0.004657547,0.001241379,0.003416168
525,768,39,0.004814688,0.001260201,0.003554487
525,768,40,0.00439718,0.00092168,0.0034755
525,768,41,0.004853164,0.001354375,0.003498789
525,768,42,0.004849674,0.001290028,0.003559646
525,768,43,0.004881578,0.001268316,0.003613262
525,768,44,0.004812839,0.001260324,0.003552515
525,768,45,0.004696877,0.001105064,0.003591813
525,768,46,0.004720826,0.001157555,0.003563271
525,768,47,0.004809694,0.001249532,0.003560162
525,768,48,0.004840791,0.001165876,0.003674915
525,768,49,0.004704916,0.000997018,0.003707898
525,768,50,0.004713997,0.001058526,0.003655471
525,768,51,0.004748789,0.001021492,0.003727297
525,768,52,0.004687354,0.001040134,0.00364722
525,768,53,0.004629324,0.001017467,0.003611857
525,768,54,0.00470649,0.001093599,0.003612891
525,768,55,0.004718892,0.001179984,0.003538908
525,768,56,0.004690435,0.001188985,0.00350145
525,768,57,0.004736137,0.001239833,0.003496304
525,768,58,0.004707944,0.001238644,0.0034693
525,768,59,0.004890771,0.001233559,0.003657212
525,768,60,0.004610312,0.00106743,0.003542882
525,768,61,0.004703744,0.001216174,0.00348757
525,768,62,0.004605216,0.00119676,0.003408456
525,768,63,0.004976797,0.001481288,0.003495509
525,768,64,0.004822085,0.001257221,0.003564864
525,768,65,0.004600852,0.001065022,0.00353583
525,768,66,0.004743967,0.001100024,0.003643943
525,768,67,0.004667972,0.001092528,0.003575444
525,768,68,0.004766539,0.001154078,0.003612461
525,768,69,0.004551966,0.000992396,0.00355957
525,768,70,0.00472083,0.001075168,0.003645662
525,768,71,0.004384899,0.000909323,0.003475576
525,768,72,0.004543878,0.001059647,0.003484231
525,768,73,0.004430393,0.000964127,0.003466266
525,768,74,0.004506209,0.000996095,0.003510114
525,768,75,0.004252465,0.000693045,0.00355942
525,768,76,0.004352227,0.000813709,0.003538518
525,768,77,0.004545031,0.001044036,0.003500995
525,768,78,0.005702576,0.002316913,0.003385663
525,768,79,0.00457586,0.001243448,0.003332412
525,768,80,0.004854419,0.001453622,0.003400797
525,768,81,0.004855198,0.001320777,0.003534421
525,768,82,0.004617798,0.000984952,0.003632846
525,768,83,0.00455648,0.001010674,0.003545806
525,768,84,0.005031846,0.001589401,0.003442445
525,768,85,0.004385926,0.000890282,0.003495644
525,768,86,0.004016784,0.000610982,0.003405802
525,768,87,0.006717159,0.003229986,0.003487173
525,768,88,0.005460628,0.001816343,0.003644285
525,768,89,0.004353303,0.000851309,0.003501994
525,768,90,0.004504447,0.000956543,0.003547904
525,768,91,0.005688129,0.002378777,0.003309352
525,768,92,0.006096586,0.002741953,0.003354633
525,768,93,0.004962036,0.001627788,0.003334248
525,768,94,0.004198379,0.000795516,0.003402863
525,768,95,0.004144689,0.000639147,0.003505542
525,768,96,0.00398425,0.000499502,0.003484748
525,768,97,0.004420346,0.000916812,0.003503534
525,768,98,0.00432486,0.000901773,0.003423087
525,768,99,0.005371291,0.002141629,0.003229662
525,768,100,0.004662348,0.001480615,0.003181733
525,768,101,0.004165964,0.000867588,0.003298376
525,768,102,0.007233126,0.003870709,0.003362417
525,768,103,0.005609974,0.00227185,0.003338124
525,768,104,0.006176212,0.003041592,0.00313462
525,768,105,0.004574228,0.001388395,0.003185833
525,768,106,0.004291317,0.000967951,0.003323366
525,768,107,0.00465593,0.001388801,0.003267129
525,768,108,0.004330823,0.000993507,0.003337316
525,768,109,0.005665472,0.00224442,0.003421052
525,768,110,0.004635252,0.001304554,0.003330698
526,768,1,0.759709964,0.635101955,0.124608009
526,768,2,0.025455761,0.022439419,0.003016342
526,768,3,0.044815479,0.041795361,0.003020118
526,768,4,0.074494991,0.071261994,0.003232997
526,768,5,0.004016174,0.000723235,0.003292939
526,768,6,0.003901414,0.000688236,0.003213178
526,768,7,0.004077445,0.000892686,0.003184759
526,768,8,0.00396689,0.000769772,0.003197118
526,768,9,0.004075144,0.000863382,0.003211762
526,768,10,0.003936604,0.000749443,0.003187161
526,768,11,0.003759459,0.000627649,0.00313181
526,768,12,0.00402042,0.000902885,0.003117535
526,768,13,0.004031649,0.000923591,0.003108058
526,768,14,0.004082278,0.000953453,0.003128825
526,768,15,0.004358642,0.001162329,0.003196313
526,768,16,0.004321504,0.001091188,0.003230316
526,768,17,0.0044078,0.00094357,0.00346423
526,768,18,0.004392395,0.000544174,0.003848221
526,768,19,0.004466116,0.000515603,0.003950513
526,768,20,0.004536654,0.000530818,0.004005836
526,768,21,0.004397087,0.000513873,0.003883214
526,768,22,0.00442579,0.000486601,0.003939189
526,768,23,0.00440045,0.000528504,0.003871946
526,768,24,0.004305433,0.000536001,0.003769432
526,768,25,0.011466221,0.007949562,0.003516659
526,768,26,0.005512654,0.001984143,0.003528511
526,768,27,0.005582557,0.002113768,0.003468789
526,768,28,0.005474229,0.002142316,0.003331913
526,768,29,0.005555506,0.002187616,0.00336789
526,768,30,0.005253779,0.001887093,0.003366686
526,768,31,0.005049219,0.00160991,0.003439309
526,768,32,0.004722603,0.001270436,0.003452167
526,768,33,0.004738389,0.001309547,0.003428842
526,768,34,0.0046579,0.001287257,0.003370643
526,768,35,0.004753081,0.001315164,0.003437917
526,768,36,0.004355471,0.001012475,0.003342996
526,768,37,0.004657585,0.001287457,0.003370128
526,768,38,0.004641494,0.001164785,0.003476709
526,768,39,0.004663252,0.001140012,0.00352324
526,768,40,0.004621846,0.001072157,0.003549689
526,768,41,0.004600913,0.00109288,0.003508033
526,768,42,0.004614305,0.000975981,0.003638324
526,768,43,0.004558548,0.001006815,0.003551733
526,768,44,0.004569151,0.001016602,0.003552549
526,768,45,0.004890042,0.001349417,0.003540625
526,768,46,0.004808165,0.001133902,0.003674263
526,768,47,0.004400812,0.000851298,0.003549514
526,768,48,0.004887898,0.001244479,0.003643419
526,768,49,0.004808633,0.001085259,0.003723374
526,768,50,0.004815178,0.00095445,0.003860728
526,768,51,0.004530195,0.000818507,0.003711688
526,768,52,0.004837961,0.001098699,0.003739262
526,768,53,0.004551176,0.000824678,0.003726498
526,768,54,0.004672759,0.001039613,0.003633146
526,768,55,0.004478775,0.000867757,0.003611018
526,768,56,0.004977428,0.001325551,0.003651877
526,768,57,0.004686406,0.001057041,0.003629365
526,768,58,0.004678779,0.001045709,0.00363307
526,768,59,0.004592683,0.001026132,0.003566551
526,768,60,0.005071351,0.00137746,0.003693891
526,768,61,0.004454426,0.000852985,0.003601441
526,768,62,0.00481061,0.001291963,0.003518647
526,768,63,0.004507232,0.000958947,0.003548285
526,768,64,0.005045977,0.001494424,0.003551553
526,768,65,0.004583158,0.00097822,0.003604938
526,768,66,0.004747405,0.001155231,0.003592174
526,768,67,0.004529016,0.000896291,0.003632725
526,768,68,0.004894929,0.001281713,0.003613216
526,768,69,0.00435008,0.000815519,0.003534561
526,768,70,0.00477503,0.001170038,0.003604992
526,768,71,0.004647238,0.001110006,0.003537232
526,768,72,0.004500246,0.000998022,0.003502224
526,768,73,0.00442665,0.000982611,0.003444039
526,768,74,0.004536653,0.001012882,0.003523771
526,768,75,0.004257154,0.000767124,0.00349003
526,768,76,0.004542212,0.000980743,0.003561469
526,768,77,0.005632203,0.002198243,0.00343396
526,768,78,0.005000077,0.001570189,0.003429888
526,768,79,0.005005124,0.001593397,0.003411727
526,768,80,0.004640553,0.001154594,0.003485959
526,768,81,0.00451981,0.001033021,0.003486789
526,768,82,0.004443424,0.000822592,0.003620832
526,768,83,0.005379402,0.00184871,0.003530692
526,768,84,0.004998913,0.001499742,0.003499171
526,768,85,0.004104926,0.000614545,0.003490381
526,768,86,0.004266238,0.000785385,0.003480853
526,768,87,0.004338202,0.001024953,0.003313249
526,768,88,0.006175286,0.002704157,0.003471129
526,768,89,0.005110295,0.001640734,0.003469561
526,768,90,0.004384488,0.000871466,0.003513022
526,768,91,0.004271831,0.000828291,0.00344354
526,768,92,0.00621032,0.002961213,0.003249107
526,768,93,0.005971753,0.00270594,0.003265813
526,768,94,0.004845502,0.001431025,0.003414477
526,768,95,0.004103201,0.000587721,0.00351548
526,768,96,0.004034205,0.000513609,0.003520596
526,768,97,0.004246599,0.00067768,0.003568919
526,768,98,0.004091445,0.000726447,0.003364998
526,768,99,0.005183614,0.001914333,0.003269281
526,768,100,0.005080029,0.001828651,0.003251378
526,768,101,0.004085026,0.000778995,0.003306031
526,768,102,0.004546785,0.001282991,0.003263794
526,768,103,0.00718899,0.003876152,0.003312838
526,768,104,0.005938106,0.002741542,0.003196564
526,768,105,0.005515937,0.002367684,0.003148253
526,768,106,0.004383272,0.001182978,0.003200294
526,768,107,0.004477893,0.001177159,0.003300734
526,768,108,0.007044312,0.003645226,0.003399086
526,768,109,0.005016291,0.001471795,0.003544496
526,768,110,0.004613217,0.001291245,0.003321972
527,768,1,0.763853828,0.639535826,0.124318002
527,768,2,0.003621016,0.000497473,0.003123543
527,768,3,0.133518451,0.130372764,0.003145687
527,768,4,0.004018463,0.000656207,0.003362256
527,768,5,0.003976243,0.000630903,0.00334534
527,768,6,0.004127461,0.000904142,0.003223319
527,768,7,0.003974379,0.000777321,0.003197058
527,768,8,0.004069769,0.000867303,0.003202466
527,768,9,0.003922301,0.000712956,0.003209345
527,768,10,0.003751022,0.000558903,0.003192119
527,768,11,0.003802419,0.000603775,0.003198644
527,768,12,0.003887346,0.000750616,0.00313673
527,768,13,0.004047866,0.000865643,0.003182223
527,768,14,0.004135023,0.000963864,0.003171159
527,768,15,0.00411613,0.001047309,0.003068821
527,768,16,0.004346584,0.001029907,0.003316677
527,768,17,0.004247741,0.000782712,0.003465029
527,768,18,0.004378815,0.000590371,0.003788444
527,768,19,0.00450059,0.000522214,0.003978376
527,768,20,0.004522467,0.00057599,0.003946477
527,768,21,0.00448375,0.000531053,0.003952697
527,768,22,0.004508905,0.000517456,0.003991449
527,768,23,0.004562742,0.000514608,0.004048134
527,768,24,0.011754606,0.008173155,0.003581451
527,768,25,0.005539704,0.00192822,0.003611484
527,768,26,0.00561753,0.002174181,0.003443349
527,768,27,0.005625869,0.002241479,0.00338439
527,768,28,0.005522217,0.002018471,0.003503746
527,768,29,0.005069371,0.001628162,0.003441209
527,768,30,0.005138148,0.001743996,0.003394152
527,768,31,0.004724222,0.001150073,0.003574149
527,768,32,0.004762869,0.001324424,0.003438445
527,768,33,0.004686028,0.001337829,0.003348199
527,768,34,0.004667145,0.001242923,0.003424222
527,768,35,0.004424512,0.001019025,0.003405487
527,768,36,0.004309565,0.000945402,0.003364163
527,768,37,0.004513596,0.001121194,0.003392402
527,768,38,0.004492211,0.001127191,0.00336502
527,768,39,0.004531709,0.001018211,0.003513498
527,768,40,0.004513158,0.001049359,0.003463799
527,768,41,0.004617628,0.001043711,0.003573917
527,768,42,0.004738572,0.00118118,0.003557392
527,768,43,0.004745731,0.001181258,0.003564473
527,768,44,0.004838714,0.001288418,0.003550296
527,768,45,0.004562449,0.000957259,0.00360519
527,768,46,0.004654683,0.001028484,0.003626199
527,768,47,0.004519912,0.000870371,0.003649541
527,768,48,0.004652862,0.001022259,0.003630603
527,768,49,0.004748114,0.001031902,0.003716212
527,768,50,0.004413679,0.000737067,0.003676612
527,768,51,0.004722452,0.001039225,0.003683227
527,768,52,0.004538286,0.000873383,0.003664903
527,768,53,0.004554818,0.000925025,0.003629793
527,768,54,0.004594815,0.00101295,0.003581865
527,768,55,0.004552378,0.000942325,0.003610053
527,768,56,0.004642792,0.001122426,0.003520366
527,768,57,0.004620039,0.00106852,0.003551519
527,768,58,0.004837126,0.001254937,0.003582189
527,768,59,0.004489008,0.000989397,0.003499611
527,768,60,0.00478657,0.001265105,0.003521465
527,768,61,0.004919724,0.001369402,0.003550322
527,768,62,0.004655897,0.001131942,0.003523955
527,768,63,0.004742834,0.00122318,0.003519654
527,768,64,0.004622992,0.001100421,0.003522571
527,768,65,0.004916176,0.001291666,0.00362451
527,768,66,0.004555173,0.000958701,0.003596472
527,768,67,0.004671647,0.001045077,0.00362657
527,768,68,0.004573927,0.001065537,0.00350839
527,768,69,0.004792577,0.001132509,0.003660068
527,768,70,0.004430294,0.000881859,0.003548435
527,768,71,0.004842433,0.001283901,0.003558532
527,768,72,0.004520461,0.00103472,0.003485741
527,768,73,0.004439228,0.001032755,0.003406473
527,768,74,0.004551263,0.001028867,0.003522396
527,768,75,0.004338016,0.000828773,0.003509243
527,768,76,0.005532423,0.002045785,0.003486638
527,768,77,0.004742115,0.001304483,0.003437632
527,768,78,0.005013186,0.001632731,0.003380455
527,768,79,0.005354473,0.001912838,0.003441635
527,768,80,0.004293479,0.000790502,0.003502977
527,768,81,0.004829084,0.001271443,0.003557641
527,768,82,0.005340708,0.001805353,0.003535355
527,768,83,0.00478164,0.001320112,0.003461528
527,768,84,0.004824799,0.001301792,0.003523007
527,768,85,0.004167236,0.000658626,0.00350861
527,768,86,0.004615441,0.001109808,0.003505633
527,768,87,0.005971787,0.002448151,0.003523636
527,768,88,0.004844636,0.0012852,0.003559436
527,768,89,0.004713963,0.001182954,0.003531009
527,768,90,0.004605641,0.001059312,0.003546329
527,768,91,0.004153304,0.000707203,0.003446101
527,768,92,0.004419424,0.001066699,0.003352725
527,768,93,0.005782654,0.002554403,0.003228251
527,768,94,0.005473191,0.002164077,0.003309114
527,768,95,0.004590035,0.001067152,0.003522883
527,768,96,0.004091502,0.000586531,0.003504971
527,768,97,0.004267261,0.00070014,0.003567121
527,768,98,0.005579401,0.002313534,0.003265867
527,768,99,0.004742614,0.001521897,0.003220717
527,768,100,0.004507471,0.001202592,0.003304879
527,768,101,0.004332472,0.001056397,0.003276075
527,768,102,0.006273431,0.00296065,0.003312781
527,768,103,0.007395916,0.004154099,0.003241817
527,768,104,0.005082491,0.001944801,0.00313769
527,768,105,0.004829767,0.001665311,0.003164456
527,768,106,0.004544439,0.001261075,0.003283364
527,768,107,0.006958939,0.003786928,0.003172011
527,768,108,0.004865609,0.00160231,0.003263299
527,768,109,0.004941997,0.001453726,0.003488271
527,768,110,0.006092021,0.00293672,0.003155301
528,768,1,0.856094807,0.734432715,0.121662092
528,768,2,0.207235192,0.203863196,0.003371996
528,768,3,0.003800295,0.000364566,0.003435729
528,768,4,0.003996135,0.000559193,0.003436942
528,768,5,0.00419458,0.000562324,0.003632256
528,768,6,0.004054558,0.000543898,0.00351066
528,768,7,0.004063125,0.000559601,0.003503524
528,768,8,0.003925927,0.000518306,0.003407621
528,768,9,0.00374261,0.000471011,0.003271599
528,768,10,0.003694663,0.0004461,0.003248563
528,768,11,0.00390737,0.000485106,0.003422264
528,768,12,0.003735883,0.000534478,0.003201405
528,768,13,0.003952442,0.000782864,0.003169578
528,768,14,0.004082882,0.00091405,0.003168832
528,768,15,0.004117447,0.001005647,0.0031118
528,768,16,0.004140284,0.00108575,0.003054534
528,768,17,0.004326174,0.001080239,0.003245935
528,768,18,0.004114878,0.000882467,0.003232411
528,768,19,0.004160592,0.000864373,0.003296219
528,768,20,0.004184849,0.000725306,0.003459543
528,768,21,0.00439822,0.00100876,0.00338946
528,768,22,0.004581478,0.001092454,0.003489024
528,768,23,0.013526574,0.009706391,0.003820183
528,768,24,0.005493429,0.00182712,0.003666309
528,768,25,0.005785862,0.002034768,0.003751094
528,768,26,0.005681574,0.001698019,0.003983555
528,768,27,0.005422263,0.001154355,0.004267908
528,768,28,0.005107867,0.00124556,0.003862307
528,768,29,0.005168864,0.00133724,0.003831624
528,768,30,0.004531997,0.000744248,0.003787749
528,768,31,0.004886683,0.000955565,0.003931118
528,768,32,0.004765206,0.000964299,0.003800907
528,768,33,0.004590934,0.00069532,0.003895614
528,768,34,0.004435977,0.000708364,0.003727613
528,768,35,0.004369316,0.000655006,0.00371431
528,768,36,0.004463387,0.000728074,0.003735313
528,768,37,0.004520704,0.000721107,0.003799597
528,768,38,0.004358313,0.000681484,0.003676829
528,768,39,0.004431457,0.000713515,0.003717942
528,768,40,0.004590084,0.000854459,0.003735625
528,768,41,0.00477227,0.000980094,0.003792176
528,768,42,0.004517237,0.000813711,0.003703526
528,768,43,0.004917852,0.00107778,0.003840072
528,768,44,0.004537539,0.000696995,0.003840544
528,768,45,0.004712362,0.000788098,0.003924264
528,768,46,0.004484592,0.000587817,0.003896775
528,768,47,0.004641106,0.000659769,0.003981337
528,768,48,0.004557902,0.000588087,0.003969815
528,768,49,0.004559639,0.000631721,0.003927918
528,768,50,0.004568965,0.000645034,0.003923931
528,768,51,0.004563246,0.000646969,0.003916277
528,768,52,0.00466209,0.000712173,0.003949917
528,768,53,0.00461718,0.000711444,0.003905736
528,768,54,0.004488184,0.000593042,0.003895142
528,768,55,0.004725858,0.000829311,0.003896547
528,768,56,0.004619878,0.000646376,0.003973502
528,768,57,0.004711064,0.00079116,0.003919904
528,768,58,0.004542088,0.000641925,0.003900163
528,768,59,0.004813095,0.000982751,0.003830344
528,768,60,0.004498001,0.000623312,0.003874689
528,768,61,0.004632268,0.000817077,0.003815191
528,768,62,0.004633374,0.000769616,0.003863758
528,768,63,0.004644982,0.000796433,0.003848549
528,768,64,0.004473762,0.00076603,0.003707732
528,768,65,0.00472137,0.00092422,0.00379715
528,768,66,0.00441011,0.000694732,0.003715378
528,768,67,0.004780391,0.000968798,0.003811593
528,768,68,0.004424752,0.00067602,0.003748732
528,768,69,0.004570425,0.000731302,0.003839123
528,768,70,0.004642931,0.000992201,0.00365073
528,768,71,0.004438814,0.000737535,0.003701279
528,768,72,0.00548374,0.001792222,0.003691518
528,768,73,0.004319782,0.000744653,0.003575129
528,768,74,0.004524131,0.000964987,0.003559144
528,768,75,0.006223182,0.002525825,0.003697357
528,768,76,0.004700458,0.001053068,0.00364739
528,768,77,0.004749394,0.000962316,0.003787078
528,768,78,0.004698356,0.000923301,0.003775055
528,768,79,0.004568472,0.000818048,0.003750424
528,768,80,0.004630659,0.001116594,0.003514065
528,768,81,0.005980178,0.002512505,0.003467673
528,768,82,0.004264985,0.000760321,0.003504664
528,768,83,0.004850153,0.001167674,0.003682479
528,768,84,0.004645054,0.0009869,0.003658154
528,768,85,0.004801623,0.00095258,0.003849043
528,768,86,0.005971858,0.001935895,0.004035963
528,768,87,0.004260042,0.000547712,0.00371233
528,768,88,0.004882432,0.001099411,0.003783021
528,768,89,0.004895816,0.001098494,0.003797322
528,768,90,0.004316996,0.000563332,0.003753664
528,768,91,0.004494447,0.000656227,0.00383822
528,768,92,0.005905251,0.002088063,0.003817188
528,768,93,0.005070499,0.001113929,0.00395657
528,768,94,0.004245886,0.000579088,0.003666798
528,768,95,0.004195735,0.00059575,0.003599985
528,768,96,0.00438516,0.00059241,0.00379275
528,768,97,0.004358062,0.000623241,0.003734821
528,768,98,0.004567503,0.000890482,0.003677021
528,768,99,0.005544038,0.001935072,0.003608966
528,768,100,0.004534697,0.001009131,0.003525566
528,768,101,0.006914263,0.003222931,0.003691332
528,768,102,0.00491302,0.001180479,0.003732541
528,768,103,0.004430071,0.000805947,0.003624124
528,768,104,0.008090694,0.004490182,0.003600512
528,768,105,0.004346924,0.000907204,0.00343972
528,768,106,0.00717692,0.00370744,0.00346948
528,768,107,0.004766327,0.001183749,0.003582578
528,768,108,0.004691732,0.001013995,0.003677737
528,768,109,0.004449852,0.000820813,0.003629039
528,768,110,0.004620541,0.000850543,0.003769998
529,768,1,0.751177158,0.627825937,0.123351221
529,768,2,0.170849927,0.167837473,0.003012454
529,768,3,0.120307655,0.116907249,0.003400406
529,768,4,0.004013201,0.00053368,0.003479521
529,768,5,0.004136266,0.000544376,0.00359189
529,768,6,0.00410149,0.00054101,0.00356048
529,768,7,0.004067884,0.000518859,0.003549025
529,768,8,0.003836481,0.000498085,0.003338396
529,768,9,0.003743058,0.000462074,0.003280984
529,768,10,0.003714292,0.000422261,0.003292031
529,768,11,0.003775596,0.000467321,0.003308275
529,768,12,0.003867757,0.000672729,0.003195028
529,768,13,0.004061933,0.00087458,0.003187353
529,768,14,0.004099356,0.000936609,0.003162747
529,768,15,0.004125932,0.00107315,0.003052782
529,768,16,0.004261128,0.001129674,0.003131454
529,768,17,0.004246147,0.00105859,0.003187557
529,768,18,0.004059456,0.000810902,0.003248554
529,768,19,0.004098577,0.000794117,0.00330446
529,768,20,0.004192619,0.000681102,0.003511517
529,768,21,0.003955322,0.0004444,0.003510922
529,768,22,0.014572966,0.011042726,0.00353024
529,768,23,0.005542646,0.00181998,0.003722666
529,768,24,0.005736108,0.001990244,0.003745864
529,768,25,0.005451855,0.001655854,0.003796001
529,768,26,0.005450387,0.001473255,0.003977132
529,768,27,0.005191641,0.001266705,0.003924936
529,768,28,0.00548294,0.001477636,0.004005304
529,768,29,0.004562424,0.00070417,0.003858254
529,768,30,0.004735802,0.00098438,0.003751422
529,768,31,0.004877634,0.001066087,0.003811547
529,768,32,0.004468794,0.00068067,0.003788124
529,768,33,0.004578875,0.000777589,0.003801286
529,768,34,0.004463183,0.000711922,0.003751261
529,768,35,0.00441845,0.000681615,0.003736835
529,768,36,0.004421905,0.00062951,0.003792395
529,768,37,0.004533078,0.000680561,0.003852517
529,768,38,0.004370374,0.000587991,0.003782383
529,768,39,0.004415602,0.000671221,0.003744381
529,768,40,0.004570345,0.000866495,0.00370385
529,768,41,0.004770623,0.000925691,0.003844932
529,768,42,0.004757512,0.000791457,0.003966055
529,768,43,0.004684284,0.00065478,0.004029504
529,768,44,0.004451442,0.000566406,0.003885036
529,768,45,0.004573671,0.000643188,0.003930483
529,768,46,0.004709655,0.000716408,0.003993247
529,768,47,0.004515949,0.000496937,0.004019012
529,768,48,0.004605275,0.000587416,0.004017859
529,768,49,0.004560083,0.000493118,0.004066965
529,768,50,0.004571476,0.000524535,0.004046941
529,768,51,0.00460147,0.000572023,0.004029447
529,768,52,0.004627321,0.000539937,0.004087384
529,768,53,0.004542415,0.000540492,0.004001923
529,768,54,0.004570955,0.000531852,0.004039103
529,768,55,0.004624315,0.00052503,0.004099285
529,768,56,0.004514709,0.000518213,0.003996496
529,768,57,0.004616415,0.000534279,0.004082136
529,768,58,0.004561681,0.000523248,0.004038433
529,768,59,0.004594343,0.000520671,0.004073672
529,768,60,0.004592338,0.000553947,0.004038391
529,768,61,0.004659305,0.000555128,0.004104177
529,768,62,0.004590933,0.0005247,0.004066233
529,768,63,0.00457681,0.000563082,0.004013728
529,768,64,0.004445686,0.000568498,0.003877188
529,768,65,0.004440283,0.000572528,0.003867755
529,768,66,0.00444679,0.000645246,0.003801544
529,768,67,0.004611835,0.000748853,0.003862982
529,768,68,0.004623591,0.000857343,0.003766248
529,768,69,0.004390453,0.000660518,0.003729935
529,768,70,0.004554213,0.000941946,0.003612267
529,768,71,0.00466151,0.000962603,0.003698907
529,768,72,0.004279209,0.000782859,0.00349635
529,768,73,0.005507346,0.002020202,0.003487144
529,768,74,0.006031097,0.00243136,0.003599737
529,768,75,0.005158998,0.001410862,0.003748136
529,768,76,0.004923089,0.001143542,0.003779547
529,768,77,0.004359511,0.000630398,0.003729113
529,768,78,0.004725252,0.000902895,0.003822357
529,768,79,0.00441833,0.000737175,0.003681155
529,768,80,0.004665543,0.001168055,0.003497488
529,768,81,0.004504943,0.000971112,0.003533831
529,768,82,0.005380925,0.001958957,0.003421968
529,768,83,0.004994073,0.001299148,0.003694925
529,768,84,0.004846532,0.001177479,0.003669053
529,768,85,0.006520442,0.002534894,0.003985548
529,768,86,0.004569945,0.000634847,0.003935098
529,768,87,0.004300374,0.000587188,0.003713186
529,768,88,0.004879332,0.001063264,0.003816068
529,768,89,0.004663998,0.000892416,0.003771582
529,768,90,0.004366208,0.000602679,0.003763529
529,768,91,0.006336561,0.002488498,0.003848063
529,768,92,0.004557155,0.000705543,0.003851612
529,768,93,0.004734824,0.000932811,0.003802013
529,768,94,0.004278471,0.000648897,0.003629574
529,768,95,0.004462469,0.000861206,0.003601263
529,768,96,0.004322232,0.000587572,0.00373466
529,768,97,0.004737307,0.000978308,0.003758999
529,768,98,0.004591379,0.000827754,0.003763625
529,768,99,0.004182704,0.000594324,0.00358838
529,768,100,0.008194551,0.004524064,0.003670487
529,768,101,0.004642728,0.000994045,0.003648683
529,768,102,0.004672634,0.000919012,0.003753622
529,768,103,0.008023387,0.004392349,0.003631038
529,768,104,0.004174929,0.000563266,0.003611663
529,768,105,0.004077795,0.000625213,0.003452582
529,768,106,0.003861176,0.000415826,0.00344535
529,768,107,0.007208596,0.003648602,0.003559994
529,768,108,0.004984669,0.001355252,0.003629417
529,768,109,0.004443951,0.00082162,0.003622331
529,768,110,0.004685004,0.000927105,0.003757899
530,768,1,0.751497787,0.627534916,0.123962871
530,768,2,0.311807787,0.308751528,0.003056259
530,768,3,0.003764163,0.000473314,0.003290849
530,768,4,0.015335392,0.011906788,0.003428604
530,768,5,0.004174788,0.000605734,0.003569054
530,768,6,0.004122474,0.00051381,0.003608664
530,768,7,0.004039369,0.000512333,0.003527036
530,768,8,0.003883945,0.000500564,0.003383381
530,768,9,0.003774181,0.000433242,0.003340939
530,768,10,0.003742768,0.000426002,0.003316766
530,768,11,0.003750351,0.000471341,0.00327901
530,768,12,0.003889372,0.000715917,0.003173455
530,768,13,0.00405348,0.000907683,0.003145797
530,768,14,0.004197425,0.000997323,0.003200102
530,768,15,0.004166371,0.000991858,0.003174513
530,768,16,0.004150004,0.001058776,0.003091228
530,768,17,0.004194872,0.00099957,0.003195302
530,768,18,0.004031722,0.000822925,0.003208797
530,768,19,0.004044275,0.000778239,0.003266036
530,768,20,0.004061389,0.000670751,0.003390638
530,768,21,0.015336622,0.012057706,0.003278916
530,768,22,0.005293062,0.001839963,0.003453099
530,768,23,0.005636115,0.002036886,0.003599229
530,768,24,0.005565806,0.001823102,0.003742704
530,768,25,0.005268631,0.001431554,0.003837077
530,768,26,0.005175333,0.001385196,0.003790137
530,768,27,0.005488418,0.001696132,0.003792286
530,768,28,0.004605339,0.000765915,0.003839424
530,768,29,0.004940024,0.001188174,0.00375185
530,768,30,0.004757218,0.000916381,0.003840837
530,768,31,0.00446421,0.000654763,0.003809447
530,768,32,0.004675979,0.000843125,0.003832854
530,768,33,0.004485771,0.000696458,0.003789313
530,768,34,0.004380804,0.000696079,0.003684725
530,768,35,0.004451006,0.000759974,0.003691032
530,768,36,0.004428438,0.000630175,0.003798263
530,768,37,0.004265107,0.000514427,0.00375068
530,768,38,0.004312297,0.000567053,0.003745244
530,768,39,0.004406802,0.000757059,0.003649743
530,768,40,0.004613053,0.000925871,0.003687182
530,768,41,0.004620267,0.000899168,0.003721099
530,768,42,0.004720673,0.000853488,0.003867185
530,768,43,0.004407445,0.000612603,0.003794842
530,768,44,0.004658042,0.000865858,0.003792184
530,768,45,0.004582819,0.000692616,0.003890203
530,768,46,0.00449143,0.000576242,0.003915188
530,768,47,0.004471367,0.000582361,0.003889006
530,768,48,0.00451028,0.000601206,0.003909074
530,768,49,0.004644688,0.000724858,0.00391983
530,768,50,0.004546913,0.000652582,0.003894331
530,768,51,0.004563182,0.00066259,0.003900592
530,768,52,0.00457935,0.000665242,0.003914108
530,768,53,0.004521365,0.000633587,0.003887778
530,768,54,0.0045379,0.00064906,0.00388884
530,768,55,0.004550211,0.000666143,0.003884068
530,768,56,0.004565799,0.000640679,0.00392512
530,768,57,0.004523504,0.000669822,0.003853682
530,768,58,0.004635006,0.000694388,0.003940618
530,768,59,0.004376273,0.000639172,0.003737101
530,768,60,0.004708944,0.000817462,0.003891482
530,768,61,0.004561707,0.000701038,0.003860669
530,768,62,0.004571815,0.000748449,0.003823366
530,768,63,0.004656498,0.000803062,0.003853436
530,768,64,0.004562575,0.000708491,0.003854084
530,768,65,0.004384415,0.000592671,0.003791744
530,768,66,0.004376796,0.000641848,0.003734948
530,768,67,0.004525896,0.000797163,0.003728733
530,768,68,0.004471041,0.000782361,0.00368868
530,768,69,0.004542318,0.000928906,0.003613412
530,768,70,0.00448995,0.000835018,0.003654932
530,768,71,0.004628286,0.001031628,0.003596658
530,768,72,0.006593327,0.002930572,0.003662755
530,768,73,0.005541217,0.00209956,0.003441657
530,768,74,0.004777693,0.001231058,0.003546635
530,768,75,0.004982961,0.00138761,0.003595351
530,768,76,0.004703476,0.00099395,0.003709526
530,768,77,0.004762474,0.000999992,0.003762482
530,768,78,0.004366762,0.000643824,0.003722938
530,768,79,0.004740894,0.001013983,0.003726911
530,768,80,0.004453254,0.0009486,0.003504654
530,768,81,0.004375383,0.000921729,0.003453654
530,768,82,0.004293843,0.000740876,0.003552967
530,768,83,0.005575375,0.001943768,0.003631607
530,768,84,0.005138958,0.00145114,0.003687818
530,768,85,0.004325044,0.000555541,0.003769503
530,768,86,0.006610658,0.002729176,0.003881482
530,768,87,0.004279929,0.000590279,0.00368965
530,768,88,0.005036215,0.001201553,0.003834662
530,768,89,0.004687678,0.000917702,0.003769976
530,768,90,0.00689798,0.00304373,0.00385425
530,768,91,0.004518193,0.000670132,0.003848061
530,768,92,0.004612272,0.000768586,0.003843686
530,768,93,0.00462213,0.000774873,0.003847257
530,768,94,0.00457626,0.00085605,0.00372021
530,768,95,0.004135712,0.000555147,0.003580565
530,768,96,0.004783835,0.0011299,0.003653935
530,768,97,0.004622132,0.000917569,0.003704563
530,768,98,0.004340276,0.000604326,0.00373595
530,768,99,0.00799661,0.004420591,0.003576019
530,768,100,0.00474277,0.001075758,0.003667012
530,768,101,0.004366011,0.00069019,0.003675821
530,768,102,0.004585056,0.000819793,0.003765263
530,768,103,0.00430828,0.000697727,0.003610553
530,768,104,0.007021769,0.003425264,0.003596505
530,768,105,0.004261996,0.000801043,0.003460953
530,768,106,0.003949131,0.000491561,0.00345757
530,768,107,0.006091516,0.002582925,0.003508591
530,768,108,0.005282039,0.001665027,0.003617012
530,768,109,0.004705988,0.001168036,0.003537952
530,768,110,0.005560204,0.001758028,0.003802176
531,768,1,0.749816464,0.627470588,0.122345876
531,768,2,0.114028228,0.110995366,0.003032862
531,768,3,0.12730522,0.124114487,0.003190733
531,768,4,0.00393189,0.000557777,0.003374113
531,768,5,0.015458224,0.011958582,0.003499642
531,768,6,0.004274458,0.000666055,0.003608403
531,768,7,0.004130474,0.000502911,0.003627563
531,768,8,0.003904309,0.000465704,0.003438605
531,768,9,0.003798374,0.000421749,0.003376625
531,768,10,0.003701245,0.000420335,0.00328091
531,768,11,0.003782281,0.000475821,0.00330646
531,768,12,0.003832881,0.000629569,0.003203312
531,768,13,0.004058606,0.000888111,0.003170495
531,768,14,0.004161816,0.001006072,0.003155744
531,768,15,0.004311941,0.001124137,0.003187804
531,768,16,0.004246061,0.001129236,0.003116825
531,768,17,0.004203856,0.001069409,0.003134447
531,768,18,0.004174383,0.000960403,0.00321398
531,768,19,0.004136812,0.000851898,0.003284914
531,768,20,0.015700594,0.012430605,0.003269989
531,768,21,0.005153247,0.001823154,0.003330093
531,768,22,0.005499744,0.001871208,0.003628536
531,768,23,0.005470093,0.001622829,0.003847264
531,768,24,0.005162913,0.00142174,0.003741173
531,768,25,0.005161817,0.001339452,0.003822365
531,768,26,0.005468001,0.001522305,0.003945696
531,768,27,0.004594513,0.000704773,0.00388974
531,768,28,0.004992525,0.000975441,0.004017084
531,768,29,0.004683525,0.000672523,0.004011002
531,768,30,0.004516462,0.000646669,0.003869793
531,768,31,0.004624287,0.000634769,0.003989518
531,768,32,0.004516475,0.000587,0.003929475
531,768,33,0.004546302,0.00052212,0.004024182
531,768,34,0.004468461,0.000496114,0.003972347
531,768,35,0.004322118,0.000466208,0.00385591
531,768,36,0.004296024,0.000460975,0.003835049
531,768,37,0.004333058,0.000437726,0.003895332
531,768,38,0.004401318,0.000496923,0.003904395
531,768,39,0.004430935,0.000615114,0.003815821
531,768,40,0.004459247,0.000656298,0.003802949
531,768,41,0.004820109,0.000896836,0.003923273
531,768,42,0.004488705,0.000552281,0.003936424
531,768,43,0.004746618,0.000700499,0.004046119
531,768,44,0.004509729,0.000552075,0.003957654
531,768,45,0.004528267,0.00052141,0.004006857
531,768,46,0.004475029,0.000477228,0.003997801
531,768,47,0.004539831,0.00051497,0.004024861
531,768,48,0.00453728,0.000493336,0.004043944
531,768,49,0.004561161,0.000516715,0.004044446
531,768,50,0.00453796,0.000492653,0.004045307
531,768,51,0.004583446,0.000557913,0.004025533
531,768,52,0.004612621,0.00052744,0.004085181
531,768,53,0.004524812,0.000534391,0.003990421
531,768,54,0.004543629,0.000528606,0.004015023
531,768,55,0.004597087,0.000522879,0.004074208
531,768,56,0.004485208,0.000502987,0.003982221
531,768,57,0.004633532,0.000526454,0.004107078
531,768,58,0.004514203,0.000523102,0.003991101
531,768,59,0.004555019,0.000517311,0.004037708
531,768,60,0.004563699,0.000537659,0.00402604
531,768,61,0.004620522,0.000514283,0.004106239
531,768,62,0.004550816,0.000521668,0.004029148
531,768,63,0.00456654,0.000522999,0.004043541
531,768,64,0.004488664,0.000529903,0.003958761
531,768,65,0.004444457,0.000523082,0.003921375
531,768,66,0.004440652,0.000547744,0.003892908
531,768,67,0.004463366,0.000580295,0.003883071
531,768,68,0.00452256,0.000681501,0.003841059
531,768,69,0.004363258,0.00067689,0.003686368
531,768,70,0.004362058,0.000659109,0.003702949
531,768,71,0.006140218,0.002385163,0.003755055
531,768,72,0.006576447,0.003092677,0.00348377
531,768,73,0.004299834,0.000809565,0.003490269
531,768,74,0.004636504,0.001068725,0.003567779
531,768,75,0.005157885,0.001485484,0.003672401
531,768,76,0.004731362,0.001004387,0.003726975
531,768,77,0.00454744,0.000745942,0.003801498
531,768,78,0.004509868,0.000727817,0.003782051
531,768,79,0.004903637,0.001035768,0.003867869
531,768,80,0.004564284,0.000931325,0.003632959
531,768,81,0.004251669,0.000659782,0.003591887
531,768,82,0.004250658,0.000656788,0.00359387
531,768,83,0.004741282,0.000986819,0.003754463
531,768,84,0.00495245,0.001300618,0.003651832
531,768,85,0.006164724,0.002179864,0.00398486
531,768,86,0.004708586,0.000781552,0.003927034
531,768,87,0.004956683,0.001191703,0.00376498
531,768,88,0.004958523,0.001089061,0.003869462
531,768,89,0.007676447,0.003896023,0.003780424
531,768,90,0.004545008,0.000634224,0.003910784
531,768,91,0.004502846,0.000487099,0.004015747
531,768,92,0.004502335,0.000593406,0.003908929
531,768,93,0.004958518,0.000994949,0.003963569
531,768,94,0.004213205,0.000453763,0.003759442
531,768,95,0.004743639,0.001000902,0.003742737
531,768,96,0.004597414,0.000916447,0.003680967
531,768,97,0.004290011,0.000562282,0.003727729
531,768,98,0.008113821,0.004488506,0.003625315
531,768,99,0.004626271,0.001056321,0.00356995
531,768,100,0.004332546,0.000636328,0.003696218
531,768,101,0.004408099,0.000745807,0.003662292
531,768,102,0.004565189,0.000837116,0.003728073
531,768,103,0.004537515,0.000904163,0.003633352
531,768,104,0.005364139,0.00180455,0.003559589
531,768,105,0.004864596,0.001397157,0.003467439
531,768,106,0.006246809,0.002780606,0.003466203
531,768,107,0.004957729,0.001393055,0.003564674
531,768,108,0.005174021,0.00152622,0.003647801
531,768,109,0.00527742,0.001643127,0.003634293
531,768,110,0.004548039,0.000800779,0.00374726
532,768,1,0.7483045,0.625389098,0.122915402
532,768,2,0.241161508,0.238142166,0.003019342
532,768,3,0.004982647,0.001957521,0.003025126
532,768,4,0.055449952,0.052226233,0.003223719
532,768,5,0.00417611,0.000672664,0.003503446
532,768,6,0.015524394,0.01194761,0.003576784
532,768,7,0.004250673,0.000736369,0.003514304
532,768,8,0.003967306,0.000589376,0.00337793
532,768,9,0.003791643,0.000472772,0.003318871
532,768,10,0.003792038,0.000505357,0.003286681
532,768,11,0.003771021,0.000456838,0.003314183
532,768,12,0.003807204,0.000579116,0.003228088
532,768,13,0.00400487,0.000819972,0.003184898
532,768,14,0.004116298,0.000919119,0.003197179
532,768,15,0.004214741,0.001091011,0.00312373
532,768,16,0.004388047,0.001198421,0.003189626
532,768,17,0.004269045,0.001042888,0.003226157
532,768,18,0.004082489,0.000866629,0.00321586
532,768,19,0.01671878,0.013435931,0.003282849
532,768,20,0.005213267,0.001877093,0.003336174
532,768,21,0.005191868,0.001545436,0.003646432
532,768,22,0.005253759,0.001438292,0.003815467
532,768,23,0.005182959,0.001432875,0.003750084
532,768,24,0.005065529,0.001218098,0.003847431
532,768,25,0.00541754,0.00145857,0.00395897
532,768,26,0.004670251,0.000733272,0.003936979
532,768,27,0.004775394,0.000705926,0.004069468
532,768,28,0.004741629,0.000765597,0.003976032
532,768,29,0.004548305,0.000602431,0.003945874
532,768,30,0.00448849,0.000593328,0.003895162
532,768,31,0.004521689,0.000562675,0.003959014
532,768,32,0.004445734,0.00053791,0.003907824
532,768,33,0.004496992,0.000511646,0.003985346
532,768,34,0.004400164,0.000486027,0.003914137
532,768,35,0.004306095,0.000472995,0.0038331
532,768,36,0.004272955,0.000479993,0.003792962
532,768,37,0.004356137,0.00045348,0.003902657
532,768,38,0.004412094,0.00053296,0.003879134
532,768,39,0.004303089,0.00051676,0.003786329
532,768,40,0.004514349,0.000706132,0.003808217
532,768,41,0.004763962,0.000810373,0.003953589
532,768,42,0.004511864,0.000543463,0.003968401
532,768,43,0.004616367,0.000537581,0.004078786
532,768,44,0.004498089,0.000537452,0.003960637
532,768,45,0.004606347,0.000599642,0.004006705
532,768,46,0.004464698,0.000463405,0.004001293
532,768,47,0.004529526,0.000492099,0.004037427
532,768,48,0.004573206,0.00058373,0.003989476
532,768,49,0.004537939,0.000494364,0.004043575
532,768,50,0.004547618,0.00050751,0.004040108
532,768,51,0.004626344,0.000561243,0.004065101
532,768,52,0.004576313,0.000522693,0.00405362
532,768,53,0.004554862,0.000543761,0.004011101
532,768,54,0.004487366,0.000522747,0.003964619
532,768,55,0.004577947,0.00054193,0.004036017
532,768,56,0.004494048,0.000551203,0.003942845
532,768,57,0.004587462,0.000554726,0.004032736
532,768,58,0.0045374,0.000557715,0.003979685
532,768,59,0.004589342,0.000559399,0.004029943
532,768,60,0.004538218,0.00055831,0.003979908
532,768,61,0.00456407,0.00055688,0.00400719
532,768,62,0.00459416,0.000581685,0.004012475
532,768,63,0.004525712,0.000556476,0.003969236
532,768,64,0.004427073,0.000556451,0.003870622
532,768,65,0.004452671,0.000586525,0.003866146
532,768,66,0.004356608,0.000599047,0.003757561
532,768,67,0.005167199,0.001285113,0.003882086
532,768,68,0.004525414,0.000661807,0.003863607
532,768,69,0.004270053,0.000587394,0.003682659
532,768,70,0.005699359,0.002082564,0.003616795
532,768,71,0.005140061,0.00141118,0.003728881
532,768,72,0.004542725,0.00086532,0.003677405
532,768,73,0.00529614,0.001803588,0.003492552
532,768,74,0.004957821,0.001372516,0.003585305
532,768,75,0.004932621,0.001229799,0.003702822
532,768,76,0.004765175,0.001018121,0.003747054
532,768,77,0.004615721,0.000855236,0.003760485
532,768,78,0.004648239,0.000842145,0.003806094
532,768,79,0.004757436,0.000895108,0.003862328
532,768,80,0.004629958,0.000993975,0.003635983
532,768,81,0.004458602,0.00090164,0.003556962
532,768,82,0.004412264,0.000799824,0.00361244
532,768,83,0.004949451,0.001205893,0.003743558
532,768,84,0.006381091,0.002686898,0.003694193
532,768,85,0.004816438,0.000873423,0.003943015
532,768,86,0.004498835,0.000543632,0.003955203
532,768,87,0.004357926,0.00063954,0.003718386
532,768,88,0.00890132,0.005185431,0.003715889
532,768,89,0.004481166,0.000731764,0.003749402
532,768,90,0.004375501,0.000444743,0.003930758
532,768,91,0.004520312,0.000500863,0.004019449
532,768,92,0.004696304,0.000736569,0.003959735
532,768,93,0.004673366,0.000736896,0.00393647
532,768,94,0.004889798,0.001123949,0.003765849
532,768,95,0.004658788,0.000897506,0.003761282
532,768,96,0.004252808,0.000564285,0.003688523
532,768,97,0.007312436,0.003550669,0.003761767
532,768,98,0.005129359,0.001446256,0.003683103
532,768,99,0.004670846,0.001083989,0.003586857
532,768,100,0.00417514,0.000526374,0.003648766
532,768,101,0.004588462,0.000958586,0.003629876
532,768,102,0.004697913,0.001001885,0.003696028
532,768,103,0.005472089,0.001849803,0.003622286
532,768,104,0.00477456,0.001160933,0.003613627
532,768,105,0.006127505,0.002663953,0.003463552
532,768,106,0.004855053,0.001377426,0.003477627
532,768,107,0.00507743,0.001503388,0.003574042
532,768,108,0.005594753,0.001948754,0.003645999
532,768,109,0.004306455,0.00069438,0.003612075
532,768,110,0.00681627,0.003220223,0.003596047
533,768,1,0.7519891,0.628687125,0.123301975
533,768,2,0.180142518,0.177132709,0.003009809
533,768,3,0.082786645,0.079768018,0.003018627
533,768,4,0.003832117,0.000746228,0.003085889
533,768,5,0.022856561,0.019494108,0.003362453
533,768,6,0.004239937,0.000822797,0.00341714
533,768,7,0.01562574,0.012126711,0.003499029
533,768,8,0.004180142,0.000769235,0.003410907
533,768,9,0.003870764,0.000522821,0.003347943
533,768,10,0.003700848,0.000408685,0.003292163
533,768,11,0.003870528,0.000558509,0.003312019
533,768,12,0.003933058,0.000697269,0.003235789
533,768,13,0.003966244,0.000768094,0.00319815
533,768,14,0.004121032,0.000946274,0.003174758
533,768,15,0.004160116,0.001107261,0.003052855
533,768,16,0.004299864,0.001240296,0.003059568
533,768,17,0.004413151,0.00119066,0.003222491
533,768,18,0.017615812,0.014225294,0.003390518
533,768,19,0.005188577,0.001927287,0.00326129
533,768,20,0.004880128,0.001608656,0.003271472
533,768,21,0.005068896,0.001608544,0.003460352
533,768,22,0.005137529,0.001396246,0.003741283
533,768,23,0.00503227,0.001413162,0.003619108
533,768,24,0.005272707,0.001421818,0.003850889
533,768,25,0.004615681,0.00061077,0.004004911
533,768,26,0.004582058,0.000615517,0.003966541
533,768,27,0.004628542,0.000664537,0.003964005
533,768,28,0.004590325,0.000593985,0.00399634
533,768,29,0.004529509,0.000560422,0.003969087
533,768,30,0.0044692,0.000539205,0.003929995
533,768,31,0.004408057,0.000558696,0.003849361
533,768,32,0.004477605,0.000529836,0.003947769
533,768,33,0.004431451,0.00049094,0.003940511
533,768,34,0.004317558,0.00050207,0.003815488
533,768,35,0.004242329,0.000488107,0.003754222
533,768,36,0.004263777,0.000478069,0.003785708
533,768,37,0.004390796,0.000599071,0.003791725
533,768,38,0.00462306,0.000782953,0.003840107
533,768,39,0.004496657,0.000692044,0.003804613
533,768,40,0.004543652,0.000767122,0.00377653
533,768,41,0.004621409,0.000751915,0.003869494
533,768,42,0.004582763,0.000682552,0.003900211
533,768,43,0.004442282,0.000510167,0.003932115
533,768,44,0.004507168,0.00059071,0.003916458
533,768,45,0.004431588,0.000531248,0.00390034
533,768,46,0.004608071,0.000676107,0.003931964
533,768,47,0.004431813,0.000547884,0.003883929
533,768,48,0.004591752,0.000586825,0.004004927
533,768,49,0.004566869,0.000624808,0.003942061
533,768,50,0.004451133,0.000550385,0.003900748
533,768,51,0.004520904,0.000621491,0.003899413
533,768,52,0.004626989,0.000652949,0.00397404
533,768,53,0.004522778,0.000622987,0.003899791
533,768,54,0.00457043,0.00059617,0.00397426
533,768,55,0.004453236,0.000605589,0.003847647
533,768,56,0.004565025,0.000631572,0.003933453
533,768,57,0.004492422,0.000651018,0.003841404
533,768,58,0.004597242,0.000670602,0.00392664
533,768,59,0.004544659,0.000690896,0.003853763
533,768,60,0.004649138,0.000669368,0.00397977
533,768,61,0.004606393,0.000658953,0.00394744
533,768,62,0.004621632,0.000673132,0.0039485
533,768,63,0.004489836,0.00059979,0.003890046
533,768,64,0.004464762,0.000644424,0.003820338
533,768,65,0.004678767,0.000845002,0.003833765
533,768,66,0.005312137,0.001543325,0.003768812
533,768,67,0.004584058,0.000751884,0.003832174
533,768,68,0.004445164,0.000574071,0.003871093
533,768,69,0.004518151,0.000816953,0.003701198
533,768,70,0.005090773,0.001386711,0.003704062
533,768,71,0.00476027,0.00100105,0.00375922
533,768,72,0.004580628,0.000940508,0.00364012
533,768,73,0.004472972,0.00091213,0.003560842
533,768,74,0.00576307,0.002211166,0.003551904
533,768,75,0.004938601,0.001289573,0.003649028
533,768,76,0.004981911,0.001225968,0.003755943
533,768,77,0.004318023,0.000662821,0.003655202
533,768,78,0.004872822,0.001118636,0.003754186
533,768,79,0.005035226,0.00141662,0.003618606
533,768,80,0.004874014,0.001291147,0.003582867
533,768,81,0.00429459,0.000845007,0.003449583
533,768,82,0.004610975,0.001029176,0.003581799
533,768,83,0.006256516,0.002683787,0.003572729
533,768,84,0.005052025,0.001382532,0.003669493
533,768,85,0.004726078,0.000802881,0.003923197
533,768,86,0.004725905,0.000777638,0.003948267
533,768,87,0.008684695,0.004931531,0.003753164
533,768,88,0.004668703,0.000940492,0.003728211
533,768,89,0.004196738,0.000518871,0.003677867
533,768,90,0.004418072,0.000534836,0.003883236
533,768,91,0.004420847,0.00055016,0.003870687
533,768,92,0.004832164,0.000918533,0.003913631
533,768,93,0.005266122,0.001532061,0.003734061
533,768,94,0.004731974,0.001012243,0.003719731
533,768,95,0.004377485,0.000626551,0.003750934
533,768,96,0.007087672,0.003376987,0.003710685
533,768,97,0.00529435,0.001635577,0.003658773
533,768,98,0.004562293,0.000898091,0.003664202
533,768,99,0.004093099,0.000500462,0.003592637
533,768,100,0.004343414,0.000704883,0.003638531
533,768,101,0.0050186,0.0013768,0.0036418
533,768,102,0.005578127,0.001958979,0.003619148
533,768,103,0.004946735,0.001370443,0.003576292
533,768,104,0.00567996,0.002136458,0.003543502
533,768,105,0.004787495,0.001329456,0.003458039
533,768,106,0.00536815,0.001893849,0.003474301
533,768,107,0.00528623,0.001654432,0.003631798
533,768,108,0.004749348,0.001109672,0.003639676
533,768,109,0.006734431,0.003032151,0.00370228
533,768,110,0.004452772,0.000985501,0.003467271
534,768,1,0.752781422,0.629154937,0.123626485
534,768,2,0.244043336,0.240955354,0.003087982
534,768,3,0.026702399,0.023605217,0.003097182
534,768,4,0.03066987,0.027373911,0.003295959
534,768,5,0.00419367,0.000688786,0.003504884
534,768,6,0.005472811,0.002046075,0.003426736
534,768,7,0.004388004,0.000832821,0.003555183
534,768,8,0.01555737,0.012108137,0.003449233
534,768,9,0.004093569,0.000661947,0.003431622
534,768,10,0.00379485,0.000497256,0.003297594
534,768,11,0.003757138,0.000426282,0.003330856
534,768,12,0.003866018,0.000590717,0.003275301
534,768,13,0.004024695,0.000809156,0.003215539
534,768,14,0.004103785,0.000890354,0.003213431
534,768,15,0.004401723,0.001169682,0.003232041
534,768,16,0.004177849,0.001030933,0.003146916
534,768,17,0.018724,0.015419501,0.003304499
534,768,18,0.005307672,0.00199785,0.003309822
534,768,19,0.00491061,0.001504939,0.003405671
534,768,20,0.004866322,0.001484852,0.00338147
534,768,21,0.004841161,0.001324818,0.003516343
534,768,22,0.005119427,0.001419579,0.003699848
534,768,23,0.005034309,0.001194159,0.00384015
534,768,24,0.004551811,0.000665705,0.003886106
534,768,25,0.004526475,0.000537499,0.003988976
534,768,26,0.00447207,0.000545664,0.003926406
534,768,27,0.004586881,0.000624362,0.003962519
534,768,28,0.004597308,0.000599307,0.003998001
534,768,29,0.004573463,0.00053873,0.004034733
534,768,30,0.004398165,0.000521002,0.003877163
534,768,31,0.004500374,0.000520014,0.00398036
534,768,32,0.004441267,0.000499429,0.003941838
534,768,33,0.004408115,0.000485982,0.003922133
534,768,34,0.004320475,0.000460255,0.00386022
534,768,35,0.004269484,0.000463412,0.003806072
534,768,36,0.004245411,0.000459735,0.003785676
534,768,37,0.004402312,0.000466681,0.003935631
534,768,38,0.004321221,0.000467014,0.003854207
534,768,39,0.004416846,0.000594919,0.003821927
534,768,40,0.004382988,0.000543357,0.003839631
534,768,41,0.004552113,0.000718281,0.003833832
534,768,42,0.004568781,0.000696462,0.003872319
534,768,43,0.004659488,0.000696531,0.003962957
534,768,44,0.00440894,0.000551045,0.003857895
534,768,45,0.004584395,0.000615928,0.003968467
534,768,46,0.004483584,0.000532908,0.003950676
534,768,47,0.004686357,0.000563999,0.004122358
534,768,48,0.00443716,0.00051043,0.00392673
534,768,49,0.00460142,0.000551483,0.004049937
534,768,50,0.004563947,0.00058572,0.003978227
534,768,51,0.004610225,0.000586046,0.004024179
534,768,52,0.00461991,0.000596294,0.004023616
534,768,53,0.004520011,0.00057581,0.003944201
534,768,54,0.004505715,0.000546532,0.003959183
534,768,55,0.004675559,0.000610958,0.004064601
534,768,56,0.004507716,0.000558099,0.003949617
534,768,57,0.004649851,0.000632763,0.004017088
534,768,58,0.004499491,0.000601163,0.003898328
534,768,59,0.004604106,0.000611589,0.003992517
534,768,60,0.004502338,0.00060998,0.003892358
534,768,61,0.004718665,0.000619681,0.004098984
534,768,62,0.00454921,0.000615863,0.003933347
534,768,63,0.004650816,0.000656265,0.003994551
534,768,64,0.004727937,0.000846711,0.003881226
534,768,65,0.00446628,0.000557021,0.003909259
534,768,66,0.004641798,0.000884775,0.003757023
534,768,67,0.004596402,0.000694938,0.003901464
534,768,68,0.004960696,0.001068051,0.003892645
534,768,69,0.00514102,0.001275762,0.003865258
534,768,70,0.004576841,0.000848231,0.00372861
534,768,71,0.004457332,0.000660146,0.003797186
534,768,72,0.004269759,0.000661493,0.003608266
534,768,73,0.004544692,0.000927427,0.003617265
534,768,74,0.005368668,0.001742745,0.003625923
534,768,75,0.005476167,0.001691346,0.003784821
534,768,76,0.004395619,0.000716737,0.003678882
534,768,77,0.004934913,0.001170606,0.003764307
534,768,78,0.005304154,0.001583428,0.003720726
534,768,79,0.005193267,0.001472294,0.003720973
534,768,80,0.004472481,0.000901101,0.00357138
534,768,81,0.004742786,0.00120962,0.003533166
534,768,82,0.006073776,0.002515328,0.003558448
534,768,83,0.005080136,0.001323534,0.003756602
534,768,84,0.004670988,0.000946209,0.003724779
534,768,85,0.004584205,0.000536095,0.00404811
534,768,86,0.004795196,0.000795481,0.003999715
534,768,87,0.005227717,0.001456768,0.003770949
534,768,88,0.007023464,0.003242297,0.003781167
534,768,89,0.004644868,0.000833153,0.003811715
534,768,90,0.004399318,0.000487533,0.003911785
534,768,91,0.004516163,0.000515919,0.004000244
534,768,92,0.006136973,0.002289053,0.00384792
534,768,93,0.004944427,0.001245971,0.003698456
534,768,94,0.004329624,0.000594525,0.003735099
534,768,95,0.00705321,0.003375438,0.003677772
534,768,96,0.005349527,0.00157581,0.003773717
534,768,97,0.004498931,0.000754837,0.003744094
534,768,98,0.00421625,0.000489687,0.003726563
534,768,99,0.004181209,0.000486195,0.003695014
534,768,100,0.004796992,0.00107656,0.003720432
534,768,101,0.005904586,0.002091989,0.003812597
534,768,102,0.005027711,0.001325994,0.003701717
534,768,103,0.005555721,0.001927943,0.003627778
534,768,104,0.004600765,0.000985776,0.003614989
534,768,105,0.005743864,0.002208335,0.003535529
534,768,106,0.004982825,0.001428741,0.003554084
534,768,107,0.004655609,0.000915458,0.003740151
534,768,108,0.006925191,0.003282266,0.003642925
534,768,109,0.004720574,0.000928924,0.00379165
534,768,110,0.004093747,0.000572208,0.003521539
535,768,1,0.757246733,0.63372481,0.123521923
535,768,2,0.183109202,0.180093883,0.003015319
535,768,3,0.077500608,0.074450074,0.003050534
535,768,4,0.004035971,0.000727277,0.003308694
535,768,5,0.003891013,0.000450872,0.003440141
535,768,6,0.003923384,0.000445185,0.003478199
535,768,7,0.004872529,0.001449598,0.003422931
535,768,8,0.004494556,0.001005963,0.003488593
535,768,9,0.015287712,0.012028987,0.003258725
535,768,10,0.004097987,0.000857105,0.003240882
535,768,11,0.00383637,0.000521545,0.003314825
535,768,12,0.003756938,0.000501883,0.003255055
535,768,13,0.003950742,0.000764321,0.003186421
535,768,14,0.004159323,0.000979423,0.0031799
535,768,15,0.004127101,0.000996772,0.003130329
535,768,16,0.020016794,0.016750921,0.003265873
535,768,17,0.005373379,0.002095783,0.003277596
535,768,18,0.004788224,0.001530983,0.003257241
535,768,19,0.004872971,0.001595714,0.003277257
535,768,20,0.004737421,0.001373729,0.003363692
535,768,21,0.005001544,0.001371049,0.003630495
535,768,22,0.004863285,0.001086306,0.003776979
535,768,23,0.004560898,0.000605909,0.003954989
535,768,24,0.004385692,0.000498522,0.00388717
535,768,25,0.004544864,0.000508378,0.004036486
535,768,26,0.00451496,0.000515106,0.003999854
535,768,27,0.004488917,0.00051093,0.003977987
535,768,28,0.004430111,0.000551902,0.003878209
535,768,29,0.004425469,0.000491841,0.003933628
535,768,30,0.004375266,0.000520535,0.003854731
535,768,31,0.00435213,0.000511109,0.003841021
535,768,32,0.004368889,0.000499897,0.003868992
535,768,33,0.004317638,0.000524908,0.00379273
535,768,34,0.004185613,0.00052606,0.003659553
535,768,35,0.004308937,0.000632873,0.003676064
535,768,36,0.004240614,0.000539387,0.003701227
535,768,37,0.004477926,0.000711126,0.0037668
535,768,38,0.004347197,0.000696903,0.003650294
535,768,39,0.004569392,0.000933379,0.003636013
535,768,40,0.004558023,0.000869017,0.003689006
535,768,41,0.004704582,0.00099988,0.003704702
535,768,42,0.004503882,0.00073493,0.003768952
535,768,43,0.004628346,0.000796718,0.003831628
535,768,44,0.004282549,0.000589082,0.003693467
535,768,45,0.004632457,0.000826693,0.003805764
535,768,46,0.004428825,0.000594426,0.003834399
535,768,47,0.004478852,0.000607122,0.00387173
535,768,48,0.004535193,0.000664279,0.003870914
535,768,49,0.00454728,0.000614462,0.003932818
535,768,50,0.004779262,0.000914801,0.003864461
535,768,51,0.004576179,0.000789209,0.00378697
535,768,52,0.004701762,0.000745564,0.003956198
535,768,53,0.0044077,0.000599694,0.003808006
535,768,54,0.004618163,0.000750619,0.003867544
535,768,55,0.004365676,0.000601758,0.003763918
535,768,56,0.004859789,0.001088056,0.003771733
535,768,57,0.004432611,0.000576648,0.003855963
535,768,58,0.004644402,0.000847848,0.003796554
535,768,59,0.004411536,0.000597217,0.003814319
535,768,60,0.004700158,0.000917058,0.0037831
535,768,61,0.004662907,0.000842766,0.003820141
535,768,62,0.004643884,0.000802176,0.003841708
535,768,63,0.004789888,0.000997973,0.003791915
535,768,64,0.00471045,0.00101701,0.00369344
535,768,65,0.004701873,0.001038714,0.003663159
535,768,66,0.004694263,0.000981696,0.003712567
535,768,67,0.004596854,0.000894163,0.003702691
535,768,68,0.005499743,0.001775822,0.003723921
535,768,69,0.004253889,0.000562816,0.003691073
535,768,70,0.004428576,0.000778743,0.003649833
535,768,71,0.004641304,0.000944276,0.003697028
535,768,72,0.004474777,0.000832603,0.003642174
535,768,73,0.005163542,0.001671438,0.003492104
535,768,74,0.004973048,0.001497424,0.003475624
535,768,75,0.004821194,0.001189974,0.00363122
535,768,76,0.005016261,0.001384913,0.003631348
535,768,77,0.004617364,0.000966141,0.003651223
535,768,78,0.005407832,0.001813741,0.003594091
535,768,79,0.004908603,0.001315599,0.003593004
535,768,80,0.004762614,0.001341551,0.003421063
535,768,81,0.006371194,0.002888805,0.003482389
535,768,82,0.004846968,0.001236863,0.003610105
535,768,83,0.004819579,0.001167164,0.003652415
535,768,84,0.004222726,0.000578268,0.003644458
535,768,85,0.004829397,0.001003343,0.003826054
535,768,86,0.005739094,0.001848286,0.003890808
535,768,87,0.005638195,0.001880331,0.003757864
535,768,88,0.004889157,0.001234763,0.003654394
535,768,89,0.004320459,0.000612595,0.003707864
535,768,90,0.004796564,0.000965814,0.00383075
535,768,91,0.00654568,0.002641907,0.003903773
535,768,92,0.005387962,0.001658242,0.00372972
535,768,93,0.004447573,0.000873555,0.003574018
535,768,94,0.007102037,0.00333792,0.003764117
535,768,95,0.005322938,0.001619971,0.003702967
535,768,96,0.004517528,0.000820355,0.003697173
535,768,97,0.004129993,0.000505532,0.003624461
535,768,98,0.004169451,0.000515438,0.003654013
535,768,99,0.004629979,0.000992817,0.003637162
535,768,100,0.005642207,0.002026444,0.003615763
535,768,101,0.00562256,0.001888198,0.003734362
535,768,102,0.005565138,0.002009521,0.003555617
535,768,103,0.004593918,0.00107926,0.003514658
535,768,104,0.005873896,0.002394933,0.003478963
535,768,105,0.004931921,0.001463876,0.003468045
535,768,106,0.004124965,0.000618748,0.003506217
535,768,107,0.007106911,0.003480056,0.003626855
535,768,108,0.004672987,0.001061063,0.003611924
535,768,109,0.004555264,0.000880928,0.003674336
535,768,110,0.005106931,0.001732677,0.003374254
536,768,1,0.747864636,0.624605833,0.123258803
536,768,2,0.300339395,0.297316306,0.003023089
536,768,3,0.003763056,0.000614251,0.003148805
536,768,4,0.003827887,0.00050144,0.003326447
536,768,5,0.003828585,0.000395507,0.003433078
536,768,6,0.00387005,0.000443562,0.003426488
536,768,7,0.003912973,0.000475746,0.003437227
536,768,8,0.004357003,0.00084979,0.003507213
536,768,9,0.004521339,0.000959003,0.003562336
536,768,10,0.014947361,0.011778244,0.003169117
536,768,11,0.004172346,0.00086193,0.003310416
536,768,12,0.003797561,0.00059046,0.003207101
536,768,13,0.00367682,0.000537584,0.003139236
536,768,14,0.004011705,0.000865084,0.003146621
536,768,15,0.021226775,0.018066168,0.003160607
536,768,16,0.00562601,0.002352592,0.003273418
536,768,17,0.004907456,0.00144032,0.003467136
536,768,18,0.004836588,0.001435164,0.003401424
536,768,19,0.004634123,0.001297165,0.003336958
536,768,20,0.004801854,0.001338117,0.003463737
536,768,21,0.004713769,0.001022786,0.003690983
536,768,22,0.004393652,0.000650672,0.00374298
536,768,23,0.004312575,0.000601782,0.003710793
536,768,24,0.004457114,0.000638781,0.003818333
536,768,25,0.004384082,0.000519295,0.003864787
536,768,26,0.004425993,0.000518537,0.003907456
536,768,27,0.004420433,0.000566114,0.003854319
536,768,28,0.004454389,0.000596192,0.003858197
536,768,29,0.004481184,0.000524694,0.00395649
536,768,30,0.00432471,0.000516922,0.003807788
536,768,31,0.00442959,0.000525549,0.003904041
536,768,32,0.004447333,0.0005017,0.003945633
536,768,33,0.004312554,0.000486823,0.003825731
536,768,34,0.004236734,0.000480186,0.003756548
536,768,35,0.004238262,0.000476195,0.003762067
536,768,36,0.004326442,0.000506517,0.003819925
536,768,37,0.00434923,0.000605825,0.003743405
536,768,38,0.004485893,0.000717253,0.00376864
536,768,39,0.004454689,0.000730381,0.003724308
536,768,40,0.004596652,0.000857436,0.003739216
536,768,41,0.004651519,0.000843391,0.003808128
536,768,42,0.004523562,0.000746849,0.003776713
536,768,43,0.004556121,0.000669115,0.003887006
536,768,44,0.004350548,0.000576082,0.003774466
536,768,45,0.004556538,0.00070573,0.003850808
536,768,46,0.004454168,0.000672622,0.003781546
536,768,47,0.004664709,0.000803742,0.003860967
536,768,48,0.00456982,0.000705957,0.003863863
536,768,49,0.004869389,0.001005796,0.003863593
536,768,50,0.004713262,0.000834922,0.00387834
536,768,51,0.004599521,0.000655019,0.003944502
536,768,52,0.004522282,0.000693563,0.003828719
536,768,53,0.004628701,0.000785588,0.003843113
536,768,54,0.004454224,0.000648604,0.00380562
536,768,55,0.004599177,0.000760276,0.003838901
536,768,56,0.004466054,0.000672503,0.003793551
536,768,57,0.004623923,0.0008259,0.003798023
536,768,58,0.004520675,0.000671286,0.003849389
536,768,59,0.004575706,0.000805404,0.003770302
536,768,60,0.004723747,0.000969219,0.003754528
536,768,61,0.004571348,0.000751751,0.003819597
536,768,62,0.005019991,0.001209364,0.003810627
536,768,63,0.004795945,0.001020671,0.003775274
536,768,64,0.004749294,0.001001702,0.003747592
536,768,65,0.004625084,0.000886578,0.003738506
536,768,66,0.004418519,0.000729669,0.00368885
536,768,67,0.004889477,0.001110148,0.003779329
536,768,68,0.004763477,0.001014673,0.003748804
536,768,69,0.004751741,0.001088516,0.003663225
536,768,70,0.004344458,0.000779838,0.00356462
536,768,71,0.004446024,0.000805851,0.003640173
536,768,72,0.005188724,0.001644972,0.003543752
536,768,73,0.004737193,0.001233224,0.003503969
536,768,74,0.004697469,0.001169015,0.003528454
536,768,75,0.005050641,0.001477101,0.00357354
536,768,76,0.005022129,0.001455582,0.003566547
536,768,77,0.00534807,0.001853605,0.003494465
536,768,78,0.004952212,0.001297658,0.003654554
536,768,79,0.004308673,0.000753885,0.003554788
536,768,80,0.00608639,0.002747479,0.003338911
536,768,81,0.005517506,0.00203084,0.003486666
536,768,82,0.004727533,0.001126452,0.003601081
536,768,83,0.004717869,0.001044098,0.003673771
536,768,84,0.004705592,0.001022653,0.003682939
536,768,85,0.005443763,0.001628173,0.00381559
536,768,86,0.005123782,0.001359989,0.003763793
536,768,87,0.005576259,0.001776711,0.003799548
536,768,88,0.004269668,0.000573488,0.00369618
536,768,89,0.0042284,0.000521709,0.003706691
536,768,90,0.006769201,0.00292326,0.003845941
536,768,91,0.005906258,0.002022655,0.003883603
536,768,92,0.004659308,0.000734286,0.003925022
536,768,93,0.006658875,0.002936594,0.003722281
536,768,94,0.005519888,0.001770686,0.003749202
536,768,95,0.004685655,0.000947318,0.003738337
536,768,96,0.004125017,0.000422892,0.003702125
536,768,97,0.004099816,0.000508234,0.003591582
536,768,98,0.004537954,0.000891062,0.003646892
536,768,99,0.005248522,0.001584075,0.003664447
536,768,100,0.006077412,0.002445889,0.003631523
536,768,101,0.00583658,0.002151079,0.003685501
536,768,102,0.004579812,0.000957971,0.003621841
536,768,103,0.005909683,0.002308422,0.003601261
536,768,104,0.004966375,0.001516329,0.003450046
536,768,105,0.00398199,0.00053289,0.0034491
536,768,106,0.006666724,0.003083622,0.003583102
536,768,107,0.004989762,0.001353856,0.003635906
536,768,108,0.004618958,0.000961832,0.003657126
536,768,109,0.005408622,0.001808862,0.00359976
536,768,110,0.004014365,0.000641784,0.003372581
537,768,1,0.749391174,0.62667194,0.122719234
537,768,2,0.178007457,0.17498092,0.003026537
537,768,3,0.07156112,0.068518008,0.003043112
537,768,4,0.004007956,0.000707526,0.00330043
537,768,5,0.003907358,0.000527583,0.003379775
537,768,6,0.003920135,0.000456794,0.003463341
537,768,7,0.003939374,0.000467276,0.003472098
537,768,8,0.004024561,0.000473692,0.003550869
537,768,9,0.0042666,0.00069524,0.00357136
537,768,10,0.004437532,0.000889739,0.003547793
537,768,11,0.014653547,0.011459987,0.00319356
537,768,12,0.004119183,0.000936462,0.003182721
537,768,13,0.003774745,0.000586121,0.003188624
537,768,14,0.020958188,0.017856578,0.00310161
537,768,15,0.005396522,0.002213571,0.003182951
537,768,16,0.005210698,0.001902937,0.003307761
537,768,17,0.004675031,0.001224786,0.003450245
537,768,18,0.004447995,0.001065584,0.003382411
537,768,19,0.004651814,0.001287281,0.003364533
537,768,20,0.004754971,0.001177841,0.00357713
537,768,21,0.004622242,0.000870625,0.003751617
537,768,22,0.004365807,0.000588376,0.003777431
537,768,23,0.004559302,0.000682936,0.003876366
537,768,24,0.004406733,0.000487838,0.003918895
537,768,25,0.004468736,0.000500163,0.003968573
537,768,26,0.004627598,0.000489241,0.004138357
537,768,27,0.004438841,0.000505624,0.003933217
537,768,28,0.004524711,0.000544414,0.003980297
537,768,29,0.004462918,0.000482875,0.003980043
537,768,30,0.004377864,0.00052549,0.003852374
537,768,31,0.004524249,0.00066628,0.003857969
537,768,32,0.004361165,0.000522171,0.003838994
537,768,33,0.004452789,0.000646823,0.003805966
537,768,34,0.004298232,0.000570957,0.003727275
537,768,35,0.004241395,0.000579141,0.003662254
537,768,36,0.004337027,0.000564488,0.003772539
537,768,37,0.004292668,0.00052446,0.003768208
537,768,38,0.004360765,0.000653144,0.003707621
537,768,39,0.004390337,0.000722238,0.003668099
537,768,40,0.004534071,0.00084857,0.003685501
537,768,41,0.004567532,0.000822231,0.003745301
537,768,42,0.004623496,0.000838502,0.003784994
537,768,43,0.004653771,0.000781536,0.003872235
537,768,44,0.004374722,0.000584702,0.00379002
537,768,45,0.004523518,0.000658087,0.003865431
537,768,46,0.004507864,0.000715068,0.003792796
537,768,47,0.004897622,0.001086473,0.003811149
537,768,48,0.004604065,0.000744264,0.003859801
537,768,49,0.004489383,0.000634294,0.003855089
537,768,50,0.004765138,0.000908406,0.003856732
537,768,51,0.004556147,0.000721399,0.003834748
537,768,52,0.004614688,0.000773391,0.003841297
537,768,53,0.004562073,0.00069612,0.003865953
537,768,54,0.0047238,0.000873775,0.003850025
537,768,55,0.004555339,0.000782957,0.003772382
537,768,56,0.004618388,0.000780207,0.003838181
537,768,57,0.004484299,0.00074094,0.003743359
537,768,58,0.004703244,0.000888738,0.003814506
537,768,59,0.004455169,0.000706607,0.003748562
537,768,60,0.004578513,0.000793799,0.003784714
537,768,61,0.004818906,0.001012185,0.003806721
537,768,62,0.004486707,0.000651226,0.003835481
537,768,63,0.004420862,0.000672732,0.00374813
537,768,64,0.004751025,0.000995659,0.003755366
537,768,65,0.004448136,0.000729379,0.003718757
537,768,66,0.005037749,0.001379398,0.003658351
537,768,67,0.004817727,0.001122556,0.003695171
537,768,68,0.004666179,0.000887895,0.003778284
537,768,69,0.004355131,0.000695935,0.003659196
537,768,70,0.00456336,0.000852906,0.003710454
537,768,71,0.004447808,0.000790708,0.0036571
537,768,72,0.004270648,0.000640172,0.003630476
537,768,73,0.004971584,0.001431097,0.003540487
537,768,74,0.004768461,0.001351752,0.003416709
537,768,75,0.005381686,0.001748566,0.00363312
537,768,76,0.006719027,0.003246404,0.003472623
537,768,77,0.005180497,0.001535517,0.00364498
537,768,78,0.004312006,0.00074006,0.003571946
537,768,79,0.005934883,0.002557411,0.003377472
537,768,80,0.00466971,0.001352047,0.003317663
537,768,81,0.005090613,0.001555903,0.00353471
537,768,82,0.00498149,0.001323037,0.003658453
537,768,83,0.004288099,0.000660033,0.003628066
537,768,84,0.00585997,0.002128728,0.003731242
537,768,85,0.005464917,0.001676419,0.003788498
537,768,86,0.004676062,0.000958556,0.003717506
537,768,87,0.004653958,0.000863842,0.003790116
537,768,88,0.004348171,0.000675171,0.003673
537,768,89,0.006828695,0.003101555,0.00372714
537,768,90,0.005452242,0.001593904,0.003858338
537,768,91,0.004724699,0.000830827,0.003893872
537,768,92,0.004947642,0.0010506,0.003897042
537,768,93,0.006427653,0.002689112,0.003738541
537,768,94,0.004655937,0.000895627,0.00376031
537,768,95,0.004895908,0.001202604,0.003693304
537,768,96,0.004485742,0.000790791,0.003694951
537,768,97,0.005123422,0.001559097,0.003564325
537,768,98,0.004665005,0.00108611,0.003578895
537,768,99,0.006212302,0.002595622,0.00361668
537,768,100,0.005859591,0.002185181,0.00367441
537,768,101,0.004488204,0.000799522,0.003688682
537,768,102,0.006453514,0.002863878,0.003589636
537,768,103,0.004922869,0.001392764,0.003530105
537,768,104,0.004040465,0.000593459,0.003447006
537,768,105,0.003921851,0.000466908,0.003454943
537,768,106,0.004119991,0.000647621,0.00347237
537,768,107,0.006489353,0.002878902,0.003610451
537,768,108,0.007003735,0.00325532,0.003748415
537,768,109,0.004267404,0.000690933,0.003576471
537,768,110,0.003894528,0.000520205,0.003374323
538,768,1,0.754241085,0.62996146,0.124279625
538,768,2,0.258075842,0.255057143,0.003018699
538,768,3,0.003639291,0.000505215,0.003134076
538,768,4,0.046183539,0.042969038,0.003214501
538,768,5,0.004316207,0.000871582,0.003444625
538,768,6,0.003997475,0.000477539,0.003519936
538,768,7,0.004000953,0.000492165,0.003508788
538,768,8,0.004060322,0.000476848,0.003583474
538,768,9,0.004126426,0.000522308,0.003604118
538,768,10,0.004111607,0.000528363,0.003583244
538,768,11,0.004190283,0.000695506,0.003494777
538,768,12,0.014377331,0.011196586,0.003180745
538,768,13,0.021695334,0.01861195,0.003083384
538,768,14,0.00489952,0.001771777,0.003127743
538,768,15,0.005136146,0.001837111,0.003299035
538,768,16,0.004627864,0.001280711,0.003347153
538,768,17,0.004666051,0.001212355,0.003453696
538,768,18,0.004457563,0.001061695,0.003395868
538,768,19,0.004574084,0.001176453,0.003397631
538,768,20,0.004633925,0.001119657,0.003514268
538,768,21,0.00479244,0.000928395,0.003864045
538,768,22,0.004335154,0.000491847,0.003843307
538,768,23,0.00449432,0.000528624,0.003965696
538,768,24,0.004469576,0.000496734,0.003972842
538,768,25,0.004492782,0.000506044,0.003986738
538,768,26,0.004574099,0.000502407,0.004071692
538,768,27,0.004522658,0.000506265,0.004016393
538,768,28,0.004568853,0.000566399,0.004002454
538,768,29,0.00457832,0.000576169,0.004002151
538,768,30,0.004467256,0.000556262,0.003910994
538,768,31,0.004420181,0.000603274,0.003816907
538,768,32,0.004505411,0.000598409,0.003907002
538,768,33,0.004324797,0.000565179,0.003759618
538,768,34,0.004317158,0.000556235,0.003760923
538,768,35,0.004248576,0.000555973,0.003692603
538,768,36,0.004323707,0.000590283,0.003733424
538,768,37,0.004256799,0.000545385,0.003711414
538,768,38,0.004435791,0.000641849,0.003793942
538,768,39,0.004385323,0.000681729,0.003703594
538,768,40,0.004539873,0.000813158,0.003726715
538,768,41,0.004570827,0.000806719,0.003764108
538,768,42,0.004560875,0.000778581,0.003782294
538,768,43,0.00447329,0.000640566,0.003832724
538,768,44,0.00455157,0.000741219,0.003810351
538,768,45,0.004542838,0.000726245,0.003816593
538,768,46,0.004781922,0.001006454,0.003775468
538,768,47,0.004755464,0.000851815,0.003903649
538,768,48,0.004458463,0.000608315,0.003850148
538,768,49,0.004787787,0.000950581,0.003837206
538,768,50,0.004571149,0.000629519,0.00394163
538,768,51,0.004620443,0.000698965,0.003921478
538,768,52,0.004575334,0.000647975,0.003927359
538,768,53,0.004703474,0.00082259,0.003880884
538,768,54,0.004569567,0.000682234,0.003887333
538,768,55,0.004513568,0.000649547,0.003864021
538,768,56,0.004638012,0.000732048,0.003905964
538,768,57,0.004639185,0.000755553,0.003883632
538,768,58,0.004543696,0.000655397,0.003888299
538,768,59,0.004469998,0.000700002,0.003769996
538,768,60,0.004831799,0.000961452,0.003870347
538,768,61,0.004398605,0.000601816,0.003796789
538,768,62,0.004551226,0.000703515,0.003847711
538,768,63,0.004736125,0.000906831,0.003829294
538,768,64,0.004461051,0.000681048,0.003780003
538,768,65,0.004902523,0.00123242,0.003670103
538,768,66,0.004758335,0.001057751,0.003700584
538,768,67,0.004510199,0.000794055,0.003716144
538,768,68,0.004472209,0.000669516,0.003802693
538,768,69,0.00429585,0.000637468,0.003658382
538,768,70,0.004567553,0.000880492,0.003687061
538,768,71,0.004318871,0.000608859,0.003710012
538,768,72,0.004477549,0.000751503,0.003726046
538,768,73,0.004169429,0.00053756,0.003631869
538,768,74,0.006006903,0.002453324,0.003553579
538,768,75,0.007563394,0.004094274,0.00346912
538,768,76,0.005211914,0.001518615,0.003693299
538,768,77,0.004374709,0.000676263,0.003698446
538,768,78,0.006037014,0.002455116,0.003581898
538,768,79,0.004807239,0.001270342,0.003536897
538,768,80,0.004372864,0.000917152,0.003455712
538,768,81,0.00472639,0.001226384,0.003500006
538,768,82,0.004795834,0.001103651,0.003692183
538,768,83,0.00568394,0.001992345,0.003691595
538,768,84,0.005742357,0.001835264,0.003907093
538,768,85,0.004716836,0.000756943,0.003959893
538,768,86,0.004331727,0.000575908,0.003755819
538,768,87,0.004552706,0.000690499,0.003862207
538,768,88,0.006825021,0.003070445,0.003754576
538,768,89,0.005326881,0.001446327,0.003880554
538,768,90,0.004643939,0.000712008,0.003931931
538,768,91,0.005074547,0.001109935,0.003964612
538,768,92,0.004524379,0.00046498,0.004059399
538,768,93,0.004220394,0.000471162,0.003749232
538,768,94,0.005719149,0.002003138,0.003716011
538,768,95,0.004574829,0.000882656,0.003692173
538,768,96,0.006866527,0.003122112,0.003744415
538,768,97,0.004714845,0.001121546,0.003593299
538,768,98,0.006063693,0.002467196,0.003596497
538,768,99,0.005621208,0.001910989,0.003710219
538,768,100,0.004601577,0.000868629,0.003732948
538,768,101,0.004509801,0.000847942,0.003661859
538,768,102,0.004170045,0.000501567,0.003668478
538,768,103,0.005521932,0.001933673,0.003588259
538,768,104,0.004844389,0.001388384,0.003456005
538,768,105,0.004043105,0.000588097,0.003455008
538,768,106,0.004869331,0.001312602,0.003556729
538,768,107,0.0086618,0.005069659,0.003592141
538,768,108,0.004761489,0.001026598,0.003734891
538,768,109,0.004115797,0.000507503,0.003608294
538,768,110,0.003784987,0.000408633,0.003376354
539,768,1,0.750412315,0.627849238,0.122563077
539,768,2,0.120810599,0.117779796,0.003030803
539,768,3,0.07443708,0.071384114,0.003052966
539,768,4,0.003643021,0.000533274,0.003109747
539,768,5,0.044103474,0.040816809,0.003286665
539,768,6,0.004424779,0.000970513,0.003454266
539,768,7,0.004083328,0.000564342,0.003518986
539,768,8,0.00396849,0.00048807,0.00348042
539,768,9,0.004167154,0.000597429,0.003569725
539,768,10,0.004058275,0.000500428,0.003557847
539,768,11,0.004075879,0.000595747,0.003480132
539,768,12,0.033116576,0.030045741,0.003070835
539,768,13,0.004588242,0.00148237,0.003105872
539,768,14,0.004663302,0.001402047,0.003261255
539,768,15,0.004498302,0.001283959,0.003214343
539,768,16,0.004917189,0.001484622,0.003432567
539,768,17,0.004403769,0.001006423,0.003397346
539,768,18,0.004491004,0.001076932,0.003414072
539,768,19,0.004467322,0.001119226,0.003348096
539,768,20,0.004685644,0.00124492,0.003440724
539,768,21,0.00462633,0.000886877,0.003739453
539,768,22,0.00418213,0.000503794,0.003678336
539,768,23,0.004404136,0.000584906,0.00381923
539,768,24,0.004387855,0.00052694,0.003860915
539,768,25,0.004500626,0.000524532,0.003976094
539,768,26,0.004554462,0.000523301,0.004031161
539,768,27,0.00448955,0.000523321,0.003966229
539,768,28,0.004492474,0.000552297,0.003940177
539,768,29,0.004505898,0.000536047,0.003969851
539,768,30,0.004516157,0.00068386,0.003832297
539,768,31,0.004484649,0.000575054,0.003909595
539,768,32,0.004393914,0.000532874,0.00386104
539,768,33,0.004520368,0.000671728,0.00384864
539,768,34,0.004241709,0.000510974,0.003730735
539,768,35,0.004158187,0.000499713,0.003658474
539,768,36,0.004342226,0.000593647,0.003748579
539,768,37,0.004471219,0.000659094,0.003812125
539,768,38,0.004413275,0.000685411,0.003727864
539,768,39,0.004607532,0.000914561,0.003692971
539,768,40,0.004501167,0.000800756,0.003700411
539,768,41,0.004606782,0.000869928,0.003736854
539,768,42,0.004746541,0.000958056,0.003788485
539,768,43,0.004790961,0.000939327,0.003851634
539,768,44,0.004396793,0.00067142,0.003725373
539,768,45,0.004761397,0.000967421,0.003793976
539,768,46,0.004669943,0.000861504,0.003808439
539,768,47,0.00469559,0.000912668,0.003782922
539,768,48,0.004489442,0.000699113,0.003790329
539,768,49,0.004645356,0.000855513,0.003789843
539,768,50,0.004644909,0.000837743,0.003807166
539,768,51,0.004592723,0.000728178,0.003864545
539,768,52,0.004571662,0.00074689,0.003824772
539,768,53,0.00476043,0.000915854,0.003844576
539,768,54,0.004548231,0.000709095,0.003839136
539,768,55,0.004683347,0.000898682,0.003784665
539,768,56,0.004620437,0.00080989,0.003810547
539,768,57,0.004436003,0.000626754,0.003809249
539,768,58,0.00459036,0.000779582,0.003810778
539,768,59,0.004642909,0.000847408,0.003795501
539,768,60,0.004449047,0.000708067,0.00374098
539,768,61,0.004733497,0.000940312,0.003793185
539,768,62,0.004466632,0.000715846,0.003750786
539,768,63,0.004643807,0.000880481,0.003763326
539,768,64,0.004697995,0.000947661,0.003750334
539,768,65,0.004405332,0.000738303,0.003667029
539,768,66,0.004708986,0.001006925,0.003702061
539,768,67,0.004470223,0.00075555,0.003714673
539,768,68,0.00443616,0.000740363,0.003695797
539,768,69,0.004413869,0.00067298,0.003740889
539,768,70,0.004344679,0.000698115,0.003646564
539,768,71,0.004425113,0.000766706,0.003658407
539,768,72,0.004566491,0.00092567,0.003640821
539,768,73,0.006057122,0.002672949,0.003384173
539,768,74,0.0073704,0.003950737,0.003419663
539,768,75,0.005148841,0.001688111,0.00346073
539,768,76,0.004750335,0.001211284,0.003539051
539,768,77,0.006023335,0.002374557,0.003648778
539,768,78,0.004629334,0.000992893,0.003636441
539,768,79,0.004718362,0.001170589,0.003547773
539,768,80,0.004065039,0.000636946,0.003428093
539,768,81,0.004791921,0.001269993,0.003521928
539,768,82,0.005909654,0.002235447,0.003674207
539,768,83,0.005659867,0.002008118,0.003651749
539,768,84,0.004993397,0.001108861,0.003884536
539,768,85,0.004487063,0.000593159,0.003893904
539,768,86,0.004296326,0.000614476,0.00368185
539,768,87,0.004445423,0.000656084,0.003789339
539,768,88,0.004515361,0.000830799,0.003684562
539,768,89,0.006212964,0.002435379,0.003777585
539,768,90,0.005391502,0.001525008,0.003866494
539,768,91,0.004926165,0.001003873,0.003922292
539,768,92,0.004754107,0.000901219,0.003852888
539,768,93,0.004298974,0.00060648,0.003692494
539,768,94,0.006106373,0.002363946,0.003742427
539,768,95,0.007302867,0.003579023,0.003723844
539,768,96,0.005003438,0.001302987,0.003700451
539,768,97,0.006102642,0.002417057,0.003685585
539,768,98,0.005365106,0.001712986,0.00365212
539,768,99,0.004346052,0.000652607,0.003693445
539,768,100,0.004785919,0.001008746,0.003777173
539,768,101,0.004233926,0.000578048,0.003655878
539,768,102,0.004282506,0.000666806,0.0036157
539,768,103,0.004315045,0.000688809,0.003626236
539,768,104,0.005644197,0.002139277,0.00350492
539,768,105,0.004972846,0.001444446,0.0035284
539,768,106,0.006001548,0.002355197,0.003646351
539,768,107,0.004431269,0.000806228,0.003625041
539,768,108,0.006499233,0.002752318,0.003746915
539,768,109,0.004325721,0.0007632,0.003562521
539,768,110,0.003822986,0.000435392,0.003387594
540,768,1,0.757544184,0.633197302,0.124346882
540,768,2,0.207036016,0.204018693,0.003017323
540,768,3,0.016086292,0.013065045,0.003021247
540,768,4,0.050293592,0.047271746,0.003021846
540,768,5,0.008788866,0.005551959,0.003236907
540,768,6,0.007039816,0.003674678,0.003365138
540,768,7,0.004481902,0.001067692,0.00341421
540,768,8,0.004093138,0.000639223,0.003453915
540,768,9,0.004046722,0.000538468,0.003508254
540,768,10,0.004232727,0.000702015,0.003530712
540,768,11,0.004050331,0.000519481,0.00353085
540,768,12,0.00385607,0.000483803,0.003372267
540,768,13,0.033180672,0.030098919,0.003081753
540,768,14,0.00488211,0.001763901,0.003118209
540,768,15,0.005079087,0.001864466,0.003214621
540,768,16,0.004790648,0.001416685,0.003373963
540,768,17,0.004576223,0.00121608,0.003360143
540,768,18,0.004632333,0.001219831,0.003412502
540,768,19,0.004501103,0.001121019,0.003380084
540,768,20,0.004793871,0.001271723,0.003522148
540,768,21,0.004693646,0.00087728,0.003816366
540,768,22,0.004311055,0.000507422,0.003803633
540,768,23,0.004462642,0.000571667,0.003890975
540,768,24,0.004380493,0.000528153,0.00385234
540,768,25,0.004520737,0.000533508,0.003987229
540,768,26,0.004480508,0.00052394,0.003956568
540,768,27,0.004476613,0.000525232,0.003951381
540,768,28,0.004453531,0.00056636,0.003887171
540,768,29,0.00448289,0.00058684,0.00389605
540,768,30,0.004355277,0.000531445,0.003823832
540,768,31,0.004440125,0.000538156,0.003901969
540,768,32,0.004400581,0.000540982,0.003859599
540,768,33,0.004308192,0.00049694,0.003811252
540,768,34,0.004359294,0.000535392,0.003823902
540,768,35,0.004304386,0.000554418,0.003749968
540,768,36,0.00448558,0.000680012,0.003805568
540,768,37,0.004413407,0.000696888,0.003716519
540,768,38,0.00472366,0.000937568,0.003786092
540,768,39,0.004448521,0.000782654,0.003665867
540,768,40,0.004503137,0.000849167,0.00365397
540,768,41,0.004673568,0.000900519,0.003773049
540,768,42,0.004517728,0.000784317,0.003733411
540,768,43,0.004657691,0.000805199,0.003852492
540,768,44,0.004512026,0.000615745,0.003896281
540,768,45,0.004536739,0.000675632,0.003861107
540,768,46,0.004579664,0.000746661,0.003833003
540,768,47,0.00485761,0.000944236,0.003913374
540,768,48,0.004445152,0.000576304,0.003868848
540,768,49,0.004502846,0.00067463,0.003828216
540,768,50,0.00468625,0.000755752,0.003930498
540,768,51,0.004491414,0.000638183,0.003853231
540,768,52,0.004594449,0.000690186,0.003904263
540,768,53,0.004394953,0.000640542,0.003754411
540,768,54,0.004809203,0.000989791,0.003819412
540,768,55,0.004657291,0.000807095,0.003850196
540,768,56,0.004477119,0.000724971,0.003752148
540,768,57,0.004778827,0.000952172,0.003826655
540,768,58,0.004467648,0.000604705,0.003862943
540,768,59,0.004652438,0.000832805,0.003819633
540,768,60,0.004569777,0.000765714,0.003804063
540,768,61,0.004471835,0.000682122,0.003789713
540,768,62,0.004688267,0.000827774,0.003860493
540,768,63,0.004666095,0.000833525,0.00383257
540,768,64,0.004671249,0.000888407,0.003782842
540,768,65,0.004421451,0.000668027,0.003753424
540,768,66,0.004467782,0.000711354,0.003756428
540,768,67,0.004673404,0.000898331,0.003775073
540,768,68,0.004568301,0.000699225,0.003869076
540,768,69,0.004343133,0.000582295,0.003760838
540,768,70,0.00440995,0.000704017,0.003705933
540,768,71,0.004527379,0.000749309,0.00377807
540,768,72,0.007005019,0.003555346,0.003449673
540,768,73,0.006850861,0.003269245,0.003581616
540,768,74,0.005444322,0.001793639,0.003650683
540,768,75,0.004738745,0.001024151,0.003714594
540,768,76,0.005937928,0.002351761,0.003586167
540,768,77,0.004560066,0.000840169,0.003719897
540,768,78,0.004414904,0.000611578,0.003803326
540,768,79,0.004645481,0.001049258,0.003596223
540,768,80,0.004118533,0.000632559,0.003485974
540,768,81,0.005902057,0.002500023,0.003402034
540,768,82,0.006145163,0.002485273,0.00365989
540,768,83,0.004786307,0.001079338,0.003706969
540,768,84,0.004469719,0.000503533,0.003966186
540,768,85,0.004562391,0.000652326,0.003910065
540,768,86,0.004247473,0.000492314,0.003755159
540,768,87,0.004500948,0.000697994,0.003802954
540,768,88,0.004434817,0.000682278,0.003752539
540,768,89,0.007185813,0.003323915,0.003861898
540,768,90,0.004683696,0.000790951,0.003892745
540,768,91,0.004882675,0.000906736,0.003975939
540,768,92,0.004454175,0.000551024,0.003903151
540,768,93,0.006120746,0.0023669,0.003753846
540,768,94,0.00525937,0.001457631,0.003801739
540,768,95,0.004375133,0.000637308,0.003737825
540,768,96,0.005699579,0.001965489,0.00373409
540,768,97,0.007440661,0.003755325,0.003685336
540,768,98,0.004816006,0.001165328,0.003650678
540,768,99,0.004494074,0.000771625,0.003722449
540,768,100,0.004869237,0.001149945,0.003719292
540,768,101,0.004278098,0.000649687,0.003628411
540,768,102,0.004472732,0.000854705,0.003618027
540,768,103,0.006096959,0.002560792,0.003536167
540,768,104,0.0047994,0.001356536,0.003442864
540,768,105,0.004029433,0.000546152,0.003483281
540,768,106,0.006155179,0.002519102,0.003636077
540,768,107,0.005099599,0.001409002,0.003690597
540,768,108,0.004548009,0.000817815,0.003730194
540,768,109,0.004800807,0.001196874,0.003603933
540,768,110,0.00401366,0.000636341,0.003377319
541,768,1,0.754901004,0.631671221,0.123229783
541,768,2,0.175158909,0.172129156,0.003029753
541,768,3,0.065402878,0.062363997,0.003038881
541,768,4,0.008553324,0.005502615,0.003050709
541,768,5,0.004249492,0.000876572,0.00337292
541,768,6,0.00379621,0.000393016,0.003403194
541,768,7,0.005939657,0.002583377,0.00335628
541,768,8,0.004591757,0.001131106,0.003460651
541,768,9,0.004318389,0.000614248,0.003704141
541,768,10,0.004056707,0.000511871,0.003544836
541,768,11,0.00404362,0.000587368,0.003456252
541,768,12,0.003932766,0.000572614,0.003360152
541,768,13,0.003741131,0.000452634,0.003288497
541,768,14,0.033724101,0.030597352,0.003126749
541,768,15,0.005493714,0.002293746,0.003199968
541,768,16,0.004926976,0.001537963,0.003389013
541,768,17,0.004713789,0.001300263,0.003413526
541,768,18,0.004488952,0.001045865,0.003443087
541,768,19,0.004693665,0.001304201,0.003389464
541,768,20,0.004773896,0.001112421,0.003661475
541,768,21,0.004580387,0.000808777,0.00377161
541,768,22,0.004263201,0.000501378,0.003761823
541,768,23,0.004398002,0.000566361,0.003831641
541,768,24,0.004385475,0.000543107,0.003842368
541,768,25,0.00448508,0.000562432,0.003922648
541,768,26,0.004782491,0.000647317,0.004135174
541,768,27,0.004440303,0.000525002,0.003915301
541,768,28,0.004372576,0.000543187,0.003829389
541,768,29,0.004547444,0.000561817,0.003985627
541,768,30,0.004295879,0.000495522,0.003800357
541,768,31,0.004355757,0.000509197,0.00384656
541,768,32,0.004359082,0.00050103,0.003858052
541,768,33,0.004299451,0.000482491,0.00381696
541,768,34,0.004198907,0.000508644,0.003690263
541,768,35,0.004406936,0.000703343,0.003703593
541,768,36,0.004359394,0.000723203,0.003636191
541,768,37,0.004831184,0.000981423,0.003849761
541,768,38,0.004281724,0.000625656,0.003656068
541,768,39,0.004703395,0.001034855,0.00366854
541,768,40,0.004422459,0.000711291,0.003711168
541,768,41,0.00459425,0.00094473,0.00364952
541,768,42,0.004523396,0.000730222,0.003793174
541,768,43,0.004605022,0.000856921,0.003748101
541,768,44,0.004433894,0.000688851,0.003745043
541,768,45,0.004730948,0.000926647,0.003804301
541,768,46,0.004431301,0.000627373,0.003803928
541,768,47,0.004832537,0.001039518,0.003793019
541,768,48,0.004666452,0.000775221,0.003891231
541,768,49,0.004582502,0.000718221,0.003864281
541,768,50,0.00457964,0.000638099,0.003941541
541,768,51,0.00452144,0.000626942,0.003894498
541,768,52,0.004553315,0.00062181,0.003931505
541,768,53,0.004571491,0.000704476,0.003867015
541,768,54,0.004414621,0.000540888,0.003873733
541,768,55,0.004762689,0.000997859,0.00376483
541,768,56,0.004646049,0.000751156,0.003894893
541,768,57,0.004637538,0.000842551,0.003794987
541,768,58,0.004661168,0.000775787,0.003885381
541,768,59,0.004468689,0.000662992,0.003805697
541,768,60,0.004536133,0.000737655,0.003798478
541,768,61,0.004584348,0.000776923,0.003807425
541,768,62,0.004461851,0.000647697,0.003814154
541,768,63,0.004597714,0.000799648,0.003798066
541,768,64,0.004774453,0.001026758,0.003747695
541,768,65,0.00450279,0.000819465,0.003683325
541,768,66,0.004543975,0.000781668,0.003762307
541,768,67,0.004431099,0.000679657,0.003751442
541,768,68,0.004637836,0.000897431,0.003740405
541,768,69,0.004703889,0.000873126,0.003830763
541,768,70,0.00418005,0.000577704,0.003602346
541,768,71,0.008000574,0.004567667,0.003432907
541,768,72,0.006731972,0.003282641,0.003449331
541,768,73,0.004846443,0.00123884,0.003607603
541,768,74,0.004974081,0.00133393,0.003640151
541,768,75,0.004561744,0.000955306,0.003606438
541,768,76,0.004650708,0.000848465,0.003802243
541,768,77,0.005263106,0.001627809,0.003635297
541,768,78,0.004732545,0.000998537,0.003734008
541,768,79,0.004346211,0.000833328,0.003512883
541,768,80,0.00657634,0.003107233,0.003469107
541,768,81,0.005946177,0.002344172,0.003602005
541,768,82,0.004792256,0.001135186,0.00365707
541,768,83,0.004374271,0.000711174,0.003663097
541,768,84,0.004532642,0.000729453,0.003803189
541,768,85,0.004531154,0.000567578,0.003963576
541,768,86,0.004224594,0.000535754,0.00368884
541,768,87,0.00438605,0.000606805,0.003779245
541,768,88,0.007465681,0.003743516,0.003722165
541,768,89,0.004436035,0.000620525,0.00381551
541,768,90,0.004365083,0.00052783,0.003837253
541,768,91,0.004792725,0.000920505,0.00387222
541,768,92,0.00648014,0.002786212,0.003693928
541,768,93,0.004537906,0.000830175,0.003707731
541,768,94,0.0049652,0.001140675,0.003824525
541,768,95,0.004386074,0.000665578,0.003720496
541,768,96,0.004175341,0.000476884,0.003698457
541,768,97,0.005089899,0.001518126,0.003571773
541,768,98,0.00804876,0.004397533,0.003651227
541,768,99,0.004752803,0.001093612,0.003659191
541,768,100,0.004687126,0.000994438,0.003692688
541,768,101,0.00452613,0.000894781,0.003631349
541,768,102,0.004469297,0.000867401,0.003601896
541,768,103,0.004306479,0.00067218,0.003634299
541,768,104,0.005633468,0.002172487,0.003460981
541,768,105,0.00701808,0.00353425,0.00348383
541,768,106,0.005000795,0.001317509,0.003683286
541,768,107,0.00476195,0.001038807,0.003723143
541,768,108,0.004503192,0.000765067,0.003738125
541,768,109,0.004357804,0.000664529,0.003693275
541,768,110,0.003859429,0.000447397,0.003412032
542,768,1,0.749089031,0.625846834,0.123242197
542,768,2,0.29119146,0.288159477,0.003031983
542,768,3,0.008555883,0.005534537,0.003021346
542,768,4,0.003889778,0.00075065,0.003139128
542,768,5,0.003750824,0.000406768,0.003344056
542,768,6,0.003804499,0.000399995,0.003404504
542,768,7,0.003894143,0.000431751,0.003462392
542,768,8,0.005474009,0.002011996,0.003462013
542,768,9,0.004683611,0.001139242,0.003544369
542,768,10,0.00435329,0.000785629,0.003567661
542,768,11,0.004061818,0.000505375,0.003556443
542,768,12,0.00384216,0.000479186,0.003362974
542,768,13,0.003842984,0.000523312,0.003319672
542,768,14,0.003648619,0.000407839,0.00324078
542,768,15,0.034786473,0.031618623,0.00316785
542,768,16,0.005693202,0.002287611,0.003405591
542,768,17,0.00463029,0.001216843,0.003413447
542,768,18,0.004606843,0.001237663,0.00336918
542,768,19,0.004810573,0.001242873,0.0035677
542,768,20,0.004539439,0.00098643,0.003553009
542,768,21,0.004816767,0.000950361,0.003866406
542,768,22,0.004324679,0.000559485,0.003765194
542,768,23,0.004399289,0.000547679,0.00385161
542,768,24,0.004363958,0.000564274,0.003799684
542,768,25,0.00452147,0.000546498,0.003974972
542,768,26,0.004400334,0.000547104,0.00385323
542,768,27,0.004464192,0.000639495,0.003824697
542,768,28,0.004455576,0.000599881,0.003855695
542,768,29,0.004406627,0.000558086,0.003848541
542,768,30,0.004460922,0.000637205,0.003823717
542,768,31,0.004380594,0.000571792,0.003808802
542,768,32,0.004400051,0.0005603,0.003839751
542,768,33,0.004310629,0.000542377,0.003768252
542,768,34,0.004337067,0.000594038,0.003743029
542,768,35,0.004349986,0.000567993,0.003781993
542,768,36,0.004270147,0.000566733,0.003703414
542,768,37,0.004712137,0.000920359,0.003791778
542,768,38,0.004393416,0.000719346,0.00367407
542,768,39,0.00461116,0.000942231,0.003668929
542,768,40,0.004510663,0.000952814,0.003557849
542,768,41,0.004752218,0.001039001,0.003713217
542,768,42,0.004555089,0.000834081,0.003721008
542,768,43,0.004514185,0.000740165,0.00377402
542,768,44,0.004409247,0.000602819,0.003806428
542,768,45,0.004587489,0.000781577,0.003805912
542,768,46,0.004478725,0.000638275,0.00384045
542,768,47,0.004713214,0.000829331,0.003883883
542,768,48,0.004498912,0.000676167,0.003822745
542,768,49,0.00465925,0.000758022,0.003901228
542,768,50,0.004503816,0.000626255,0.003877561
542,768,51,0.004584896,0.000698236,0.00388666
542,768,52,0.004514674,0.000617149,0.003897525
542,768,53,0.004550946,0.000658465,0.003892481
542,768,54,0.004504501,0.000698851,0.00380565
542,768,55,0.00462503,0.000725859,0.003899171
542,768,56,0.00453168,0.000721413,0.003810267
542,768,57,0.004673532,0.000867553,0.003805979
542,768,58,0.004652984,0.000812753,0.003840231
542,768,59,0.004585609,0.000802225,0.003783384
542,768,60,0.004551442,0.00075259,0.003798852
542,768,61,0.004551091,0.000690558,0.003860533
542,768,62,0.004549026,0.000692565,0.003856461
542,768,63,0.004479401,0.000584077,0.003895324
542,768,64,0.004587045,0.00083081,0.003756235
542,768,65,0.004752176,0.000971789,0.003780387
542,768,66,0.004430772,0.000694214,0.003736558
542,768,67,0.004646074,0.000842223,0.003803851
542,768,68,0.00501377,0.001239474,0.003774296
542,768,69,0.004700144,0.000956773,0.003743371
542,768,70,0.006405361,0.002915058,0.003490303
542,768,71,0.004518511,0.001046004,0.003472507
542,768,72,0.005209961,0.001832855,0.003377106
542,768,73,0.007012432,0.003511268,0.003501164
542,768,74,0.005228182,0.001655318,0.003572864
542,768,75,0.004846366,0.001165371,0.003680995
542,768,76,0.004268982,0.000658709,0.003610273
542,768,77,0.00449167,0.00075919,0.00373248
542,768,78,0.005318655,0.001763358,0.003555297
542,768,79,0.007219804,0.003836063,0.003383741
542,768,80,0.005880792,0.002419143,0.003461649
542,768,81,0.005206125,0.001517811,0.003688314
542,768,82,0.004172614,0.000517806,0.003654808
542,768,83,0.004344938,0.000697925,0.003647013
542,768,84,0.004588262,0.000681939,0.003906323
542,768,85,0.004495188,0.000554328,0.00394086
542,768,86,0.004176049,0.000516143,0.003659906
542,768,87,0.007902237,0.004204577,0.00369766
542,768,88,0.004314344,0.000605076,0.003709268
542,768,89,0.004316382,0.000470679,0.003845703
542,768,90,0.00441482,0.000542466,0.003872354
542,768,91,0.004818079,0.000839377,0.003978702
542,768,92,0.004529338,0.000643681,0.003885657
542,768,93,0.005591013,0.001890167,0.003700846
542,768,94,0.005374104,0.001594377,0.003779727
542,768,95,0.004338398,0.000581675,0.003756723
542,768,96,0.004076732,0.000415862,0.00366087
542,768,97,0.004161167,0.000527796,0.003633371
542,768,98,0.004860572,0.001221701,0.003638871
542,768,99,0.008404818,0.004751524,0.003653294
542,768,100,0.005013119,0.001323366,0.003689753
542,768,101,0.004664297,0.001010052,0.003654245
542,768,102,0.004368212,0.000745799,0.003622413
542,768,103,0.004148468,0.000537805,0.003610663
542,768,104,0.009273486,0.005827959,0.003445527
542,768,105,0.004668785,0.001163895,0.00350489
542,768,106,0.004463585,0.000864711,0.003598874
542,768,107,0.004578333,0.000951232,0.003627101
542,768,108,0.004829638,0.001071771,0.003757867
542,768,109,0.003984522,0.000409957,0.003574565
542,768,110,0.004698037,0.001318202,0.003379835
543,768,1,0.617505996,0.491676901,0.125829095
543,768,2,0.212686447,0.20967113,0.003015317
543,768,3,0.200802768,0.197787171,0.003015597
543,768,4,0.008631518,0.005587224,0.003044294
543,768,5,0.004108799,0.000807392,0.003301407
543,768,6,0.003775876,0.0003741,0.003401776
543,768,7,0.003878374,0.000421666,0.003456708
543,768,8,0.003891077,0.000433063,0.003458014
543,768,9,0.005488788,0.002024095,0.003464693
543,768,10,0.004736767,0.001245346,0.003491421
543,768,11,0.004375813,0.00086446,0.003511353
543,768,12,0.003933867,0.000537846,0.003396021
543,768,13,0.003698756,0.000421252,0.003277504
543,768,14,0.003835891,0.000575859,0.003260032
543,768,15,0.003671593,0.000372961,0.003298632
543,768,16,0.035856412,0.032633453,0.003222959
543,768,17,0.005149598,0.0018816,0.003267998
543,768,18,0.004943631,0.001660038,0.003283593
543,768,19,0.004520757,0.00121135,0.003309407
543,768,20,0.004888557,0.001353192,0.003535365
543,768,21,0.004612801,0.000940618,0.003672183
543,768,22,0.004381612,0.000665717,0.003715895
543,768,23,0.004387837,0.000615838,0.003771999
543,768,24,0.004441041,0.000548864,0.003892177
543,768,25,0.004432419,0.000525848,0.003906571
543,768,26,0.004512552,0.000585405,0.003927147
543,768,27,0.004447056,0.000608272,0.003838784
543,768,28,0.004612208,0.000610487,0.004001721
543,768,29,0.004449223,0.000529656,0.003919567
543,768,30,0.004420355,0.000539324,0.003881031
543,768,31,0.004404332,0.00053397,0.003870362
543,768,32,0.004434474,0.000518136,0.003916338
543,768,33,0.004318311,0.000500902,0.003817409
543,768,34,0.004420335,0.00056416,0.003856175
543,768,35,0.004253579,0.000484391,0.003769188
543,768,36,0.004316963,0.00048674,0.003830223
543,768,37,0.00428842,0.000522237,0.003766183
543,768,38,0.004600048,0.000763389,0.003836659
543,768,39,0.004399432,0.000741401,0.003658031
543,768,40,0.004592157,0.000824852,0.003767305
543,768,41,0.004726193,0.000939978,0.003786215
543,768,42,0.004675048,0.000827678,0.00384737
543,768,43,0.004507703,0.000606705,0.003900998
543,768,44,0.004454239,0.000535391,0.003918848
543,768,45,0.004512436,0.000587877,0.003924559
543,768,46,0.004451608,0.000541904,0.003909704
543,768,47,0.004612733,0.000666302,0.003946431
543,768,48,0.004569648,0.000631221,0.003938427
543,768,49,0.004630995,0.000690596,0.003940399
543,768,50,0.004707172,0.000651272,0.0040559
543,768,51,0.004361575,0.000477263,0.003884312
543,768,52,0.004591727,0.000606793,0.003984934
543,768,53,0.004361447,0.000501693,0.003859754
543,768,54,0.004596018,0.000646145,0.003949873
543,768,55,0.004494427,0.000560049,0.003934378
543,768,56,0.004607868,0.000739998,0.00386787
543,768,57,0.00441908,0.000594357,0.003824723
543,768,58,0.004827302,0.000907431,0.003919871
543,768,59,0.004631544,0.000735917,0.003895627
543,768,60,0.004623215,0.000666775,0.00395644
543,768,61,0.004625483,0.000682829,0.003942654
543,768,62,0.004527385,0.000492037,0.004035348
543,768,63,0.004410132,0.000517085,0.003893047
543,768,64,0.004429082,0.000610545,0.003818537
543,768,65,0.004550009,0.000767358,0.003782651
543,768,66,0.004796389,0.000984603,0.003811786
543,768,67,0.004288831,0.000563803,0.003725028
543,768,68,0.004666313,0.000966775,0.003699538
543,768,69,0.007867848,0.004380214,0.003487634
543,768,70,0.00513896,0.001639332,0.003499628
543,768,71,0.004263861,0.000790252,0.003473609
543,768,72,0.004160897,0.000674779,0.003486118
543,768,73,0.004351432,0.000909149,0.003442283
543,768,74,0.007108982,0.003761634,0.003347348
543,768,75,0.005186592,0.001810592,0.003376
543,768,76,0.00474335,0.001290721,0.003452629
543,768,77,0.004412504,0.000908911,0.003503593
543,768,78,0.004538746,0.000977711,0.003561035
543,768,79,0.005216513,0.001852146,0.003364367
543,768,80,0.00762843,0.004199521,0.003428909
543,768,81,0.00590627,0.002396928,0.003509342
543,768,82,0.004954348,0.001288256,0.003666092
543,768,83,0.004131484,0.000507944,0.00362354
543,768,84,0.00472375,0.000783636,0.003940114
543,768,85,0.00443043,0.000512221,0.003918209
543,768,86,0.008448166,0.004660868,0.003787298
543,768,87,0.004343818,0.000658972,0.003684846
543,768,88,0.004147869,0.000436306,0.003711563
543,768,89,0.004294825,0.000445908,0.003848917
543,768,90,0.004451283,0.00050935,0.003941933
543,768,91,0.004703092,0.000871803,0.003831289
543,768,92,0.004502358,0.000563134,0.003939224
543,768,93,0.004101491,0.000388573,0.003712918
543,768,94,0.00536688,0.001650402,0.003716478
543,768,95,0.005210332,0.001526148,0.003684184
543,768,96,0.004398775,0.000704909,0.003693866
543,768,97,0.004114147,0.000483937,0.00363021
543,768,98,0.00411719,0.000461657,0.003655533
543,768,99,0.007294343,0.003633856,0.003660487
543,768,100,0.006557571,0.002916648,0.003640923
543,768,101,0.004811356,0.001172151,0.003639205
543,768,102,0.004295385,0.000697975,0.00359741
543,768,103,0.004153984,0.000604371,0.003549613
543,768,104,0.004016562,0.00054989,0.003466672
543,768,105,0.009450881,0.005994945,0.003455936
543,768,106,0.005057354,0.001408061,0.003649293
543,768,107,0.004651478,0.000966936,0.003684542
543,768,108,0.004576731,0.000849415,0.003727316
543,768,109,0.005587569,0.002041763,0.003545806
543,768,110,0.004706029,0.001326947,0.003379082
544,768,1,0.661026249,0.536380053,0.124646196
544,768,2,0.161832282,0.158816333,0.003015949
544,768,3,0.127920999,0.124902189,0.00301881
544,768,4,0.056725601,0.053672129,0.003053472
544,768,5,0.004063152,0.000779884,0.003283268
544,768,6,0.003793873,0.000381277,0.003412596
544,768,7,0.004058491,0.000587711,0.00347078
544,768,8,0.003977726,0.000511088,0.003466638
544,768,9,0.004049941,0.000516793,0.003533148
544,768,10,0.004094496,0.000524856,0.00356964
544,768,11,0.004063837,0.000528078,0.003535759
544,768,12,0.004071544,0.000657254,0.00341429
544,768,13,0.003839412,0.000512538,0.003326874
544,768,14,0.003843573,0.00059619,0.003247383
544,768,15,0.003725308,0.000392207,0.003333101
544,768,16,0.003703123,0.000432467,0.003270656
544,768,17,0.003980529,0.000787869,0.00319266
544,768,18,0.004254965,0.001082188,0.003172777
544,768,19,0.014450125,0.011328666,0.003121459
544,768,20,0.005167141,0.002053883,0.003113258
544,768,21,0.004735682,0.001539411,0.003196271
544,768,22,0.004904001,0.001639118,0.003264883
544,768,23,0.004694139,0.001329433,0.003364706
544,768,24,0.004586885,0.001275737,0.003311148
544,768,25,0.004841222,0.001383599,0.003457623
544,768,26,0.004903783,0.001224792,0.003678991
544,768,27,0.00448546,0.00077782,0.00370764
544,768,28,0.004806046,0.001024764,0.003781282
544,768,29,0.004597254,0.000713163,0.003884091
544,768,30,0.004509338,0.000534408,0.00397493
544,768,31,0.004808563,0.000612097,0.004196466
544,768,32,0.004541146,0.000529422,0.004011724
544,768,33,0.004599881,0.000503707,0.004096174
544,768,34,0.004509297,0.0004733,0.004035997
544,768,35,0.004389062,0.000466999,0.003922063
544,768,36,0.004337956,0.000463088,0.003874868
544,768,37,0.004598324,0.000628111,0.003970213
544,768,38,0.004319948,0.00042582,0.003894128
544,768,39,0.004706006,0.000845145,0.003860861
544,768,40,0.005866528,0.002139881,0.003726647
544,768,41,0.005647749,0.002008067,0.003639682
544,768,42,0.005727858,0.001893381,0.003834477
544,768,43,0.005427245,0.001924595,0.00350265
544,768,44,0.006003292,0.002388888,0.003614404
544,768,45,0.005707659,0.002080834,0.003626825
544,768,46,0.005994879,0.002152577,0.003842302
544,768,47,0.00562542,0.001922835,0.003702585
544,768,48,0.005538076,0.001767263,0.003770813
544,768,49,0.005304394,0.001535019,0.003769375
544,768,50,0.004959142,0.001126826,0.003832316
544,768,51,0.005159327,0.001293759,0.003865568
544,768,52,0.004944815,0.000970918,0.003973897
544,768,53,0.005033635,0.001008281,0.004025354
544,768,54,0.004512089,0.000515388,0.003996701
544,768,55,0.0048317,0.000813406,0.004018294
544,768,56,0.004710754,0.000783305,0.003927449
544,768,57,0.004727457,0.000900207,0.00382725
544,768,58,0.00482493,0.000980416,0.003844514
544,768,59,0.005000096,0.001191356,0.00380874
544,768,60,0.004483771,0.000673467,0.003810304
544,768,61,0.004992021,0.001188346,0.003803675
544,768,62,0.004937039,0.001157908,0.003779131
544,768,63,0.004857843,0.001030585,0.003827258
544,768,64,0.004725276,0.000949903,0.003775373
544,768,65,0.004599213,0.000825837,0.003773376
544,768,66,0.00457601,0.000886596,0.003689414
544,768,67,0.00474761,0.001129708,0.003617902
544,768,68,0.004856212,0.001135146,0.003721066
544,768,69,0.004789699,0.001027968,0.003761731
544,768,70,0.004651634,0.001028215,0.003623419
544,768,71,0.004404598,0.000773635,0.003630963
544,768,72,0.004799541,0.001138653,0.003660888
544,768,73,0.00433145,0.000853528,0.003477922
544,768,74,0.004270905,0.000795802,0.003475103
544,768,75,0.004463818,0.001085296,0.003378522
544,768,76,0.004584493,0.001161898,0.003422595
544,768,77,0.004849055,0.001292638,0.003556417
544,768,78,0.004738081,0.001102774,0.003635307
544,768,79,0.00519338,0.001610234,0.003583146
544,768,80,0.004935782,0.001306548,0.003629234
544,768,81,0.004652405,0.001179594,0.003472811
544,768,82,0.004855303,0.001341456,0.003513847
544,768,83,0.004745233,0.001222961,0.003522272
544,768,84,0.004735641,0.001192555,0.003543086
544,768,85,0.006109942,0.002477383,0.003632559
544,768,86,0.00618169,0.002417865,0.003763825
544,768,87,0.004485971,0.000627291,0.00385868
544,768,88,0.004438577,0.000627081,0.003811496
544,768,89,0.004813835,0.001000808,0.003813027
544,768,90,0.004510933,0.00084237,0.003668563
544,768,91,0.004163228,0.000388857,0.003774371
544,768,92,0.005063264,0.001261272,0.003801992
544,768,93,0.004218271,0.000363924,0.003854347
544,768,94,0.004359817,0.000427891,0.003931926
544,768,95,0.004389328,0.000408825,0.003980503
544,768,96,0.004148804,0.000472106,0.003676698
544,768,97,0.005979435,0.002276076,0.003703359
544,768,98,0.004818427,0.0011395,0.003678927
544,768,99,0.005098055,0.001345381,0.003752674
544,768,100,0.004946189,0.001308959,0.00363723
544,768,101,0.007491209,0.003895785,0.003595424
544,768,102,0.004659049,0.001052894,0.003606155
544,768,103,0.004774488,0.00113361,0.003640878
544,768,104,0.004354226,0.000678296,0.00367593
544,768,105,0.004581611,0.000972283,0.003609328
544,768,106,0.004381298,0.000844262,0.003537036
544,768,107,0.007415614,0.003947981,0.003467633
544,768,108,0.008668152,0.005123435,0.003544717
544,768,109,0.010527128,0.006892082,0.003635046
544,768,110,0.005332941,0.001710046,0.003622895
545,768,1,0.754485707,0.630930209,0.123555498
545,768,2,0.220786897,0.217704173,0.003082724
545,768,3,0.056674294,0.053563509,0.003110785
545,768,4,0.003818701,0.000544343,0.003274358
545,768,5,0.003769197,0.000431342,0.003337855
545,768,6,0.003923576,0.000458666,0.00346491
545,768,7,0.003983875,0.000463649,0.003520226
545,768,8,0.003982156,0.000465717,0.003516439
545,768,9,0.004073989,0.000490584,0.003583405
545,768,10,0.004157288,0.00050557,0.003651718
545,768,11,0.004161179,0.000511732,0.003649447
545,768,12,0.003941641,0.000458101,0.00348354
545,768,13,0.003868173,0.000446316,0.003421857
545,768,14,0.003720115,0.000426707,0.003293408
545,768,15,0.00376326,0.000433615,0.003329645
545,768,16,0.00373692,0.000416772,0.003320148
545,768,17,0.003815418,0.000564556,0.003250862
545,768,18,0.014572147,0.011460815,0.003111332
545,768,19,0.005143805,0.001982539,0.003161266
545,768,20,0.004787968,0.001558954,0.003229014
545,768,21,0.004800557,0.001453819,0.003346738
545,768,22,0.004607855,0.001248279,0.003359576
545,768,23,0.004674147,0.001237658,0.003436489
545,768,24,0.004617262,0.001276018,0.003341244
545,768,25,0.004994941,0.001407396,0.003587545
545,768,26,0.00470301,0.000960581,0.003742429
545,768,27,0.004741609,0.000953488,0.003788121
545,768,28,0.004531328,0.000597034,0.003934294
545,768,29,0.004439768,0.000545285,0.003894483
545,768,30,0.004538791,0.000547538,0.003991253
545,768,31,0.00448093,0.000541873,0.003939057
545,768,32,0.004483525,0.000566188,0.003917337
545,768,33,0.004580812,0.00066125,0.003919562
545,768,34,0.004665205,0.000683697,0.003981508
545,768,35,0.004326404,0.000500594,0.00382581
545,768,36,0.00468922,0.000756396,0.003932824
545,768,37,0.004413186,0.000544841,0.003868345
545,768,38,0.004763946,0.000946853,0.003817093
545,768,39,0.005940185,0.002255236,0.003684949
545,768,40,0.005771154,0.001994638,0.003776516
545,768,41,0.005541292,0.001713779,0.003827513
545,768,42,0.005716887,0.002077302,0.003639585
545,768,43,0.005907869,0.002211342,0.003696527
545,768,44,0.005681373,0.001931771,0.003749602
545,768,45,0.005763876,0.002031116,0.00373276
545,768,46,0.005706441,0.001904701,0.00380174
545,768,47,0.005466264,0.001546613,0.003919651
545,768,48,0.005309056,0.001334985,0.003974071
545,768,49,0.004957971,0.00103306,0.003924911
545,768,50,0.005130469,0.001218434,0.003912035
545,768,51,0.004848602,0.000888923,0.003959679
545,768,52,0.004921685,0.000971414,0.003950271
545,768,53,0.004526191,0.000591734,0.003934457
545,768,54,0.004792213,0.000864626,0.003927587
545,768,55,0.004883726,0.001022533,0.003861193
545,768,56,0.004790015,0.000895414,0.003894601
545,768,57,0.004842076,0.001041394,0.003800682
545,768,58,0.004970033,0.001028673,0.00394136
545,768,59,0.004512221,0.000715819,0.003796402
545,768,60,0.004932202,0.001110671,0.003821531
545,768,61,0.004947109,0.001083577,0.003863532
545,768,62,0.004814356,0.000917342,0.003897014
545,768,63,0.004768083,0.000866143,0.00390194
545,768,64,0.004629536,0.000802647,0.003826889
545,768,65,0.004679406,0.00086444,0.003814966
545,768,66,0.004820175,0.001015344,0.003804831
545,768,67,0.004753368,0.000941783,0.003811585
545,768,68,0.004793361,0.000949439,0.003843922
545,768,69,0.004726447,0.000933704,0.003792743
545,768,70,0.004431727,0.00063641,0.003795317
545,768,71,0.004724781,0.000988127,0.003736654
545,768,72,0.004523782,0.000856554,0.003667228
545,768,73,0.00430233,0.000685584,0.003616746
545,768,74,0.004426617,0.000896038,0.003530579
545,768,75,0.004438161,0.000973107,0.003465054
545,768,76,0.004509666,0.001032407,0.003477259
545,768,77,0.004707159,0.001112509,0.00359465
545,768,78,0.005167002,0.001490265,0.003676737
545,768,79,0.00476963,0.001118982,0.003650648
545,768,80,0.004535977,0.000931232,0.003604745
545,768,81,0.004719791,0.00117611,0.003543681
545,768,82,0.004672948,0.001104454,0.003568494
545,768,83,0.004780625,0.001179332,0.003601293
545,768,84,0.004636931,0.001049304,0.003587627
545,768,85,0.004459258,0.000759662,0.003699596
545,768,86,0.005902538,0.00219616,0.003706378
545,768,87,0.006057564,0.002155953,0.003901611
545,768,88,0.004618461,0.000695848,0.003922613
545,768,89,0.004655509,0.00079992,0.003855589
545,768,90,0.004467072,0.000723042,0.00374403
545,768,91,0.004542976,0.000711598,0.003831378
545,768,92,0.004641158,0.000791988,0.00384917
545,768,93,0.00457667,0.000550884,0.004025786
545,768,94,0.004437801,0.000495716,0.003942085
545,768,95,0.004435567,0.00044771,0.003987857
545,768,96,0.006082265,0.00226382,0.003818445
545,768,97,0.004899942,0.001058928,0.003841014
545,768,98,0.005096771,0.001294811,0.00380196
545,768,99,0.005064432,0.001243526,0.003820906
545,768,100,0.007492313,0.003760759,0.003731554
545,768,101,0.004499543,0.000836383,0.00366316
545,768,102,0.004664573,0.00092644,0.003738133
545,768,103,0.004338869,0.000643002,0.003695867
545,768,104,0.004847249,0.001121848,0.003725401
545,768,105,0.004489181,0.000796812,0.003692369
545,768,106,0.007364766,0.003766941,0.003597825
545,768,107,0.006683233,0.003158562,0.003524671
545,768,108,0.01103541,0.00730264,0.00373277
545,768,109,0.006688597,0.00289438,0.003794217
545,768,110,0.004762684,0.001118182,0.003644502
546,768,1,0.754427987,0.631347748,0.123080239
546,768,2,0.255459499,0.252448279,0.00301122
546,768,3,0.003630604,0.000529921,0.003100683
546,768,4,0.003592814,0.000393702,0.003199112
546,768,5,0.003681533,0.000352698,0.003328835
546,768,6,0.003809362,0.000408985,0.003400377
546,768,7,0.003860698,0.000409713,0.003450985
546,768,8,0.003925919,0.000443603,0.003482316
546,768,9,0.004042727,0.000437821,0.003604906
546,768,10,0.004044398,0.000463193,0.003581205
546,768,11,0.004126929,0.000558123,0.003568806
546,768,12,0.003996572,0.000581469,0.003415103
546,768,13,0.003867394,0.000527554,0.00333984
546,768,14,0.003795741,0.000517135,0.003278606
546,768,15,0.003757845,0.000419995,0.00333785
546,768,16,0.003691769,0.000424367,0.003267402
546,768,17,0.01482923,0.011791842,0.003037388
546,768,18,0.005185285,0.002104884,0.003080401
546,768,19,0.00460026,0.001458461,0.003141799
546,768,20,0.004607496,0.00140935,0.003198146
546,768,21,0.004655892,0.001293596,0.003362296
546,768,22,0.004770089,0.001350483,0.003419606
546,768,23,0.004487744,0.001071939,0.003415805
546,768,24,0.004964945,0.001508339,0.003456606
546,768,25,0.004712412,0.001134578,0.003577834
546,768,26,0.004972336,0.001222481,0.003749855
546,768,27,0.004367923,0.00056098,0.003806943
546,768,28,0.004286668,0.000467618,0.00381905
546,768,29,0.004446453,0.000604639,0.003841814
546,768,30,0.004789654,0.000893036,0.003896618
546,768,31,0.004473953,0.000579134,0.003894819
546,768,32,0.004704684,0.000840554,0.00386413
546,768,33,0.004599714,0.000717712,0.003882002
546,768,34,0.004427216,0.000642421,0.003784795
546,768,35,0.004615779,0.00078959,0.003826189
546,768,36,0.004360192,0.000595333,0.003764859
546,768,37,0.004878887,0.001007768,0.003871119
546,768,38,0.006131617,0.002482202,0.003649415
546,768,39,0.00565272,0.001877815,0.003774905
546,768,40,0.005532091,0.001833629,0.003698462
546,768,41,0.005913876,0.002245799,0.003668077
546,768,42,0.005860778,0.002161137,0.003699641
546,768,43,0.005664655,0.002021494,0.003643161
546,768,44,0.005705852,0.002148775,0.003557077
546,768,45,0.005620809,0.001842184,0.003778625
546,768,46,0.005343059,0.001497915,0.003845144
546,768,47,0.00533512,0.001366519,0.003968601
546,768,48,0.005025862,0.00118502,0.003840842
546,768,49,0.005063544,0.001173225,0.003890319
546,768,50,0.004829224,0.000998114,0.00383111
546,768,51,0.004931597,0.001116149,0.003815448
546,768,52,0.00450134,0.000614374,0.003886966
546,768,53,0.004855963,0.001028619,0.003827344
546,768,54,0.004898319,0.001151768,0.003746551
546,768,55,0.00475589,0.000951286,0.003804604
546,768,56,0.004928688,0.001041677,0.003887011
546,768,57,0.004839151,0.000964887,0.003874264
546,768,58,0.004573911,0.000749734,0.003824177
546,768,59,0.005071182,0.001228354,0.003842828
546,768,60,0.004798736,0.001060508,0.003738228
546,768,61,0.004846306,0.000995583,0.003850723
546,768,62,0.004757626,0.000890968,0.003866658
546,768,63,0.004726296,0.000844261,0.003882035
546,768,64,0.004718648,0.000895609,0.003823039
546,768,65,0.004833913,0.001046725,0.003787188
546,768,66,0.004755246,0.00096213,0.003793116
546,768,67,0.004767108,0.00103386,0.003733248
546,768,68,0.004719159,0.000975302,0.003743857
546,768,69,0.004449527,0.000660636,0.003788891
546,768,70,0.004755274,0.001033621,0.003721653
546,768,71,0.004594212,0.000966652,0.00362756
546,768,72,0.004375994,0.000678548,0.003697446
546,768,73,0.004549954,0.001000217,0.003549737
546,768,74,0.004453036,0.000915254,0.003537782
546,768,75,0.004510386,0.000993363,0.003517023
546,768,76,0.004189054,0.000761702,0.003427352
546,768,77,0.005015894,0.001435937,0.003579957
546,768,78,0.004598936,0.001061768,0.003537168
546,768,79,0.004951985,0.001267691,0.003684294
546,768,80,0.0044543,0.00087754,0.00357676
546,768,81,0.004593293,0.001106273,0.00348702
546,768,82,0.005246734,0.001738481,0.003508253
546,768,83,0.004429029,0.00082327,0.003605759
546,768,84,0.00446896,0.000927896,0.003541064
546,768,85,0.00454019,0.000853888,0.003686302
546,768,86,0.004288945,0.000657392,0.003631553
546,768,87,0.005593227,0.001705038,0.003888189
546,768,88,0.00585483,0.001953715,0.003901115
546,768,89,0.004894545,0.001132114,0.003762431
546,768,90,0.004328345,0.000564248,0.003764097
546,768,91,0.004674798,0.000900069,0.003774729
546,768,92,0.004649156,0.000876,0.003773156
546,768,93,0.00465209,0.000734307,0.003917783
546,768,94,0.004355219,0.000482829,0.00387239
546,768,95,0.0068138,0.003100983,0.003712817
546,768,96,0.004790034,0.001062405,0.003727629
546,768,97,0.004380049,0.000569261,0.003810788
546,768,98,0.00537763,0.001640668,0.003736962
546,768,99,0.008111703,0.004477046,0.003634657
546,768,100,0.004533194,0.000903385,0.003629809
546,768,101,0.004269444,0.000617139,0.003652305
546,768,102,0.004255247,0.000611422,0.003643825
546,768,103,0.005020129,0.001299978,0.003720151
546,768,104,0.004741743,0.001115078,0.003626665
546,768,105,0.00674675,0.003210802,0.003535948
546,768,106,0.007106679,0.003645094,0.003461585
546,768,107,0.010978472,0.007394681,0.003583791
546,768,108,0.006499213,0.002834019,0.003665194
546,768,109,0.005284473,0.001505921,0.003778552
546,768,110,0.003953077,0.000383583,0.003569494
547,768,1,0.753649348,0.630332288,0.12331706
547,768,2,0.195150456,0.192092741,0.003057715
547,768,3,0.063551152,0.060480956,0.003070196
547,768,4,0.003785368,0.000554501,0.003230867
547,768,5,0.003750719,0.000423451,0.003327268
547,768,6,0.003889652,0.000434519,0.003455133
547,768,7,0.003941758,0.000439813,0.003501945
547,768,8,0.003958156,0.000458607,0.003499549
547,768,9,0.004044037,0.000461694,0.003582343
547,768,10,0.00412308,0.000485529,0.003637551
547,768,11,0.004089729,0.00050443,0.003585299
547,768,12,0.003940813,0.000486432,0.003454381
547,768,13,0.003791872,0.000438989,0.003352883
547,768,14,0.003766335,0.000439768,0.003326567
547,768,15,0.003802492,0.000442868,0.003359624
547,768,16,0.014658155,0.011586589,0.003071566
547,768,17,0.004942004,0.00184315,0.003098854
547,768,18,0.004559615,0.00144832,0.003111295
547,768,19,0.00444867,0.001287069,0.003161601
547,768,20,0.004550224,0.001214529,0.003335695
547,768,21,0.004936857,0.001479776,0.003457081
547,768,22,0.004721909,0.001207222,0.003514687
547,768,23,0.004734085,0.001270681,0.003463404
547,768,24,0.004723195,0.001297219,0.003425976
547,768,25,0.004937425,0.001265892,0.003671533
547,768,26,0.004649412,0.000771621,0.003877791
547,768,27,0.004359048,0.000554122,0.003804926
547,768,28,0.00437163,0.000534935,0.003836695
547,768,29,0.004693273,0.000818524,0.003874749
547,768,30,0.004558173,0.000625756,0.003932417
547,768,31,0.004669268,0.000711084,0.003958184
547,768,32,0.004581174,0.000709123,0.003872051
547,768,33,0.004486084,0.000673747,0.003812337
547,768,34,0.004599871,0.000741206,0.003858665
547,768,35,0.004401839,0.000622864,0.003778975
547,768,36,0.004763983,0.000936621,0.003827362
547,768,37,0.006386656,0.002547456,0.0038392
547,768,38,0.005571139,0.001808523,0.003762616
547,768,39,0.005544121,0.001881982,0.003662139
547,768,40,0.005931259,0.002243254,0.003688005
547,768,41,0.005899577,0.001975604,0.003923973
547,768,42,0.005711173,0.002118663,0.00359251
547,768,43,0.00578604,0.00226615,0.00351989
547,768,44,0.005358417,0.001536116,0.003822301
547,768,45,0.005309371,0.00127939,0.004029981
547,768,46,0.005256754,0.001286678,0.003970076
547,768,47,0.005113502,0.001291147,0.003822355
547,768,48,0.004975893,0.001139619,0.003836274
547,768,49,0.004874946,0.00101161,0.003863336
547,768,50,0.004919651,0.001100147,0.003819504
547,768,51,0.004516685,0.000702438,0.003814247
547,768,52,0.004801214,0.000937257,0.003863957
547,768,53,0.005011577,0.001173659,0.003837918
547,768,54,0.004733736,0.000958313,0.003775423
547,768,55,0.004825779,0.000918944,0.003906835
547,768,56,0.004827228,0.000946862,0.003880366
547,768,57,0.004625571,0.000802375,0.003823196
547,768,58,0.005105977,0.001114158,0.003991819
547,768,59,0.004864527,0.00076179,0.004102737
547,768,60,0.004765556,0.000635681,0.004129875
547,768,61,0.004736411,0.00062754,0.004108871
547,768,62,0.004724822,0.000628488,0.004096334
547,768,63,0.004799578,0.000700699,0.004098879
547,768,64,0.004850242,0.000943504,0.003906738
547,768,65,0.004794255,0.000933558,0.003860697
547,768,66,0.004822286,0.001051666,0.00377062
547,768,67,0.004645512,0.000863527,0.003781985
547,768,68,0.004424298,0.000562044,0.003862254
547,768,69,0.004789431,0.000924506,0.003864925
547,768,70,0.004718529,0.001009213,0.003709316
547,768,71,0.004357058,0.000667609,0.003689449
547,768,72,0.004712128,0.000924702,0.003787426
547,768,73,0.004441617,0.000779576,0.003662041
547,768,74,0.004505748,0.000856511,0.003649237
547,768,75,0.004276549,0.000681095,0.003595454
547,768,76,0.004645533,0.001062252,0.003583281
547,768,77,0.004621011,0.001074011,0.003547
547,768,78,0.004565056,0.000971623,0.003593433
547,768,79,0.004560267,0.000980576,0.003579691
547,768,80,0.004524674,0.000877086,0.003647588
547,768,81,0.004766042,0.001204479,0.003561563
547,768,82,0.004427621,0.000946965,0.003480656
547,768,83,0.00476765,0.001178172,0.003589478
547,768,84,0.004852816,0.001141063,0.003711753
547,768,85,0.004377386,0.000616139,0.003761247
547,768,86,0.004640605,0.000909684,0.003730921
547,768,87,0.004926635,0.000847028,0.004079607
547,768,88,0.004561591,0.000510631,0.00405096
547,768,89,0.00594718,0.002137957,0.003809223
547,768,90,0.005020929,0.001291062,0.003729867
547,768,91,0.004578479,0.000750958,0.003827521
547,768,92,0.004870852,0.000954968,0.003915884
547,768,93,0.004500999,0.00054692,0.003954079
547,768,94,0.006885773,0.003049812,0.003835961
547,768,95,0.004746399,0.001064385,0.003682014
547,768,96,0.004288661,0.000559776,0.003728885
547,768,97,0.005517066,0.001714341,0.003802725
547,768,98,0.008181615,0.004489407,0.003692208
547,768,99,0.004455183,0.000851663,0.00360352
547,768,100,0.004061548,0.000381775,0.003679773
547,768,101,0.004415298,0.000705422,0.003709876
547,768,102,0.004852973,0.001128756,0.003724217
547,768,103,0.005046721,0.001215627,0.003831094
547,768,104,0.006850435,0.003185414,0.003665021
547,768,105,0.00714074,0.003515429,0.003625311
547,768,106,0.010664021,0.007130931,0.00353309
547,768,107,0.004911177,0.001209201,0.003701976
547,768,108,0.004550509,0.000852079,0.00369843
547,768,109,0.005582806,0.001730003,0.003852803
547,768,110,0.007588934,0.004139355,0.003449579
548,768,1,0.756008195,0.632326911,0.123681284
548,768,2,0.241999486,0.238975634,0.003023852
548,768,3,0.003810713,0.000671763,0.00313895
548,768,4,0.03950359,0.036445428,0.003058162
548,768,5,0.004007488,0.00069513,0.003312358
548,768,6,0.003971666,0.000524498,0.003447168
548,768,7,0.003987977,0.000469008,0.003518969
548,768,8,0.003974322,0.00049996,0.003474362
548,768,9,0.004123456,0.000488819,0.003634637
548,768,10,0.004107821,0.000501663,0.003606158
548,768,11,0.004121143,0.000531986,0.003589157
548,768,12,0.003936248,0.000519512,0.003416736
548,768,13,0.003799092,0.000482326,0.003316766
548,768,14,0.003755429,0.000465102,0.003290327
548,768,15,0.014839665,0.011779364,0.003060301
548,768,16,0.004995677,0.001942609,0.003053068
548,768,17,0.004157626,0.001020377,0.003137249
548,768,18,0.004440796,0.001223387,0.003217409
548,768,19,0.004496451,0.001154297,0.003342154
548,768,20,0.004876322,0.001565954,0.003310368
548,768,21,0.00461338,0.001249759,0.003363621
548,768,22,0.00480407,0.001455345,0.003348725
548,768,23,0.004728013,0.001311475,0.003416538
548,768,24,0.004827759,0.001362006,0.003465753
548,768,25,0.004612342,0.001043418,0.003568924
548,768,26,0.00474609,0.000986147,0.003759943
548,768,27,0.004312939,0.000539772,0.003773167
548,768,28,0.00468787,0.000870751,0.003817119
548,768,29,0.004542818,0.000655356,0.003887462
548,768,30,0.00462538,0.000630433,0.003994947
548,768,31,0.004630071,0.000686452,0.003943619
548,768,32,0.004541108,0.000643942,0.003897166
548,768,33,0.004569564,0.00066877,0.003900794
548,768,34,0.004536626,0.000730216,0.00380641
548,768,35,0.004613974,0.000692661,0.003921313
548,768,36,0.006442749,0.002552456,0.003890293
548,768,37,0.005654825,0.001928919,0.003725906
548,768,38,0.00563841,0.001910923,0.003727487
548,768,39,0.005906891,0.001968678,0.003938213
548,768,40,0.005711119,0.001974844,0.003736275
548,768,41,0.005994014,0.002411373,0.003582641
548,768,42,0.005827681,0.002121093,0.003706588
548,768,43,0.005123635,0.001391416,0.003732219
548,768,44,0.00514056,0.001388284,0.003752276
548,768,45,0.005235105,0.001460148,0.003774957
548,768,46,0.005220967,0.001523937,0.00369703
548,768,47,0.004966152,0.001204206,0.003761946
548,768,48,0.004903686,0.001156564,0.003747122
548,768,49,0.004898828,0.001013315,0.003885513
548,768,50,0.004522091,0.000790368,0.003731723
548,768,51,0.004767385,0.000907093,0.003860292
548,768,52,0.005001952,0.001197141,0.003804811
548,768,53,0.004804739,0.000971036,0.003833703
548,768,54,0.004735357,0.000951757,0.0037836
548,768,55,0.004828567,0.000949366,0.003879201
548,768,56,0.004670912,0.000869978,0.003800934
548,768,57,0.004960939,0.001081495,0.003879444
548,768,58,0.004834679,0.000990157,0.003844522
548,768,59,0.004730828,0.000805155,0.003925673
548,768,60,0.004709791,0.000917657,0.003792134
548,768,61,0.004758184,0.00094888,0.003809304
548,768,62,0.004755746,0.000986708,0.003769038
548,768,63,0.005053255,0.001331647,0.003721608
548,768,64,0.004869704,0.001134501,0.003735203
548,768,65,0.004902625,0.001122279,0.003780346
548,768,66,0.00462834,0.000915298,0.003713042
548,768,67,0.004369936,0.000624339,0.003745597
548,768,68,0.004803204,0.001126849,0.003676355
548,768,69,0.004795943,0.001126927,0.003669016
548,768,70,0.004479625,0.0009114,0.003568225
548,768,71,0.004562369,0.000954961,0.003607408
548,768,72,0.004536815,0.001029064,0.003507751
548,768,73,0.004602153,0.001003987,0.003598166
548,768,74,0.004302873,0.000776072,0.003526801
548,768,75,0.00448904,0.000862235,0.003626805
548,768,76,0.004400071,0.00083243,0.003567641
548,768,77,0.004684578,0.001026607,0.003657971
548,768,78,0.004505966,0.000920379,0.003585587
548,768,79,0.004659391,0.000999444,0.003659947
548,768,80,0.004620259,0.001006293,0.003613966
548,768,81,0.004337504,0.000889348,0.003448156
548,768,82,0.00461699,0.001149611,0.003467379
548,768,83,0.004848354,0.001258988,0.003589366
548,768,84,0.004721494,0.001101616,0.003619878
548,768,85,0.004543475,0.000830438,0.003713037
548,768,86,0.004684064,0.001027903,0.003656161
548,768,87,0.004521329,0.000669432,0.003851897
548,768,88,0.006347394,0.00245653,0.003890864
548,768,89,0.005079102,0.001335704,0.003743398
548,768,90,0.004365031,0.000673726,0.003691305
548,768,91,0.004319203,0.000571491,0.003747712
548,768,92,0.005097924,0.001216854,0.00388107
548,768,93,0.006961018,0.003044881,0.003916137
548,768,94,0.004862286,0.000972942,0.003889344
548,768,95,0.004246155,0.000609268,0.003636887
548,768,96,0.004263176,0.000613583,0.003649593
548,768,97,0.008916789,0.005138597,0.003778192
548,768,98,0.004966498,0.001238627,0.003727871
548,768,99,0.004074869,0.000491784,0.003583085
548,768,100,0.004208523,0.000567078,0.003641445
548,768,101,0.005026077,0.001358383,0.003667694
548,768,102,0.004653972,0.001001951,0.003652021
548,768,103,0.007448143,0.003759852,0.003688291
548,768,104,0.007153159,0.00360581,0.003547349
548,768,105,0.010605229,0.007143492,0.003461737
548,768,106,0.004424841,0.000962118,0.003462723
548,768,107,0.004718744,0.001082567,0.003636177
548,768,108,0.004499658,0.000866612,0.003633046
548,768,109,0.009239887,0.005646771,0.003593116
548,768,110,0.004464071,0.001086472,0.003377599
549,768,1,0.75269994,0.629499061,0.123200879
549,768,2,0.257239563,0.254208519,0.003031044
549,768,3,0.003609744,0.000502884,0.00310686
549,768,4,0.003519676,0.00037047,0.003149206
549,768,5,0.039142872,0.03589805,0.003244822
549,768,6,0.004248172,0.000766037,0.003482135
549,768,7,0.00391494,0.000436937,0.003478003
549,768,8,0.003995763,0.000526393,0.00346937
549,768,9,0.004102375,0.000559307,0.003543068
549,768,10,0.004080968,0.000510385,0.003570583
549,768,11,0.004129616,0.000594301,0.003535315
549,768,12,0.004047013,0.000596234,0.003450779
549,768,13,0.00382819,0.000458747,0.003369443
549,768,14,0.015177429,0.012104816,0.003072613
549,768,15,0.004795488,0.001624589,0.003170899
549,768,16,0.004165832,0.001043294,0.003122538
549,768,17,0.004172215,0.001041839,0.003130376
549,768,18,0.004501841,0.001301507,0.003200334
549,768,19,0.004949374,0.0017265,0.003222874
549,768,20,0.004516565,0.001279695,0.00323687
549,768,21,0.00497654,0.001633392,0.003343148
549,768,22,0.004704845,0.001319345,0.0033855
549,768,23,0.004679599,0.001337486,0.003342113
549,768,24,0.004484701,0.001150189,0.003334512
549,768,25,0.004823355,0.001319848,0.003503507
549,768,26,0.004497674,0.000777478,0.003720196
549,768,27,0.004768181,0.000984312,0.003783869
549,768,28,0.004366317,0.0006092,0.003757117
549,768,29,0.004595436,0.000750694,0.003844742
549,768,30,0.004457124,0.000649899,0.003807225
549,768,31,0.004501432,0.00064185,0.003859582
549,768,32,0.004450043,0.000632197,0.003817846
549,768,33,0.004712657,0.000826526,0.003886131
549,768,34,0.004431752,0.000662265,0.003769487
549,768,35,0.006970902,0.003123186,0.003847716
549,768,36,0.005750692,0.00209056,0.003660132
549,768,37,0.005670536,0.001990961,0.003679575
549,768,38,0.005686716,0.001955856,0.00373086
549,768,39,0.005918127,0.002336128,0.003581999
549,768,40,0.006110401,0.002609731,0.00350067
549,768,41,0.005773595,0.002087954,0.003685641
549,768,42,0.005114422,0.001438099,0.003676323
549,768,43,0.005132727,0.001384973,0.003747754
549,768,44,0.005178229,0.001618652,0.003559577
549,768,45,0.005270542,0.001512268,0.003758274
549,768,46,0.004850211,0.001132076,0.003718135
549,768,47,0.004901884,0.001145432,0.003756452
549,768,48,0.004781553,0.001054901,0.003726652
549,768,49,0.004575702,0.000800578,0.003775124
549,768,50,0.004789367,0.001124789,0.003664578
549,768,51,0.004945896,0.001118351,0.003827545
549,768,52,0.004800441,0.000946983,0.003853458
549,768,53,0.004836199,0.000928718,0.003907481
549,768,54,0.004730517,0.000907411,0.003823106
549,768,55,0.00474698,0.000976682,0.003770298
549,768,56,0.00489941,0.001047354,0.003852056
549,768,57,0.004899948,0.000989266,0.003910682
549,768,58,0.004642244,0.000773097,0.003869147
549,768,59,0.00486319,0.000997347,0.003865843
549,768,60,0.004707315,0.000893083,0.003814232
549,768,61,0.00478966,0.000986231,0.003803429
549,768,62,0.00511544,0.001360236,0.003755204
549,768,63,0.004839293,0.001033929,0.003805364
549,768,64,0.004807659,0.001049911,0.003757748
549,768,65,0.004682551,0.00093851,0.003744041
549,768,66,0.004394898,0.000797301,0.003597597
549,768,67,0.004842234,0.001191133,0.003651101
549,768,68,0.004777233,0.001061463,0.00371577
549,768,69,0.004656295,0.001051435,0.00360486
549,768,70,0.004464106,0.000898677,0.003565429
549,768,71,0.004690879,0.001085601,0.003605278
549,768,72,0.004493,0.001002192,0.003490808
549,768,73,0.0043698,0.000850507,0.003519293
549,768,74,0.004395113,0.001015974,0.003379139
549,768,75,0.004413643,0.000908029,0.003505614
549,768,76,0.004684638,0.001078476,0.003606162
549,768,77,0.004574089,0.000879862,0.003694227
549,768,78,0.004579694,0.000974361,0.003605333
549,768,79,0.004531755,0.000851747,0.003680008
549,768,80,0.004641359,0.00105408,0.003587279
549,768,81,0.004369734,0.000884851,0.003484883
549,768,82,0.004389487,0.001018603,0.003370884
549,768,83,0.004796024,0.001214387,0.003581637
549,768,84,0.004762148,0.001112908,0.00364924
549,768,85,0.004517165,0.00088564,0.003631525
549,768,86,0.0046465,0.000970649,0.003675851
549,768,87,0.006125059,0.002326168,0.003798891
549,768,88,0.004815883,0.001065433,0.00375045
549,768,89,0.00476028,0.000988597,0.003771683
549,768,90,0.004259699,0.000564366,0.003695333
549,768,91,0.004876014,0.001160305,0.003715709
549,768,92,0.007230558,0.003362434,0.003868124
549,768,93,0.004908022,0.001039572,0.00386845
549,768,94,0.00439852,0.000582,0.00381652
549,768,95,0.004257033,0.00062906,0.003627973
549,768,96,0.007283456,0.003519683,0.003763773
549,768,97,0.004880938,0.001163111,0.003717827
549,768,98,0.004681307,0.000975593,0.003705714
549,768,99,0.004827801,0.001215854,0.003611947
549,768,100,0.00547854,0.001923067,0.003555473
549,768,101,0.00480731,0.001157243,0.003650067
549,768,102,0.007176968,0.003490379,0.003686589
549,768,103,0.007590176,0.004002196,0.00358798
549,768,104,0.01027775,0.006835832,0.003441918
549,768,105,0.004678624,0.001216376,0.003462248
549,768,106,0.004254784,0.000773209,0.003481575
549,768,107,0.004577022,0.000961811,0.003615211
549,768,108,0.004485638,0.000826524,0.003659114
549,768,109,0.004708213,0.000911431,0.003796782
549,768,110,0.007645222,0.00425327,0.003391952
550,768,1,0.753435028,0.629664847,0.123770181
550,768,2,0.243849664,0.24082745,0.003022214
550,768,3,0.021773302,0.018761009,0.003012293
550,768,4,0.004751258,0.001738588,0.00301267
550,768,5,0.003847866,0.000779577,0.003068289
550,768,6,0.03793571,0.034604435,0.003331275
550,768,7,0.004382275,0.000912651,0.003469624
550,768,8,0.004006083,0.00052348,0.003482603
550,768,9,0.003976258,0.000449742,0.003526516
550,768,10,0.004111825,0.000569619,0.003542206
550,768,11,0.004139998,0.000574031,0.003565967
550,768,12,0.004053897,0.000557991,0.003495906
550,768,13,0.016018715,0.012875438,0.003143277
550,768,14,0.004505534,0.001444179,0.003061355
550,768,15,0.004400868,0.001227474,0.003173394
550,768,16,0.003959269,0.000803499,0.00315577
550,768,17,0.004235477,0.001182384,0.003053093
550,768,18,0.004753645,0.00166109,0.003092555
550,768,19,0.004585445,0.001462879,0.003122566
550,768,20,0.005046086,0.001821947,0.003224139
550,768,21,0.004629269,0.001323608,0.003305661
550,768,22,0.004774254,0.001426901,0.003347353
550,768,23,0.004424119,0.001146437,0.003277682
550,768,24,0.004739845,0.001357889,0.003381956
550,768,25,0.004633184,0.001125867,0.003507317
550,768,26,0.004782161,0.001073201,0.00370896
550,768,27,0.004365165,0.000659748,0.003705417
550,768,28,0.004524781,0.00071236,0.003812421
550,768,29,0.004412069,0.000663871,0.003748198
550,768,30,0.004586013,0.000716623,0.00386939
550,768,31,0.00445497,0.000680191,0.003774779
550,768,32,0.004632712,0.000769921,0.003862791
550,768,33,0.004506548,0.000766556,0.003739992
550,768,34,0.00696919,0.003194619,0.003774571
550,768,35,0.005861235,0.002156784,0.003704451
550,768,36,0.00574791,0.002058547,0.003689363
550,768,37,0.005658457,0.002003338,0.003655119
550,768,38,0.006008002,0.002443134,0.003564868
550,768,39,0.006249079,0.002595532,0.003653547
550,768,40,0.005559438,0.001884475,0.003674963
550,768,41,0.005116338,0.001631282,0.003485056
550,768,42,0.005058444,0.001525758,0.003532686
550,768,43,0.005306608,0.001737971,0.003568637
550,768,44,0.005094638,0.001480103,0.003614535
550,768,45,0.004895339,0.001215076,0.003680263
550,768,46,0.004905281,0.001154717,0.003750564
550,768,47,0.004757897,0.000885104,0.003872793
550,768,48,0.004588823,0.00077867,0.003810153
550,768,49,0.004844983,0.000906207,0.003938776
550,768,50,0.004816637,0.000977579,0.003839058
550,768,51,0.004797938,0.00087711,0.003920828
550,768,52,0.004822808,0.000993615,0.003829193
550,768,53,0.004802907,0.00094174,0.003861167
550,768,54,0.004760535,0.000906842,0.003853693
550,768,55,0.00484458,0.000952205,0.003892375
550,768,56,0.004807559,0.000944742,0.003862817
550,768,57,0.004726013,0.000906189,0.003819824
550,768,58,0.004886087,0.001070474,0.003815613
550,768,59,0.004724774,0.000993273,0.003731501
550,768,60,0.004779558,0.00108012,0.003699438
550,768,61,0.005115851,0.001380072,0.003735779
550,768,62,0.004868866,0.001091293,0.003777573
550,768,63,0.004858545,0.001118739,0.003739806
550,768,64,0.004644501,0.000907786,0.003736715
550,768,65,0.004588354,0.000937316,0.003651038
550,768,66,0.004711971,0.001018344,0.003693627
550,768,67,0.004724336,0.001023444,0.003700892
550,768,68,0.004779627,0.001027789,0.003751838
550,768,69,0.004589772,0.00099178,0.003597992
550,768,70,0.004582066,0.000928206,0.00365386
550,768,71,0.004668743,0.001025333,0.00364341
550,768,72,0.00433626,0.00082769,0.00350857
550,768,73,0.004531809,0.001026269,0.00350554
550,768,74,0.004215652,0.000859627,0.003356025
550,768,75,0.004615542,0.001187824,0.003427718
550,768,76,0.004477731,0.00090642,0.003571311
550,768,77,0.00467041,0.001081532,0.003588878
550,768,78,0.004520058,0.000915203,0.003604855
550,768,79,0.004735444,0.001078969,0.003656475
550,768,80,0.004498038,0.000967632,0.003530406
550,768,81,0.004510101,0.000996678,0.003513423
550,768,82,0.00435925,0.000961941,0.003397309
550,768,83,0.00473147,0.00119386,0.00353761
550,768,84,0.004614789,0.000963182,0.003651607
550,768,85,0.004621925,0.000973509,0.003648416
550,768,86,0.005945406,0.002146621,0.003798785
550,768,87,0.00483387,0.001005035,0.003828835
550,768,88,0.004282527,0.000620926,0.003661601
550,768,89,0.004779277,0.000939376,0.003839901
550,768,90,0.004689244,0.001012138,0.003677106
550,768,91,0.007276032,0.003486222,0.00378981
550,768,92,0.004989051,0.001131585,0.003857466
550,768,93,0.004366062,0.000482883,0.003883179
550,768,94,0.004337487,0.000516337,0.00382115
550,768,95,0.007058004,0.0033208,0.003737204
550,768,96,0.005263003,0.001496398,0.003766605
550,768,97,0.004636486,0.000917713,0.003718773
550,768,98,0.004386691,0.000700572,0.003686119
550,768,99,0.006146966,0.002550221,0.003596745
550,768,100,0.004363253,0.000831602,0.003531651
550,768,101,0.006950711,0.003262333,0.003688378
550,768,102,0.008173515,0.004518521,0.003654994
550,768,103,0.005106859,0.001471919,0.00363494
550,768,104,0.003937767,0.00035547,0.003582297
550,768,105,0.008802703,0.00535211,0.003450593
550,768,106,0.004618477,0.001143762,0.003474715
550,768,107,0.004551928,0.00092425,0.003627678
550,768,108,0.004539455,0.000916968,0.003622487
550,768,109,0.004754754,0.001036281,0.003718473
550,768,110,0.004170145,0.000588948,0.003581197
551,768,1,0.755029706,0.631286131,0.123743575
551,768,2,0.246850717,0.243826702,0.003024015
551,768,3,0.011823905,0.008810144,0.003013761
551,768,4,0.003763578,0.00065365,0.003109928
551,768,5,0.01886513,0.015858374,0.003006756
551,768,6,0.004082982,0.000977655,0.003105327
551,768,7,0.021666664,0.01830956,0.003357104
551,768,8,0.004461283,0.00107855,0.003382733
551,768,9,0.004081841,0.000577554,0.003504287
551,768,10,0.004053104,0.000517512,0.003535592
551,768,11,0.004163849,0.000589089,0.00357476
551,768,12,0.017110046,0.013901662,0.003208384
551,768,13,0.004676439,0.001519142,0.003157297
551,768,14,0.004265191,0.001182618,0.003082573
551,768,15,0.004001576,0.000852426,0.00314915
551,768,16,0.004322081,0.001173529,0.003148552
551,768,17,0.004126536,0.000975453,0.003151083
551,768,18,0.004711749,0.001469809,0.00324194
551,768,19,0.004704563,0.001600117,0.003104446
551,768,20,0.004627035,0.001361698,0.003265337
551,768,21,0.004758145,0.001410657,0.003347488
551,768,22,0.004479086,0.001165988,0.003313098
551,768,23,0.004681719,0.00134784,0.003333879
551,768,24,0.004564102,0.001202549,0.003361553
551,768,25,0.004933774,0.001392057,0.003541717
551,768,26,0.004523954,0.000836635,0.003687319
551,768,27,0.004395726,0.000655502,0.003740224
551,768,28,0.004447824,0.000631995,0.003815829
551,768,29,0.004465334,0.000634639,0.003830695
551,768,30,0.004550119,0.000689373,0.003860746
551,768,31,0.004556315,0.000655188,0.003901127
551,768,32,0.004606749,0.000702473,0.003904276
551,768,33,0.006934091,0.003164792,0.003769299
551,768,34,0.005916186,0.00206048,0.003855706
551,768,35,0.005762103,0.001988204,0.003773899
551,768,36,0.005721431,0.001945459,0.003775972
551,768,37,0.006068684,0.002363413,0.003705271
551,768,38,0.006254096,0.002522622,0.003731474
551,768,39,0.005482605,0.001785149,0.003697456
551,768,40,0.005256844,0.001692308,0.003564536
551,768,41,0.005007109,0.001471308,0.003535801
551,768,42,0.005258446,0.001662566,0.00359588
551,768,43,0.005092891,0.001302565,0.003790326
551,768,44,0.004828561,0.001038716,0.003789845
551,768,45,0.004814913,0.00087582,0.003939093
551,768,46,0.004629571,0.000721418,0.003908153
551,768,47,0.004687343,0.000788572,0.003898771
551,768,48,0.00474854,0.000922614,0.003825926
551,768,49,0.004866692,0.001029859,0.003836833
551,768,50,0.004768686,0.000901801,0.003866885
551,768,51,0.004899694,0.000956367,0.003943327
551,768,52,0.004726464,0.000843212,0.003883252
551,768,53,0.004822915,0.000975892,0.003847023
551,768,54,0.004785111,0.000972253,0.003812858
551,768,55,0.004835672,0.000977688,0.003857984
551,768,56,0.004757934,0.001002745,0.003755189
551,768,57,0.004825813,0.001001621,0.003824192
551,768,58,0.004822512,0.001058916,0.003763596
551,768,59,0.004856211,0.001023759,0.003832452
551,768,60,0.005033092,0.001250188,0.003782904
551,768,61,0.004883351,0.000986013,0.003897338
551,768,62,0.004815411,0.000943779,0.003871632
551,768,63,0.004690384,0.000771404,0.00391898
551,768,64,0.004709848,0.000910196,0.003799652
551,768,65,0.004697482,0.000876306,0.003821176
551,768,66,0.004712078,0.000917458,0.00379462
551,768,67,0.004690032,0.000838692,0.00385134
551,768,68,0.004741226,0.000949504,0.003791722
551,768,69,0.00455576,0.000839212,0.003716548
551,768,70,0.004655337,0.000956,0.003699337
551,768,71,0.004496357,0.000801478,0.003694879
551,768,72,0.004498751,0.000937822,0.003560929
551,768,73,0.004391933,0.000889593,0.00350234
551,768,74,0.004490873,0.0010912,0.003399673
551,768,75,0.004361685,0.000974143,0.003387542
551,768,76,0.004663265,0.001173178,0.003490087
551,768,77,0.00449895,0.000973771,0.003525179
551,768,78,0.004677544,0.00111541,0.003562134
551,768,79,0.00458179,0.000997968,0.003583822
551,768,80,0.00458644,0.001052139,0.003534301
551,768,81,0.004466135,0.000962509,0.003503626
551,768,82,0.004539579,0.001086185,0.003453394
551,768,83,0.004564569,0.00103805,0.003526519
551,768,84,0.004566153,0.00091095,0.003655203
551,768,85,0.00546687,0.001809716,0.003657154
551,768,86,0.005142906,0.001236536,0.00390637
551,768,87,0.004483735,0.000512599,0.003971136
551,768,88,0.0042711,0.000558935,0.003712165
551,768,89,0.004731884,0.000933272,0.003798612
551,768,90,0.007265932,0.003506151,0.003759781
551,768,91,0.005147861,0.001285826,0.003862035
551,768,92,0.004386414,0.000495362,0.003891052
551,768,93,0.004418273,0.000476413,0.00394186
551,768,94,0.007027978,0.003358652,0.003669326
551,768,95,0.005369271,0.001771548,0.003597723
551,768,96,0.004690177,0.000980401,0.003709776
551,768,97,0.004485444,0.000750981,0.003734463
551,768,98,0.006141551,0.002469659,0.003671892
551,768,99,0.004516118,0.000858795,0.003657323
551,768,100,0.00675057,0.003084204,0.003666366
551,768,101,0.00788181,0.004205307,0.003676503
551,768,102,0.004425829,0.000773672,0.003652157
551,768,103,0.004083562,0.000438352,0.00364521
551,768,104,0.004437669,0.000880374,0.003557295
551,768,105,0.00478759,0.00134339,0.0034442
551,768,106,0.007939587,0.004475168,0.003464419
551,768,107,0.005016156,0.001384746,0.00363141
551,768,108,0.004662105,0.001019175,0.00364293
551,768,109,0.004710309,0.001004668,0.003705641
551,768,110,0.004212054,0.000558345,0.003653709
552,768,1,0.783489851,0.654941782,0.128548069
552,768,2,0.219966815,0.216877009,0.003089806
552,768,3,0.003723955,0.000515352,0.003208603
552,768,4,0.01897801,0.01588725,0.00309076
552,768,5,0.003930109,0.000706112,0.003223997
552,768,6,0.003568344,0.000409146,0.003159198
552,768,7,0.003585558,0.000396773,0.003188785
552,768,8,0.02102383,0.017909518,0.003114312
552,768,9,0.004456131,0.001322287,0.003133844
552,768,10,0.004198449,0.00097661,0.003221839
552,768,11,0.018616845,0.015134777,0.003482068
552,768,12,0.00468625,0.001163009,0.003523241
552,768,13,0.004329557,0.000768485,0.003561072
552,768,14,0.00401364,0.000598562,0.003415078
552,768,15,0.004273911,0.00096182,0.003312091
552,768,16,0.004047982,0.000783606,0.003264376
552,768,17,0.004195296,0.000926542,0.003268754
552,768,18,0.00475051,0.00151052,0.00323999
552,768,19,0.004560989,0.001274519,0.00328647
552,768,20,0.004774233,0.001384173,0.00339006
552,768,21,0.004571466,0.001126947,0.003444519
552,768,22,0.004578925,0.001046082,0.003532843
552,768,23,0.004618741,0.001086785,0.003531956
552,768,24,0.004764879,0.00120662,0.003558259
552,768,25,0.004617038,0.000907913,0.003709125
552,768,26,0.004356035,0.00069067,0.003665365
552,768,27,0.004240145,0.000607535,0.00363261
552,768,28,0.00423719,0.0006383,0.00359889
552,768,29,0.004288517,0.000686275,0.003602242
552,768,30,0.004127708,0.000677892,0.003449816
552,768,31,0.00419204,0.000718148,0.003473892
552,768,32,0.008474834,0.004981358,0.003493476
552,768,33,0.005771361,0.002196134,0.003575227
552,768,34,0.005878113,0.002158142,0.003719971
552,768,35,0.005691733,0.002013211,0.003678522
552,768,36,0.006100385,0.002344061,0.003756324
552,768,37,0.006300879,0.002321136,0.003979743
552,768,38,0.005407751,0.001553649,0.003854102
552,768,39,0.005376306,0.001414775,0.003961531
552,768,40,0.005081809,0.001135712,0.003946097
552,768,41,0.005188106,0.001128141,0.004059965
552,768,42,0.004887855,0.000741953,0.004145902
552,768,43,0.004805492,0.000655169,0.004150323
552,768,44,0.004714897,0.000585794,0.004129103
552,768,45,0.00463524,0.00058478,0.00405046
552,768,46,0.004697542,0.000587461,0.004110081
552,768,47,0.004841217,0.00081847,0.004022747
552,768,48,0.004814105,0.000787959,0.004026146
552,768,49,0.004739271,0.000734362,0.004004909
552,768,50,0.00479308,0.000842773,0.003950307
552,768,51,0.004798362,0.000887849,0.003910513
552,768,52,0.004841045,0.000849574,0.003991471
552,768,53,0.004778089,0.000872489,0.0039056
552,768,54,0.004779124,0.000893778,0.003885346
552,768,55,0.004830657,0.000842209,0.003988448
552,768,56,0.004754012,0.000878677,0.003875335
552,768,57,0.004893242,0.000896797,0.003996445
552,768,58,0.004772329,0.000852661,0.003919668
552,768,59,0.005047853,0.000821877,0.004225976
552,768,60,0.00480278,0.000699013,0.004103767
552,768,61,0.004877306,0.000634333,0.004242973
552,768,62,0.004666517,0.000615071,0.004051446
552,768,63,0.004813994,0.000603805,0.004210189
552,768,64,0.00464809,0.000658964,0.003989126
552,768,65,0.004750136,0.000652775,0.004097361
552,768,66,0.004631935,0.00065843,0.003973505
552,768,67,0.004765521,0.000617416,0.004148105
552,768,68,0.004644253,0.000636952,0.004007301
552,768,69,0.004705713,0.000613622,0.004092091
552,768,70,0.00451121,0.000582474,0.003928736
552,768,71,0.00460288,0.000561103,0.004041777
552,768,72,0.004434685,0.00052756,0.003907125
552,768,73,0.004579655,0.000501928,0.004077727
552,768,74,0.004427214,0.000569927,0.003857287
552,768,75,0.004487682,0.000556596,0.003931086
552,768,76,0.004445417,0.000653029,0.003792388
552,768,77,0.004582437,0.000723153,0.003859284
552,768,78,0.004613562,0.000756649,0.003856913
552,768,79,0.004589085,0.000788672,0.003800413
552,768,80,0.00452811,0.000771211,0.003756899
552,768,81,0.004572549,0.000771726,0.003800823
552,768,82,0.004514933,0.00074657,0.003768363
552,768,83,0.004407802,0.000702366,0.003705436
552,768,84,0.005215065,0.001596076,0.003618989
552,768,85,0.004483463,0.000944408,0.003539055
552,768,86,0.004667124,0.000923649,0.003743475
552,768,87,0.004043786,0.000421701,0.003622085
552,768,88,0.004356436,0.000730743,0.003625693
552,768,89,0.008089013,0.004413532,0.003675481
552,768,90,0.005417477,0.001521879,0.003895598
552,768,91,0.00423951,0.00050523,0.00373428
552,768,92,0.004415855,0.000572932,0.003842923
552,768,93,0.0073204,0.003321206,0.003999194
552,768,94,0.005443634,0.001345724,0.00409791
552,768,95,0.004596487,0.000556377,0.00404011
552,768,96,0.00439858,0.00053582,0.00386276
552,768,97,0.006260541,0.002380492,0.003880049
552,768,98,0.004508096,0.000724009,0.003784087
552,768,99,0.006343186,0.002587226,0.00375596
552,768,100,0.008065015,0.004374785,0.00369023
552,768,101,0.00438033,0.000655954,0.003724376
552,768,102,0.004129473,0.000430133,0.00369934
552,768,103,0.004186384,0.000503418,0.003682966
552,768,104,0.00545732,0.001554549,0.003902771
552,768,105,0.004549601,0.000705721,0.00384388
552,768,106,0.004360374,0.000584372,0.003776002
552,768,107,0.006597989,0.002901882,0.003696107
552,768,108,0.00507935,0.001265654,0.003813696
552,768,109,0.004747571,0.000873226,0.003874345
552,768,110,0.004496192,0.000813139,0.003683053
553,768,1,0.768848092,0.643885218,0.124962874
553,768,2,0.181645378,0.178620206,0.003025172
553,768,3,0.040570689,0.037551112,0.003019577
553,768,4,0.003716549,0.000619437,0.003097112
553,768,5,0.003661188,0.000532487,0.003128701
553,768,6,0.003493037,0.000395914,0.003097123
553,768,7,0.003500179,0.000383981,0.003116198
553,768,8,0.003479434,0.000371634,0.0031078
553,768,9,0.020672339,0.017626911,0.003045428
553,768,10,0.020535566,0.017202819,0.003332747
553,768,11,0.004669821,0.001191878,0.003477943
553,768,12,0.004256799,0.000823307,0.003433492
553,768,13,0.004174809,0.000821468,0.003353341
553,768,14,0.0043555,0.001029114,0.003326386
553,768,15,0.004153393,0.000910729,0.003242664
553,768,16,0.003898086,0.00067194,0.003226146
553,768,17,0.004283245,0.001127486,0.003155759
553,768,18,0.004655656,0.001467283,0.003188373
553,768,19,0.004708698,0.00141716,0.003291538
553,768,20,0.004414568,0.001133636,0.003280932
553,768,21,0.004642667,0.001192846,0.003449821
553,768,22,0.004672327,0.001214113,0.003458214
553,768,23,0.004749382,0.001268703,0.003480679
553,768,24,0.004516409,0.001023302,0.003493107
553,768,25,0.00459929,0.00101187,0.00358742
553,768,26,0.004135714,0.000588455,0.003547259
553,768,27,0.004302433,0.000743125,0.003559308
553,768,28,0.004325864,0.000743408,0.003582456
553,768,29,0.004130159,0.000614771,0.003515388
553,768,30,0.004036488,0.000615801,0.003420687
553,768,31,0.009041095,0.005714848,0.003326247
553,768,32,0.005741086,0.00217326,0.003567826
553,768,33,0.005588061,0.002046993,0.003541068
553,768,34,0.005807651,0.002262983,0.003544668
553,768,35,0.006044775,0.002303201,0.003741574
553,768,36,0.005920321,0.002160523,0.003759798
553,768,37,0.005545968,0.001782829,0.003763139
553,768,38,0.005423995,0.001461714,0.003962281
553,768,39,0.005152018,0.001302846,0.003849172
553,768,40,0.005012952,0.001011652,0.0040013
553,768,41,0.004800842,0.000844339,0.003956503
553,768,42,0.004780958,0.000708829,0.004072129
553,768,43,0.004482417,0.000502301,0.003980116
553,768,44,0.004770646,0.00076306,0.004007586
553,768,45,0.004910608,0.000942822,0.003967786
553,768,46,0.004902059,0.000932813,0.003969246
553,768,47,0.004868566,0.000955234,0.003913332
553,768,48,0.004566301,0.000707858,0.003858443
553,768,49,0.004613186,0.000690034,0.003923152
553,768,50,0.005080721,0.001272525,0.003808196
553,768,51,0.004733436,0.000907211,0.003826225
553,768,52,0.004953309,0.001023347,0.003929962
553,768,53,0.004628896,0.000728925,0.003899971
553,768,54,0.004640339,0.000778063,0.003862276
553,768,55,0.004935729,0.000981753,0.003953976
553,768,56,0.004641934,0.000740371,0.003901563
553,768,57,0.004774491,0.000769734,0.004004757
553,768,58,0.004646016,0.000745495,0.003900521
553,768,59,0.004859777,0.000812634,0.004047143
553,768,60,0.004707877,0.000704933,0.004002944
553,768,61,0.004594946,0.00066861,0.003926336
553,768,62,0.004714229,0.000771262,0.003942967
553,768,63,0.00479907,0.000718654,0.004080416
553,768,64,0.004560997,0.000664259,0.003896738
553,768,65,0.00469364,0.000752307,0.003941333
553,768,66,0.004782812,0.000842073,0.003940739
553,768,67,0.004771052,0.00075434,0.004016712
553,768,68,0.004564265,0.000658935,0.00390533
553,768,69,0.004759478,0.000745547,0.004013931
553,768,70,0.004593694,0.000689906,0.003903788
553,768,71,0.004531346,0.000662278,0.003869068
553,768,72,0.004490036,0.000628595,0.003861441
553,768,73,0.004621543,0.000779678,0.003841865
553,768,74,0.004341707,0.000602675,0.003739032
553,768,75,0.004535608,0.000793441,0.003742167
553,768,76,0.004348797,0.000688778,0.003660019
553,768,77,0.00450157,0.000819962,0.003681608
553,768,78,0.004568866,0.000874972,0.003693894
553,768,79,0.004630453,0.000922265,0.003708188
553,768,80,0.004544889,0.000916904,0.003627985
553,768,81,0.004770493,0.001128235,0.003642258
553,768,82,0.004856258,0.001252092,0.003604166
553,768,83,0.00467091,0.001014197,0.003656713
553,768,84,0.004235809,0.000788226,0.003447583
553,768,85,0.004940592,0.001502732,0.00343786
553,768,86,0.004746004,0.001105355,0.003640649
553,768,87,0.004061207,0.000486919,0.003574288
553,768,88,0.008252862,0.004798813,0.003454049
553,768,89,0.005687316,0.001909374,0.003777942
553,768,90,0.004436098,0.000617542,0.003818556
553,768,91,0.004115375,0.000495107,0.003620268
553,768,92,0.00698022,0.003292076,0.003688144
553,768,93,0.005541974,0.001718678,0.003823296
553,768,94,0.005046777,0.001103001,0.003943776
553,768,95,0.004221194,0.000331978,0.003889216
553,768,96,0.006478014,0.002638762,0.003839252
553,768,97,0.004778973,0.001052318,0.003726655
553,768,98,0.004137806,0.000412793,0.003725013
553,768,99,0.004190841,0.000489772,0.003701069
553,768,100,0.005614349,0.002020901,0.003593448
553,768,101,0.008136089,0.004480688,0.003655401
553,768,102,0.004401382,0.000790183,0.003611199
553,768,103,0.005960011,0.002370557,0.003589454
553,768,104,0.004633116,0.000885611,0.003747505
553,768,105,0.00409388,0.00034433,0.00374955
553,768,106,0.004184923,0.000471422,0.003713501
553,768,107,0.004128581,0.000484916,0.003643665
553,768,108,0.006376814,0.002608952,0.003767862
553,768,109,0.005008007,0.001343495,0.003664512
553,768,110,0.004827695,0.001103619,0.003724076
554,768,1,0.753393301,0.629292477,0.124100824
554,768,2,0.24995986,0.246943505,0.003016355
554,768,3,0.003664346,0.00054828,0.003116066
554,768,4,0.00359631,0.000426644,0.003169666
554,768,5,0.003488218,0.000378936,0.003109282
554,768,6,0.003539105,0.000385937,0.003153168
554,768,7,0.003475185,0.000363634,0.003111551
554,768,8,0.003507446,0.000358104,0.003149342
554,768,9,0.037552486,0.034309275,0.003243211
554,768,10,0.004485009,0.001166346,0.003318663
554,768,11,0.004248282,0.000844317,0.003403965
554,768,12,0.004302532,0.000914114,0.003388418
554,768,13,0.004428615,0.001114284,0.003314331
554,768,14,0.00418195,0.000870483,0.003311467
554,768,15,0.003822949,0.00053833,0.003284619
554,768,16,0.004092478,0.000852611,0.003239867
554,768,17,0.004523106,0.001359823,0.003163283
554,768,18,0.004452412,0.001210534,0.003241878
554,768,19,0.004451442,0.001234798,0.003216644
554,768,20,0.004541143,0.001233385,0.003307758
554,768,21,0.004643262,0.001333428,0.003309834
554,768,22,0.004662797,0.001179726,0.003483071
554,768,23,0.004610828,0.001146574,0.003464254
554,768,24,0.004627733,0.001144161,0.003483572
554,768,25,0.004469848,0.000925903,0.003543945
554,768,26,0.004322924,0.000714329,0.003608595
554,768,27,0.00424591,0.000691763,0.003554147
554,768,28,0.004167127,0.000688922,0.003478205
554,768,29,0.004086963,0.000672893,0.00341407
554,768,30,0.009276426,0.005919217,0.003357209
554,768,31,0.005556627,0.002116094,0.003440533
554,768,32,0.005625402,0.002207211,0.003418191
554,768,33,0.005828267,0.002336313,0.003491954
554,768,34,0.005908309,0.002290102,0.003618207
554,768,35,0.005782417,0.002118854,0.003663563
554,768,36,0.005533381,0.00181898,0.003714401
554,768,37,0.005297945,0.001552409,0.003745536
554,768,38,0.005211267,0.001428055,0.003783212
554,768,39,0.004944026,0.00109064,0.003853386
554,768,40,0.004871116,0.00097184,0.003899276
554,768,41,0.004611946,0.000743717,0.003868229
554,768,42,0.004612372,0.000685313,0.003927059
554,768,43,0.004757232,0.000932154,0.003825078
554,768,44,0.004935566,0.001173369,0.003762197
554,768,45,0.004884044,0.001126064,0.00375798
554,768,46,0.004855242,0.001040063,0.003815179
554,768,47,0.00461355,0.000897906,0.003715644
554,768,48,0.004632092,0.000876589,0.003755503
554,768,49,0.005125502,0.001402986,0.003722516
554,768,50,0.004783106,0.000959569,0.003823537
554,768,51,0.004839819,0.001053212,0.003786607
554,768,52,0.004432271,0.000694478,0.003737793
554,768,53,0.004889349,0.001106428,0.003782921
554,768,54,0.004848585,0.001031112,0.003817473
554,768,55,0.004583387,0.000750608,0.003832779
554,768,56,0.004531243,0.000748056,0.003783187
554,768,57,0.005056038,0.001193537,0.003862501
554,768,58,0.004702413,0.000817948,0.003884465
554,768,59,0.004806397,0.000802777,0.00400362
554,768,60,0.004647052,0.000777137,0.003869915
554,768,61,0.004650533,0.000838726,0.003811807
554,768,62,0.004615161,0.000768377,0.003846784
554,768,63,0.004676987,0.000846273,0.003830714
554,768,64,0.004720719,0.00095951,0.003761209
554,768,65,0.004724628,0.000888634,0.003835994
554,768,66,0.004809874,0.0009976,0.003812274
554,768,67,0.004420631,0.000610767,0.003809864
554,768,68,0.004793512,0.000975638,0.003817874
554,768,69,0.004734397,0.00086859,0.003865807
554,768,70,0.004489107,0.000697288,0.003791819
554,768,71,0.004626233,0.00083942,0.003786813
554,768,72,0.004784593,0.000970406,0.003814187
554,768,73,0.004488606,0.000758874,0.003729732
554,768,74,0.004506681,0.000802077,0.003704604
554,768,75,0.004162625,0.000436869,0.003725756
554,768,76,0.004397881,0.000809173,0.003588708
554,768,77,0.004680794,0.00093955,0.003741244
554,768,78,0.004525184,0.000846107,0.003679077
554,768,79,0.00466623,0.001019015,0.003647215
554,768,80,0.00476041,0.001134026,0.003626384
554,768,81,0.00480526,0.001112693,0.003692567
554,768,82,0.004500769,0.001006614,0.003494155
554,768,83,0.004676284,0.001134529,0.003541755
554,768,84,0.004508587,0.001033586,0.003475001
554,768,85,0.004677977,0.001264828,0.003413149
554,768,86,0.004250219,0.000683796,0.003566423
554,768,87,0.007774975,0.004302284,0.003472691
554,768,88,0.005480286,0.002007705,0.003472581
554,768,89,0.004900484,0.00118391,0.003716574
554,768,90,0.004502892,0.00076653,0.003736362
554,768,91,0.00721691,0.003526346,0.003690564
554,768,92,0.004460865,0.000748016,0.003712849
554,768,93,0.005011654,0.001175308,0.003836346
554,768,94,0.004852252,0.000899416,0.003952836
554,768,95,0.004237343,0.000372189,0.003865154
554,768,96,0.004120297,0.000388954,0.003731343
554,768,97,0.006276208,0.002572309,0.003703899
554,768,98,0.004692599,0.001007657,0.003684942
554,768,99,0.004182742,0.000494616,0.003688126
554,768,100,0.004074254,0.00045523,0.003619024
554,768,101,0.005738419,0.002131667,0.003606752
554,768,102,0.00800871,0.004442311,0.003566399
554,768,103,0.006684799,0.002400514,0.004284285
554,768,104,0.004488874,0.000729814,0.00375906
554,768,105,0.004185317,0.000426579,0.003758738
554,768,106,0.00409042,0.000459664,0.003630756
554,768,107,0.004081968,0.000466136,0.003615832
554,768,108,0.004139009,0.000465761,0.003673248
554,768,109,0.006134467,0.002489977,0.00364449
554,768,110,0.005136318,0.001425516,0.003710802
555,768,1,0.755598559,0.632193502,0.123405057
555,768,2,0.172316553,0.169294055,0.003022498
555,768,3,0.029490725,0.02646409,0.003026635
555,768,4,0.003781766,0.000669205,0.003112561
555,768,5,0.003548065,0.000404893,0.003143172
555,768,6,0.003481899,0.000377987,0.003103912
555,768,7,0.003513588,0.000371897,0.003141691
555,768,8,0.03794346,0.034778702,0.003164758
555,768,9,0.004362207,0.001112097,0.00325011
555,768,10,0.004215788,0.000807249,0.003408539
555,768,11,0.004318745,0.000964801,0.003353944
555,768,12,0.004487537,0.001074354,0.003413183
555,768,13,0.004198614,0.000885249,0.003313365
555,768,14,0.003828736,0.000547556,0.00328118
555,768,15,0.003878889,0.000619757,0.003259132
555,768,16,0.004222321,0.001026216,0.003196105
555,768,17,0.004244157,0.001000817,0.00324334
555,768,18,0.004500262,0.001289853,0.003210409
555,768,19,0.004526971,0.001245504,0.003281467
555,768,20,0.004474372,0.001253764,0.003220608
555,768,21,0.004741447,0.00135937,0.003382077
555,768,22,0.004550904,0.001157249,0.003393655
555,768,23,0.004606733,0.001230408,0.003376325
555,768,24,0.004591635,0.001163234,0.003428401
555,768,25,0.004623966,0.001049709,0.003574257
555,768,26,0.004189288,0.000661923,0.003527365
555,768,27,0.004213446,0.000699284,0.003514162
555,768,28,0.004272877,0.000726807,0.00354607
555,768,29,0.009481375,0.006054867,0.003426508
555,768,30,0.005323234,0.002015867,0.003307367
555,768,31,0.005780826,0.002367605,0.003413221
555,768,32,0.005718404,0.002190381,0.003528023
555,768,33,0.005808326,0.002189556,0.00361877
555,768,34,0.005645663,0.002002108,0.003643555
555,768,35,0.005526317,0.001832773,0.003693544
555,768,36,0.005316219,0.001588604,0.003727615
555,768,37,0.005109591,0.001223987,0.003885604
555,768,38,0.004906198,0.001076421,0.003829777
555,768,39,0.00481864,0.000966553,0.003852087
555,768,40,0.004677684,0.000858555,0.003819129
555,768,41,0.004562788,0.000804765,0.003758023
555,768,42,0.004849273,0.000998258,0.003851015
555,768,43,0.004970042,0.001140147,0.003829895
555,768,44,0.004879942,0.001001992,0.00387795
555,768,45,0.004770154,0.000946807,0.003823347
555,768,46,0.004674931,0.000842836,0.003832095
555,768,47,0.004656793,0.000833939,0.003822854
555,768,48,0.005070363,0.001210705,0.003859658
555,768,49,0.004726299,0.000826736,0.003899563
555,768,50,0.004858049,0.000894427,0.003963622
555,768,51,0.004548214,0.000702981,0.003845233
555,768,52,0.004816766,0.000959302,0.003857464
555,768,53,0.004763954,0.000827276,0.003936678
555,768,54,0.004584016,0.000716413,0.003867603
555,768,55,0.004623592,0.00068178,0.003941812
555,768,56,0.004963039,0.001021041,0.003941998
555,768,57,0.004678487,0.000667597,0.00401089
555,768,58,0.00468508,0.000816756,0.003868324
555,768,59,0.004768941,0.000854787,0.003914154
555,768,60,0.004731525,0.000857663,0.003873862
555,768,61,0.004578135,0.000677943,0.003900192
555,768,62,0.004695927,0.000866325,0.003829602
555,768,63,0.004774961,0.000829685,0.003945276
555,768,64,0.004663391,0.000833241,0.00383015
555,768,65,0.004810693,0.00090369,0.003907003
555,768,66,0.004479596,0.000741036,0.00373856
555,768,67,0.004790117,0.000892693,0.003897424
555,768,68,0.004638733,0.000836236,0.003802497
555,768,69,0.004571388,0.000774562,0.003796826
555,768,70,0.00465797,0.000866318,0.003791652
555,768,71,0.004705865,0.000945784,0.003760081
555,768,72,0.004585351,0.000878016,0.003707335
555,768,73,0.004533364,0.000797566,0.003735798
555,768,74,0.004225438,0.000594807,0.003630631
555,768,75,0.004467008,0.000720077,0.003746931
555,768,76,0.004527871,0.000708357,0.003819514
555,768,77,0.004394188,0.000653185,0.003741003
555,768,78,0.004397379,0.000706475,0.003690904
555,768,79,0.004832179,0.001049789,0.00378239
555,768,80,0.004479203,0.000843417,0.003635786
555,768,81,0.00473267,0.001048541,0.003684129
555,768,82,0.004651287,0.001047206,0.003604081
555,768,83,0.004760933,0.00117851,0.003582423
555,768,84,0.004209069,0.000716522,0.003492547
555,768,85,0.004700537,0.001227,0.003473537
555,768,86,0.007665006,0.004249145,0.003415861
555,768,87,0.004674118,0.001183032,0.003491086
555,768,88,0.004777072,0.001248801,0.003528271
555,768,89,0.004989758,0.001288447,0.003701311
555,768,90,0.004845794,0.001097011,0.003748783
555,768,91,0.004163984,0.000549635,0.003614349
555,768,92,0.006679918,0.002946581,0.003733337
555,768,93,0.005119898,0.001305764,0.003814134
555,768,94,0.005237714,0.001277864,0.00395985
555,768,95,0.004316112,0.00042736,0.003888752
555,768,96,0.00420636,0.000452089,0.003754271
555,768,97,0.004213958,0.000526106,0.003687852
555,768,98,0.005860651,0.002202603,0.003658048
555,768,99,0.004699332,0.001001039,0.003698293
555,768,100,0.004109692,0.000466096,0.003643596
555,768,101,0.004006369,0.000439811,0.003566558
555,768,102,0.006137988,0.002523346,0.003614642
555,768,103,0.009603996,0.00603746,0.003566536
555,768,104,0.005016601,0.001221705,0.003794896
555,768,105,0.004317101,0.00059666,0.003720441
555,768,106,0.004141725,0.000504724,0.003637001
555,768,107,0.004095906,0.000462378,0.003633528
555,768,108,0.004102513,0.000467258,0.003635255
555,768,109,0.004176038,0.000482475,0.003693563
555,768,110,0.006521385,0.002804093,0.003717292
556,768,1,0.75569338,0.631384021,0.124309359
556,768,2,0.240483753,0.237465773,0.00301798
556,768,3,0.028773455,0.025757568,0.003015887
556,768,4,0.005832137,0.002808762,0.003023375
556,768,5,0.003846818,0.000676851,0.003169967
556,768,6,0.003502382,0.000393275,0.003109107
556,768,7,0.038350367,0.035259484,0.003090883
556,768,8,0.004268808,0.001090089,0.003178719
556,768,9,0.004147357,0.000739789,0.003407568
556,768,10,0.004412626,0.000889877,0.003522749
556,768,11,0.004376506,0.000964981,0.003411525
556,768,12,0.004283549,0.000844405,0.003439144
556,768,13,0.003922921,0.000538006,0.003384915
556,768,14,0.003839638,0.00053056,0.003309078
556,768,15,0.003965716,0.000639985,0.003325731
556,768,16,0.004062384,0.000801946,0.003260438
556,768,17,0.004172522,0.000938529,0.003233993
556,768,18,0.004490574,0.001276952,0.003213622
556,768,19,0.004416984,0.001166282,0.003250702
556,768,20,0.00452663,0.001282038,0.003244592
556,768,21,0.004709733,0.001365489,0.003344244
556,768,22,0.00450736,0.001115542,0.003391818
556,768,23,0.004651164,0.00129625,0.003354914
556,768,24,0.004617815,0.001152194,0.003465621
556,768,25,0.004566241,0.001034476,0.003531765
556,768,26,0.004177808,0.000609187,0.003568621
556,768,27,0.004360019,0.000745134,0.003614885
556,768,28,0.009881275,0.006541426,0.003339849
556,768,29,0.005359964,0.002060272,0.003299692
556,768,30,0.005735578,0.002378831,0.003356747
556,768,31,0.005661336,0.002013734,0.003647602
556,768,32,0.0056273,0.002115028,0.003512272
556,768,33,0.005663684,0.002054142,0.003609542
556,768,34,0.005497473,0.001773762,0.003723711
556,768,35,0.005228857,0.00126532,0.003963537
556,768,36,0.00496673,0.001096232,0.003870498
556,768,37,0.004975145,0.001225297,0.003749848
556,768,38,0.004802715,0.000972292,0.003830423
556,768,39,0.004652762,0.000834262,0.0038185
556,768,40,0.004662766,0.000870469,0.003792297
556,768,41,0.004727961,0.00087735,0.003850611
556,768,42,0.004978645,0.001026513,0.003952132
556,768,43,0.004798206,0.00090779,0.003890416
556,768,44,0.004829937,0.000922775,0.003907162
556,768,45,0.00468818,0.000855903,0.003832277
556,768,46,0.004691142,0.000879581,0.003811561
556,768,47,0.004982765,0.000980911,0.004001854
556,768,48,0.004740663,0.000770181,0.003970482
556,768,49,0.004818712,0.000791764,0.004026948
556,768,50,0.004647914,0.000698162,0.003949752
556,768,51,0.004789859,0.00073497,0.004054889
556,768,52,0.004711284,0.00069995,0.004011334
556,768,53,0.004719965,0.000669123,0.004050842
556,768,54,0.004501535,0.000595048,0.003906487
556,768,55,0.004946279,0.000870585,0.004075694
556,768,56,0.004642773,0.000690283,0.00395249
556,768,57,0.004765283,0.000791385,0.003973898
556,768,58,0.004715382,0.000763218,0.003952164
556,768,59,0.004783238,0.000782392,0.004000846
556,768,60,0.004620956,0.00066937,0.003951586
556,768,61,0.004702175,0.000792483,0.003909692
556,768,62,0.004667022,0.000750043,0.003916979
556,768,63,0.004817663,0.000949865,0.003867798
556,768,64,0.004673547,0.000861152,0.003812395
556,768,65,0.004656035,0.000840634,0.003815401
556,768,66,0.004636502,0.000883343,0.003753159
556,768,67,0.004762112,0.000947621,0.003814491
556,768,68,0.00452065,0.00082188,0.00369877
556,768,69,0.004740063,0.000956275,0.003783788
556,768,70,0.004684563,0.000887146,0.003797417
556,768,71,0.004589909,0.000794875,0.003795034
556,768,72,0.00453262,0.000785908,0.003746712
556,768,73,0.00437549,0.000665616,0.003709874
556,768,74,0.004346638,0.000704788,0.00364185
556,768,75,0.004443327,0.000601946,0.003841381
556,768,76,0.004452294,0.000625166,0.003827128
556,768,77,0.00436599,0.000545539,0.003820451
556,768,78,0.004489624,0.000785933,0.003703691
556,768,79,0.004825286,0.001047388,0.003777898
556,768,80,0.004554789,0.000866711,0.003688078
556,768,81,0.004811378,0.001109037,0.003702341
556,768,82,0.004701635,0.001106085,0.00359555
556,768,83,0.004417109,0.000773807,0.003643302
556,768,84,0.004297432,0.000839677,0.003457755
556,768,85,0.005273631,0.001726541,0.00354709
556,768,86,0.00425986,0.000777291,0.003482569
556,768,87,0.006612575,0.003102651,0.003509924
556,768,88,0.005119189,0.001701556,0.003417633
556,768,89,0.005169884,0.001453023,0.003716861
556,768,90,0.004712941,0.000948979,0.003763962
556,768,91,0.004287087,0.000628864,0.003658223
556,768,92,0.004225224,0.000443444,0.00378178
556,768,93,0.006983368,0.00305809,0.003925278
556,768,94,0.005507949,0.001586383,0.003921566
556,768,95,0.004424105,0.000503573,0.003920532
556,768,96,0.004264737,0.000478164,0.003786573
556,768,97,0.00429759,0.000539323,0.003758267
556,768,98,0.004314547,0.000600716,0.003713831
556,768,99,0.005280872,0.001617598,0.003663274
556,768,100,0.004679149,0.001067609,0.00361154
556,768,101,0.004086288,0.000476832,0.003609456
556,768,102,0.006757409,0.003129302,0.003628107
556,768,103,0.005668695,0.002034199,0.003634496
556,768,104,0.007517341,0.003717277,0.003800064
556,768,105,0.004999688,0.001227057,0.003772631
556,768,106,0.004207359,0.00053326,0.003674099
556,768,107,0.004122185,0.000493952,0.003628233
556,768,108,0.004098654,0.000464924,0.00363373
556,768,109,0.004206369,0.000470709,0.00373566
556,768,110,0.005429929,0.001661937,0.003767992
557,768,1,0.777777663,0.652584369,0.125193294
557,768,2,0.159885733,0.156831187,0.003054546
557,768,3,0.003669947,0.000539344,0.003130603
557,768,4,0.003576517,0.00042057,0.003155947
557,768,5,0.005015072,0.001958298,0.003056774
557,768,6,0.039170137,0.036021076,0.003149061
557,768,7,0.004154906,0.000954331,0.003200575
557,768,8,0.004063011,0.000707693,0.003355318
557,768,9,0.004214214,0.000782601,0.003431613
557,768,10,0.004554224,0.000987472,0.003566752
557,768,11,0.004214015,0.000627371,0.003586644
557,768,12,0.004022733,0.000541305,0.003481428
557,768,13,0.003865578,0.000439837,0.003425741
557,768,14,0.003774647,0.00043418,0.003340467
557,768,15,0.004075486,0.000712066,0.00336342
557,768,16,0.004054441,0.000768817,0.003285624
557,768,17,0.004213603,0.000979093,0.00323451
557,768,18,0.004492067,0.001183236,0.003308831
557,768,19,0.004437868,0.001163161,0.003274707
557,768,20,0.004537052,0.001172057,0.003364995
557,768,21,0.00452911,0.001218518,0.003310592
557,768,22,0.004574037,0.001091552,0.003482485
557,768,23,0.004587149,0.001096667,0.003490482
557,768,24,0.004606129,0.000944546,0.003661583
557,768,25,0.004379324,0.000799011,0.003580313
557,768,26,0.004242333,0.000523042,0.003719291
557,768,27,0.010535425,0.00707826,0.003457165
557,768,28,0.005418053,0.001985449,0.003432604
557,768,29,0.005690728,0.002138314,0.003552414
557,768,30,0.005342756,0.001835738,0.003507018
557,768,31,0.005756187,0.002232897,0.00352329
557,768,32,0.005620995,0.001978443,0.003642552
557,768,33,0.005360882,0.001534452,0.00382643
557,768,34,0.004969903,0.001008383,0.00396152
557,768,35,0.005107387,0.001032256,0.004075131
557,768,36,0.005028223,0.00101161,0.004016613
557,768,37,0.004759599,0.000753763,0.004005836
557,768,38,0.004617305,0.00069902,0.003918285
557,768,39,0.00463567,0.000762961,0.003872709
557,768,40,0.004723204,0.000753583,0.003969621
557,768,41,0.004904301,0.000821928,0.004082373
557,768,42,0.004862319,0.000817139,0.00404518
557,768,43,0.004758647,0.000751669,0.004006978
557,768,44,0.004772118,0.000742085,0.004030033
557,768,45,0.004756975,0.000689147,0.004067828
557,768,46,0.004811795,0.00069761,0.004114185
557,768,47,0.004783388,0.000615381,0.004168007
557,768,48,0.004682187,0.000544383,0.004137804
557,768,49,0.004745938,0.000536864,0.004209074
557,768,50,0.004718655,0.000542562,0.004176093
557,768,51,0.004757451,0.000616882,0.004140569
557,768,52,0.004655804,0.000586484,0.00406932
557,768,53,0.004673529,0.000577833,0.004095696
557,768,54,0.004787397,0.000645893,0.004141504
557,768,55,0.004728524,0.000652047,0.004076477
557,768,56,0.004675482,0.00062178,0.004053702
557,768,57,0.00477249,0.000732771,0.004039719
557,768,58,0.00468826,0.000678846,0.004009414
557,768,59,0.004719996,0.000718296,0.0040017
557,768,60,0.004765905,0.000707138,0.004058767
557,768,61,0.004674922,0.000713953,0.003960969
557,768,62,0.004838941,0.000770984,0.004067957
557,768,63,0.004687228,0.000807961,0.003879267
557,768,64,0.004642952,0.00075163,0.003891322
557,768,65,0.004701664,0.000834506,0.003867158
557,768,66,0.004677184,0.000745025,0.003932159
557,768,67,0.004652509,0.000855147,0.003797362
557,768,68,0.00469351,0.000821633,0.003871877
557,768,69,0.004629705,0.000784104,0.003845601
557,768,70,0.004561262,0.000773432,0.00378783
557,768,71,0.004594888,0.000751047,0.003843841
557,768,72,0.004426879,0.000660915,0.003765964
557,768,73,0.004453351,0.000634088,0.003819263
557,768,74,0.004266087,0.000667836,0.003598251
557,768,75,0.004409388,0.000631722,0.003777666
557,768,76,0.00444987,0.000473584,0.003976286
557,768,77,0.004471701,0.000535697,0.003936004
557,768,78,0.004687381,0.00072463,0.003962751
557,768,79,0.004605242,0.000634063,0.003971179
557,768,80,0.004453087,0.000544782,0.003908305
557,768,81,0.004823058,0.000849677,0.003973381
557,768,82,0.004641543,0.000890582,0.003750961
557,768,83,0.004553324,0.000882776,0.003670548
557,768,84,0.004486804,0.000856441,0.003630363
557,768,85,0.005100359,0.001423534,0.003676825
557,768,86,0.004346553,0.000823678,0.003522875
557,768,87,0.00421481,0.000648446,0.003566364
557,768,88,0.006461534,0.002878749,0.003582785
557,768,89,0.005704539,0.001854192,0.003850347
557,768,90,0.004424822,0.000479845,0.003944977
557,768,91,0.004246166,0.000565981,0.003680185
557,768,92,0.005904741,0.002087673,0.003817068
557,768,93,0.006223951,0.002227386,0.003996565
557,768,94,0.005033151,0.000961998,0.004071153
557,768,95,0.004418868,0.000380047,0.004038821
557,768,96,0.004358138,0.000506895,0.003851243
557,768,97,0.00439538,0.000560579,0.003834801
557,768,98,0.004385535,0.000582962,0.003802573
557,768,99,0.004285158,0.00052943,0.003755728
557,768,100,0.004421907,0.000646042,0.003775865
557,768,101,0.004559634,0.00087447,0.003685164
557,768,102,0.004273505,0.00055404,0.003719465
557,768,103,0.006966081,0.003265969,0.003700112
557,768,104,0.006625423,0.002919964,0.003705459
557,768,105,0.00622851,0.002426101,0.003802409
557,768,106,0.005042248,0.001277106,0.003765142
557,768,107,0.004260017,0.000494357,0.00376566
557,768,108,0.004234317,0.00051868,0.003715637
557,768,109,0.005673422,0.00188545,0.003787972
557,768,110,0.005301804,0.001476165,0.003825639
558,768,1,0.760411333,0.636231216,0.124180117
558,768,2,0.183584322,0.180554114,0.003030208
558,768,3,0.036056467,0.033037946,0.003018521
558,768,4,0.003853243,0.000685508,0.003167735
558,768,5,0.040993141,0.037935993,0.003057148
558,768,6,0.004135413,0.000945465,0.003189948
558,768,7,0.004011732,0.000746885,0.003264847
558,768,8,0.004162118,0.000866089,0.003296029
558,768,9,0.004341636,0.000911407,0.003430229
558,768,10,0.004231946,0.000728581,0.003503365
558,768,11,0.004124367,0.000622041,0.003502326
558,768,12,0.003890686,0.000458221,0.003432465
558,768,13,0.003832957,0.000454767,0.00337819
558,768,14,0.003705024,0.000420549,0.003284475
558,768,15,0.003859111,0.000557072,0.003302039
558,768,16,0.004077047,0.000852777,0.00322427
558,768,17,0.00426767,0.001061307,0.003206363
558,768,18,0.004469169,0.001222938,0.003246231
558,768,19,0.004410433,0.001181336,0.003229097
558,768,20,0.00453241,0.001236836,0.003295574
558,768,21,0.004545851,0.001244018,0.003301833
558,768,22,0.004549391,0.001090273,0.003459118
558,768,23,0.004514648,0.000997271,0.003517377
558,768,24,0.004441595,0.000878065,0.00356353
558,768,25,0.004443584,0.000772928,0.003670656
558,768,26,0.011395618,0.007915749,0.003479869
558,768,27,0.005457876,0.002018169,0.003439707
558,768,28,0.005496826,0.002020325,0.003476501
558,768,29,0.005480581,0.002124532,0.003356049
558,768,30,0.005739509,0.002242012,0.003497497
558,768,31,0.005335271,0.001795256,0.003540015
558,768,32,0.005355969,0.001704596,0.003651373
558,768,33,0.004787043,0.00100554,0.003781503
558,768,34,0.004981436,0.001173137,0.003808299
558,768,35,0.005077332,0.001248361,0.003828971
558,768,36,0.004778777,0.000871728,0.003907049
558,768,37,0.004630462,0.000677155,0.003953307
558,768,38,0.004624744,0.000710926,0.003913818
558,768,39,0.004605337,0.000684459,0.003920878
558,768,40,0.004601057,0.000732189,0.003868868
558,768,41,0.004640081,0.000676203,0.003963878
558,768,42,0.004618514,0.000720038,0.003898476
558,768,43,0.004655862,0.000782501,0.003873361
558,768,44,0.004877997,0.000979548,0.003898449
558,768,45,0.004681045,0.000701514,0.003979531
558,768,46,0.00452838,0.000679846,0.003848534
558,768,47,0.004764214,0.000753672,0.004010542
558,768,48,0.004768984,0.00075695,0.004012034
558,768,49,0.004693515,0.000628172,0.004065343
558,768,50,0.004708773,0.000711594,0.003997179
558,768,51,0.004828681,0.000735494,0.004093187
558,768,52,0.004598523,0.000595552,0.004002971
558,768,53,0.004758739,0.000679055,0.004079684
558,768,54,0.004523324,0.000594968,0.003928356
558,768,55,0.00490083,0.000863086,0.004037744
558,768,56,0.00467533,0.000753691,0.003921639
558,768,57,0.004671973,0.000713856,0.003958117
558,768,58,0.004666984,0.000806312,0.003860672
558,768,59,0.004930867,0.000892519,0.004038348
558,768,60,0.004579624,0.000633959,0.003945665
558,768,61,0.004872453,0.000897402,0.003975051
558,768,62,0.00448828,0.000612321,0.003875959
558,768,63,0.005013624,0.001058303,0.003955321
558,768,64,0.004544108,0.000717743,0.003826365
558,768,65,0.004766812,0.000872057,0.003894755
558,768,66,0.004502626,0.00074354,0.003759086
558,768,67,0.004803502,0.00094586,0.003857642
558,768,68,0.0044916,0.000768905,0.003722695
558,768,69,0.004743648,0.000942483,0.003801165
558,768,70,0.004723207,0.000899711,0.003823496
558,768,71,0.004518611,0.000710669,0.003807942
558,768,72,0.004536974,0.000802857,0.003734117
558,768,73,0.004464048,0.000650531,0.003813517
558,768,74,0.00431176,0.000633598,0.003678162
558,768,75,0.004503054,0.00060705,0.003896004
558,768,76,0.004353765,0.000517997,0.003835768
558,768,77,0.004482729,0.00054938,0.003933349
558,768,78,0.00463644,0.0007088,0.00392764
558,768,79,0.004986567,0.001006445,0.003980122
558,768,80,0.004818282,0.001029937,0.003788345
558,768,81,0.004758589,0.000832285,0.003926304
558,768,82,0.004268193,0.000610206,0.003657987
558,768,83,0.004481614,0.000787774,0.00369384
558,768,84,0.005222778,0.001690406,0.003532372
558,768,85,0.00516962,0.001487975,0.003681645
558,768,86,0.003957285,0.000491078,0.003466207
558,768,87,0.004149035,0.000738723,0.003410312
558,768,88,0.004389946,0.00094745,0.003442496
558,768,89,0.00632594,0.002686391,0.003639549
558,768,90,0.005275071,0.001496947,0.003778124
558,768,91,0.004343708,0.000663586,0.003680122
558,768,92,0.004696778,0.000916253,0.003780525
558,768,93,0.005813266,0.00201827,0.003794996
558,768,94,0.006172538,0.002287137,0.003885401
558,768,95,0.004930308,0.001043537,0.003886771
558,768,96,0.004287958,0.000507768,0.00378019
558,768,97,0.004314614,0.000555352,0.003759262
558,768,98,0.004437221,0.000696352,0.003740869
558,768,99,0.004346968,0.000591496,0.003755472
558,768,100,0.004175467,0.000501335,0.003674132
558,768,101,0.004603189,0.001014688,0.003588501
558,768,102,0.007081147,0.003445477,0.00363567
558,768,103,0.007537558,0.003863531,0.003674027
558,768,104,0.005545785,0.001700368,0.003845417
558,768,105,0.004214043,0.000514586,0.003699457
558,768,106,0.004380162,0.000582122,0.00379804
558,768,107,0.004784586,0.001120814,0.003663772
558,768,108,0.006418082,0.002621739,0.003796343
558,768,109,0.005282239,0.001560527,0.003721712
558,768,110,0.004289241,0.000514233,0.003775008
559,768,1,0.762104047,0.638286997,0.12381705
559,768,2,0.182789858,0.179766715,0.003023143
559,768,3,0.028531523,0.025513753,0.00301777
559,768,4,0.050917276,0.047864799,0.003052477
559,768,5,0.004060311,0.000917474,0.003142837
559,768,6,0.003985327,0.000837839,0.003147488
559,768,7,0.004184292,0.00095424,0.003230052
559,768,8,0.004212245,0.000831324,0.003380921
559,768,9,0.004247616,0.000808776,0.00343884
559,768,10,0.004073619,0.000614518,0.003459101
559,768,11,0.003902883,0.000439089,0.003463794
559,768,12,0.003892697,0.000424077,0.00346862
559,768,13,0.003766449,0.000449742,0.003316707
559,768,14,0.003708321,0.000472652,0.003235669
559,768,15,0.004011573,0.00079411,0.003217463
559,768,16,0.004077457,0.000881685,0.003195772
559,768,17,0.004195207,0.000966387,0.00322882
559,768,18,0.004229301,0.001001365,0.003227936
559,768,19,0.004314415,0.001159549,0.003154866
559,768,20,0.004656373,0.001376843,0.00327953
559,768,21,0.004537946,0.001211646,0.0033263
559,768,22,0.004613995,0.001153603,0.003460392
559,768,23,0.004499481,0.001080502,0.003418979
559,768,24,0.004513534,0.001126334,0.0033872
559,768,25,0.011917874,0.008486737,0.003431137
559,768,26,0.005522492,0.002078325,0.003444167
559,768,27,0.005506575,0.002179177,0.003327398
559,768,28,0.005660292,0.002310134,0.003350158
559,768,29,0.005564878,0.002212875,0.003352003
559,768,30,0.005350483,0.001716429,0.003634054
559,768,31,0.00518934,0.001648715,0.003540625
559,768,32,0.004637146,0.000946173,0.003690973
559,768,33,0.004989708,0.001310163,0.003679545
559,768,34,0.004994392,0.001340868,0.003653524
559,768,35,0.00467891,0.000851479,0.003827431
559,768,36,0.004514114,0.000700461,0.003813653
559,768,37,0.004590868,0.000733769,0.003857099
559,768,38,0.004528605,0.000776265,0.00375234
559,768,39,0.004762032,0.000905773,0.003856259
559,768,40,0.004546157,0.000747956,0.003798201
559,768,41,0.004867587,0.000978107,0.00388948
559,768,42,0.004646248,0.000769415,0.003876833
559,768,43,0.004816405,0.000873393,0.003943012
559,768,44,0.004615865,0.00065268,0.003963185
559,768,45,0.00456177,0.000630602,0.003931168
559,768,46,0.004563837,0.00062097,0.003942867
559,768,47,0.004550756,0.000626032,0.003924724
559,768,48,0.004601208,0.000617373,0.003983835
559,768,49,0.004590128,0.000623413,0.003966715
559,768,50,0.004555894,0.000609046,0.003946848
559,768,51,0.004588064,0.000623401,0.003964663
559,768,52,0.004593201,0.000645011,0.00394819
559,768,53,0.00458045,0.0005973,0.00398315
559,768,54,0.004773382,0.000777002,0.00399638
559,768,55,0.004519357,0.000529492,0.003989865
559,768,56,0.004801613,0.000894808,0.003906805
559,768,57,0.004772675,0.000774949,0.003997726
559,768,58,0.004619074,0.000720571,0.003898503
559,768,59,0.004736648,0.000748994,0.003987654
559,768,60,0.004882894,0.000958146,0.003924748
559,768,61,0.004700813,0.000674363,0.00402645
559,768,62,0.004752908,0.00084646,0.003906448
559,768,63,0.004608336,0.000592833,0.004015503
559,768,64,0.004805622,0.000995954,0.003809668
559,768,65,0.004605558,0.000665431,0.003940127
559,768,66,0.004653926,0.000848985,0.003804941
559,768,67,0.004618727,0.000733146,0.003885581
559,768,68,0.004734329,0.000935204,0.003799125
559,768,69,0.004515333,0.00073014,0.003785193
559,768,70,0.004666147,0.000895525,0.003770622
559,768,71,0.004716658,0.000949959,0.003766699
559,768,72,0.004541157,0.000796589,0.003744568
559,768,73,0.004474977,0.000722501,0.003752476
559,768,74,0.004361256,0.000691982,0.003669274
559,768,75,0.004493895,0.000614814,0.003879081
559,768,76,0.004502882,0.000661539,0.003841343
559,768,77,0.004817078,0.000887881,0.003929197
559,768,78,0.004666953,0.00074613,0.003920823
559,768,79,0.004544645,0.000753898,0.003790747
559,768,80,0.00534015,0.001458657,0.003881493
559,768,81,0.004336999,0.000468712,0.003868287
559,768,82,0.004604061,0.000880393,0.003723668
559,768,83,0.005179575,0.001687012,0.003492563
559,768,84,0.004679583,0.001210949,0.003468634
559,768,85,0.00510481,0.001403575,0.003701235
559,768,86,0.004012601,0.000542583,0.003470018
559,768,87,0.004652151,0.001178266,0.003473885
559,768,88,0.005942468,0.002462238,0.00348023
559,768,89,0.005016423,0.001247243,0.00376918
559,768,90,0.004724008,0.000930719,0.003793289
559,768,91,0.004764256,0.001138719,0.003625537
559,768,92,0.004284375,0.000513926,0.003770449
559,768,93,0.004568204,0.000908832,0.003659372
559,768,94,0.006081109,0.002320307,0.003760802
559,768,95,0.005159173,0.001287963,0.00387121
559,768,96,0.004686767,0.000971628,0.003715139
559,768,97,0.004360219,0.000649975,0.003710244
559,768,98,0.004310585,0.000586005,0.00372458
559,768,99,0.004657701,0.000918938,0.003738763
559,768,100,0.004689298,0.001002855,0.003686443
559,768,101,0.007541925,0.003910667,0.003631258
559,768,102,0.007205324,0.001069611,0.006135713
559,768,103,0.005656807,0.00128316,0.004373647
559,768,104,0.004297518,0.000464365,0.003833153
559,768,105,0.0041475,0.000476261,0.003671239
559,768,106,0.004268811,0.000583482,0.003685329
559,768,107,0.007105256,0.003449993,0.003655263
559,768,108,0.005334375,0.001574942,0.003759433
559,768,109,0.004285051,0.000580863,0.003704188
559,768,110,0.004259503,0.000499596,0.003759907
560,768,1,0.757865518,0.634608647,0.123256871
560,768,2,0.171771997,0.168747567,0.00302443
560,768,3,0.050853727,0.047816861,0.003036866
560,768,4,0.003920547,0.000756948,0.003163599
560,768,5,0.004054034,0.00084156,0.003212474
560,768,6,0.004098874,0.000927248,0.003171626
560,768,7,0.004135254,0.000914649,0.003220605
560,768,8,0.004167816,0.000842834,0.003324982
560,768,9,0.003998176,0.000617641,0.003380535
560,768,10,0.003871039,0.000432317,0.003438722
560,768,11,0.003858805,0.000446658,0.003412147
560,768,12,0.003898466,0.000438944,0.003459522
560,768,13,0.003788817,0.000448569,0.003340248
560,768,14,0.003775169,0.000487083,0.003288086
560,768,15,0.003953935,0.000682883,0.003271052
560,768,16,0.003983584,0.000736907,0.003246677
560,768,17,0.004116332,0.000893475,0.003222857
560,768,18,0.004301688,0.00108746,0.003214228
560,768,19,0.004086397,0.000856212,0.003230185
560,768,20,0.004255715,0.000989238,0.003266477
560,768,21,0.004216257,0.000818437,0.00339782
560,768,22,0.004504828,0.001029932,0.003474896
560,768,23,0.004512825,0.001123841,0.003388984
560,768,24,0.013654088,0.010162776,0.003491312
560,768,25,0.005484509,0.002051127,0.003433382
560,768,26,0.00574371,0.002351272,0.003392438
560,768,27,0.005663283,0.002292093,0.00337119
560,768,28,0.005533843,0.002042648,0.003491195
560,768,29,0.005159081,0.001654985,0.003504096
560,768,30,0.005219955,0.001678276,0.003541679
560,768,31,0.004485722,0.000935808,0.003549914
560,768,32,0.004984004,0.001353123,0.003630881
560,768,33,0.004967735,0.001200096,0.003767639
560,768,34,0.004539891,0.000767005,0.003772886
560,768,35,0.004489951,0.000750057,0.003739894
560,768,36,0.004603466,0.000812425,0.003791041
560,768,37,0.004609324,0.000758306,0.003851018
560,768,38,0.00469551,0.000781055,0.003914455
560,768,39,0.004591168,0.00068172,0.003909448
560,768,40,0.004774431,0.000824268,0.003950163
560,768,41,0.004607107,0.000709478,0.003897629
560,768,42,0.004750138,0.000747609,0.004002529
560,768,43,0.004534061,0.000640348,0.003893713
560,768,44,0.004612546,0.000621402,0.003991144
560,768,45,0.004478591,0.00061373,0.003864861
560,768,46,0.004645616,0.000689852,0.003955764
560,768,47,0.004489053,0.00055271,0.003936343
560,768,48,0.004546279,0.000649066,0.003897213
560,768,49,0.004648326,0.000678209,0.003970117
560,768,50,0.004510862,0.000561418,0.003949444
560,768,51,0.004532678,0.000641398,0.00389128
560,768,52,0.004458576,0.000579523,0.003879053
560,768,53,0.004495846,0.000585464,0.003910382
560,768,54,0.004494487,0.000603967,0.00389052
560,768,55,0.00448886,0.00060687,0.00388199
560,768,56,0.004613732,0.000722999,0.003890733
560,768,57,0.00459331,0.000708794,0.003884516
560,768,58,0.004733211,0.000796011,0.0039372
560,768,59,0.004732294,0.000702475,0.004029819
560,768,60,0.004617533,0.000747693,0.00386984
560,768,61,0.004804738,0.000982929,0.003821809
560,768,62,0.004747534,0.000893365,0.003854169
560,768,63,0.004718272,0.000831462,0.00388681
560,768,64,0.004513299,0.000786199,0.0037271
560,768,65,0.004932551,0.00109614,0.003836411
560,768,66,0.004525207,0.000728371,0.003796836
560,768,67,0.004675137,0.000846155,0.003828982
560,768,68,0.004537171,0.000739025,0.003798146
560,768,69,0.00485169,0.000986223,0.003865467
560,768,70,0.004388191,0.000605658,0.003782533
560,768,71,0.004738521,0.000960212,0.003778309
560,768,72,0.004840444,0.000980886,0.003859558
560,768,73,0.004388075,0.000631529,0.003756546
560,768,74,0.004393785,0.000653693,0.003740092
560,768,75,0.004373698,0.000648034,0.003725664
560,768,76,0.005859951,0.001992062,0.003867889
560,768,77,0.004697432,0.000868548,0.003828884
560,768,78,0.004660287,0.000897423,0.003762864
560,768,79,0.00476882,0.000976778,0.003792042
560,768,80,0.004626683,0.000776709,0.003849974
560,768,81,0.004506563,0.000839383,0.00366718
560,768,82,0.005748539,0.002245517,0.003503022
560,768,83,0.004118296,0.000692184,0.003426112
560,768,84,0.004834821,0.001456652,0.003378169
560,768,85,0.004835744,0.001283827,0.003551917
560,768,86,0.004761894,0.001266591,0.003495303
560,768,87,0.00598861,0.002447864,0.003540746
560,768,88,0.004224799,0.000692818,0.003531981
560,768,89,0.005047345,0.001349077,0.003698268
560,768,90,0.005090477,0.00125205,0.003838427
560,768,91,0.00414118,0.00047555,0.00366563
560,768,92,0.004636167,0.00086603,0.003770137
560,768,93,0.005952462,0.002174661,0.003777801
560,768,94,0.005110691,0.001225068,0.003885623
560,768,95,0.00445981,0.000614096,0.003845714
560,768,96,0.004353469,0.000607938,0.003745531
560,768,97,0.004360473,0.000630442,0.003730031
560,768,98,0.00431031,0.000578721,0.003731589
560,768,99,0.004427321,0.000747399,0.003679922
560,768,100,0.008582878,0.004955799,0.003627079
560,768,101,0.004706164,0.001073435,0.003632729
560,768,102,0.004131785,0.000514174,0.003617611
560,768,103,0.006300162,0.002605183,0.003694979
560,768,104,0.005467697,0.001643957,0.00382374
560,768,105,0.004882914,0.001178932,0.003703982
560,768,106,0.006889192,0.000547653,0.006341539
560,768,107,0.005497765,0.001270849,0.004226916
560,768,108,0.004283165,0.000516404,0.003766761
560,768,109,0.004210291,0.000528778,0.003681513
560,768,110,0.004436379,0.00070407,0.003732309
561,768,1,0.754103732,0.629860731,0.124243001
561,768,2,0.241369802,0.23834017,0.003029632
561,768,3,0.02677383,0.023756926,0.003016904
561,768,4,0.05124399,0.048188345,0.003055645
561,768,5,0.00418496,0.000982986,0.003201974
561,768,6,0.004117055,0.000925903,0.003191152
561,768,7,0.004184144,0.000915102,0.003269042
561,768,8,0.004161175,0.000830833,0.003330342
561,768,9,0.003876459,0.00042753,0.003448929
561,768,10,0.003995127,0.000487163,0.003507964
561,768,11,0.003937913,0.00043848,0.003499433
561,768,12,0.003877284,0.000425279,0.003452005
561,768,13,0.003807958,0.000453409,0.003354549
561,768,14,0.003706696,0.000474261,0.003232435
561,768,15,0.004014041,0.000781786,0.003232255
561,768,16,0.004052026,0.000814004,0.003238022
561,768,17,0.00414551,0.000906931,0.003238579
561,768,18,0.004196275,0.0009739,0.003222375
561,768,19,0.004145864,0.000893186,0.003252678
561,768,20,0.004129343,0.000848215,0.003281128
561,768,21,0.004192388,0.000799513,0.003392875
561,768,22,0.004010346,0.000584371,0.003425975
561,768,23,0.014735154,0.01128972,0.003445434
561,768,24,0.005386008,0.002000373,0.003385635
561,768,25,0.005814724,0.002415796,0.003398928
561,768,26,0.005569535,0.002042773,0.003526762
561,768,27,0.005356367,0.001915077,0.00344129
561,768,28,0.005141097,0.001775497,0.0033656
561,768,29,0.005545711,0.002108242,0.003437469
561,768,30,0.004550683,0.001104217,0.003446466
561,768,31,0.004752373,0.001262183,0.00349019
561,768,32,0.004999159,0.001412765,0.003586394
561,768,33,0.004711323,0.000872971,0.003838352
561,768,34,0.004610611,0.0007702,0.003840411
561,768,35,0.00465892,0.000706745,0.003952175
561,768,36,0.004551797,0.000651514,0.003900283
561,768,37,0.004650958,0.000648895,0.004002063
561,768,38,0.004586393,0.000636977,0.003949416
561,768,39,0.004668892,0.000621177,0.004047715
561,768,40,0.004640791,0.000563798,0.004076993
561,768,41,0.004690103,0.000549769,0.004140334
561,768,42,0.004583374,0.000517715,0.004065659
561,768,43,0.004599328,0.000510337,0.004088991
561,768,44,0.004519676,0.000497672,0.004022004
561,768,45,0.004627134,0.000516839,0.004110295
561,768,46,0.004480815,0.000518812,0.003962003
561,768,47,0.004634348,0.000519563,0.004114785
561,768,48,0.004584342,0.000516021,0.004068321
561,768,49,0.0045896,0.000511591,0.004078009
561,768,50,0.004530056,0.000494034,0.004036022
561,768,51,0.004543535,0.000490756,0.004052779
561,768,52,0.004466678,0.000497535,0.003969143
561,768,53,0.004511814,0.000495311,0.004016503
561,768,54,0.004437333,0.000485516,0.003951817
561,768,55,0.004577618,0.000491948,0.00408567
561,768,56,0.004436054,0.000494053,0.003942001
561,768,57,0.004626893,0.000554065,0.004072828
561,768,58,0.004456066,0.00050556,0.003950506
561,768,59,0.004642022,0.000536432,0.00410559
561,768,60,0.004543641,0.00053353,0.004010111
561,768,61,0.00470612,0.000528243,0.004177877
561,768,62,0.004559408,0.000540534,0.004018874
561,768,63,0.004703137,0.000605429,0.004097708
561,768,64,0.00452412,0.000596509,0.003927611
561,768,65,0.004535118,0.000549512,0.003985606
561,768,66,0.004795293,0.000915287,0.003880006
561,768,67,0.004754861,0.000742239,0.004012622
561,768,68,0.004409401,0.00055384,0.003855561
561,768,69,0.004787099,0.000750317,0.004036782
561,768,70,0.004657586,0.000736972,0.003920614
561,768,71,0.004491176,0.000547487,0.003943689
561,768,72,0.00459823,0.000706509,0.003891721
561,768,73,0.004928215,0.000919152,0.004009063
561,768,74,0.004244108,0.000490603,0.003753505
561,768,75,0.005554675,0.001733972,0.003820703
561,768,76,0.005135112,0.001281549,0.003853563
561,768,77,0.004948511,0.001110337,0.003838174
561,768,78,0.004342614,0.000482853,0.003859761
561,768,79,0.005013277,0.000953567,0.00405971
561,768,80,0.004227338,0.000447229,0.003780109
561,768,81,0.004433832,0.000727375,0.003706457
561,768,82,0.004431024,0.000817297,0.003613727
561,768,83,0.005328064,0.001823769,0.003504295
561,768,84,0.004832365,0.001401378,0.003430987
561,768,85,0.005174816,0.001459501,0.003715315
561,768,86,0.00622043,0.002745361,0.003475069
561,768,87,0.004708094,0.001121391,0.003586703
561,768,88,0.004130992,0.000692975,0.003438017
561,768,89,0.00515732,0.001457143,0.003700177
561,768,90,0.004850092,0.001045791,0.003804301
561,768,91,0.004302208,0.000639096,0.003663112
561,768,92,0.006242344,0.002554655,0.003687689
561,768,93,0.00476362,0.00093512,0.0038285
561,768,94,0.004825143,0.000824757,0.004000386
561,768,95,0.004448082,0.000543001,0.003905081
561,768,96,0.004614709,0.000841528,0.003773181
561,768,97,0.004226053,0.000499319,0.003726734
561,768,98,0.00465909,0.000944243,0.003714847
561,768,99,0.008630133,0.004929102,0.003701031
561,768,100,0.004642675,0.001041504,0.003601171
561,768,101,0.004208488,0.000592357,0.003616131
561,768,102,0.004136517,0.00053092,0.003605597
561,768,103,0.004245538,0.000580636,0.003664902
561,768,104,0.008100034,0.004246576,0.003853458
561,768,105,0.004160598,0.000425756,0.003734842
561,768,106,0.004233239,0.000488049,0.00374519
561,768,107,0.006532808,0.002921509,0.003611299
561,768,108,0.005343066,0.001550177,0.003792889
561,768,109,0.004218283,0.000461322,0.003756961
561,768,110,0.004265897,0.000514941,0.003750956
562,768,1,0.758669053,0.63444161,0.124227443
562,768,2,0.211172432,0.208150356,0.003022076
562,768,3,0.041965273,0.038924385,0.003040888
562,768,4,0.003933055,0.000782263,0.003150792
562,768,5,0.015275171,0.012196263,0.003078908
562,768,6,0.004309561,0.001096346,0.003213215
562,768,7,0.004139961,0.000859485,0.003280476
562,768,8,0.004157542,0.0007614,0.003396142
562,768,9,0.003941669,0.000525012,0.003416657
562,768,10,0.003985493,0.000487195,0.003498298
562,768,11,0.003857463,0.000428923,0.00342854
562,768,12,0.004000642,0.000549676,0.003450966
562,768,13,0.00375155,0.000452125,0.003299425
562,768,14,0.00369137,0.000438766,0.003252604
562,768,15,0.004024591,0.000776016,0.003248575
562,768,16,0.004081989,0.000882622,0.003199367
562,768,17,0.004101625,0.000908959,0.003192666
562,768,18,0.004327795,0.001076905,0.00325089
562,768,19,0.004167858,0.000924336,0.003243522
562,768,20,0.004190096,0.00088995,0.003300146
562,768,21,0.004085753,0.000672941,0.003412812
562,768,22,0.015303451,0.011961208,0.003342243
562,768,23,0.00526518,0.001890774,0.003374406
562,768,24,0.005545399,0.002091276,0.003454123
562,768,25,0.005493214,0.002087263,0.003405951
562,768,26,0.005255336,0.001836113,0.003419223
562,768,27,0.005211636,0.001835531,0.003376105
562,768,28,0.005431873,0.002099224,0.003332649
562,768,29,0.00478052,0.001270075,0.003510445
562,768,30,0.005064967,0.001521997,0.00354297
562,768,31,0.004833426,0.001213427,0.003619999
562,768,32,0.004444766,0.000836589,0.003608177
562,768,33,0.004725399,0.001037829,0.00368757
562,768,34,0.004587412,0.000824282,0.00376313
562,768,35,0.004590784,0.00079586,0.003794924
562,768,36,0.004401768,0.000585009,0.003816759
562,768,37,0.00449455,0.000640489,0.003854061
562,768,38,0.004487299,0.000677588,0.003809711
562,768,39,0.00460536,0.000706821,0.003898539
562,768,40,0.004406743,0.000565801,0.003840942
562,768,41,0.004493938,0.000615364,0.003878574
562,768,42,0.004540842,0.000624155,0.003916687
562,768,43,0.004493251,0.000662748,0.003830503
562,768,44,0.004605913,0.000695553,0.00391036
562,768,45,0.004483836,0.00062208,0.003861756
562,768,46,0.004699325,0.000781718,0.003917607
562,768,47,0.004515544,0.000554282,0.003961262
562,768,48,0.004715494,0.000731311,0.003984183
562,768,49,0.004551693,0.000528164,0.004023529
562,768,50,0.004547054,0.000539469,0.004007585
562,768,51,0.004547761,0.000520004,0.004027757
562,768,52,0.004529154,0.000534735,0.003994419
562,768,53,0.004537002,0.000546961,0.003990041
562,768,54,0.004479698,0.000536389,0.003943309
562,768,55,0.004518744,0.000553055,0.003965689
562,768,56,0.004452678,0.000556517,0.003896161
562,768,57,0.004494308,0.000595447,0.003898861
562,768,58,0.004466666,0.000601369,0.003865297
562,768,59,0.0045826,0.000676866,0.003905734
562,768,60,0.004539641,0.000682354,0.003857287
562,768,61,0.004531374,0.000694956,0.003836418
562,768,62,0.004610054,0.00076257,0.003847484
562,768,63,0.004639646,0.000769969,0.003869677
562,768,64,0.004581186,0.00078728,0.003793906
562,768,65,0.004555631,0.000727916,0.003827715
562,768,66,0.004504681,0.000646073,0.003858608
562,768,67,0.004783038,0.000962487,0.003820551
562,768,68,0.004796735,0.000980327,0.003816408
562,768,69,0.004388559,0.00060443,0.003784129
562,768,70,0.004789602,0.00098599,0.003803612
562,768,71,0.00458286,0.000829201,0.003753659
562,768,72,0.004493038,0.0007806,0.003712438
562,768,73,0.00539744,0.001571805,0.003825635
562,768,74,0.005262955,0.00169764,0.003565315
562,768,75,0.004991898,0.001198657,0.003793241
562,768,76,0.005037282,0.001239626,0.003797656
562,768,77,0.004706613,0.000911104,0.003795509
562,768,78,0.004761664,0.000973145,0.003788519
562,768,79,0.0044296,0.000544644,0.003884956
562,768,80,0.004789241,0.000954902,0.003834339
562,768,81,0.00436261,0.000582067,0.003780543
562,768,82,0.004332007,0.000645407,0.0036866
562,768,83,0.004154597,0.000588414,0.003566183
562,768,84,0.005417207,0.001941881,0.003475326
562,768,85,0.005248935,0.001670728,0.003578207
562,768,86,0.004197271,0.000738889,0.003458382
562,768,87,0.006709278,0.003230556,0.003478722
562,768,88,0.004231311,0.000700201,0.00353111
562,768,89,0.005307431,0.001584332,0.003723099
562,768,90,0.004766476,0.000950107,0.003816369
562,768,91,0.006857017,0.003129552,0.003727465
562,768,92,0.004430234,0.000733888,0.003696346
562,768,93,0.004742498,0.000895761,0.003846737
562,768,94,0.004684692,0.000807648,0.003877044
562,768,95,0.004807454,0.00098217,0.003825284
562,768,96,0.00419302,0.000444707,0.003748313
562,768,97,0.004722426,0.001078745,0.003643681
562,768,98,0.008669717,0.005000837,0.00366888
562,768,99,0.004769566,0.001142058,0.003627508
562,768,100,0.004227228,0.000619476,0.003607752
562,768,101,0.004005358,0.000433593,0.003571765
562,768,102,0.004154369,0.00061511,0.003539259
562,768,103,0.004327698,0.000678143,0.003649555
562,768,104,0.006056285,0.002327729,0.003728556
562,768,105,0.005466485,0.001791777,0.003674708
562,768,106,0.004215574,0.000504027,0.003711547
562,768,107,0.005043983,0.001402484,0.003641499
562,768,108,0.005789062,0.001992423,0.003796639
562,768,109,0.005254333,0.001548829,0.003705504
562,768,110,0.004267406,0.00051244,0.003754966
563,768,1,0.756636886,0.632520419,0.124116467
563,768,2,0.25529825,0.252279907,0.003018343
563,768,3,0.003635084,0.000544842,0.003090242
563,768,4,0.037067934,0.034030888,0.003037046
563,768,5,0.004074327,0.000911145,0.003163182
563,768,6,0.015369455,0.012296588,0.003072867
563,768,7,0.004365748,0.001211306,0.003154442
563,768,8,0.004295624,0.000989142,0.003306482
563,768,9,0.003978477,0.000553959,0.003424518
563,768,10,0.003892016,0.00043523,0.003456786
563,768,11,0.003929669,0.000499654,0.003430015
563,768,12,0.003890293,0.00044509,0.003445203
563,768,13,0.003789811,0.00046028,0.003329531
563,768,14,0.003773078,0.000472381,0.003300697
563,768,15,0.004038183,0.000753716,0.003284467
563,768,16,0.004124248,0.000895795,0.003228453
563,768,17,0.004252935,0.001067876,0.003185059
563,768,18,0.004290937,0.001018652,0.003272285
563,768,19,0.004269555,0.001013929,0.003255626
563,768,20,0.004192279,0.000871346,0.003320933
563,768,21,0.015809201,0.01251555,0.003293651
563,768,22,0.005248119,0.001902499,0.00334562
563,768,23,0.005252435,0.001846724,0.003405711
563,768,24,0.005689742,0.0020548,0.003634942
563,768,25,0.005060387,0.001585671,0.003474716
563,768,26,0.005022991,0.001715491,0.0033075
563,768,27,0.005568172,0.002178962,0.00338921
563,768,28,0.004611541,0.001205746,0.003405795
563,768,29,0.005015092,0.001527328,0.003487764
563,768,30,0.004818281,0.001212112,0.003606169
563,768,31,0.004608095,0.0009224,0.003685695
563,768,32,0.00461178,0.000922909,0.003688871
563,768,33,0.004616548,0.000840787,0.003775761
563,768,34,0.004639646,0.000713561,0.003926085
563,768,35,0.004426428,0.000536402,0.003890026
563,768,36,0.004435121,0.000542376,0.003892745
563,768,37,0.004524429,0.00053981,0.003984619
563,768,38,0.004490616,0.00056,0.003930616
563,768,39,0.004512026,0.000553272,0.003958754
563,768,40,0.004401455,0.000514326,0.003887129
563,768,41,0.004533762,0.000530627,0.004003135
563,768,42,0.004494951,0.000550831,0.00394412
563,768,43,0.004493305,0.000544444,0.003948861
563,768,44,0.004427755,0.000553433,0.003874322
563,768,45,0.004553815,0.000649083,0.003904732
563,768,46,0.004541484,0.000671699,0.003869785
563,768,47,0.004565278,0.000628878,0.0039364
563,768,48,0.004566489,0.000628645,0.003937844
563,768,49,0.004585808,0.000627194,0.003958614
563,768,50,0.004556818,0.000539857,0.004016961
563,768,51,0.004505606,0.000518045,0.003987561
563,768,52,0.004530227,0.000560169,0.003970058
563,768,53,0.004680345,0.00063062,0.004049725
563,768,54,0.004451475,0.000508746,0.003942729
563,768,55,0.004540129,0.000542018,0.003998111
563,768,56,0.004585517,0.000605539,0.003979978
563,768,57,0.004466944,0.000545035,0.003921909
563,768,58,0.00455654,0.000647043,0.003909497
563,768,59,0.004595829,0.000577404,0.004018425
563,768,60,0.004482124,0.000575546,0.003906578
563,768,61,0.004612564,0.000685058,0.003927506
563,768,62,0.004537629,0.000704615,0.003833014
563,768,63,0.004620085,0.000705313,0.003914772
563,768,64,0.004424703,0.000620202,0.003804501
563,768,65,0.004558843,0.000693484,0.003865359
563,768,66,0.004425547,0.00063524,0.003790307
563,768,67,0.004512845,0.000630209,0.003882636
563,768,68,0.004452843,0.000716614,0.003736229
563,768,69,0.004606127,0.000828409,0.003777718
563,768,70,0.004487073,0.000752115,0.003734958
563,768,71,0.00454209,0.000852447,0.003689643
563,768,72,0.005667296,0.001850505,0.003816791
563,768,73,0.006464521,0.0027653,0.003699221
563,768,74,0.004238945,0.000512713,0.003726232
563,768,75,0.004765654,0.000907084,0.00385857
563,768,76,0.005050549,0.001325348,0.003725201
563,768,77,0.004849698,0.001028195,0.003821503
563,768,78,0.004481707,0.000652807,0.0038289
563,768,79,0.004525926,0.000727374,0.003798552
563,768,80,0.004916962,0.001114748,0.003802214
563,768,81,0.004510226,0.00074566,0.003764566
563,768,82,0.00425648,0.000570158,0.003686322
563,768,83,0.00410149,0.000483962,0.003617528
563,768,84,0.004658933,0.001175322,0.003483611
563,768,85,0.00497089,0.001460919,0.003509971
563,768,86,0.006105662,0.002673701,0.003431961
563,768,87,0.004889262,0.001250087,0.003639175
563,768,88,0.004903081,0.001319926,0.003583155
563,768,89,0.005177239,0.001388331,0.003788908
563,768,90,0.007460068,0.003835005,0.003625063
563,768,91,0.004700053,0.000986957,0.003713096
563,768,92,0.004469097,0.000796466,0.003672631
563,768,93,0.004685691,0.000788253,0.003897438
563,768,94,0.00504658,0.001090288,0.003956292
563,768,95,0.004298148,0.000505243,0.003792905
563,768,96,0.004733986,0.000917331,0.003816655
563,768,97,0.008357168,0.001194964,0.007162204
563,768,98,0.005131762,0.001351715,0.003780047
563,768,99,0.004230595,0.000553478,0.003677117
563,768,100,0.004104618,0.000486749,0.003617869
563,768,101,0.004072667,0.000458378,0.003614289
563,768,102,0.004076823,0.000526172,0.003550651
563,768,103,0.006164386,0.0025224,0.003641986
563,768,104,0.004884199,0.001090732,0.003793467
563,768,105,0.004537984,0.000840809,0.003697175
563,768,106,0.005390919,0.001704596,0.003686323
563,768,107,0.004521471,0.000898661,0.00362281
563,768,108,0.005081436,0.001332961,0.003748475
563,768,109,0.005372342,0.001695231,0.003677111
563,768,110,0.005057978,0.001377809,0.003680169
564,768,1,0.753849125,0.629573187,0.124275938
564,768,2,0.227232725,0.224213659,0.003019066
564,768,3,0.035413765,0.032381261,0.003032504
564,768,4,0.003727204,0.000627774,0.00309943
564,768,5,0.022725176,0.019702734,0.003022442
564,768,6,0.004252066,0.001143918,0.003108148
564,768,7,0.015587932,0.01244968,0.003138252
564,768,8,0.004383468,0.001072645,0.003310823
564,768,9,0.004104871,0.000697044,0.003407827
564,768,10,0.003994637,0.000483238,0.003511399
564,768,11,0.003865772,0.000423012,0.00344276
564,768,12,0.003861228,0.000436674,0.003424554
564,768,13,0.003883082,0.000507569,0.003375513
564,768,14,0.003775167,0.000460074,0.003315093
564,768,15,0.003996983,0.000688932,0.003308051
564,768,16,0.004029826,0.000766236,0.00326359
564,768,17,0.004192674,0.00098343,0.003209244
564,768,18,0.004334317,0.001125335,0.003208982
564,768,19,0.00425638,0.001034437,0.003221943
564,768,20,0.016934036,0.013561236,0.0033728
564,768,21,0.005211218,0.001808825,0.003402393
564,768,22,0.005061089,0.001524962,0.003536127
564,768,23,0.00529061,0.001809354,0.003481256
564,768,24,0.005186351,0.001678597,0.003507754
564,768,25,0.004952026,0.001578393,0.003373633
564,768,26,0.005439977,0.00209653,0.003343447
564,768,27,0.004763503,0.001327784,0.003435719
564,768,28,0.004879952,0.001400269,0.003479683
564,768,29,0.004794935,0.001228599,0.003566336
564,768,30,0.00463339,0.00097149,0.0036619
564,768,31,0.004518884,0.000753937,0.003764947
564,768,32,0.00454523,0.000798703,0.003746527
564,768,33,0.004481691,0.000693352,0.003788339
564,768,34,0.004620242,0.000698131,0.003922111
564,768,35,0.004443606,0.000492367,0.003951239
564,768,36,0.004430765,0.000532129,0.003898636
564,768,37,0.004523967,0.000505057,0.00401891
564,768,38,0.004513208,0.000532819,0.003980389
564,768,39,0.004488928,0.000508805,0.003980123
564,768,40,0.004495914,0.000501864,0.00399405
564,768,41,0.004587713,0.000476928,0.004110785
564,768,42,0.004551305,0.000510287,0.004041018
564,768,43,0.004551564,0.000480949,0.004070615
564,768,44,0.004542235,0.000501078,0.004041157
564,768,45,0.004529025,0.000502876,0.004026149
564,768,46,0.00451176,0.000529186,0.003982574
564,768,47,0.004540857,0.000539618,0.004001239
564,768,48,0.004578019,0.000558294,0.004019725
564,768,49,0.004523053,0.000544233,0.00397882
564,768,50,0.004478019,0.000500038,0.003977981
564,768,51,0.004437588,0.000485373,0.003952215
564,768,52,0.00448,0.000497668,0.003982332
564,768,53,0.004545923,0.000480801,0.004065122
564,768,54,0.004410368,0.000501413,0.003908955
564,768,55,0.004532827,0.000515809,0.004017018
564,768,56,0.004447098,0.000501727,0.003945371
564,768,57,0.004540618,0.000543252,0.003997366
564,768,58,0.004566256,0.000561353,0.004004903
564,768,59,0.004591476,0.000564089,0.004027387
564,768,60,0.00458138,0.000558495,0.004022885
564,768,61,0.0046557,0.000579702,0.004075998
564,768,62,0.004509865,0.00058857,0.003921295
564,768,63,0.004548867,0.00056159,0.003987277
564,768,64,0.004497786,0.000615212,0.003882574
564,768,65,0.004501563,0.00057454,0.003927023
564,768,66,0.004460977,0.000637211,0.003823766
564,768,67,0.004523854,0.000618893,0.003904961
564,768,68,0.004700391,0.000846995,0.003853396
564,768,69,0.004462986,0.000666343,0.003796643
564,768,70,0.004421748,0.000654803,0.003766945
564,768,71,0.00544637,0.001691258,0.003755112
564,768,72,0.005147256,0.00132636,0.003820896
564,768,73,0.004551377,0.000726006,0.003825371
564,768,74,0.005130374,0.001548302,0.003582072
564,768,75,0.005118515,0.001300349,0.003818166
564,768,76,0.00489465,0.001139688,0.003754962
564,768,77,0.004918448,0.001004653,0.003913795
564,768,78,0.004591811,0.0006756,0.003916211
564,768,79,0.004658953,0.000745888,0.003913065
564,768,80,0.004785921,0.000925369,0.003860552
564,768,81,0.004621533,0.000744075,0.003877458
564,768,82,0.004191233,0.000567318,0.003623915
564,768,83,0.004435241,0.000773781,0.00366146
564,768,84,0.004745805,0.001283358,0.003462447
564,768,85,0.006520484,0.002936485,0.003583999
564,768,86,0.004767542,0.001210069,0.003557473
564,768,87,0.004603502,0.000977348,0.003626154
564,768,88,0.004238233,0.000718386,0.003519847
564,768,89,0.009065735,0.005362146,0.003703589
564,768,90,0.004531834,0.000868951,0.003662883
564,768,91,0.004341448,0.000600207,0.003741241
564,768,92,0.004487059,0.000806783,0.003680276
564,768,93,0.004867825,0.000992332,0.003875493
564,768,94,0.004787447,0.000867691,0.003919756
564,768,95,0.004917889,0.001109783,0.003808106
564,768,96,0.004975821,0.001123376,0.003852445
564,768,97,0.004426007,0.000646745,0.003779262
564,768,98,0.007131797,0.003416395,0.003715402
564,768,99,0.004779322,0.001123215,0.003656107
564,768,100,0.004368168,0.000752709,0.003615459
564,768,101,0.004114883,0.0005249,0.003589983
564,768,102,0.006512332,0.002900367,0.003611965
564,768,103,0.004816092,0.001176045,0.003640047
564,768,104,0.004580769,0.000676153,0.003904616
564,768,105,0.00542678,0.001612196,0.003814584
564,768,106,0.004348671,0.000736779,0.003611892
564,768,107,0.00481784,0.001177752,0.003640088
564,768,108,0.005796355,0.002010316,0.003786039
564,768,109,0.005005193,0.001298317,0.003706876
564,768,110,0.004386237,0.000721979,0.003664258
565,768,1,0.757142334,0.634344435,0.122797899
565,768,2,0.179104059,0.175975007,0.003129052
565,768,3,0.003735163,0.000489939,0.003245224
565,768,4,0.003648141,0.000378716,0.003269425
565,768,5,0.019113009,0.015973888,0.003139121
565,768,6,0.006683269,0.003556574,0.003126695
565,768,7,0.004442504,0.001180384,0.00326212
565,768,8,0.015583208,0.012296492,0.003286716
565,768,9,0.004489365,0.000946811,0.003542554
565,768,10,0.004024641,0.000476037,0.003548604
565,768,11,0.004043455,0.000442075,0.00360138
565,768,12,0.00398575,0.000451626,0.003534124
565,768,13,0.003899119,0.000437493,0.003461626
565,768,14,0.003861551,0.000462462,0.003399089
565,768,15,0.004088632,0.000699856,0.003388776
565,768,16,0.004121512,0.00078448,0.003337032
565,768,17,0.004146696,0.000874258,0.003272438
565,768,18,0.004363153,0.001054439,0.003308714
565,768,19,0.017377943,0.013853413,0.00352453
565,768,20,0.005199835,0.001686418,0.003513417
565,768,21,0.004846412,0.001358849,0.003487563
565,768,22,0.005250404,0.001626134,0.00362427
565,768,23,0.004989759,0.001513584,0.003476175
565,768,24,0.00508794,0.001562684,0.003525256
565,768,25,0.0052446,0.001748745,0.003495855
565,768,26,0.004719377,0.001128789,0.003590588
565,768,27,0.004552519,0.000969992,0.003582527
565,768,28,0.004639695,0.001029297,0.003610398
565,768,29,0.004640001,0.000968031,0.00367197
565,768,30,0.004563891,0.000878286,0.003685605
565,768,31,0.004572644,0.000761529,0.003811115
565,768,32,0.004336638,0.000596961,0.003739677
565,768,33,0.004635005,0.000709218,0.003925787
565,768,34,0.004504665,0.000597952,0.003906713
565,768,35,0.004551876,0.000508739,0.004043137
565,768,36,0.004466473,0.000525726,0.003940747
565,768,37,0.004601563,0.000520174,0.004081389
565,768,38,0.004471664,0.000514991,0.003956673
565,768,39,0.004520144,0.000506572,0.004013572
565,768,40,0.004458104,0.000517643,0.003940461
565,768,41,0.004583312,0.000499342,0.00408397
565,768,42,0.004510926,0.000511104,0.003999822
565,768,43,0.004490501,0.000487075,0.004003426
565,768,44,0.004432551,0.000497392,0.003935159
565,768,45,0.004504244,0.000505872,0.003998372
565,768,46,0.004437494,0.000525041,0.003912453
565,768,47,0.004514998,0.000518746,0.003996252
565,768,48,0.004443202,0.000518431,0.003924771
565,768,49,0.004593805,0.000578223,0.004015582
565,768,50,0.004467463,0.000523075,0.003944388
565,768,51,0.004527393,0.000530807,0.003996586
565,768,52,0.004566466,0.000532327,0.004034139
565,768,53,0.004530964,0.000528562,0.004002402
565,768,54,0.004524218,0.000535245,0.003988973
565,768,55,0.004582835,0.000521043,0.004061792
565,768,56,0.004537509,0.000505389,0.00403212
565,768,57,0.004610102,0.000530356,0.004079746
565,768,58,0.004481601,0.000516821,0.00396478
565,768,59,0.004600903,0.000548258,0.004052645
565,768,60,0.004469815,0.000532765,0.00393705
565,768,61,0.004516221,0.000581123,0.003935098
565,768,62,0.004468277,0.000603263,0.003865014
565,768,63,0.004564347,0.00064148,0.003922867
565,768,64,0.004442108,0.000673857,0.003768251
565,768,65,0.004531221,0.000695623,0.003835598
565,768,66,0.004453315,0.000707737,0.003745578
565,768,67,0.005356353,0.001449188,0.003907165
565,768,68,0.004569773,0.000691971,0.003877802
565,768,69,0.004453659,0.000571799,0.00388186
565,768,70,0.004441362,0.000664791,0.003776571
565,768,71,0.005073013,0.001207838,0.003865175
565,768,72,0.004784848,0.000972403,0.003812445
565,768,73,0.004538191,0.000756796,0.003781395
565,768,74,0.004332649,0.000620746,0.003711903
565,768,75,0.005873671,0.002067595,0.003806076
565,768,76,0.004970043,0.001113326,0.003856717
565,768,77,0.005038992,0.001178916,0.003860076
565,768,78,0.004362634,0.000508983,0.003853651
565,768,79,0.004878277,0.000995448,0.003882829
565,768,80,0.004861003,0.001057666,0.003803337
565,768,81,0.004927477,0.001133849,0.003793628
565,768,82,0.004163574,0.000524113,0.003639461
565,768,83,0.004562593,0.000941345,0.003621248
565,768,84,0.006050605,0.002675405,0.0033752
565,768,85,0.005114453,0.001581006,0.003533447
565,768,86,0.004808126,0.001203763,0.003604363
565,768,87,0.004887443,0.001155542,0.003731901
565,768,88,0.008754618,0.004978264,0.003776354
565,768,89,0.004742389,0.000837359,0.00390503
565,768,90,0.004166124,0.000442363,0.003723761
565,768,91,0.004425422,0.000570368,0.003855054
565,768,92,0.004424851,0.000614926,0.003809925
565,768,93,0.004889454,0.000960961,0.003928493
565,768,94,0.005403939,0.001393606,0.004010333
565,768,95,0.004885919,0.001101462,0.003784457
565,768,96,0.004555653,0.000600903,0.00395475
565,768,97,0.006636773,0.002825276,0.003811497
565,768,98,0.005305582,0.001485886,0.003819696
565,768,99,0.004428204,0.000666679,0.003761525
565,768,100,0.004148715,0.000429164,0.003719551
565,768,101,0.006563542,0.002810742,0.0037528
565,768,102,0.00479048,0.00103616,0.00375432
565,768,103,0.004268526,0.000603506,0.00366502
565,768,104,0.005579584,0.00169587,0.003883714
565,768,105,0.004464618,0.000575659,0.003888959
565,768,106,0.004654419,0.000891835,0.003762584
565,768,107,0.005835659,0.002119689,0.00371597
565,768,108,0.005022313,0.001194323,0.00382799
565,768,109,0.004477127,0.000638094,0.003839033
565,768,110,0.00655071,0.003032356,0.003518354
566,768,1,0.749121768,0.626955562,0.122166206
566,768,2,0.184700163,0.18162647,0.003073693
566,768,3,0.013444513,0.010357357,0.003087156
566,768,4,0.019983077,0.016895948,0.003087129
566,768,5,0.004147358,0.000919708,0.00322765
566,768,6,0.00401521,0.000779799,0.003235411
566,768,7,0.005320835,0.002223498,0.003097337
566,768,8,0.004404485,0.001301092,0.003103393
566,768,9,0.015828307,0.012489979,0.003338328
566,768,10,0.004369994,0.0009053,0.003464694
566,768,11,0.003985349,0.000549015,0.003436334
566,768,12,0.004048737,0.000640261,0.003408476
566,768,13,0.003898994,0.000544342,0.003354652
566,768,14,0.003859056,0.000561338,0.003297718
566,768,15,0.004050955,0.000747209,0.003303746
566,768,16,0.004151222,0.000827353,0.003323869
566,768,17,0.004257541,0.0009827,0.003274841
566,768,18,0.018349902,0.014989156,0.003360746
566,768,19,0.005295022,0.001926453,0.003368569
566,768,20,0.004880998,0.001544783,0.003336215
566,768,21,0.005001902,0.001594898,0.003407004
566,768,22,0.004874267,0.00144679,0.003427477
566,768,23,0.005100027,0.001653972,0.003446055
566,768,24,0.005165678,0.001579338,0.00358634
566,768,25,0.004587751,0.000993624,0.003594127
566,768,26,0.004415854,0.000884296,0.003531558
566,768,27,0.004529872,0.001001606,0.003528266
566,768,28,0.004641436,0.001079145,0.003562291
566,768,29,0.004599495,0.000961482,0.003638013
566,768,30,0.004728378,0.000981871,0.003746507
566,768,31,0.004372054,0.000591022,0.003781032
566,768,32,0.004484554,0.000723494,0.00376106
566,768,33,0.004552907,0.000708869,0.003844038
566,768,34,0.004407012,0.00054437,0.003862642
566,768,35,0.004385205,0.000471167,0.003914038
566,768,36,0.004374522,0.000490475,0.003884047
566,768,37,0.004483716,0.000510204,0.003973512
566,768,38,0.004512617,0.000524042,0.003988575
566,768,39,0.00448177,0.000508785,0.003972985
566,768,40,0.00447553,0.000490955,0.003984575
566,768,41,0.004569639,0.000484747,0.004084892
566,768,42,0.004553096,0.000482432,0.004070664
566,768,43,0.004417149,0.000450277,0.003966872
566,768,44,0.004483372,0.000511976,0.003971396
566,768,45,0.004510963,0.000518401,0.003992562
566,768,46,0.004467739,0.000512446,0.003955293
566,768,47,0.004483863,0.000488792,0.003995071
566,768,48,0.00449881,0.000513679,0.003985131
566,768,49,0.004598063,0.000509193,0.00408887
566,768,50,0.004524341,0.000537649,0.003986692
566,768,51,0.004515065,0.000498902,0.004016163
566,768,52,0.004606118,0.000543615,0.004062503
566,768,53,0.004469943,0.000498141,0.003971802
566,768,54,0.004518045,0.000562291,0.003955754
566,768,55,0.00455847,0.000530333,0.004028137
566,768,56,0.004587888,0.000558865,0.004029023
566,768,57,0.004566572,0.000544942,0.00402163
566,768,58,0.004564415,0.000531517,0.004032898
566,768,59,0.00464371,0.000538357,0.004105353
566,768,60,0.004517267,0.000535247,0.00398202
566,768,61,0.004483464,0.000548476,0.003934988
566,768,62,0.004598806,0.000700017,0.003898789
566,768,63,0.004670171,0.000657212,0.004012959
566,768,64,0.004469255,0.000580088,0.003889167
566,768,65,0.004836571,0.000852053,0.003984518
566,768,66,0.004472904,0.000555422,0.003917482
566,768,67,0.004769517,0.000797079,0.003972438
566,768,68,0.004530376,0.000623851,0.003906525
566,768,69,0.004861937,0.000933036,0.003928901
566,768,70,0.005085166,0.001138477,0.003946689
566,768,71,0.004610913,0.00066742,0.003943493
566,768,72,0.004350548,0.000452125,0.003898423
566,768,73,0.004323576,0.000531876,0.0037917
566,768,74,0.004359925,0.000622571,0.003737354
566,768,75,0.00548105,0.00169416,0.00378689
566,768,76,0.005499681,0.001599438,0.003900243
566,768,77,0.004429492,0.000567769,0.003861723
566,768,78,0.004870117,0.001057769,0.003812348
566,768,79,0.005405856,0.00146613,0.003939726
566,768,80,0.004970156,0.00123515,0.003735006
566,768,81,0.004610907,0.000745864,0.003865043
566,768,82,0.004561934,0.000942874,0.00361906
566,768,83,0.005850404,0.002445183,0.003405221
566,768,84,0.00513041,0.00162903,0.00350138
566,768,85,0.004767878,0.001143283,0.003624595
566,768,86,0.004468974,0.000954132,0.003514842
566,768,87,0.004921095,0.001308947,0.003612148
566,768,88,0.005154376,0.001695068,0.003459308
566,768,89,0.007206624,0.003507293,0.003699331
566,768,90,0.004668003,0.000976921,0.003691082
566,768,91,0.004421656,0.00063283,0.003788826
566,768,92,0.004485115,0.000759374,0.003725741
566,768,93,0.00636432,0.002488885,0.003875435
566,768,94,0.005130774,0.001161049,0.003969725
566,768,95,0.004384132,0.000675653,0.003708479
566,768,96,0.006708104,0.002993349,0.003714755
566,768,97,0.005321235,0.001583586,0.003737649
566,768,98,0.004470089,0.000738873,0.003731216
566,768,99,0.004112336,0.000437803,0.003674533
566,768,100,0.006317417,0.000516682,0.005800735
566,768,101,0.005120104,0.001245614,0.00387449
566,768,102,0.004288311,0.000572503,0.003715808
566,768,103,0.005374416,0.001690879,0.003683537
566,768,104,0.004496956,0.00077914,0.003717816
566,768,105,0.004713702,0.000940901,0.003772801
566,768,106,0.005956896,0.002242886,0.00371401
566,768,107,0.004862047,0.001150722,0.003711325
566,768,108,0.004323638,0.000591897,0.003731741
566,768,109,0.007033554,0.003229018,0.003804536
566,768,110,0.004381261,0.000930743,0.003450518
567,768,1,0.753412037,0.630342159,0.123069878
567,768,2,0.179100495,0.176075845,0.00302465
567,768,3,0.049755146,0.046733838,0.003021308
567,768,4,0.003925469,0.000821264,0.003104205
567,768,5,0.003725989,0.000595206,0.003130783
567,768,6,0.00386987,0.000732097,0.003137773
567,768,7,0.004005363,0.000857728,0.003147635
567,768,8,0.004741351,0.001697257,0.003044094
567,768,9,0.004623997,0.001500782,0.003123215
567,768,10,0.015655105,0.012295593,0.003359512
567,768,11,0.00426296,0.00088922,0.00337374
567,768,12,0.004058905,0.000678393,0.003380512
567,768,13,0.003960699,0.000642264,0.003318435
567,768,14,0.003840992,0.000549307,0.003291685
567,768,15,0.003919762,0.0006529,0.003266862
567,768,16,0.004295686,0.001104626,0.00319106
567,768,17,0.01930305,0.016151147,0.003151903
567,768,18,0.005456126,0.002224859,0.003231267
567,768,19,0.004809727,0.001550538,0.003259189
567,768,20,0.005022744,0.001747345,0.003275399
567,768,21,0.004757978,0.001411329,0.003346649
567,768,22,0.005041372,0.001586706,0.003454666
567,768,23,0.004760721,0.001322221,0.0034385
567,768,24,0.00465805,0.001131293,0.003526757
567,768,25,0.004375681,0.00091016,0.003465521
567,768,26,0.00461769,0.001067932,0.003549758
567,768,27,0.004424308,0.000981541,0.003442767
567,768,28,0.004547925,0.001099346,0.003448579
567,768,29,0.004459935,0.000896917,0.003563018
567,768,30,0.004589647,0.00091124,0.003678407
567,768,31,0.004320716,0.000625737,0.003694979
567,768,32,0.00436047,0.000674782,0.003685688
567,768,33,0.004453238,0.000699408,0.00375383
567,768,34,0.004508274,0.000612204,0.00389607
567,768,35,0.004318677,0.00051879,0.003799887
567,768,36,0.004422252,0.000550791,0.003871461
567,768,37,0.004444702,0.000572697,0.003872005
567,768,38,0.004453687,0.000572949,0.003880738
567,768,39,0.004413936,0.000607753,0.003806183
567,768,40,0.004615143,0.000633871,0.003981272
567,768,41,0.004485563,0.000555907,0.003929656
567,768,42,0.004499415,0.000570412,0.003929003
567,768,43,0.004332898,0.000565492,0.003767406
567,768,44,0.004686175,0.000802173,0.003884002
567,768,45,0.004368023,0.000577661,0.003790362
567,768,46,0.004541114,0.000678915,0.003862199
567,768,47,0.00445767,0.000573195,0.003884475
567,768,48,0.004519402,0.000589749,0.003929653
567,768,49,0.004551183,0.00060156,0.003949623
567,768,50,0.004487633,0.000620768,0.003866865
567,768,51,0.004557254,0.000722139,0.003835115
567,768,52,0.004678329,0.000802852,0.003875477
567,768,53,0.004575094,0.000703865,0.003871229
567,768,54,0.004569416,0.000679184,0.003890232
567,768,55,0.004625876,0.000681144,0.003944732
567,768,56,0.004504855,0.000581313,0.003923542
567,768,57,0.004608009,0.00071257,0.003895439
567,768,58,0.004534386,0.000621451,0.003912935
567,768,59,0.00450399,0.000581065,0.003922925
567,768,60,0.004860329,0.00091361,0.003946719
567,768,61,0.004512794,0.000540713,0.003972081
567,768,62,0.004553104,0.000665664,0.00388744
567,768,63,0.004678388,0.0007222,0.003956188
567,768,64,0.004810971,0.000928305,0.003882666
567,768,65,0.004549034,0.000734969,0.003814065
567,768,66,0.004935673,0.00116119,0.003774483
567,768,67,0.004485994,0.000630103,0.003855891
567,768,68,0.004473826,0.000671764,0.003802062
567,768,69,0.005449345,0.001648078,0.003801267
567,768,70,0.004338861,0.00051851,0.003820351
567,768,71,0.00440007,0.000540609,0.003859461
567,768,72,0.004500956,0.000712041,0.003788915
567,768,73,0.004485461,0.000695608,0.003789853
567,768,74,0.005084092,0.001394521,0.003689571
567,768,75,0.005009056,0.001307221,0.003701835
567,768,76,0.004930579,0.001112583,0.003817996
567,768,77,0.004950264,0.001189717,0.003760547
567,768,78,0.004652008,0.000889442,0.003762566
567,768,79,0.005364733,0.001556188,0.003808545
567,768,80,0.004864624,0.001136538,0.003728086
567,768,81,0.004672561,0.000991054,0.003681507
567,768,82,0.006255081,0.002792105,0.003462976
567,768,83,0.004813164,0.001291732,0.003521432
567,768,84,0.004724088,0.001298619,0.003425469
567,768,85,0.004307562,0.000762676,0.003544886
567,768,86,0.004887257,0.001398228,0.003489029
567,768,87,0.005641181,0.002267421,0.00337376
567,768,88,0.005713065,0.002213245,0.00349982
567,768,89,0.004984203,0.001349382,0.003634821
567,768,90,0.004340624,0.000752094,0.00358853
567,768,91,0.004865894,0.001176272,0.003689622
567,768,92,0.006689758,0.002944646,0.003745112
567,768,93,0.005510745,0.001695525,0.00381522
567,768,94,0.004637884,0.000808193,0.003829691
567,768,95,0.006810949,0.002982041,0.003828908
567,768,96,0.005247456,0.001481156,0.0037663
567,768,97,0.004493402,0.000779673,0.003713729
567,768,98,0.004152919,0.000457864,0.003695055
567,768,99,0.004188243,0.000551371,0.003636872
567,768,100,0.004407313,0.000774499,0.003632814
567,768,101,0.007104454,0.003544583,0.003559871
567,768,102,0.005526028,0.001864063,0.003661965
567,768,103,0.004385102,0.000744134,0.003640968
567,768,104,0.004688283,0.001062104,0.003626179
567,768,105,0.006024101,0.002388576,0.003635525
567,768,106,0.004827669,0.001215819,0.00361185
567,768,107,0.004214514,0.000563134,0.00365138
567,768,108,0.006784572,0.003107639,0.003676933
567,768,109,0.004701813,0.001030061,0.003671752
567,768,110,0.004225793,0.000851917,0.003373876
568,768,1,0.753041292,0.630472372,0.12256892
568,768,2,0.210881237,0.207853646,0.003027591
568,768,3,0.003775026,0.000645224,0.003129802
568,768,4,0.003740474,0.000577086,0.003163388
568,768,5,0.003715055,0.000596158,0.003118897
568,768,6,0.003731681,0.000610379,0.003121302
568,768,7,0.003891482,0.000758757,0.003132725
568,768,8,0.003955582,0.000813413,0.003142169
568,768,9,0.004342103,0.001195483,0.00314662
568,768,10,0.004652684,0.00145954,0.003193144
568,768,11,0.01545873,0.012083592,0.003375138
568,768,12,0.004271515,0.000844171,0.003427344
568,768,13,0.003977364,0.000604557,0.003372807
568,768,14,0.00390247,0.000605032,0.003297438
568,768,15,0.003764198,0.000512274,0.003251924
568,768,16,0.020362219,0.017214114,0.003148105
568,768,17,0.005780397,0.00246127,0.003319127
568,768,18,0.004924564,0.001562982,0.003361582
568,768,19,0.004973237,0.001538434,0.003434803
568,768,20,0.004717456,0.001122259,0.003595197
568,768,21,0.004959858,0.00120922,0.003750638
568,768,22,0.004708126,0.001032751,0.003675375
568,768,23,0.004430586,0.000663701,0.003766885
568,768,24,0.004143178,0.000563158,0.00358002
568,768,25,0.004596445,0.000950571,0.003645874
568,768,26,0.004293095,0.000735005,0.00355809
568,768,27,0.004371151,0.0008465,0.003524651
568,768,28,0.004544189,0.000944562,0.003599627
568,768,29,0.004452314,0.000776475,0.003675839
568,768,30,0.004572671,0.000882271,0.0036904
568,768,31,0.004373864,0.000598568,0.003775296
568,768,32,0.004347992,0.000628558,0.003719434
568,768,33,0.00463319,0.000737272,0.003895918
568,768,34,0.004434249,0.000460872,0.003973377
568,768,35,0.004425774,0.000477459,0.003948315
568,768,36,0.004366971,0.000501426,0.003865545
568,768,37,0.004558782,0.000571255,0.003987527
568,768,38,0.004415347,0.000506125,0.003909222
568,768,39,0.004495831,0.000510796,0.003985035
568,768,40,0.00438219,0.000492334,0.003889856
568,768,41,0.004651668,0.000587135,0.004064533
568,768,42,0.004560819,0.00060446,0.003956359
568,768,43,0.004602448,0.00058349,0.004018958
568,768,44,0.004455121,0.000489171,0.00396595
568,768,45,0.004489254,0.000492428,0.003996826
568,768,46,0.004388728,0.000511837,0.003876891
568,768,47,0.004462652,0.000497834,0.003964818
568,768,48,0.004577969,0.000605309,0.00397266
568,768,49,0.004548572,0.000503396,0.004045176
568,768,50,0.004605541,0.000598655,0.004006886
568,768,51,0.004627094,0.000593211,0.004033883
568,768,52,0.004551581,0.000565082,0.003986499
568,768,53,0.004626898,0.00057168,0.004055218
568,768,54,0.004532143,0.000564747,0.003967396
568,768,55,0.004571609,0.000484197,0.004087412
568,768,56,0.004490422,0.000548187,0.003942235
568,768,57,0.004691897,0.000583695,0.004108202
568,768,58,0.004431123,0.00052637,0.003904753
568,768,59,0.004873273,0.000786551,0.004086722
568,768,60,0.004498079,0.000555061,0.003943018
568,768,61,0.004654033,0.000636619,0.004017414
568,768,62,0.004556058,0.000693083,0.003862975
568,768,63,0.004966888,0.000845885,0.004121003
568,768,64,0.004550406,0.000650412,0.003899994
568,768,65,0.00496126,0.000898455,0.004062805
568,768,66,0.004434253,0.000524421,0.003909832
568,768,67,0.004507697,0.000538673,0.003969024
568,768,68,0.004771612,0.000917409,0.003854203
568,768,69,0.004909515,0.000854283,0.004055232
568,768,70,0.004519605,0.000658747,0.003860858
568,768,71,0.004376479,0.000490575,0.003885904
568,768,72,0.004406725,0.000547483,0.003859242
568,768,73,0.005245282,0.001345092,0.00390019
568,768,74,0.004544801,0.000866053,0.003678748
568,768,75,0.004916811,0.00096632,0.003950491
568,768,76,0.004878499,0.001104407,0.003774092
568,768,77,0.004999368,0.001271664,0.003727704
568,768,78,0.005270432,0.001683004,0.003587428
568,768,79,0.005185253,0.001430156,0.003755097
568,768,80,0.004267757,0.000649929,0.003617828
568,768,81,0.00585717,0.002259537,0.003597633
568,768,82,0.005405271,0.001881046,0.003524225
568,768,83,0.004621586,0.001192495,0.003429091
568,768,84,0.004826625,0.001347633,0.003478992
568,768,85,0.00479097,0.001259145,0.003531825
568,768,86,0.005274386,0.001938932,0.003335454
568,768,87,0.005059826,0.001690566,0.00336926
568,768,88,0.00596572,0.002224458,0.003741262
568,768,89,0.004272245,0.000548299,0.003723946
568,768,90,0.004088667,0.000506666,0.003582001
568,768,91,0.006990638,0.003249789,0.003740849
568,768,92,0.005988028,0.002122362,0.003865666
568,768,93,0.004680422,0.000736646,0.003943776
568,768,94,0.006643363,0.002765714,0.003877649
568,768,95,0.005443997,0.001582074,0.003861923
568,768,96,0.004614968,0.000805617,0.003809351
568,768,97,0.004182796,0.000480706,0.00370209
568,768,98,0.004197261,0.000501752,0.003695509
568,768,99,0.004382556,0.000738603,0.003643953
568,768,100,0.007261609,0.003682045,0.003579564
568,768,101,0.005327431,0.00176393,0.003563501
568,768,102,0.0044222,0.000765454,0.003656746
568,768,103,0.004754479,0.000966476,0.003788003
568,768,104,0.006042491,0.002269905,0.003772586
568,768,105,0.004821603,0.001113801,0.003707802
568,768,106,0.004159744,0.000545034,0.00361471
568,768,107,0.006441989,0.002700021,0.003741968
568,768,108,0.00501362,0.001274914,0.003738706
568,768,109,0.004517432,0.000888162,0.00362927
568,768,110,0.005059771,0.001714606,0.003345165
569,768,1,0.758820635,0.63526249,0.123558145
569,768,2,0.173249364,0.170139528,0.003109836
569,768,3,0.043194573,0.040079247,0.003115326
569,768,4,0.003912528,0.000715634,0.003196894
569,768,5,0.003701413,0.00047034,0.003231073
569,768,6,0.003882753,0.000670976,0.003211777
569,768,7,0.003959735,0.00072604,0.003233695
569,768,8,0.003978423,0.000715931,0.003262492
569,768,9,0.003995982,0.000721082,0.0032749
569,768,10,0.004254803,0.001002186,0.003252617
569,768,11,0.004610782,0.001226508,0.003384274
569,768,12,0.015203241,0.011777677,0.003425564
569,768,13,0.004287844,0.000812872,0.003474972
569,768,14,0.003946968,0.000545995,0.003400973
569,768,15,0.019834915,0.016626102,0.003208813
569,768,16,0.005495678,0.002215218,0.00328046
569,768,17,0.005325976,0.001892504,0.003433472
569,768,18,0.004764088,0.001257208,0.00350688
569,768,19,0.004628894,0.000975853,0.003653041
569,768,20,0.004608801,0.000949991,0.00365881
569,768,21,0.004853006,0.001160201,0.003692805
569,768,22,0.004690935,0.000961319,0.003729616
569,768,23,0.004273054,0.000621861,0.003651193
569,768,24,0.004570041,0.00089249,0.003677551
569,768,25,0.004253167,0.000689836,0.003563331
569,768,26,0.004550157,0.000950709,0.003599448
569,768,27,0.004616006,0.001060822,0.003555184
569,768,28,0.004481627,0.000848763,0.003632864
569,768,29,0.004558969,0.000868477,0.003690492
569,768,30,0.004527193,0.000774101,0.003753092
569,768,31,0.004345292,0.000607066,0.003738226
569,768,32,0.004571547,0.00080306,0.003768487
569,768,33,0.004404862,0.00054658,0.003858282
569,768,34,0.004622141,0.000719628,0.003902513
569,768,35,0.004403199,0.000511682,0.003891517
569,768,36,0.004467129,0.000502981,0.003964148
569,768,37,0.004502435,0.000580159,0.003922276
569,768,38,0.004486799,0.000534198,0.003952601
569,768,39,0.004474039,0.00055217,0.003921869
569,768,40,0.004524972,0.000538289,0.003986683
569,768,41,0.00459059,0.00056174,0.00402885
569,768,42,0.004539531,0.000568108,0.003971423
569,768,43,0.004487801,0.000554679,0.003933122
569,768,44,0.00440469,0.000505391,0.003899299
569,768,45,0.004462048,0.000536825,0.003925223
569,768,46,0.004498443,0.000520307,0.003978136
569,768,47,0.004573379,0.000550158,0.004023221
569,768,48,0.0045526,0.000546834,0.004005766
569,768,49,0.004611478,0.000549643,0.004061835
569,768,50,0.004548122,0.000551262,0.00399686
569,768,51,0.004536632,0.0005486,0.003988032
569,768,52,0.004521825,0.000547885,0.00397394
569,768,53,0.004586086,0.000536286,0.0040498
569,768,54,0.004593412,0.000641411,0.003952001
569,768,55,0.004616649,0.000592718,0.004023931
569,768,56,0.004541541,0.000571438,0.003970103
569,768,57,0.00465451,0.000595572,0.004058938
569,768,58,0.004643254,0.000643372,0.003999882
569,768,59,0.004642239,0.000610155,0.004032084
569,768,60,0.004600308,0.000583912,0.004016396
569,768,61,0.004690006,0.000586122,0.004103884
569,768,62,0.004499084,0.000585632,0.003913452
569,768,63,0.004649828,0.000574272,0.004075556
569,768,64,0.004475548,0.000564646,0.003910902
569,768,65,0.004726249,0.000577278,0.004148971
569,768,66,0.004490145,0.000573969,0.003916176
569,768,67,0.004758242,0.000756823,0.004001419
569,768,68,0.004652345,0.000752983,0.003899362
569,768,69,0.004752601,0.000707331,0.00404527
569,768,70,0.004415183,0.000505894,0.003909289
569,768,71,0.004510997,0.000482592,0.004028405
569,768,72,0.004354681,0.000453808,0.003900873
569,768,73,0.004365167,0.000463861,0.003901306
569,768,74,0.004969591,0.001171777,0.003797814
569,768,75,0.004775468,0.00083141,0.003944058
569,768,76,0.005337567,0.001372217,0.00396535
569,768,77,0.006431754,0.002800965,0.003630789
569,768,78,0.005414441,0.001679096,0.003735345
569,768,79,0.004330598,0.000673055,0.003657543
569,768,80,0.005892648,0.002199135,0.003693513
569,768,81,0.005030965,0.001240093,0.003790872
569,768,82,0.00448671,0.000774303,0.003712407
569,768,83,0.004890014,0.001276528,0.003613486
569,768,84,0.004276381,0.000698731,0.00357765
569,768,85,0.005746871,0.002282765,0.003464106
569,768,86,0.005564723,0.002030379,0.003534344
569,768,87,0.004859886,0.00110586,0.003754026
569,768,88,0.004685216,0.000856644,0.003828572
569,768,89,0.004290534,0.000517835,0.003772699
569,768,90,0.006927333,0.003134429,0.003792904
569,768,91,0.005446245,0.001610592,0.003835653
569,768,92,0.004891116,0.000935412,0.003955704
569,768,93,0.004995022,0.000933618,0.004061404
569,768,94,0.006319952,0.002429054,0.003890898
569,768,95,0.004688456,0.000731908,0.003956548
569,768,96,0.004745979,0.000919424,0.003826555
569,768,97,0.004602289,0.000778582,0.003823707
569,768,98,0.004983587,0.001246089,0.003737498
569,768,99,0.007036142,0.001047554,0.005988588
569,768,100,0.005597548,0.001135391,0.004462157
569,768,101,0.004121025,0.00044158,0.003679445
569,768,102,0.004377827,0.000615113,0.003762714
569,768,103,0.006551109,0.002715446,0.003835663
569,768,104,0.004814211,0.000971601,0.00384261
569,768,105,0.00427824,0.000534387,0.003743853
569,768,106,0.004204092,0.000475601,0.003728491
569,768,107,0.006103488,0.002193813,0.003909675
569,768,108,0.004335682,0.000495089,0.003840593
569,768,109,0.006439211,0.002866735,0.003572476
569,768,110,0.004078898,0.000634036,0.003444862
570,768,1,0.756636401,0.631805929,0.124830472
570,768,2,0.244729439,0.241707462,0.003021977
570,768,3,0.021870968,0.018848952,0.003022016
570,768,4,0.043285389,0.040260774,0.003024615
570,768,5,0.004009519,0.000836984,0.003172535
570,768,6,0.003971045,0.000805826,0.003165219
570,768,7,0.003982353,0.000809668,0.003172685
570,768,8,0.004066566,0.000881185,0.003185381
570,768,9,0.004062464,0.000880594,0.00318187
570,768,10,0.004083477,0.000885482,0.003197995
570,768,11,0.004149088,0.000903512,0.003245576
570,768,12,0.004332784,0.001032496,0.003300288
570,768,13,0.015083509,0.011782505,0.003301004
570,768,14,0.020710485,0.01761628,0.003094205
570,768,15,0.004934357,0.001802892,0.003131465
570,768,16,0.005228,0.00199978,0.00322822
570,768,17,0.004736798,0.001387371,0.003349427
570,768,18,0.004817792,0.001310057,0.003507735
570,768,19,0.004491374,0.000923738,0.003567636
570,768,20,0.004636659,0.001054809,0.00358185
570,768,21,0.004677679,0.001107234,0.003570445
570,768,22,0.004788308,0.001230875,0.003557433
570,768,23,0.004363117,0.000774875,0.003588242
570,768,24,0.004449306,0.00085389,0.003595416
570,768,25,0.004379914,0.000861759,0.003518155
570,768,26,0.00453838,0.001001287,0.003537093
570,768,27,0.004563496,0.001034681,0.003528815
570,768,28,0.004521507,0.001040577,0.00348093
570,768,29,0.004753818,0.001116252,0.003637566
570,768,30,0.004539284,0.000943104,0.00359618
570,768,31,0.004564679,0.000809376,0.003755303
570,768,32,0.004423842,0.000742246,0.003681596
570,768,33,0.004593516,0.000817088,0.003776428
570,768,34,0.004411397,0.000568655,0.003842742
570,768,35,0.00446201,0.000555742,0.003906268
570,768,36,0.004439409,0.000573303,0.003866106
570,768,37,0.004516841,0.000621611,0.00389523
570,768,38,0.004485421,0.000631339,0.003854082
570,768,39,0.004490098,0.000609341,0.003880757
570,768,40,0.004465912,0.000639699,0.003826213
570,768,41,0.004580863,0.000653536,0.003927327
570,768,42,0.00447219,0.000623894,0.003848296
570,768,43,0.004496961,0.00058923,0.003907731
570,768,44,0.004419712,0.000573387,0.003846325
570,768,45,0.00445314,0.000565674,0.003887466
570,768,46,0.004457128,0.000541455,0.003915673
570,768,47,0.004438162,0.000580003,0.003858159
570,768,48,0.004535449,0.000662615,0.003872834
570,768,49,0.004485043,0.000564086,0.003920957
570,768,50,0.004717312,0.000879686,0.003837626
570,768,51,0.004664631,0.000718146,0.003946485
570,768,52,0.004504222,0.000680111,0.003824111
570,768,53,0.004716124,0.000731338,0.003984786
570,768,54,0.00456869,0.000762437,0.003806253
570,768,55,0.004629574,0.00073121,0.003898364
570,768,56,0.004500686,0.000634099,0.003866587
570,768,57,0.004766686,0.000829908,0.003936778
570,768,58,0.0045097,0.00064903,0.00386067
570,768,59,0.004707841,0.000713087,0.003994754
570,768,60,0.004432401,0.000558157,0.003874244
570,768,61,0.004844673,0.000907566,0.003937107
570,768,62,0.004450257,0.000550871,0.003899386
570,768,63,0.004519105,0.000563036,0.003956069
570,768,64,0.004600735,0.000789851,0.003810884
570,768,65,0.004493978,0.000617143,0.003876835
570,768,66,0.004755453,0.000979216,0.003776237
570,768,67,0.004909477,0.000974642,0.003934835
570,768,68,0.004350037,0.000565505,0.003784532
570,768,69,0.004704349,0.000739354,0.003964995
570,768,70,0.004264668,0.00047547,0.003789198
570,768,71,0.004551831,0.000646579,0.003905252
570,768,72,0.004261812,0.000447195,0.003814617
570,768,73,0.004494348,0.000647658,0.00384669
570,768,74,0.004198685,0.000539632,0.003659053
570,768,75,0.006035585,0.002113446,0.003922139
570,768,76,0.007228783,0.00361044,0.003618343
570,768,77,0.005420467,0.001683623,0.003736844
570,768,78,0.004351205,0.000703111,0.003648094
570,768,79,0.006014721,0.002279313,0.003735408
570,768,80,0.004886163,0.001101557,0.003784606
570,768,81,0.004206355,0.000566124,0.003640231
570,768,82,0.004609028,0.001035725,0.003573303
570,768,83,0.004562655,0.001160613,0.003402042
570,768,84,0.005969223,0.002374349,0.003594874
570,768,85,0.005553496,0.002112059,0.003441437
570,768,86,0.004874081,0.001266822,0.003607259
570,768,87,0.004280803,0.000729485,0.003551318
570,768,88,0.004697214,0.000939712,0.003757502
570,768,89,0.006855225,0.003162954,0.003692271
570,768,90,0.005390913,0.001650742,0.003740171
570,768,91,0.004571685,0.000849196,0.003722489
570,768,92,0.005239518,0.001357801,0.003881717
570,768,93,0.004608987,0.000614551,0.003994436
570,768,94,0.004300847,0.000420687,0.00388016
570,768,95,0.005702724,0.001831137,0.003871587
570,768,96,0.004504223,0.000747778,0.003756445
570,768,97,0.006618974,0.002897268,0.003721706
570,768,98,0.004772677,0.00110545,0.003667227
570,768,99,0.00604133,0.002405043,0.003636287
570,768,100,0.005503687,0.001879503,0.003624184
570,768,101,0.004573992,0.000959981,0.003614011
570,768,102,0.004558628,0.000918581,0.003640047
570,768,103,0.004336072,0.000500498,0.003835574
570,768,104,0.005700843,0.001955696,0.003745147
570,768,105,0.004688085,0.001031147,0.003656938
570,768,106,0.006767688,0.00312825,0.003639438
570,768,107,0.004338544,0.000587717,0.003750827
570,768,108,0.006394216,0.002644466,0.00374975
570,768,109,0.004381433,0.000950198,0.003431235
570,768,110,0.004030305,0.00070983,0.003320475
571,768,1,0.751588652,0.627484224,0.124104428
571,768,2,0.249831392,0.246814887,0.003016505
571,768,3,0.003629854,0.000519917,0.003109937
571,768,4,0.003605563,0.000472385,0.003133178
571,768,5,0.043216222,0.040168759,0.003047463
571,768,6,0.004055965,0.000928501,0.003127464
571,768,7,0.004203347,0.001087997,0.00311535
571,768,8,0.00409712,0.000967299,0.003129821
571,768,9,0.004042026,0.000889619,0.003152407
571,768,10,0.004129674,0.000975881,0.003153793
571,768,11,0.004249166,0.000978792,0.003270374
571,768,12,0.004109394,0.000747582,0.003361812
571,768,13,0.032883666,0.0298057,0.003077966
571,768,14,0.004593039,0.001486339,0.0031067
571,768,15,0.004727202,0.001548805,0.003178397
571,768,16,0.004558144,0.001247294,0.00331085
571,768,17,0.004931088,0.00162266,0.003308428
571,768,18,0.00455417,0.001130154,0.003424016
571,768,19,0.004551377,0.001051556,0.003499821
571,768,20,0.00452412,0.000939552,0.003584568
571,768,21,0.004782843,0.001122361,0.003660482
571,768,22,0.004606675,0.001037958,0.003568717
571,768,23,0.004304605,0.000610681,0.003693924
571,768,24,0.004274351,0.00068684,0.003587511
571,768,25,0.004397556,0.00080809,0.003589466
571,768,26,0.004535168,0.000951911,0.003583257
571,768,27,0.004528575,0.000977195,0.00355138
571,768,28,0.004570117,0.000967007,0.00360311
571,768,29,0.004513523,0.00078352,0.003730003
571,768,30,0.004466584,0.000794239,0.003672345
571,768,31,0.004622783,0.000834235,0.003788548
571,768,32,0.004457787,0.000694444,0.003763343
571,768,33,0.004483998,0.000674182,0.003809816
571,768,34,0.004514587,0.000663884,0.003850703
571,768,35,0.004456436,0.000550912,0.003905524
571,768,36,0.004408439,0.000521608,0.003886831
571,768,37,0.004486072,0.000546136,0.003939936
571,768,38,0.004524816,0.000596243,0.003928573
571,768,39,0.004478928,0.000529747,0.003949181
571,768,40,0.004419352,0.00053309,0.003886262
571,768,41,0.004640383,0.000628117,0.004012266
571,768,42,0.004446269,0.000539438,0.003906831
571,768,43,0.0045565,0.000585129,0.003971371
571,768,44,0.004537925,0.000641406,0.003896519
571,768,45,0.00446843,0.000540137,0.003928293
571,768,46,0.004720266,0.000795423,0.003924843
571,768,47,0.004778844,0.000756531,0.004022313
571,768,48,0.004519884,0.000622602,0.003897282
571,768,49,0.004591635,0.000635266,0.003956369
571,768,50,0.004617404,0.000701882,0.003915522
571,768,51,0.004633885,0.000743384,0.003890501
571,768,52,0.004532687,0.000705001,0.003827686
571,768,53,0.004561912,0.000704818,0.003857094
571,768,54,0.004667942,0.000864811,0.003803131
571,768,55,0.0047452,0.000797066,0.003948134
571,768,56,0.004564769,0.000757009,0.00380776
571,768,57,0.00468373,0.000804067,0.003879663
571,768,58,0.004538842,0.000618766,0.003920076
571,768,59,0.004515705,0.000619904,0.003895801
571,768,60,0.004556378,0.000693103,0.003863275
571,768,61,0.004485909,0.000599308,0.003886601
571,768,62,0.004794434,0.000908678,0.003885756
571,768,63,0.004500007,0.000578374,0.003921633
571,768,64,0.004472328,0.000675296,0.003797032
571,768,65,0.004823277,0.000902092,0.003921185
571,768,66,0.004385557,0.000584643,0.003800914
571,768,67,0.004744757,0.000791173,0.003953584
571,768,68,0.004376017,0.000559227,0.00381679
571,768,69,0.004564203,0.000562367,0.004001836
571,768,70,0.004322365,0.000488608,0.003833757
571,768,71,0.004409481,0.000470781,0.0039387
571,768,72,0.004290908,0.000449312,0.003841596
571,768,73,0.00463736,0.000708167,0.003929193
571,768,74,0.005929865,0.002491602,0.003438263
571,768,75,0.007172734,0.003619626,0.003553108
571,768,76,0.005323424,0.001652336,0.003671088
571,768,77,0.004974394,0.001114637,0.003859757
571,768,78,0.005779746,0.002047666,0.00373208
571,768,79,0.004655379,0.000855823,0.003799556
571,768,80,0.004679659,0.000893936,0.003785723
571,768,81,0.004139521,0.000452732,0.003686789
571,768,82,0.004532715,0.000960207,0.003572508
571,768,83,0.005695261,0.002334757,0.003360504
571,768,84,0.00582629,0.002349314,0.003476976
571,768,85,0.004956291,0.001470173,0.003486118
571,768,86,0.004545357,0.001046853,0.003498504
571,768,87,0.004278159,0.000707304,0.003570855
571,768,88,0.004669737,0.000930981,0.003738756
571,768,89,0.004611479,0.000815284,0.003796195
571,768,90,0.006056618,0.002369994,0.003686624
571,768,91,0.00543213,0.001716304,0.003715826
571,768,92,0.005130058,0.001230095,0.003899963
571,768,93,0.004805192,0.00079932,0.004005872
571,768,94,0.004424153,0.000546451,0.003877702
571,768,95,0.005802108,0.001970072,0.003832036
571,768,96,0.00727027,0.003556421,0.003713849
571,768,97,0.004884705,0.00118942,0.003695285
571,768,98,0.006076773,0.00243166,0.003645113
571,768,99,0.005349579,0.001713469,0.00363611
571,768,100,0.00428779,0.000666593,0.003621197
571,768,101,0.004831624,0.00120277,0.003628854
571,768,102,0.004232027,0.000604492,0.003627535
571,768,103,0.00450111,0.000676288,0.003824822
571,768,104,0.004117811,0.000462415,0.003655396
571,768,105,0.008836588,0.004286854,0.004549734
571,768,106,0.004275723,0.000593692,0.003682031
571,768,107,0.004225347,0.000471186,0.003754161
571,768,108,0.00418774,0.000463416,0.003724324
571,768,109,0.005920198,0.002443445,0.003476753
571,768,110,0.004144475,0.000815106,0.003329369
572,768,1,0.756710274,0.633279022,0.123431252
572,768,2,0.173737845,0.170715102,0.003022743
572,768,3,0.017970561,0.014938912,0.003031649
572,768,4,0.040844234,0.03781821,0.003026024
572,768,5,0.003924865,0.0008066,0.003118265
572,768,6,0.005764192,0.002736889,0.003027303
572,768,7,0.004085024,0.001056878,0.003028146
572,768,8,0.004600161,0.001432361,0.0031678
572,768,9,0.004099712,0.000914189,0.003185523
572,768,10,0.004075958,0.00090288,0.003173078
572,768,11,0.00422636,0.000983683,0.003242677
572,768,12,0.004147677,0.000829249,0.003318428
572,768,13,0.004021396,0.000598302,0.003423094
572,768,14,0.032843684,0.029754193,0.003089491
572,768,15,0.004818581,0.001681834,0.003136747
572,768,16,0.005262215,0.002007082,0.003255133
572,768,17,0.004865087,0.001501263,0.003363824
572,768,18,0.004762572,0.001242014,0.003520558
572,768,19,0.00448315,0.001066807,0.003416343
572,768,20,0.00466426,0.001139113,0.003525147
572,768,21,0.004926998,0.001233571,0.003693427
572,768,22,0.004659329,0.001062409,0.00359692
572,768,23,0.004289691,0.000697118,0.003592573
572,768,24,0.004360864,0.0008731,0.003487764
572,768,25,0.004407013,0.000888298,0.003518715
572,768,26,0.004531908,0.000942194,0.003589714
572,768,27,0.004466654,0.000947991,0.003518663
572,768,28,0.004474316,0.000947879,0.003526437
572,768,29,0.004563499,0.000972066,0.003591433
572,768,30,0.004544669,0.000869196,0.003675473
572,768,31,0.004358011,0.000626349,0.003731662
572,768,32,0.004593149,0.000807418,0.003785731
572,768,33,0.004442266,0.000594264,0.003848002
572,768,34,0.004433601,0.00048595,0.003947651
572,768,35,0.004436533,0.000507746,0.003928787
572,768,36,0.004448025,0.000520294,0.003927731
572,768,37,0.004432401,0.000568352,0.003864049
572,768,38,0.004405546,0.000511984,0.003893562
572,768,39,0.004440173,0.000521891,0.003918282
572,768,40,0.004299671,0.000511484,0.003788187
572,768,41,0.004683482,0.000700527,0.003982955
572,768,42,0.004595952,0.000698353,0.003897599
572,768,43,0.004591292,0.000675107,0.003916185
572,768,44,0.004725871,0.000791061,0.00393481
572,768,45,0.004494128,0.000561219,0.003932909
572,768,46,0.004584115,0.000628442,0.003955673
572,768,47,0.004561449,0.000593459,0.00396799
572,768,48,0.004812108,0.000902614,0.003909494
572,768,49,0.004614906,0.000663896,0.00395101
572,768,50,0.00456653,0.000653973,0.003912557
572,768,51,0.004597705,0.00067499,0.003922715
572,768,52,0.004526255,0.000661225,0.00386503
572,768,53,0.004605441,0.000630413,0.003975028
572,768,54,0.004549273,0.000612613,0.00393666
572,768,55,0.004604687,0.000637264,0.003967423
572,768,56,0.004503028,0.000579534,0.003923494
572,768,57,0.004564521,0.000612656,0.003951865
572,768,58,0.004698168,0.000785812,0.003912356
572,768,59,0.004607115,0.000631172,0.003975943
572,768,60,0.00451999,0.000600988,0.003919002
572,768,61,0.004662901,0.000675227,0.003987674
572,768,62,0.004503961,0.000591855,0.003912106
572,768,63,0.004565507,0.000672008,0.003893499
572,768,64,0.004579671,0.00072353,0.003856141
572,768,65,0.004670696,0.000823872,0.003846824
572,768,66,0.004441891,0.000632037,0.003809854
572,768,67,0.004476596,0.000630993,0.003845603
572,768,68,0.004634291,0.000863859,0.003770432
572,768,69,0.004608257,0.000695427,0.00391283
572,768,70,0.004284827,0.000497461,0.003787366
572,768,71,0.00442355,0.000609808,0.003813742
572,768,72,0.004509764,0.000690188,0.003819576
572,768,73,0.006986596,0.003258594,0.003728002
572,768,74,0.006679911,0.003099853,0.003580058
572,768,75,0.005568036,0.001812347,0.003755689
572,768,76,0.004836268,0.00099227,0.003843998
572,768,77,0.005764979,0.002107912,0.003657067
572,768,78,0.004720098,0.000914903,0.003805195
572,768,79,0.004342323,0.000540837,0.003801486
572,768,80,0.004606897,0.000836055,0.003770842
572,768,81,0.004126384,0.000441164,0.00368522
572,768,82,0.005593507,0.002217344,0.003376163
572,768,83,0.006018649,0.002693829,0.00332482
572,768,84,0.005012558,0.001479082,0.003533476
572,768,85,0.004479301,0.001005118,0.003474183
572,768,86,0.00467553,0.001046929,0.003628601
572,768,87,0.004195613,0.000594464,0.003601149
572,768,88,0.004757033,0.000935912,0.003821121
572,768,89,0.004392038,0.000594019,0.003798019
572,768,90,0.007156213,0.003418457,0.003737756
572,768,91,0.004656724,0.000913455,0.003743269
572,768,92,0.005002819,0.001179313,0.003823506
572,768,93,0.004544386,0.000615822,0.003928564
572,768,94,0.006032199,0.002204943,0.003827256
572,768,95,0.005245321,0.00136355,0.003881771
572,768,96,0.004274926,0.0005363,0.003738626
572,768,97,0.005708908,0.001961804,0.003747104
572,768,98,0.007291661,0.003667793,0.003623868
572,768,99,0.004846879,0.001176364,0.003670515
572,768,100,0.004512432,0.000866903,0.003645529
572,768,101,0.004847667,0.001216774,0.003630893
572,768,102,0.004238839,0.000621954,0.003616885
572,768,103,0.004724301,0.000859582,0.003864719
572,768,104,0.006045392,0.002266587,0.003778805
572,768,105,0.004630104,0.000976653,0.003653451
572,768,106,0.005900597,0.002264043,0.003636554
572,768,107,0.004367774,0.000643559,0.003724215
572,768,108,0.005083139,0.001385239,0.0036979
572,768,109,0.004445442,0.00091589,0.003529552
572,768,110,0.004537377,0.00118888,0.003348497
573,768,1,0.758046912,0.634144089,0.123902823
573,768,2,0.173592873,0.170581425,0.003011448
573,768,3,0.055320483,0.052304075,0.003016408
573,768,4,0.003853872,0.000747133,0.003106739
573,768,5,0.003670368,0.000523118,0.00314725
573,768,6,0.003560486,0.000458627,0.003101859
573,768,7,0.005061368,0.00203846,0.003022908
573,768,8,0.004375318,0.001211182,0.003164136
573,768,9,0.004617209,0.001481168,0.003136041
573,768,10,0.004363644,0.001166003,0.003197641
573,768,11,0.004145539,0.000902666,0.003242873
573,768,12,0.00406423,0.000725855,0.003338375
573,768,13,0.004040549,0.000655404,0.003385145
573,768,14,0.003960076,0.000549319,0.003410757
573,768,15,0.033236035,0.030128947,0.003107088
573,768,16,0.005496845,0.002323103,0.003173742
573,768,17,0.005175951,0.001792343,0.003383608
573,768,18,0.004760874,0.00135497,0.003405904
573,768,19,0.004533883,0.001060941,0.003472942
573,768,20,0.004702095,0.00118327,0.003518825
573,768,21,0.004744794,0.001239503,0.003505291
573,768,22,0.004672853,0.001155846,0.003517007
573,768,23,0.004270367,0.000744581,0.003525786
573,768,24,0.004306346,0.000817079,0.003489267
573,768,25,0.00437391,0.000900843,0.003473067
573,768,26,0.004600679,0.001090383,0.003510296
573,768,27,0.004787333,0.001251537,0.003535796
573,768,28,0.004416188,0.0008811,0.003535088
573,768,29,0.004445211,0.000890633,0.003554578
573,768,30,0.004612989,0.000997249,0.00361574
573,768,31,0.004263682,0.000614044,0.003649638
573,768,32,0.004456353,0.000771419,0.003684934
573,768,33,0.004365908,0.000651823,0.003714085
573,768,34,0.004507434,0.000664603,0.003842831
573,768,35,0.004404624,0.000609718,0.003794906
573,768,36,0.004453833,0.000617534,0.003836299
573,768,37,0.004524668,0.00064797,0.003876698
573,768,38,0.004365669,0.00053754,0.003828129
573,768,39,0.004421064,0.000544379,0.003876685
573,768,40,0.004512646,0.000680797,0.003831849
573,768,41,0.004440142,0.000529844,0.003910298
573,768,42,0.004592359,0.000678872,0.003913487
573,768,43,0.004635774,0.000658286,0.003977488
573,768,44,0.004535366,0.000641101,0.003894265
573,768,45,0.004679166,0.000782495,0.003896671
573,768,46,0.004488404,0.000614287,0.003874117
573,768,47,0.004531511,0.00069007,0.003841441
573,768,48,0.004669248,0.000831519,0.003837729
573,768,49,0.004797452,0.000938859,0.003858593
573,768,50,0.004542819,0.000707491,0.003835328
573,768,51,0.004570835,0.000726021,0.003844814
573,768,52,0.004553215,0.000739092,0.003814123
573,768,53,0.004519499,0.000683255,0.003836244
573,768,54,0.004628771,0.000809201,0.00381957
573,768,55,0.004606356,0.00073149,0.003874866
573,768,56,0.004626862,0.000756612,0.00387025
573,768,57,0.004545239,0.000703142,0.003842097
573,768,58,0.00465668,0.000768543,0.003888137
573,768,59,0.004653359,0.000767043,0.003886316
573,768,60,0.004490576,0.000631585,0.003858991
573,768,61,0.00448475,0.000652227,0.003832523
573,768,62,0.004577265,0.000844204,0.003733061
573,768,63,0.004597392,0.000735553,0.003861839
573,768,64,0.004464977,0.000740832,0.003724145
573,768,65,0.004699556,0.000917019,0.003782537
573,768,66,0.004530985,0.000794178,0.003736807
573,768,67,0.004571828,0.000796852,0.003774976
573,768,68,0.004337284,0.000635204,0.00370208
573,768,69,0.004656484,0.000913147,0.003743337
573,768,70,0.004655228,0.000907552,0.003747676
573,768,71,0.004358847,0.000640024,0.003718823
573,768,72,0.00765309,0.004102894,0.003550196
573,768,73,0.006656086,0.003087924,0.003568162
573,768,74,0.004971704,0.001256885,0.003714819
573,768,75,0.005027747,0.001274743,0.003753004
573,768,76,0.004622828,0.000876468,0.00374636
573,768,77,0.004702152,0.000976789,0.003725363
573,768,78,0.005280781,0.001484467,0.003796314
573,768,79,0.004750609,0.000925789,0.00382482
573,768,80,0.004181653,0.000468674,0.003712979
573,768,81,0.006354459,0.002929477,0.003424982
573,768,82,0.005851567,0.002470185,0.003381382
573,768,83,0.004807913,0.001400506,0.003407407
573,768,84,0.00445218,0.000929473,0.003522707
573,768,85,0.004475111,0.00104794,0.003427171
573,768,86,0.004660134,0.00115288,0.003507254
573,768,87,0.00416444,0.000679708,0.003484732
573,768,88,0.004634628,0.000925537,0.003709091
573,768,89,0.007376439,0.003802429,0.00357401
573,768,90,0.004545533,0.000838343,0.00370719
573,768,91,0.004310113,0.000617664,0.003692449
573,768,92,0.004812118,0.001062859,0.003749259
573,768,93,0.006703958,0.002826062,0.003877896
573,768,94,0.004369013,0.000575861,0.003793152
573,768,95,0.005011885,0.001186229,0.003825656
573,768,96,0.004300761,0.000608417,0.003692344
573,768,97,0.004180723,0.000501586,0.003679137
573,768,98,0.005244851,0.001605948,0.003638903
573,768,99,0.007771077,0.004141774,0.003629303
573,768,100,0.004752831,0.001171214,0.003581617
573,768,101,0.004648011,0.001065135,0.003582876
573,768,102,0.004503177,0.000908966,0.003594211
573,768,103,0.004722914,0.00094533,0.003777584
573,768,104,0.006601876,0.002866033,0.003735843
573,768,105,0.005186918,0.00149253,0.003694388
573,768,106,0.004942427,0.001332781,0.003609646
573,768,107,0.005160582,0.001469565,0.003691017
573,768,108,0.004800567,0.00105855,0.003742017
573,768,109,0.004295819,0.000766455,0.003529364
573,768,110,0.004083357,0.000728538,0.003354819
574,768,1,0.758642197,0.63431073,0.124331467
574,768,2,0.244667544,0.241653221,0.003014323
574,768,3,0.003723801,0.000587188,0.003136613
574,768,4,0.003520092,0.000421404,0.003098688
574,768,5,0.00358781,0.000449927,0.003137883
574,768,6,0.003542806,0.000414469,0.003128337
574,768,7,0.003630967,0.000528619,0.003102348
574,768,8,0.004585834,0.001544651,0.003041183
574,768,9,0.00462511,0.001583918,0.003041192
574,768,10,0.004876831,0.001739478,0.003137353
574,768,11,0.004457621,0.001164353,0.003293268
574,768,12,0.004098934,0.000739285,0.003359649
574,768,13,0.003917286,0.00050857,0.003408716
574,768,14,0.003910876,0.000484209,0.003426667
574,768,15,0.003990187,0.00051874,0.003471447
574,768,16,0.034138595,0.030997997,0.003140598
574,768,17,0.00582464,0.002497003,0.003327637
574,768,18,0.004777111,0.001368835,0.003408276
574,768,19,0.004673341,0.001128447,0.003544894
574,768,20,0.004787091,0.001279449,0.003507642
574,768,21,0.004740742,0.001072311,0.003668431
574,768,22,0.004794441,0.001174188,0.003620253
574,768,23,0.004408435,0.000728337,0.003680098
574,768,24,0.00428718,0.000695029,0.003592151
574,768,25,0.004390208,0.000786094,0.003604114
574,768,26,0.004438377,0.000860533,0.003577844
574,768,27,0.004386265,0.000869183,0.003517082
574,768,28,0.004481377,0.000906627,0.00357475
574,768,29,0.004631507,0.000920171,0.003711336
574,768,30,0.004312136,0.000648367,0.003663769
574,768,31,0.004693523,0.000864711,0.003828812
574,768,32,0.004294873,0.000579508,0.003715365
574,768,33,0.004519378,0.000612879,0.003906499
574,768,34,0.004450387,0.000506872,0.003943515
574,768,35,0.004531169,0.000537258,0.003993911
574,768,36,0.004443785,0.000519677,0.003924108
574,768,37,0.004523476,0.000517083,0.004006393
574,768,38,0.004445392,0.000526199,0.003919193
574,768,39,0.004511254,0.000522062,0.003989192
574,768,40,0.004453446,0.000507396,0.00394605
574,768,41,0.004603254,0.000498098,0.004105156
574,768,42,0.004467599,0.000510572,0.003957027
574,768,43,0.004517549,0.000490004,0.004027545
574,768,44,0.004431276,0.000523495,0.003907781
574,768,45,0.004537276,0.000522953,0.004014323
574,768,46,0.004488871,0.000546335,0.003942536
574,768,47,0.00451175,0.000505474,0.004006276
574,768,48,0.004564533,0.000619523,0.00394501
574,768,49,0.004611923,0.000607681,0.004004242
574,768,50,0.004644811,0.000677823,0.003966988
574,768,51,0.004585628,0.000558206,0.004027422
574,768,52,0.004542449,0.000588594,0.003953855
574,768,53,0.004631835,0.000575187,0.004056648
574,768,54,0.004430415,0.000483236,0.003947179
574,768,55,0.004631283,0.00058398,0.004047303
574,768,56,0.004517785,0.000578479,0.003939306
574,768,57,0.004735744,0.000661838,0.004073906
574,768,58,0.00444251,0.000548101,0.003894409
574,768,59,0.004930895,0.000764767,0.004166128
574,768,60,0.004489659,0.000555084,0.003934575
574,768,61,0.004583893,0.000554729,0.004029164
574,768,62,0.004412754,0.000510927,0.003901827
574,768,63,0.004585256,0.000532147,0.004053109
574,768,64,0.00444307,0.000564765,0.003878305
574,768,65,0.004474224,0.000555142,0.003919082
574,768,66,0.004665161,0.000839472,0.003825689
574,768,67,0.00458361,0.000664806,0.003918804
574,768,68,0.004504347,0.00067052,0.003833827
574,768,69,0.005125319,0.001140549,0.00398477
574,768,70,0.004537903,0.000648404,0.003889499
574,768,71,0.006364147,0.002660632,0.003703515
574,768,72,0.004570491,0.000848477,0.003722014
574,768,73,0.00499387,0.00131736,0.00367651
574,768,74,0.006933796,0.003339953,0.003593843
574,768,75,0.005351809,0.001637081,0.003714728
574,768,76,0.005094403,0.001168115,0.003926288
574,768,77,0.004316241,0.000495781,0.00382046
574,768,78,0.004376323,0.000553165,0.003823158
574,768,79,0.00512481,0.001429442,0.003695368
574,768,80,0.007091252,0.00355691,0.003534342
574,768,81,0.005899004,0.002310792,0.003588212
574,768,82,0.00499603,0.001571502,0.003424528
574,768,83,0.004286184,0.000777809,0.003508375
574,768,84,0.004413464,0.000870862,0.003542602
574,768,85,0.00452475,0.001028337,0.003496413
574,768,86,0.004498382,0.001043763,0.003454619
574,768,87,0.004151652,0.000677931,0.003473721
574,768,88,0.008084783,0.004413051,0.003671732
574,768,89,0.004310378,0.000685024,0.003625354
574,768,90,0.004429258,0.000672048,0.00375721
574,768,91,0.004373133,0.000671307,0.003701826
574,768,92,0.004975622,0.001136852,0.00383877
574,768,93,0.004711013,0.000697116,0.004013897
574,768,94,0.005477761,0.001622157,0.003855604
574,768,95,0.005355485,0.001477315,0.00387817
574,768,96,0.004177958,0.000419784,0.003758174
574,768,97,0.00410081,0.000411905,0.003688905
574,768,98,0.004169336,0.000486015,0.003683321
574,768,99,0.006992981,0.003380717,0.003612264
574,768,100,0.006036174,0.002437098,0.003599076
574,768,101,0.005034269,0.001430059,0.00360421
574,768,102,0.004675169,0.001039292,0.003635877
574,768,103,0.007270204,0.000763642,0.006506562
574,768,104,0.00551277,0.001349724,0.004163046
574,768,105,0.004974779,0.001311407,0.003663372
574,768,106,0.004676171,0.001027576,0.003648595
574,768,107,0.004444085,0.00078594,0.003658145
574,768,108,0.004732644,0.000980317,0.003752327
574,768,109,0.004526077,0.00104248,0.003483597
574,768,110,0.003813607,0.000461378,0.003352229
575,768,1,0.680396598,0.554674998,0.1257216
575,768,2,0.144787524,0.141737246,0.003050278
575,768,3,0.200020373,0.196961462,0.003058911
575,768,4,0.003808508,0.000658078,0.00315043
575,768,5,0.003575207,0.000376909,0.003198298
575,768,6,0.003526186,0.00038039,0.003145796
575,768,7,0.003620108,0.000448547,0.003171561
575,768,8,0.003874322,0.000676075,0.003198247
575,768,9,0.004368643,0.001204648,0.003163995
575,768,10,0.004854982,0.001754691,0.003100291
575,768,11,0.004863818,0.001700713,0.003163105
575,768,12,0.004406304,0.00116416,0.003242144
575,768,13,0.004151876,0.000753566,0.00339831
575,768,14,0.003953346,0.000456099,0.003497247
575,768,15,0.003868087,0.000388815,0.003479272
575,768,16,0.003951125,0.000496982,0.003454143
575,768,17,0.035058262,0.031866182,0.00319208
575,768,18,0.005291009,0.001953684,0.003337325
575,768,19,0.005046153,0.001581715,0.003464438
575,768,20,0.004654617,0.001093147,0.00356147
575,768,21,0.00493696,0.001290917,0.003646043
575,768,22,0.004622187,0.000954999,0.003667188
575,768,23,0.004441518,0.00081411,0.003627408
575,768,24,0.004375508,0.000753919,0.003621589
575,768,25,0.004473598,0.00081122,0.003662378
575,768,26,0.004362531,0.000802814,0.003559717
575,768,27,0.004533451,0.000954509,0.003578942
575,768,28,0.004426251,0.000829232,0.003597019
575,768,29,0.0046878,0.001034129,0.003653671
575,768,30,0.004458901,0.000744455,0.003714446
575,768,31,0.004485367,0.000739134,0.003746233
575,768,32,0.004482268,0.000694087,0.003788181
575,768,33,0.004448071,0.000586438,0.003861633
575,768,34,0.004474314,0.000527085,0.003947229
575,768,35,0.004442944,0.000532114,0.00391083
575,768,36,0.004481524,0.000550377,0.003931147
575,768,37,0.004459461,0.000528055,0.003931406
575,768,38,0.004554509,0.000549521,0.004004988
575,768,39,0.004478042,0.000510181,0.003967861
575,768,40,0.00449444,0.000501565,0.003992875
575,768,41,0.004513949,0.000496316,0.004017633
575,768,42,0.004548584,0.000512725,0.004035859
575,768,43,0.00441029,0.000483591,0.003926699
575,768,44,0.004552433,0.000530438,0.004021995
575,768,45,0.004407505,0.000510256,0.003897249
575,768,46,0.004517116,0.000540662,0.003976454
575,768,47,0.004498356,0.000522977,0.003975379
575,768,48,0.004560431,0.000509281,0.00405115
575,768,49,0.004543009,0.000541501,0.004001508
575,768,50,0.00452623,0.000544674,0.003981556
575,768,51,0.004721738,0.000709279,0.004012459
575,768,52,0.004522137,0.000515233,0.004006904
575,768,53,0.004523081,0.000503311,0.00401977
575,768,54,0.004490017,0.000575833,0.003914184
575,768,55,0.00453435,0.000524011,0.004010339
575,768,56,0.00456,0.000559521,0.004000479
575,768,57,0.004543371,0.000531849,0.004011522
575,768,58,0.004689327,0.00071021,0.003979117
575,768,59,0.004539773,0.000503213,0.00403656
575,768,60,0.004907328,0.000888914,0.004018414
575,768,61,0.004442541,0.000474677,0.003967864
575,768,62,0.004496351,0.000601241,0.00389511
575,768,63,0.004497084,0.00048728,0.004009804
575,768,64,0.004471338,0.000562148,0.00390919
575,768,65,0.004452529,0.000554133,0.003898396
575,768,66,0.004409032,0.000592923,0.003816109
575,768,67,0.004776674,0.000892783,0.003883891
575,768,68,0.004589075,0.000679948,0.003909127
575,768,69,0.004376128,0.000613953,0.003762175
575,768,70,0.007688707,0.003943628,0.003745079
575,768,71,0.005043904,0.00135211,0.003691794
575,768,72,0.004258644,0.000569436,0.003689208
575,768,73,0.004218978,0.000531248,0.00368773
575,768,74,0.00414126,0.000562947,0.003578313
575,768,75,0.007047556,0.00351635,0.003531206
575,768,76,0.005496134,0.001781899,0.003714235
575,768,77,0.005030538,0.001243769,0.003786769
575,768,78,0.00442926,0.000600572,0.003828688
575,768,79,0.004338918,0.000609062,0.003729856
575,768,80,0.005017899,0.00134909,0.003668809
575,768,81,0.007403828,0.003863065,0.003540763
575,768,82,0.005796649,0.00238144,0.003415209
575,768,83,0.004895199,0.001506379,0.00338882
575,768,84,0.004414078,0.000729346,0.003684732
575,768,85,0.004532179,0.001038527,0.003493652
575,768,86,0.004583056,0.001009826,0.00357323
575,768,87,0.008472276,0.004806294,0.003665982
575,768,88,0.004514804,0.00070823,0.003806574
575,768,89,0.004089199,0.000440613,0.003648586
575,768,90,0.004315531,0.000545766,0.003769765
575,768,91,0.00443255,0.000703724,0.003728826
575,768,92,0.004769645,0.000984862,0.003784783
575,768,93,0.004531396,0.000616495,0.003914901
575,768,94,0.004347684,0.000437655,0.003910029
575,768,95,0.005273594,0.001381906,0.003891688
575,768,96,0.005282572,0.001476103,0.003806469
575,768,97,0.004184926,0.000421919,0.003763007
575,768,98,0.007166259,0.000510691,0.006655568
575,768,99,0.004871324,0.00119854,0.003672784
575,768,100,0.004087854,0.000445484,0.00364237
575,768,101,0.005623489,0.00203238,0.003591109
575,768,102,0.004950997,0.001265958,0.003685039
575,768,103,0.004422391,0.000615303,0.003807088
575,768,104,0.007451079,0.00368549,0.003765589
575,768,105,0.005152937,0.001420769,0.003732168
575,768,106,0.004876604,0.00121741,0.003659194
575,768,107,0.005084405,0.001357405,0.003727
575,768,108,0.004727439,0.000934482,0.003792957
575,768,109,0.00433138,0.000736511,0.003594869
575,768,110,0.005332645,0.001958192,0.003374453
576,768,1,0.643866032,0.514401137,0.129464895
576,768,2,0.127904019,0.124819251,0.003084768
576,768,3,0.056644709,0.053525218,0.003119491
576,768,4,0.003752508,0.000574102,0.003178406
576,768,5,0.003625884,0.000379491,0.003246393
576,768,6,0.003566286,0.000353353,0.003212933
576,768,7,0.003631359,0.000395945,0.003235414
576,768,8,0.004001478,0.000741076,0.003260402
576,768,9,0.004041027,0.000725529,0.003315498
576,768,10,0.004060569,0.000743314,0.003317255
576,768,11,0.004122588,0.000801224,0.003321364
576,768,12,0.004115372,0.000731439,0.003383933
576,768,13,0.004140298,0.000680106,0.003460192
576,768,14,0.003950386,0.000453029,0.003497357
576,768,15,0.004050376,0.000432914,0.003617462
576,768,16,0.004107975,0.000452687,0.003655288
576,768,17,0.004266624,0.000471397,0.003795227
576,768,18,0.004126932,0.000494471,0.003632461
576,768,19,0.004233215,0.00051131,0.003721905
576,768,20,0.013499061,0.009743,0.003756061
576,768,21,0.005004445,0.001411066,0.003593379
576,768,22,0.004887972,0.001279663,0.003608309
576,768,23,0.004595408,0.000984778,0.00361063
576,768,24,0.004497043,0.001070223,0.00342682
576,768,25,0.00459682,0.001164938,0.003431882
576,768,26,0.004877779,0.001423796,0.003453983
576,768,27,0.005019638,0.001500056,0.003519582
576,768,28,0.00443363,0.000939716,0.003493914
576,768,29,0.004809239,0.001337166,0.003472073
576,768,30,0.004666535,0.001114833,0.003551702
576,768,31,0.004478113,0.00096684,0.003511273
576,768,32,0.004683993,0.001309993,0.003374
576,768,33,0.004665556,0.001148435,0.003517121
576,768,34,0.004503972,0.00107815,0.003425822
576,768,35,0.004582081,0.001090355,0.003491726
576,768,36,0.004377406,0.000901141,0.003476265
576,768,37,0.00442512,0.000850887,0.003574233
576,768,38,0.004459758,0.001016931,0.003442827
576,768,39,0.004371496,0.000879363,0.003492133
576,768,40,0.004731927,0.001242069,0.003489858
576,768,41,0.005899703,0.002430353,0.00346935
576,768,42,0.00555218,0.002139089,0.003413091
576,768,43,0.005816428,0.002272547,0.003543881
576,768,44,0.005457171,0.001952796,0.003504375
576,768,45,0.006004501,0.002490706,0.003513795
576,768,46,0.005746471,0.002205921,0.00354055
576,768,47,0.006017003,0.002412897,0.003604106
576,768,48,0.005633776,0.002058553,0.003575223
576,768,49,0.005586464,0.001956194,0.00363027
576,768,50,0.005439912,0.001697564,0.003742348
576,768,51,0.005083154,0.001284079,0.003799075
576,768,52,0.004979641,0.001249594,0.003730047
576,768,53,0.004936818,0.00120682,0.003729998
576,768,54,0.005123191,0.0013416,0.003781591
576,768,55,0.00460112,0.000700264,0.003900856
576,768,56,0.004792886,0.000927869,0.003865017
576,768,57,0.00461529,0.000855463,0.003759827
576,768,58,0.004877353,0.001086555,0.003790798
576,768,59,0.004763828,0.000975098,0.00378873
576,768,60,0.004925777,0.001154848,0.003770929
576,768,61,0.004521676,0.000700072,0.003821604
576,768,62,0.005095949,0.001300201,0.003795748
576,768,63,0.004913376,0.001136019,0.003777357
576,768,64,0.004831795,0.001039102,0.003792693
576,768,65,0.004756092,0.000969297,0.003786795
576,768,66,0.004693513,0.000844243,0.00384927
576,768,67,0.004856496,0.000964949,0.003891547
576,768,68,0.004469018,0.000724455,0.003744563
576,768,69,0.004912507,0.00100949,0.003903017
576,768,70,0.004809205,0.000921102,0.003888103
576,768,71,0.004694144,0.00080719,0.003886954
576,768,72,0.004810973,0.000933418,0.003877555
576,768,73,0.004524741,0.000574421,0.00395032
576,768,74,0.004827804,0.000783491,0.004044313
576,768,75,0.004648041,0.000732752,0.003915289
576,768,76,0.004739466,0.00084167,0.003897796
576,768,77,0.004597306,0.000678435,0.003918871
576,768,78,0.005198199,0.001124814,0.004073385
576,768,79,0.004918748,0.000767874,0.004150874
576,768,80,0.004795436,0.000656774,0.004138662
576,768,81,0.004825206,0.000647694,0.004177512
576,768,82,0.004745427,0.000653106,0.004092321
576,768,83,0.004689963,0.000607136,0.004082827
576,768,84,0.004636941,0.000613999,0.004022942
576,768,85,0.004589846,0.000551369,0.004038477
576,768,86,0.004698279,0.000823244,0.003875035
576,768,87,0.005928467,0.002387414,0.003541053
576,768,88,0.004620721,0.000884527,0.003736194
576,768,89,0.004290318,0.000681928,0.00360839
576,768,90,0.004773004,0.001203411,0.003569593
576,768,91,0.004573147,0.000944681,0.003628466
576,768,92,0.004219993,0.000533632,0.003686361
576,768,93,0.00513079,0.001362449,0.003768341
576,768,94,0.004086053,0.000460303,0.00362575
576,768,95,0.00413358,0.00072623,0.00340735
576,768,96,0.004625951,0.001009723,0.003616228
576,768,97,0.004131621,0.000521656,0.003609965
576,768,98,0.005918821,0.002413447,0.003505374
576,768,99,0.004864801,0.001293071,0.00357173
576,768,100,0.004954893,0.001512744,0.003442149
576,768,101,0.004837219,0.001475967,0.003361252
576,768,102,0.007677759,0.004151464,0.003526295
576,768,103,0.004563058,0.001110401,0.003452657
576,768,104,0.004764539,0.001337223,0.003427316
576,768,105,0.00426664,0.00091483,0.00335181
576,768,106,0.004600466,0.001219111,0.003381355
576,768,107,0.004426134,0.001027224,0.00339891
576,768,108,0.007309351,0.003993206,0.003316145
576,768,109,0.008740222,0.005381869,0.003358353
576,768,110,0.010367907,0.007158687,0.00320922
577,768,1,0.753557061,0.630057049,0.123500012
577,768,2,0.05664398,0.053588025,0.003055955
577,768,3,0.003682266,0.000522062,0.003160204
577,768,4,0.003501234,0.000393035,0.003108199
577,768,5,0.003532459,0.000367329,0.00316513
577,768,6,0.00359021,0.000424661,0.003165549
577,768,7,0.003813177,0.000636307,0.00317687
577,768,8,0.003984076,0.000812786,0.00317129
577,768,9,0.00404827,0.000810737,0.003237533
577,768,10,0.004035524,0.000868225,0.003167299
577,768,11,0.004169745,0.000976472,0.003193273
577,768,12,0.004197801,0.000946929,0.003250872
577,768,13,0.003961852,0.000688863,0.003272989
577,768,14,0.003962938,0.000589741,0.003373197
577,768,15,0.004015153,0.000488962,0.003526191
577,768,16,0.004073046,0.000473037,0.003600009
577,768,17,0.004068443,0.000499276,0.003569167
577,768,18,0.004099534,0.000524069,0.003575465
577,768,19,0.013924992,0.01031237,0.003612622
577,768,20,0.005079201,0.001505374,0.003573827
577,768,21,0.004928253,0.001387935,0.003540318
577,768,22,0.004418812,0.000854695,0.003564117
577,768,23,0.004438949,0.000993691,0.003445258
577,768,24,0.004614319,0.00121452,0.003399799
577,768,25,0.004643305,0.001240575,0.00340273
577,768,26,0.005060722,0.00159934,0.003461382
577,768,27,0.004668981,0.001248195,0.003420786
577,768,28,0.004774966,0.001333577,0.003441389
577,768,29,0.004485115,0.001081456,0.003403659
577,768,30,0.00439764,0.001030957,0.003366683
577,768,31,0.004607749,0.001173507,0.003434242
577,768,32,0.004408781,0.001068824,0.003339957
577,768,33,0.00449769,0.00113144,0.00336625
577,768,34,0.004556568,0.001197212,0.003359356
577,768,35,0.004657709,0.001307637,0.003350072
577,768,36,0.004354957,0.000962081,0.003392876
577,768,37,0.004717007,0.001313609,0.003403398
577,768,38,0.004326268,0.000998178,0.00332809
577,768,39,0.00479349,0.001449058,0.003344432
577,768,40,0.005943414,0.002630895,0.003312519
577,768,41,0.005792865,0.002441822,0.003351043
577,768,42,0.005543859,0.002171568,0.003372291
577,768,43,0.005781612,0.002448547,0.003333065
577,768,44,0.00594069,0.002555298,0.003385392
577,768,45,0.005805676,0.002256575,0.003549101
577,768,46,0.005658462,0.002263214,0.003395248
577,768,47,0.00574246,0.002334195,0.003408265
577,768,48,0.005612165,0.002075333,0.003536832
577,768,49,0.0054423,0.001738499,0.003703801
577,768,50,0.005038799,0.001234322,0.003804477
577,768,51,0.00501906,0.001347655,0.003671405
577,768,52,0.004812316,0.001161409,0.003650907
577,768,53,0.004915818,0.001281618,0.0036342
577,768,54,0.004650577,0.000891546,0.003759031
577,768,55,0.00475173,0.001027855,0.003723875
577,768,56,0.004895615,0.001173604,0.003722011
577,768,57,0.004828729,0.001110504,0.003718225
577,768,58,0.004915231,0.001156901,0.00375833
577,768,59,0.004828256,0.001164668,0.003663588
577,768,60,0.004575715,0.000825497,0.003750218
577,768,61,0.005026149,0.00128791,0.003738239
577,768,62,0.004939499,0.001158709,0.00378079
577,768,63,0.004789613,0.001016433,0.00377318
577,768,64,0.00479817,0.001013411,0.003784759
577,768,65,0.004719172,0.000919307,0.003799865
577,768,66,0.004834841,0.000948877,0.003885964
577,768,67,0.004605386,0.000777649,0.003827737
577,768,68,0.004798146,0.001028331,0.003769815
577,768,69,0.004825437,0.001024047,0.00380139
577,768,70,0.004703556,0.000861571,0.003841985
577,768,71,0.004856211,0.00107451,0.003781701
577,768,72,0.004420208,0.000599189,0.003821019
577,768,73,0.004715953,0.000907542,0.003808411
577,768,74,0.004809613,0.000901379,0.003908234
577,768,75,0.004716792,0.000891394,0.003825398
577,768,76,0.004614437,0.000693966,0.003920471
577,768,77,0.005074261,0.001082721,0.00399154
577,768,78,0.004742122,0.000668588,0.004073534
577,768,79,0.004614005,0.000670878,0.003943127
577,768,80,0.004739918,0.000632984,0.004106934
577,768,81,0.004653287,0.000647851,0.004005436
577,768,82,0.004616795,0.000679406,0.003937389
577,768,83,0.004590343,0.000654567,0.003935776
577,768,84,0.004523014,0.000645682,0.003877332
577,768,85,0.004524192,0.000673052,0.00385114
577,768,86,0.004447737,0.000653083,0.003794654
577,768,87,0.004588824,0.001069348,0.003519476
577,768,88,0.006017394,0.002547938,0.003469456
577,768,89,0.004659141,0.001146507,0.003512634
577,768,90,0.00472107,0.001133389,0.003587681
577,768,91,0.0042932,0.000881564,0.003411636
577,768,92,0.004715944,0.001116386,0.003599558
577,768,93,0.004720096,0.0010391,0.003680996
577,768,94,0.004533543,0.000903481,0.003630062
577,768,95,0.004211495,0.000804222,0.003407273
577,768,96,0.004540551,0.001062344,0.003478207
577,768,97,0.005984013,0.002604786,0.003379227
577,768,98,0.004958859,0.001492215,0.003466644
577,768,99,0.004956943,0.001625338,0.003331605
577,768,100,0.005017533,0.00173103,0.003286503
577,768,101,0.007535375,0.004241736,0.003293639
577,768,102,0.004614932,0.001239381,0.003375551
577,768,103,0.004528667,0.001206505,0.003322162
577,768,104,0.004362519,0.001041491,0.003321028
577,768,105,0.004838214,0.001525506,0.003312708
577,768,106,0.004429995,0.001152303,0.003277692
577,768,107,0.007329066,0.004099489,0.003229577
577,768,108,0.006691919,0.003449657,0.003242262
577,768,109,0.011132537,0.007838285,0.003294252
577,768,110,0.006482315,0.003399185,0.00308313
578,768,1,0.765083504,0.640776687,0.124306817
578,768,2,0.003567378,0.000452547,0.003114831
578,768,3,0.003525249,0.000374009,0.00315124
578,768,4,0.003487597,0.000371018,0.003116579
578,768,5,0.003505837,0.000359962,0.003145875
578,768,6,0.003506159,0.000380435,0.003125724
578,768,7,0.003694003,0.00054089,0.003153113
578,768,8,0.003825336,0.000650295,0.003175041
578,768,9,0.003963337,0.000734214,0.003229123
578,768,10,0.004048735,0.000823736,0.003224999
578,768,11,0.004061116,0.000836963,0.003224153
578,768,12,0.004156684,0.000901695,0.003254989
578,768,13,0.004004777,0.000721075,0.003283702
578,768,14,0.003981256,0.000586265,0.003394991
578,768,15,0.004117035,0.000579614,0.003537421
578,768,16,0.00407835,0.000468632,0.003609718
578,768,17,0.00402205,0.000504259,0.003517791
578,768,18,0.014567636,0.011109981,0.003457655
578,768,19,0.005110434,0.001527839,0.003582595
578,768,20,0.004981365,0.001365623,0.003615742
578,768,21,0.004266871,0.000737321,0.00352955
578,768,22,0.004495581,0.000960025,0.003535556
578,768,23,0.004311008,0.000844316,0.003466692
578,768,24,0.004361798,0.001017569,0.003344229
578,768,25,0.004997221,0.001625741,0.00337148
578,768,26,0.004730227,0.0013564,0.003373827
578,768,27,0.004931951,0.001618676,0.003313275
578,768,28,0.004450467,0.001036809,0.003413658
578,768,29,0.004327352,0.00090114,0.003426212
578,768,30,0.004376833,0.001038259,0.003338574
578,768,31,0.004812905,0.001419761,0.003393144
578,768,32,0.004441517,0.001085293,0.003356224
578,768,33,0.004668239,0.001351966,0.003316273
578,768,34,0.004634499,0.001280789,0.00335371
578,768,35,0.004391275,0.00105927,0.003332005
578,768,36,0.004693221,0.00131779,0.003375431
578,768,37,0.004365728,0.000972151,0.003393577
578,768,38,0.004877237,0.001526945,0.003350292
578,768,39,0.006080063,0.002793268,0.003286795
578,768,40,0.005644341,0.002298659,0.003345682
578,768,41,0.005477299,0.002219924,0.003257375
578,768,42,0.006010266,0.002674641,0.003335625
578,768,43,0.005907409,0.002499555,0.003407854
578,768,44,0.005688652,0.002289533,0.003399119
578,768,45,0.005709757,0.002342085,0.003367672
578,768,46,0.005721874,0.002257132,0.003464742
578,768,47,0.005326932,0.001860588,0.003466344
578,768,48,0.00548759,0.001820324,0.003667266
578,768,49,0.004925602,0.001369439,0.003556163
578,768,50,0.005075684,0.001512484,0.0035632
578,768,51,0.004945901,0.001299682,0.003646219
578,768,52,0.004883804,0.001280664,0.00360314
578,768,53,0.004680767,0.0010184,0.003662367
578,768,54,0.00474555,0.00109697,0.00364858
578,768,55,0.004991661,0.001262628,0.003729033
578,768,56,0.004754463,0.001096009,0.003658454
578,768,57,0.004934344,0.001241816,0.003692528
578,768,58,0.004976968,0.00124979,0.003727178
578,768,59,0.004529031,0.000811529,0.003717502
578,768,60,0.005034566,0.001260377,0.003774189
578,768,61,0.004814295,0.00109835,0.003715945
578,768,62,0.004819416,0.001055941,0.003763475
578,768,63,0.004835424,0.00096797,0.003867454
578,768,64,0.004664045,0.000899196,0.003764849
578,768,65,0.004774862,0.000963439,0.003811423
578,768,66,0.004720261,0.000969383,0.003750878
578,768,67,0.004854593,0.001099335,0.003755258
578,768,68,0.004829517,0.001082975,0.003746542
578,768,69,0.004695923,0.000932743,0.00376318
578,768,70,0.004897934,0.001137556,0.003760378
578,768,71,0.004346339,0.000562609,0.00378373
578,768,72,0.004744286,0.000976553,0.003767733
578,768,73,0.004773717,0.00099979,0.003773927
578,768,74,0.004758212,0.000918982,0.00383923
578,768,75,0.004548006,0.000752923,0.003795083
578,768,76,0.004954296,0.001082039,0.003872257
578,768,77,0.00466821,0.000855897,0.003812313
578,768,78,0.004738257,0.000704141,0.004034116
578,768,79,0.004500715,0.000527016,0.003973699
578,768,80,0.004499571,0.000576888,0.003922683
578,768,81,0.004797928,0.00086237,0.003935558
578,768,82,0.004513009,0.00059343,0.003919579
578,768,83,0.004575491,0.000616325,0.003959166
578,768,84,0.004446001,0.000603103,0.003842898
578,768,85,0.004443071,0.0006296,0.003813471
578,768,86,0.004600657,0.000813388,0.003787269
578,768,87,0.004109674,0.000648812,0.003460862
578,768,88,0.004656702,0.001183454,0.003473248
578,768,89,0.005809417,0.002412871,0.003396546
578,768,90,0.005043118,0.001488687,0.003554431
578,768,91,0.004227962,0.000789356,0.003438606
578,768,92,0.004730589,0.001203099,0.00352749
578,768,93,0.004798473,0.001128121,0.003670352
578,768,94,0.004502559,0.000970705,0.003531854
578,768,95,0.004176771,0.000826432,0.003350339
578,768,96,0.00674555,0.003467425,0.003278125
578,768,97,0.004972923,0.001495727,0.003477196
578,768,98,0.004318755,0.000891402,0.003427353
578,768,99,0.005303552,0.002000684,0.003302868
578,768,100,0.008043781,0.004778337,0.003265444
578,768,101,0.004543806,0.001252958,0.003290848
578,768,102,0.004444419,0.000979242,0.003465177
578,768,103,0.004113099,0.000758737,0.003354362
578,768,104,0.004947874,0.001678951,0.003268923
578,768,105,0.004761755,0.001450104,0.003311651
578,768,106,0.006713357,0.003466391,0.003246966
578,768,107,0.007086014,0.003846746,0.003239268
578,768,108,0.011020515,0.007744093,0.003276422
578,768,109,0.006482099,0.003219447,0.003262652
578,768,110,0.005048137,0.002013001,0.003035136
579,768,1,0.756418583,0.632337416,0.124081167
579,768,2,0.063537272,0.060475407,0.003061865
579,768,3,0.003679268,0.0005165,0.003162768
579,768,4,0.003496181,0.000384302,0.003111879
579,768,5,0.003527687,0.000360943,0.003166744
579,768,6,0.003559043,0.000397932,0.003161111
579,768,7,0.003713513,0.000561678,0.003151835
579,768,8,0.003958985,0.000790604,0.003168381
579,768,9,0.004083739,0.00079579,0.003287949
579,768,10,0.003984765,0.000771582,0.003213183
579,768,11,0.004153144,0.000914882,0.003238262
579,768,12,0.004094956,0.000855767,0.003239189
579,768,13,0.00397935,0.000684787,0.003294563
579,768,14,0.003892515,0.000500592,0.003391923
579,768,15,0.004031033,0.00052832,0.003502713
579,768,16,0.004067951,0.000495692,0.003572259
579,768,17,0.015026634,0.011390392,0.003636242
579,768,18,0.004991,0.001405873,0.003585127
579,768,19,0.004946474,0.001235524,0.00371095
579,768,20,0.004354818,0.000782617,0.003572201
579,768,21,0.004543353,0.000998252,0.003545101
579,768,22,0.004340787,0.000825067,0.00351572
579,768,23,0.004304734,0.000795318,0.003509416
579,768,24,0.004482341,0.001090221,0.00339212
579,768,25,0.004772535,0.00131225,0.003460285
579,768,26,0.004883032,0.001515314,0.003367718
579,768,27,0.004625381,0.001271222,0.003354159
579,768,28,0.004484174,0.001025251,0.003458923
579,768,29,0.004278628,0.000900753,0.003377875
579,768,30,0.004726304,0.001351562,0.003374742
579,768,31,0.004611303,0.00118457,0.003426733
579,768,32,0.004591092,0.001271997,0.003319095
579,768,33,0.004696894,0.001287556,0.003409338
579,768,34,0.004469887,0.001058943,0.003410944
579,768,35,0.004545398,0.001183546,0.003361852
579,768,36,0.004436322,0.001047693,0.003388629
579,768,37,0.004799419,0.001401812,0.003397607
579,768,38,0.006272448,0.002955185,0.003317263
579,768,39,0.005602331,0.002247955,0.003354376
579,768,40,0.005596384,0.002230857,0.003365527
579,768,41,0.005914402,0.002573309,0.003341093
579,768,42,0.005863423,0.00247267,0.003390753
579,768,43,0.005955372,0.002439798,0.003515574
579,768,44,0.005692397,0.002220258,0.003472139
579,768,45,0.005396175,0.001948187,0.003447988
579,768,46,0.005465523,0.001797874,0.003667649
579,768,47,0.005200869,0.001566302,0.003634567
579,768,48,0.005149609,0.001504505,0.003645104
579,768,49,0.005047325,0.001337112,0.003710213
579,768,50,0.004877365,0.001192432,0.003684933
579,768,51,0.004956688,0.001258239,0.003698449
579,768,52,0.004671629,0.000889536,0.003782093
579,768,53,0.00460432,0.000924728,0.003679592
579,768,54,0.005109587,0.001376191,0.003733396
579,768,55,0.004768435,0.001044219,0.003724216
579,768,56,0.004955723,0.001217217,0.003738506
579,768,57,0.004841049,0.000959186,0.003881863
579,768,58,0.004668823,0.000839087,0.003829736
579,768,59,0.004956871,0.001097251,0.00385962
579,768,60,0.004810316,0.001029692,0.003780624
579,768,61,0.004766787,0.000959783,0.003807004
579,768,62,0.004763221,0.000923584,0.003839637
579,768,63,0.00477042,0.000868467,0.003901953
579,768,64,0.004675148,0.000919405,0.003755743
579,768,65,0.004915287,0.001085516,0.003829771
579,768,66,0.004827844,0.001031503,0.003796341
579,768,67,0.004836171,0.001028001,0.00380817
579,768,68,0.004650234,0.000883614,0.00376662
579,768,69,0.004894962,0.001107201,0.003787761
579,768,70,0.004377356,0.000645523,0.003731833
579,768,71,0.004672926,0.00091007,0.003762856
579,768,72,0.004824902,0.001006503,0.003818399
579,768,73,0.004673436,0.00089252,0.003780916
579,768,74,0.004574291,0.000717224,0.003857067
579,768,75,0.004929673,0.000951373,0.0039783
579,768,76,0.004650934,0.000707115,0.003943819
579,768,77,0.004591661,0.0006087,0.003982961
579,768,78,0.004589654,0.000516408,0.004073246
579,768,79,0.004417604,0.0004413,0.003976304
579,768,80,0.004888617,0.000856417,0.0040322
579,768,81,0.00448161,0.000466764,0.004014846
579,768,82,0.004530753,0.00058902,0.003941733
579,768,83,0.004544737,0.000625506,0.003919231
579,768,84,0.004479942,0.000693524,0.003786418
579,768,85,0.00470615,0.000784948,0.003921202
579,768,86,0.004324919,0.000579404,0.003745515
579,768,87,0.004447759,0.000817646,0.003630113
579,768,88,0.004165141,0.00068286,0.003482281
579,768,89,0.004130189,0.000775638,0.003354551
579,768,90,0.005994199,0.002638119,0.00335608
579,768,91,0.005036426,0.001635423,0.003401003
579,768,92,0.004624215,0.001154775,0.00346944
579,768,93,0.004930074,0.001416544,0.00351353
579,768,94,0.004421176,0.000980623,0.003440553
579,768,95,0.006863818,0.003529645,0.003334173
579,768,96,0.004794271,0.001369546,0.003424725
579,768,97,0.004307656,0.000816683,0.003490973
579,768,98,0.005417475,0.002061154,0.003356321
579,768,99,0.008075376,0.004811961,0.003263415
579,768,100,0.004537349,0.001201547,0.003335802
579,768,101,0.004192583,0.000704766,0.003487817
579,768,102,0.004437279,0.00094917,0.003488109
579,768,103,0.004611411,0.001337551,0.00327386
579,768,104,0.005063419,0.001809437,0.003253982
579,768,105,0.006749917,0.003598374,0.003151543
579,768,106,0.007160094,0.003967501,0.003192593
579,768,107,0.010697161,0.00747318,0.003223981
579,768,108,0.004993323,0.001678279,0.003315044
579,768,109,0.004608908,0.001260244,0.003348664
579,768,110,0.00528687,0.002217902,0.003068968
580,768,1,0.753492069,0.630138546,0.123353523
580,768,2,0.003734669,0.000571348,0.003163321
580,768,3,0.039557594,0.036511611,0.003045983
580,768,4,0.003713304,0.000578016,0.003135288
580,768,5,0.003517716,0.000394241,0.003123475
580,768,6,0.003525395,0.000379788,0.003145607
580,768,7,0.003786267,0.000602677,0.00318359
580,768,8,0.004010396,0.000813868,0.003196528
580,768,9,0.004023263,0.000787339,0.003235924
580,768,10,0.004128286,0.000898333,0.003229953
580,768,11,0.00411303,0.000879395,0.003233635
580,768,12,0.004255803,0.000897766,0.003358037
580,768,13,0.003877984,0.000567352,0.003310632
580,768,14,0.003915816,0.000493916,0.0034219
580,768,15,0.003989195,0.000491345,0.00349785
580,768,16,0.015373754,0.011935342,0.003438412
580,768,17,0.00510986,0.001595619,0.003514241
580,768,18,0.004818349,0.001032141,0.003786208
580,768,19,0.004452412,0.000794979,0.003657433
580,768,20,0.004625201,0.001044294,0.003580907
580,768,21,0.004321513,0.000803697,0.003517816
580,768,22,0.004357667,0.000911461,0.003446206
580,768,23,0.003981402,0.000597341,0.003384061
580,768,24,0.00457246,0.001199549,0.003372911
580,768,25,0.004794198,0.001457731,0.003336467
580,768,26,0.004582967,0.001287587,0.00329538
580,768,27,0.004772807,0.001498964,0.003273843
580,768,28,0.004420401,0.001060134,0.003360267
580,768,29,0.004723582,0.001345731,0.003377851
580,768,30,0.004484402,0.001151587,0.003332815
580,768,31,0.004650219,0.001330561,0.003319658
580,768,32,0.004639948,0.001299096,0.003340852
580,768,33,0.004539501,0.001209879,0.003329622
580,768,34,0.004546296,0.001260499,0.003285797
580,768,35,0.004577221,0.001240624,0.003336597
580,768,36,0.004601293,0.001308987,0.003292306
580,768,37,0.006428271,0.003110768,0.003317503
580,768,38,0.005602199,0.002305093,0.003297106
580,768,39,0.005705563,0.002385703,0.00331986
580,768,40,0.005953312,0.002584336,0.003368976
580,768,41,0.005673205,0.002316173,0.003357032
580,768,42,0.006004743,0.002670087,0.003334656
580,768,43,0.005915311,0.002489733,0.003425578
580,768,44,0.00517353,0.001670973,0.003502557
580,768,45,0.005121839,0.001630712,0.003491127
580,768,46,0.005260972,0.001789901,0.003471071
580,768,47,0.005212106,0.001773065,0.003439041
580,768,48,0.00510938,0.001560202,0.003549178
580,768,49,0.00495148,0.001375793,0.003575687
580,768,50,0.004908969,0.00136747,0.003541499
580,768,51,0.004695328,0.000985752,0.003709576
580,768,52,0.004651131,0.001003643,0.003647488
580,768,53,0.005082507,0.001356991,0.003725516
580,768,54,0.004892019,0.001106101,0.003785918
580,768,55,0.004913356,0.000996348,0.003917008
580,768,56,0.004708379,0.000826761,0.003881618
580,768,57,0.004696374,0.000846862,0.003849512
580,768,58,0.004798359,0.00103946,0.003758899
580,768,59,0.004740424,0.001063613,0.003676811
580,768,60,0.004756964,0.001033056,0.003723908
580,768,61,0.004823211,0.00108496,0.003738251
580,768,62,0.004837086,0.001069404,0.003767682
580,768,63,0.004654946,0.000960203,0.003694743
580,768,64,0.005021563,0.001359851,0.003661712
580,768,65,0.004922007,0.00119858,0.003723427
580,768,66,0.00481269,0.00110271,0.00370998
580,768,67,0.00475173,0.00104661,0.00370512
580,768,68,0.004873892,0.001195051,0.003678841
580,768,69,0.00440117,0.000671636,0.003729534
580,768,70,0.004716063,0.001045193,0.00367087
580,768,71,0.004794846,0.001070376,0.00372447
580,768,72,0.004670453,0.00103301,0.003637443
580,768,73,0.00452782,0.000786638,0.003741182
580,768,74,0.004835387,0.001106695,0.003728692
580,768,75,0.004667563,0.000991513,0.00367605
580,768,76,0.004420333,0.00070746,0.003712873
580,768,77,0.004579721,0.000883512,0.003696209
580,768,78,0.004614133,0.000766623,0.00384751
580,768,79,0.004803959,0.000975735,0.003828224
580,768,80,0.004398949,0.000582243,0.003816706
580,768,81,0.004750825,0.000921402,0.003829423
580,768,82,0.004477304,0.000614181,0.003863123
580,768,83,0.004641872,0.000791421,0.003850451
580,768,84,0.0045874,0.000803798,0.003783602
580,768,85,0.00446445,0.000734244,0.003730206
580,768,86,0.004650125,0.000951735,0.00369839
580,768,87,0.004206377,0.000684882,0.003521495
580,768,88,0.004199714,0.000673043,0.003526671
580,768,89,0.005777387,0.002270058,0.003507329
580,768,90,0.00505723,0.001553021,0.003504209
580,768,91,0.004328485,0.000862494,0.003465991
580,768,92,0.004373293,0.000842873,0.00353042
580,768,93,0.005187453,0.001615325,0.003572128
580,768,94,0.006792712,0.003437646,0.003355066
580,768,95,0.004971533,0.001543601,0.003427932
580,768,96,0.004227652,0.000754042,0.00347361
580,768,97,0.004309825,0.000738816,0.003571009
580,768,98,0.008681188,0.005360901,0.003320287
580,768,99,0.004879164,0.001638505,0.003240659
580,768,100,0.004258279,0.000844218,0.003414061
580,768,101,0.004227491,0.000769993,0.003457498
580,768,102,0.005015527,0.001601463,0.003414064
580,768,103,0.004475934,0.001213688,0.003262246
580,768,104,0.007398867,0.004193137,0.00320573
580,768,105,0.007172165,0.003954549,0.003217616
580,768,106,0.010618593,0.007357565,0.003261028
580,768,107,0.004405447,0.001168947,0.0032365
580,768,108,0.004788835,0.001492497,0.003296338
580,768,109,0.004553934,0.001207679,0.003346255
580,768,110,0.008896989,0.005867373,0.003029616
581,768,1,0.767159364,0.643311785,0.123847579
581,768,2,0.003576277,0.000447725,0.003128552
581,768,3,0.003502717,0.000392879,0.003109838
581,768,4,0.038986143,0.035930981,0.003055162
581,768,5,0.003859389,0.000743361,0.003116028
581,768,6,0.003542026,0.000386671,0.003155355
581,768,7,0.003570898,0.000438495,0.003132403
581,768,8,0.003906385,0.000757604,0.003148781
581,768,9,0.004047192,0.000863861,0.003183331
581,768,10,0.004133547,0.000931975,0.003201572
581,768,11,0.004144105,0.000884217,0.003259888
581,768,12,0.004154066,0.000866207,0.003287859
581,768,13,0.004071439,0.000747783,0.003323656
581,768,14,0.003994851,0.000576272,0.003418579
581,768,15,0.016034334,0.012606174,0.00342816
581,768,16,0.004991713,0.001433746,0.003557967
581,768,17,0.004536786,0.000989013,0.003547773
581,768,18,0.004615432,0.000895157,0.003720275
581,768,19,0.004674868,0.000957005,0.003717863
581,768,20,0.004433429,0.000811896,0.003621533
581,768,21,0.004451566,0.000948278,0.003503288
581,768,22,0.004016501,0.000551304,0.003465197
581,768,23,0.00412515,0.000717919,0.003407231
581,768,24,0.004518112,0.00121785,0.003300262
581,768,25,0.004578168,0.001193857,0.003384311
581,768,26,0.004846995,0.001478384,0.003368611
581,768,27,0.004487902,0.00115173,0.003336172
581,768,28,0.004823529,0.001442813,0.003380716
581,768,29,0.004425318,0.001028412,0.003396906
581,768,30,0.004593683,0.001192136,0.003401547
581,768,31,0.004396866,0.001038425,0.003358441
581,768,32,0.004505871,0.001158877,0.003346994
581,768,33,0.004497337,0.001134961,0.003362376
581,768,34,0.004684709,0.00134168,0.003343029
581,768,35,0.004481716,0.001083183,0.003398533
581,768,36,0.006931055,0.003536468,0.003394587
581,768,37,0.005682431,0.00238166,0.003300771
581,768,38,0.005654599,0.00238373,0.003270869
581,768,39,0.005701896,0.002400497,0.003301399
581,768,40,0.005895576,0.002608059,0.003287517
581,768,41,0.006154327,0.00286347,0.003290857
581,768,42,0.005841442,0.00242996,0.003411482
581,768,43,0.005130289,0.001673936,0.003456353
581,768,44,0.005171802,0.001702168,0.003469634
581,768,45,0.005182024,0.001768887,0.003413137
581,768,46,0.005256369,0.001858888,0.003397481
581,768,47,0.004925979,0.001440954,0.003485025
581,768,48,0.005041867,0.001440131,0.003601736
581,768,49,0.005065351,0.001234308,0.003831043
581,768,50,0.004546176,0.000851122,0.003695054
581,768,51,0.004707454,0.000996311,0.003711143
581,768,52,0.00491518,0.001220528,0.003694652
581,768,53,0.004814565,0.001096584,0.003717981
581,768,54,0.004911413,0.001079844,0.003831569
581,768,55,0.004757869,0.000884719,0.00387315
581,768,56,0.004797988,0.000933085,0.003864903
581,768,57,0.004852726,0.000980997,0.003871729
581,768,58,0.004865314,0.001023051,0.003842263
581,768,59,0.004649552,0.000834539,0.003815013
581,768,60,0.004859988,0.001041646,0.003818342
581,768,61,0.004815951,0.001010897,0.003805054
581,768,62,0.004709699,0.00096012,0.003749579
581,768,63,0.004939773,0.001281139,0.003658634
581,768,64,0.004929729,0.001287248,0.003642481
581,768,65,0.004812052,0.001134267,0.003677785
581,768,66,0.00476698,0.000999489,0.003767491
581,768,67,0.004925147,0.001179533,0.003745614
581,768,68,0.004370657,0.000699853,0.003670804
581,768,69,0.004751352,0.000981371,0.003769981
581,768,70,0.004717925,0.001034768,0.003683157
581,768,71,0.004817827,0.00108811,0.003729717
581,768,72,0.004428934,0.000713776,0.003715158
581,768,73,0.004819318,0.001068357,0.003750961
581,768,74,0.004694272,0.000914677,0.003779595
581,768,75,0.004432972,0.000696466,0.003736506
581,768,76,0.004579042,0.000782883,0.003796159
581,768,77,0.00445489,0.000709917,0.003744973
581,768,78,0.004764935,0.000885371,0.003879564
581,768,79,0.004472245,0.000664498,0.003807747
581,768,80,0.004712666,0.000776086,0.00393658
581,768,81,0.004465086,0.000633185,0.003831901
581,768,82,0.004605624,0.000712613,0.003893011
581,768,83,0.004688373,0.000791178,0.003897195
581,768,84,0.004487929,0.000641094,0.003846835
581,768,85,0.004735037,0.000902412,0.003832625
581,768,86,0.004361961,0.00063348,0.003728481
581,768,87,0.004226953,0.000595619,0.003631334
581,768,88,0.005204409,0.001669278,0.003535131
581,768,89,0.004747151,0.001263321,0.00348383
581,768,90,0.004799177,0.001286019,0.003513158
581,768,91,0.004230363,0.000728085,0.003502278
581,768,92,0.004956153,0.001399143,0.00355701
581,768,93,0.007104826,0.003737862,0.003366964
581,768,94,0.004903025,0.001519053,0.003383972
581,768,95,0.004480503,0.001001773,0.00347873
581,768,96,0.004335843,0.000807432,0.003528411
581,768,97,0.007081937,0.003721103,0.003360834
581,768,98,0.004844073,0.001503328,0.003340745
581,768,99,0.004709466,0.001340998,0.003368468
581,768,100,0.004814341,0.001463666,0.003350675
581,768,101,0.005541572,0.002113509,0.003428063
581,768,102,0.004775942,0.001401148,0.003374794
581,768,103,0.006968443,0.003769153,0.00319929
581,768,104,0.007534495,0.004393391,0.003141104
581,768,105,0.010396598,0.007126404,0.003270194
581,768,106,0.004665695,0.001432333,0.003233362
581,768,107,0.004365872,0.00099137,0.003374502
581,768,108,0.004467146,0.001194948,0.003272198
581,768,109,0.004599446,0.001221541,0.003377905
581,768,110,0.004426591,0.001350802,0.003075789
582,768,1,0.753975066,0.630583392,0.123391674
582,768,2,0.021797293,0.018766873,0.00303042
582,768,3,0.004742182,0.001698575,0.003043607
582,768,4,0.003760003,0.000646142,0.003113861
582,768,5,0.037523883,0.034480853,0.00304303
582,768,6,0.004012808,0.00083343,0.003179378
582,768,7,0.003517788,0.000376364,0.003141424
582,768,8,0.003854316,0.000677878,0.003176438
582,768,9,0.004045049,0.000837296,0.003207753
582,768,10,0.004054857,0.00077613,0.003278727
582,768,11,0.004064608,0.000835476,0.003229132
582,768,12,0.004160472,0.000919132,0.00324134
582,768,13,0.004065495,0.000810471,0.003255024
582,768,14,0.016908686,0.013459111,0.003449575
582,768,15,0.004852693,0.001361985,0.003490708
582,768,16,0.00458711,0.001002996,0.003584114
582,768,17,0.00441646,0.000809416,0.003607044
582,768,18,0.004722656,0.001082936,0.00363972
582,768,19,0.004524515,0.00087902,0.003645495
582,768,20,0.004527049,0.000899912,0.003627137
582,768,21,0.004057986,0.000534915,0.003523071
582,768,22,0.004106169,0.000633684,0.003472485
582,768,23,0.00422157,0.00091975,0.00330182
582,768,24,0.004404096,0.001116746,0.00328735
582,768,25,0.004796663,0.001462831,0.003333832
582,768,26,0.004621849,0.001313192,0.003308657
582,768,27,0.004881407,0.001497637,0.00338377
582,768,28,0.004356299,0.001004862,0.003351437
582,768,29,0.004606095,0.001173374,0.003432721
582,768,30,0.004335523,0.000983405,0.003352118
582,768,31,0.004620046,0.001239153,0.003380893
582,768,32,0.004445267,0.001070595,0.003374672
582,768,33,0.004642319,0.001284138,0.003358181
582,768,34,0.004523286,0.001130745,0.003392541
582,768,35,0.006827294,0.003536294,0.003291
582,768,36,0.00596976,0.002643685,0.003326075
582,768,37,0.005712039,0.002389907,0.003322132
582,768,38,0.00564851,0.002307776,0.003340734
582,768,39,0.006014744,0.00271913,0.003295614
582,768,40,0.006261536,0.002931905,0.003329631
582,768,41,0.005571164,0.002177,0.003394164
582,768,42,0.00519834,0.001757482,0.003440858
582,768,43,0.005101302,0.001657161,0.003444141
582,768,44,0.005275645,0.001888241,0.003387404
582,768,45,0.00512391,0.001687898,0.003436012
582,768,46,0.004886461,0.001450225,0.003436236
582,768,47,0.005030433,0.001478151,0.003552282
582,768,48,0.004903234,0.001172022,0.003731212
582,768,49,0.004703076,0.000904081,0.003798995
582,768,50,0.004789547,0.001000507,0.00378904
582,768,51,0.00478781,0.00100065,0.00378716
582,768,52,0.004750374,0.001010448,0.003739926
582,768,53,0.004866921,0.001083395,0.003783526
582,768,54,0.004793471,0.001033219,0.003760252
582,768,55,0.004867371,0.00112921,0.003738161
582,768,56,0.004721066,0.000981303,0.003739763
582,768,57,0.004759849,0.001105493,0.003654356
582,768,58,0.004769215,0.001094275,0.00367494
582,768,59,0.004857233,0.001149907,0.003707326
582,768,60,0.004817415,0.001105512,0.003711903
582,768,61,0.004823647,0.00111702,0.003706627
582,768,62,0.004969338,0.001283969,0.003685369
582,768,63,0.004949086,0.001251409,0.003697677
582,768,64,0.004774726,0.001104226,0.0036705
582,768,65,0.00483522,0.001110262,0.003724958
582,768,66,0.00495697,0.001178486,0.003778484
582,768,67,0.004385991,0.000731647,0.003654344
582,768,68,0.004686589,0.000922865,0.003763724
582,768,69,0.004778999,0.001016609,0.00376239
582,768,70,0.004788341,0.00098915,0.003799191
582,768,71,0.004456745,0.000741507,0.003715238
582,768,72,0.004732596,0.00094798,0.003784616
582,768,73,0.004713986,0.000896023,0.003817963
582,768,74,0.004457425,0.000729135,0.00372829
582,768,75,0.004498453,0.000709365,0.003789088
582,768,76,0.004516617,0.000809474,0.003707143
582,768,77,0.004651693,0.000891711,0.003759982
582,768,78,0.004538763,0.000773239,0.003765524
582,768,79,0.004525457,0.000712192,0.003813265
582,768,80,0.004529265,0.000724967,0.003804298
582,768,81,0.004580577,0.000742598,0.003837979
582,768,82,0.004689028,0.00085942,0.003829608
582,768,83,0.004447288,0.000699115,0.003748173
582,768,84,0.004891567,0.001104321,0.003787246
582,768,85,0.004463219,0.000701537,0.003761682
582,768,86,0.004350073,0.000727694,0.003622379
582,768,87,0.004953885,0.001449832,0.003504053
582,768,88,0.004819296,0.001301829,0.003517467
582,768,89,0.004202036,0.000706361,0.003495675
582,768,90,0.004783769,0.001293251,0.003490518
582,768,91,0.004690062,0.001217874,0.003472188
582,768,92,0.007280691,0.003824673,0.003456018
582,768,93,0.005006084,0.001505813,0.003500271
582,768,94,0.004218204,0.000860956,0.003357248
582,768,95,0.004515002,0.001012736,0.003502266
582,768,96,0.006939678,0.003520721,0.003418957
582,768,97,0.005191477,0.001826868,0.003364609
582,768,98,0.004721331,0.001289317,0.003432014
582,768,99,0.004289513,0.000932215,0.003357298
582,768,100,0.006116798,0.002810007,0.003306791
582,768,101,0.004574391,0.001057685,0.003516706
582,768,102,0.006604858,0.003421709,0.003183149
582,768,103,0.008213339,0.004992423,0.003220916
582,768,104,0.00504297,0.001870136,0.003172834
582,768,105,0.004178397,0.000767936,0.003410461
582,768,106,0.008658084,0.005389287,0.003268797
582,768,107,0.00458227,0.001350892,0.003231378
582,768,108,0.004735865,0.00131917,0.003416695
582,768,109,0.004495525,0.001130664,0.003364861
582,768,110,0.004502013,0.001407289,0.003094724
583,768,1,0.757902897,0.634829702,0.123073195
583,768,2,0.011789657,0.008738544,0.003051113
583,768,3,0.003665438,0.000519078,0.00314636
583,768,4,0.019013107,0.015928727,0.00308438
583,768,5,0.003841817,0.000675218,0.003166599
583,768,6,0.02113214,0.018044476,0.003087664
583,768,7,0.004028894,0.00093318,0.003095714
583,768,8,0.003560847,0.000391176,0.003169671
583,768,9,0.004203778,0.000981733,0.003222045
583,768,10,0.004145163,0.000886148,0.003259015
583,768,11,0.004011321,0.000781329,0.003229992
583,768,12,0.004152149,0.000938751,0.003213398
583,768,13,0.017794144,0.014282503,0.003511641
583,768,14,0.004803738,0.001299601,0.003504137
583,768,15,0.004489162,0.000906536,0.003582626
583,768,16,0.004375929,0.000734429,0.0036415
583,768,17,0.004701749,0.001127909,0.00357384
583,768,18,0.004501249,0.000870242,0.003631007
583,768,19,0.004574941,0.000864999,0.003709942
583,768,20,0.004155217,0.000589092,0.003566125
583,768,21,0.004153141,0.000626126,0.003527015
583,768,22,0.0040123,0.000575682,0.003436618
583,768,23,0.004314851,0.000969812,0.003345039
583,768,24,0.004589155,0.001328521,0.003260634
583,768,25,0.004634748,0.001333759,0.003300989
583,768,26,0.005002476,0.00165747,0.003345006
583,768,27,0.004610491,0.001183579,0.003426912
583,768,28,0.004364157,0.000981755,0.003382402
583,768,29,0.004430368,0.001063969,0.003366399
583,768,30,0.004557634,0.001136387,0.003421247
583,768,31,0.004439985,0.001120129,0.003319856
583,768,32,0.00457729,0.001260117,0.003317173
583,768,33,0.004560938,0.001292734,0.003268204
583,768,34,0.006925769,0.003657232,0.003268537
583,768,35,0.005963675,0.002651045,0.00331263
583,768,36,0.005779932,0.002445354,0.003334578
583,768,37,0.005644153,0.002344572,0.003299581
583,768,38,0.006150557,0.002802663,0.003347894
583,768,39,0.006206524,0.00287777,0.003328754
583,768,40,0.005548047,0.002196289,0.003351758
583,768,41,0.005287529,0.001959433,0.003328096
583,768,42,0.005066139,0.001654544,0.003411595
583,768,43,0.005389573,0.001874196,0.003515377
583,768,44,0.005036531,0.001573882,0.003462649
583,768,45,0.004887424,0.001334334,0.00355309
583,768,46,0.004807053,0.001236587,0.003570466
583,768,47,0.004786182,0.001068997,0.003717185
583,768,48,0.004757507,0.000949028,0.003808479
583,768,49,0.00481079,0.00094461,0.00386618
583,768,50,0.0047408,0.001013129,0.003727671
583,768,51,0.004775815,0.001064266,0.003711549
583,768,52,0.004822304,0.001236286,0.003586018
583,768,53,0.004777643,0.001093521,0.003684122
583,768,54,0.005042904,0.001216246,0.003826658
583,768,55,0.004701145,0.000995987,0.003705158
583,768,56,0.004785872,0.001023648,0.003762224
583,768,57,0.004872312,0.001145935,0.003726377
583,768,58,0.004714928,0.00100641,0.003708518
583,768,59,0.004846855,0.001101459,0.003745396
583,768,60,0.004785549,0.001062072,0.003723477
583,768,61,0.004993755,0.001326143,0.003667612
583,768,62,0.004998671,0.001275275,0.003723396
583,768,63,0.004791293,0.00110398,0.003687313
583,768,64,0.004713018,0.000955724,0.003757294
583,768,65,0.005000676,0.001117792,0.003882884
583,768,66,0.004538813,0.000717101,0.003821712
583,768,67,0.004631451,0.000857104,0.003774347
583,768,68,0.004697948,0.000864835,0.003833113
583,768,69,0.004795573,0.001003601,0.003791972
583,768,70,0.004511011,0.000743462,0.003767549
583,768,71,0.004669894,0.000906168,0.003763726
583,768,72,0.004700068,0.000845969,0.003854099
583,768,73,0.004557583,0.000670207,0.003887376
583,768,74,0.004420316,0.000603736,0.00381658
583,768,75,0.004550161,0.000746634,0.003803527
583,768,76,0.004627269,0.000706622,0.003920647
583,768,77,0.004454835,0.000677143,0.003777692
583,768,78,0.004536633,0.000731664,0.003804969
583,768,79,0.004564757,0.000760985,0.003803772
583,768,80,0.004586442,0.000768724,0.003817718
583,768,81,0.004680016,0.000807926,0.00387209
583,768,82,0.004499619,0.000767825,0.003731794
583,768,83,0.00486197,0.001086116,0.003775854
583,768,84,0.004528336,0.000727643,0.003800693
583,768,85,0.00445912,0.00067597,0.00378315
583,768,86,0.004475759,0.000888448,0.003587311
583,768,87,0.005006807,0.00155669,0.003450117
583,768,88,0.00446203,0.00105211,0.00340992
583,768,89,0.004306004,0.000817764,0.00348824
583,768,90,0.004690866,0.001265145,0.003425721
583,768,91,0.007275673,0.00385448,0.003421193
583,768,92,0.005377273,0.001690198,0.003687075
583,768,93,0.004185538,0.000696414,0.003489124
583,768,94,0.004288612,0.000918627,0.003369985
583,768,95,0.007070534,0.003698508,0.003372026
583,768,96,0.005464334,0.00197701,0.003487324
583,768,97,0.004614676,0.001189377,0.003425299
583,768,98,0.00447106,0.001066193,0.003404867
583,768,99,0.006010018,0.002747538,0.00326248
583,768,100,0.004664053,0.001243473,0.00342058
583,768,101,0.006702618,0.003365958,0.00333666
583,768,102,0.007796883,0.004524647,0.003272236
583,768,103,0.004427811,0.001160568,0.003267243
583,768,104,0.004094033,0.000809014,0.003285019
583,768,105,0.004547334,0.001170607,0.003376727
583,768,106,0.004741565,0.001384179,0.003357386
583,768,107,0.007780899,0.004591913,0.003188986
583,768,108,0.005192749,0.001841172,0.003351577
583,768,109,0.00464819,0.001320012,0.003328178
583,768,110,0.004581259,0.001382893,0.003198366
584,768,1,0.749777289,0.626863211,0.122914078
584,768,2,0.003626988,0.00045545,0.003171538
584,768,3,0.019065496,0.016001739,0.003063757
584,768,4,0.003784792,0.000678095,0.003106697
584,768,5,0.003494007,0.000362828,0.003131179
584,768,6,0.003478404,0.000361281,0.003117123
584,768,7,0.020691677,0.017564025,0.003127652
584,768,8,0.003969908,0.000872236,0.003097672
584,768,9,0.003696698,0.000494663,0.003202035
584,768,10,0.004236456,0.000977466,0.00325899
584,768,11,0.004071239,0.000869086,0.003202153
584,768,12,0.018992536,0.015542698,0.003449838
584,768,13,0.004851277,0.001282346,0.003568931
584,768,14,0.00437884,0.00075712,0.00362172
584,768,15,0.004379375,0.000874116,0.003505259
584,768,16,0.004732271,0.001227102,0.003505169
584,768,17,0.004442573,0.000827329,0.003615244
584,768,18,0.004424353,0.000716437,0.003707916
584,768,19,0.00434914,0.000739032,0.003610108
584,768,20,0.004194377,0.000655878,0.003538499
584,768,21,0.004088589,0.000541822,0.003546767
584,768,22,0.004261438,0.000816358,0.00344508
584,768,23,0.004537288,0.001146062,0.003391226
584,768,24,0.004535179,0.001239714,0.003295465
584,768,25,0.004728785,0.001477398,0.003251387
584,768,26,0.004815881,0.001408765,0.003407116
584,768,27,0.004356024,0.000910513,0.003445511
584,768,28,0.004170986,0.000806052,0.003364934
584,768,29,0.004287014,0.000859574,0.00342744
584,768,30,0.004320887,0.000870541,0.003450346
584,768,31,0.004049997,0.000685029,0.003364968
584,768,32,0.004164389,0.000824688,0.003339701
584,768,33,0.008488556,0.005162169,0.003326387
584,768,34,0.005707388,0.002451477,0.003255911
584,768,35,0.005941801,0.002570769,0.003371032
584,768,36,0.00566826,0.002401721,0.003266539
584,768,37,0.006143291,0.002873373,0.003269918
584,768,38,0.006327761,0.002978303,0.003349458
584,768,39,0.005474986,0.002158756,0.00331623
584,768,40,0.005375379,0.002039816,0.003335563
584,768,41,0.00520004,0.001780594,0.003419446
584,768,42,0.005413627,0.001775632,0.003637995
584,768,43,0.004880671,0.001222651,0.00365802
584,768,44,0.004776388,0.001151483,0.003624905
584,768,45,0.004763317,0.001064162,0.003699155
584,768,46,0.004602016,0.00092834,0.003673676
584,768,47,0.004882649,0.001048505,0.003834144
584,768,48,0.004689547,0.001052332,0.003637215
584,768,49,0.004850806,0.00119053,0.003660276
584,768,50,0.004807094,0.00113144,0.003675654
584,768,51,0.004917268,0.001152182,0.003765086
584,768,52,0.004712365,0.001012316,0.003700049
584,768,53,0.004895958,0.001142211,0.003753747
584,768,54,0.004803835,0.001054258,0.003749577
584,768,55,0.004739034,0.001011517,0.003727517
584,768,56,0.004916864,0.001134003,0.003782861
584,768,57,0.004780077,0.000961796,0.003818281
584,768,58,0.004807322,0.001086746,0.003720576
584,768,59,0.004752403,0.001052303,0.0037001
584,768,60,0.005010828,0.001328043,0.003682785
584,768,61,0.005047901,0.001124896,0.003923005
584,768,62,0.004820141,0.000920023,0.003900118
584,768,63,0.004655356,0.000757001,0.003898355
584,768,64,0.004889715,0.000992922,0.003896793
584,768,65,0.004530558,0.000694235,0.003836323
584,768,66,0.004721888,0.000941446,0.003780442
584,768,67,0.004660714,0.000841144,0.00381957
584,768,68,0.004745432,0.000943359,0.003802073
584,768,69,0.004611711,0.000837015,0.003774696
584,768,70,0.004764744,0.000922237,0.003842507
584,768,71,0.004535174,0.000671653,0.003863521
584,768,72,0.00455878,0.000718223,0.003840557
584,768,73,0.004540201,0.000600693,0.003939508
584,768,74,0.004519941,0.000673511,0.00384643
584,768,75,0.004480824,0.000564507,0.003916317
584,768,76,0.004386833,0.00062354,0.003763293
584,768,77,0.004554862,0.000695404,0.003859458
584,768,78,0.004599903,0.000793746,0.003806157
584,768,79,0.004589677,0.000803485,0.003786192
584,768,80,0.004726219,0.000840096,0.003886123
584,768,81,0.004580063,0.000780671,0.003799392
584,768,82,0.004826757,0.000959166,0.003867591
584,768,83,0.004521771,0.000746103,0.003775668
584,768,84,0.004464523,0.000705085,0.003759438
584,768,85,0.004627385,0.000854263,0.003773122
584,768,86,0.00426669,0.000739056,0.003527634
584,768,87,0.00462967,0.001079492,0.003550178
584,768,88,0.004000732,0.000518088,0.003482644
584,768,89,0.004402302,0.000861511,0.003540791
584,768,90,0.007990132,0.004615523,0.003374609
584,768,91,0.005605444,0.002055302,0.003550142
584,768,92,0.00433783,0.000662557,0.003675273
584,768,93,0.004399973,0.000734306,0.003665667
584,768,94,0.007119505,0.003684103,0.003435402
584,768,95,0.005496721,0.002005875,0.003490846
584,768,96,0.004667199,0.001092782,0.003574417
584,768,97,0.00431197,0.000851336,0.003460634
584,768,98,0.006070773,0.002813958,0.003256815
584,768,99,0.004559757,0.001244498,0.003315259
584,768,100,0.006421758,0.003010958,0.0034108
584,768,101,0.007850384,0.004622525,0.003227859
584,768,102,0.004412305,0.001164012,0.003248293
584,768,103,0.004165393,0.00087485,0.003290543
584,768,104,0.004145125,0.000899711,0.003245414
584,768,105,0.005481711,0.002245144,0.003236567
584,768,106,0.00465247,0.001341853,0.003310617
584,768,107,0.004390738,0.001038177,0.003352561
584,768,108,0.006503183,0.003242079,0.003261104
584,768,109,0.005086874,0.001815985,0.003270889
584,768,110,0.004665905,0.001486789,0.003179116
585,768,1,0.752300742,0.628633806,0.123666936
585,768,2,0.040619291,0.037548109,0.003071182
585,768,3,0.003642336,0.000510524,0.003131812
585,768,4,0.003561922,0.000388836,0.003173086
585,768,5,0.003504941,0.000386015,0.003118926
585,768,6,0.0035217,0.000363908,0.003157792
585,768,7,0.003472224,0.000362846,0.003109378
585,768,8,0.020138116,0.017064926,0.00307319
585,768,9,0.004055144,0.000890533,0.003164611
585,768,10,0.00374401,0.000482665,0.003261345
585,768,11,0.02020934,0.016872344,0.003336996
585,768,12,0.004807699,0.001323962,0.003483737
585,768,13,0.004339266,0.000893396,0.00344587
585,768,14,0.004532501,0.001004833,0.003527668
585,768,15,0.004733325,0.001216302,0.003517023
585,768,16,0.004295266,0.000708134,0.003587132
585,768,17,0.004349075,0.000729673,0.003619402
585,768,18,0.004478748,0.000792201,0.003686547
585,768,19,0.004237728,0.000607386,0.003630342
585,768,20,0.00411857,0.000569371,0.003549199
585,768,21,0.004063156,0.000576644,0.003486512
585,768,22,0.004215045,0.000752118,0.003462927
585,768,23,0.004574863,0.001213277,0.003361586
585,768,24,0.004752531,0.001371349,0.003381182
585,768,25,0.004430741,0.001141209,0.003289532
585,768,26,0.004744961,0.001335676,0.003409285
585,768,27,0.004133734,0.000719245,0.003414489
585,768,28,0.004217405,0.000890412,0.003326993
585,768,29,0.004460132,0.00102317,0.003436962
585,768,30,0.004074234,0.000686831,0.003387403
585,768,31,0.004085403,0.000699982,0.003385421
585,768,32,0.008877089,0.005591054,0.003286035
585,768,33,0.005794446,0.002473909,0.003320537
585,768,34,0.005549076,0.002227707,0.003321369
585,768,35,0.005888719,0.002532743,0.003355976
585,768,36,0.005973544,0.002679289,0.003294255
585,768,37,0.006023511,0.002675756,0.003347755
585,768,38,0.005546593,0.002229316,0.003317277
585,768,39,0.005480652,0.002079383,0.003401269
585,768,40,0.005227199,0.001765333,0.003461866
585,768,41,0.004998157,0.001529363,0.003468794
585,768,42,0.004839487,0.001320154,0.003519333
585,768,43,0.004828132,0.00126408,0.003564052
585,768,44,0.00448191,0.000912757,0.003569153
585,768,45,0.004774377,0.001194178,0.003580199
585,768,46,0.004910915,0.001353725,0.00355719
585,768,47,0.004956782,0.001383338,0.003573444
585,768,48,0.004907298,0.001323036,0.003584262
585,768,49,0.004627984,0.000971361,0.003656623
585,768,50,0.004656129,0.000973752,0.003682377
585,768,51,0.005071406,0.001425694,0.003645712
585,768,52,0.004718082,0.001055839,0.003662243
585,768,53,0.00505927,0.001326144,0.003733126
585,768,54,0.004672081,0.000883927,0.003788154
585,768,55,0.004552192,0.000836662,0.00371553
585,768,56,0.004986832,0.001220472,0.00376636
585,768,57,0.004650554,0.000869286,0.003781268
585,768,58,0.004736583,0.00098925,0.003747333
585,768,59,0.004663736,0.000912314,0.003751422
585,768,60,0.004893472,0.001095537,0.003797935
585,768,61,0.0048026,0.00092836,0.00387424
585,768,62,0.004545446,0.000752284,0.003793162
585,768,63,0.004681253,0.000866704,0.003814549
585,768,64,0.004766265,0.001022552,0.003743713
585,768,65,0.004727814,0.00082826,0.003899554
585,768,66,0.004456887,0.000741263,0.003715624
585,768,67,0.004841126,0.001033399,0.003807727
585,768,68,0.00467873,0.000960968,0.003717762
585,768,69,0.004734812,0.000876666,0.003858146
585,768,70,0.004593066,0.000886459,0.003706607
585,768,71,0.004710117,0.00089181,0.003818307
585,768,72,0.004544367,0.000747353,0.003797014
585,768,73,0.004558428,0.000723889,0.003834539
585,768,74,0.004723308,0.000903765,0.003819543
585,768,75,0.004528406,0.000672783,0.003855623
585,768,76,0.004751454,0.000939615,0.003811839
585,768,77,0.004667579,0.000871401,0.003796178
585,768,78,0.004672259,0.000827925,0.003844334
585,768,79,0.004671137,0.00082249,0.003848647
585,768,80,0.004745354,0.000905036,0.003840318
585,768,81,0.004866154,0.000916961,0.003949193
585,768,82,0.004624956,0.000733551,0.003891405
585,768,83,0.004482818,0.000724108,0.00375871
585,768,84,0.004450825,0.000670297,0.003780528
585,768,85,0.004406185,0.000747256,0.003658929
585,768,86,0.004288616,0.000736889,0.003551727
585,768,87,0.004173154,0.000668438,0.003504716
585,768,88,0.004123185,0.000619691,0.003503494
585,768,89,0.00785315,0.00445315,0.0034
585,768,90,0.005671022,0.002249227,0.003421795
585,768,91,0.004577231,0.001047961,0.00352927
585,768,92,0.004130601,0.000586775,0.003543826
585,768,93,0.006841382,0.003459983,0.003381399
585,768,94,0.005508182,0.002104164,0.003404018
585,768,95,0.005164124,0.001657896,0.003506228
585,768,96,0.004348173,0.000725145,0.003623028
585,768,97,0.006300771,0.002874254,0.003426517
585,768,98,0.004592472,0.001301184,0.003291288
585,768,99,0.004210514,0.000878454,0.00333206
585,768,100,0.004330172,0.000904078,0.003426094
585,768,101,0.005493268,0.002147011,0.003346257
585,768,102,0.008012751,0.004764802,0.003247949
585,768,103,0.004475411,0.001161923,0.003313488
585,768,104,0.005822499,0.002676233,0.003146266
585,768,105,0.004663845,0.001443024,0.003220821
585,768,106,0.004225233,0.000884538,0.003340695
585,768,107,0.004182966,0.000851086,0.00333188
585,768,108,0.00416511,0.000802777,0.003362333
585,768,109,0.006314697,0.003031357,0.00328334
585,768,110,0.004909413,0.001726387,0.003183026
586,768,1,0.759844246,0.635914144,0.123930102
586,768,2,0.003581713,0.00043859,0.003143123
586,768,3,0.003522915,0.000394014,0.003128901
586,768,4,0.003517246,0.00036894,0.003148306
586,768,5,0.003513198,0.00036371,0.003149488
586,768,6,0.003499664,0.000366661,0.003133003
586,768,7,0.003465863,0.000352995,0.003112868
586,768,8,0.003472537,0.000337786,0.003134751
586,768,9,0.019709719,0.016622315,0.003087404
586,768,10,0.021216177,0.017973509,0.003242668
586,768,11,0.004640134,0.001268677,0.003371457
586,768,12,0.004430866,0.000929089,0.003501777
586,768,13,0.004514209,0.001094326,0.003419883
586,768,14,0.004694093,0.001195652,0.003498441
586,768,15,0.004256759,0.000756458,0.003500301
586,768,16,0.004331518,0.00080493,0.003526588
586,768,17,0.004384415,0.000661022,0.003723393
586,768,18,0.004255702,0.000611321,0.003644381
586,768,19,0.004207163,0.000615754,0.003591409
586,768,20,0.004130164,0.00065182,0.003478344
586,768,21,0.004236389,0.000654142,0.003582247
586,768,22,0.0041412,0.000671828,0.003469372
586,768,23,0.004597307,0.001189072,0.003408235
586,768,24,0.004522292,0.00118934,0.003332952
586,768,25,0.004767731,0.001317035,0.003450696
586,768,26,0.004429178,0.001020673,0.003408505
586,768,27,0.004406975,0.000935276,0.003471699
586,768,28,0.004158963,0.000780901,0.003378062
586,768,29,0.004209767,0.000794704,0.003415063
586,768,30,0.004072627,0.000679423,0.003393204
586,768,31,0.009145119,0.005870101,0.003275018
586,768,32,0.005522414,0.002233121,0.003289293
586,768,33,0.005691021,0.002398419,0.003292602
586,768,34,0.005837106,0.002533747,0.003303359
586,768,35,0.005993922,0.00259865,0.003395272
586,768,36,0.00571139,0.002417405,0.003293985
586,768,37,0.005580258,0.002257707,0.003322551
586,768,38,0.005281224,0.001991791,0.003289433
586,768,39,0.00523739,0.00190962,0.00332777
586,768,40,0.00501264,0.001592788,0.003419852
586,768,41,0.004976244,0.001435079,0.003541165
586,768,42,0.004612454,0.001070689,0.003541765
586,768,43,0.004601121,0.001072902,0.003528219
586,768,44,0.004766485,0.001243841,0.003522644
586,768,45,0.004902568,0.001440758,0.00346181
586,768,46,0.004886485,0.001448953,0.003437532
586,768,47,0.005100957,0.001456452,0.003644505
586,768,48,0.004549383,0.000925452,0.003623931
586,768,49,0.004660621,0.001041052,0.003619569
586,768,50,0.005172894,0.0015137,0.003659194
586,768,51,0.004779152,0.001106987,0.003672165
586,768,52,0.004852871,0.001199951,0.00365292
586,768,53,0.004662931,0.0009174,0.003745531
586,768,54,0.004722861,0.000994226,0.003728635
586,768,55,0.005079872,0.001230268,0.003849604
586,768,56,0.004593953,0.000696133,0.00389782
586,768,57,0.004529532,0.000678544,0.003850988
586,768,58,0.004944525,0.001035537,0.003908988
586,768,59,0.004686344,0.000774595,0.003911749
586,768,60,0.004770966,0.000893028,0.003877938
586,768,61,0.00482332,0.000800304,0.004023016
586,768,62,0.00450508,0.000671477,0.003833603
586,768,63,0.004698648,0.000790274,0.003908374
586,768,64,0.004579754,0.000669043,0.003910711
586,768,65,0.00463827,0.000836121,0.003802149
586,768,66,0.004844642,0.000980299,0.003864343
586,768,67,0.004764881,0.000884853,0.003880028
586,768,68,0.004408339,0.000556192,0.003852147
586,768,69,0.004777088,0.000979175,0.003797913
586,768,70,0.004761954,0.000883309,0.003878645
586,768,71,0.004571898,0.00071596,0.003855938
586,768,72,0.004537439,0.000706401,0.003831038
586,768,73,0.004940331,0.001028505,0.003911826
586,768,74,0.004555132,0.000641112,0.00391402
586,768,75,0.004733184,0.000736156,0.003997028
586,768,76,0.004694344,0.000640313,0.004054031
586,768,77,0.004586166,0.000565911,0.004020255
586,768,78,0.004690519,0.000665335,0.004025184
586,768,79,0.004748219,0.000643425,0.004104794
586,768,80,0.004752221,0.000678741,0.00407348
586,768,81,0.004705017,0.000663373,0.004041644
586,768,82,0.004595768,0.000637003,0.003958765
586,768,83,0.004493798,0.000603938,0.00388986
586,768,84,0.004466932,0.000607058,0.003859874
586,768,85,0.004469104,0.000633332,0.003835772
586,768,86,0.004154519,0.000668333,0.003486186
586,768,87,0.004135343,0.00066246,0.003472883
586,768,88,0.006901686,0.003498477,0.003403209
586,768,89,0.005468749,0.002014089,0.00345466
586,768,90,0.004930272,0.001453934,0.003476338
586,768,91,0.004561464,0.001037305,0.003524159
586,768,92,0.007083522,0.003741488,0.003342034
586,768,93,0.004437638,0.001070468,0.00336717
586,768,94,0.005016097,0.001636874,0.003379223
586,768,95,0.005069283,0.001475812,0.003593471
586,768,96,0.004217291,0.000651845,0.003565446
586,768,97,0.004068907,0.000591585,0.003477322
586,768,98,0.006035361,0.002815598,0.003219763
586,768,99,0.004809514,0.001450607,0.003358907
586,768,100,0.004202673,0.000809946,0.003392727
586,768,101,0.004195974,0.000689918,0.003506056
586,768,102,0.005432767,0.002215203,0.003217564
586,768,103,0.008009315,0.004806158,0.003203157
586,768,104,0.006824245,0.003650143,0.003174102
586,768,105,0.00442538,0.001147146,0.003278234
586,768,106,0.004284791,0.000914157,0.003370634
586,768,107,0.004108274,0.000720146,0.003388128
586,768,108,0.004062324,0.00068896,0.003373364
586,768,109,0.004182039,0.000764863,0.003417176
586,768,110,0.005979269,0.002761749,0.00321752
587,768,1,0.75275904,0.629334945,0.123424095
587,768,2,0.029500598,0.02644501,0.003055588
587,768,3,0.003655393,0.00053035,0.003125043
587,768,4,0.003553783,0.000387864,0.003165919
587,768,5,0.003480544,0.000374716,0.003105828
587,768,6,0.003517585,0.00035983,0.003157755
587,768,7,0.003455409,0.000350893,0.003104516
587,768,8,0.003498515,0.000340243,0.003158272
587,768,9,0.037791758,0.034655113,0.003136645
587,768,10,0.004398123,0.001076631,0.003321492
587,768,11,0.00440652,0.000968365,0.003438155
587,768,12,0.004580406,0.001066747,0.003513659
587,768,13,0.004620827,0.001106505,0.003514322
587,768,14,0.004216247,0.000718081,0.003498166
587,768,15,0.004355346,0.000734696,0.00362065
587,768,16,0.004192588,0.000571989,0.003620599
587,768,17,0.004273925,0.000554075,0.00371985
587,768,18,0.00423604,0.000579003,0.003657037
587,768,19,0.004295207,0.000695693,0.003599514
587,768,20,0.004104385,0.00057454,0.003529845
587,768,21,0.004084568,0.00055544,0.003529128
587,768,22,0.004232399,0.000811918,0.003420481
587,768,23,0.00442447,0.001145508,0.003278962
587,768,24,0.00470948,0.001318676,0.003390804
587,768,25,0.004513817,0.001201921,0.003311896
587,768,26,0.004748394,0.001319612,0.003428782
587,768,27,0.004212581,0.000781353,0.003431228
587,768,28,0.004145965,0.000781884,0.003364081
587,768,29,0.004279774,0.000915354,0.00336442
587,768,30,0.009383433,0.006092696,0.003290737
587,768,31,0.00549457,0.002187839,0.003306731
587,768,32,0.005629106,0.002369325,0.003259781
587,768,33,0.005733664,0.002459995,0.003273669
587,768,34,0.005894192,0.002498923,0.003395269
587,768,35,0.005638738,0.002339988,0.00329875
587,768,36,0.005484315,0.002221403,0.003262912
587,768,37,0.005484475,0.002059587,0.003424888
587,768,38,0.005056806,0.001653255,0.003403551
587,768,39,0.004904525,0.001480886,0.003423639
587,768,40,0.004889847,0.001442607,0.00344724
587,768,41,0.00473714,0.001225862,0.003511278
587,768,42,0.004549726,0.001108699,0.003441027
587,768,43,0.004875266,0.001392758,0.003482508
587,768,44,0.004928077,0.001485524,0.003442553
587,768,45,0.004963013,0.001504628,0.003458385
587,768,46,0.004858392,0.001297564,0.003560828
587,768,47,0.004790225,0.00109925,0.003690975
587,768,48,0.004658573,0.001011018,0.003647555
587,768,49,0.005050182,0.001385377,0.003664805
587,768,50,0.004818296,0.00114151,0.003676786
587,768,51,0.004853126,0.001108577,0.003744549
587,768,52,0.004689384,0.000923407,0.003765977
587,768,53,0.004709805,0.000929278,0.003780527
587,768,54,0.004839651,0.000966211,0.00387344
587,768,55,0.004623874,0.000712986,0.003910888
587,768,56,0.004565456,0.000731884,0.003833572
587,768,57,0.004840102,0.001061732,0.00377837
587,768,58,0.004754075,0.000916151,0.003837924
587,768,59,0.004694206,0.000852178,0.003842028
587,768,60,0.004775689,0.000932044,0.003843645
587,768,61,0.004685551,0.000889221,0.00379633
587,768,62,0.004654959,0.000800906,0.003854053
587,768,63,0.004591583,0.0008109,0.003780683
587,768,64,0.004772563,0.001012407,0.003760156
587,768,65,0.004687615,0.000920158,0.003767457
587,768,66,0.004792475,0.00103515,0.003757325
587,768,67,0.004468828,0.000797059,0.003671769
587,768,68,0.004774952,0.001016235,0.003758717
587,768,69,0.004673412,0.000897017,0.003776395
587,768,70,0.004700988,0.000882037,0.003818951
587,768,71,0.004563669,0.000880119,0.00368355
587,768,72,0.004811993,0.001054475,0.003757518
587,768,73,0.004590506,0.000747302,0.003843204
587,768,74,0.004649446,0.000815074,0.003834372
587,768,75,0.004597962,0.000662617,0.003935345
587,768,76,0.004667275,0.000706235,0.00396104
587,768,77,0.00455952,0.000543188,0.004016332
587,768,78,0.004733793,0.000761849,0.003971944
587,768,79,0.004636227,0.000677696,0.003958531
587,768,80,0.004655449,0.000664963,0.003990486
587,768,81,0.004519652,0.000605043,0.003914609
587,768,82,0.004546192,0.000617493,0.003928699
587,768,83,0.004489246,0.000687208,0.003802038
587,768,84,0.004471273,0.000630352,0.003840921
587,768,85,0.004463542,0.000717808,0.003745734
587,768,86,0.004311155,0.000781408,0.003529747
587,768,87,0.00678606,0.003309367,0.003476693
587,768,88,0.004715221,0.001186588,0.003528633
587,768,89,0.004601222,0.001192448,0.003408774
587,768,90,0.004974437,0.001592589,0.003381848
587,768,91,0.004989656,0.001495028,0.003494628
587,768,92,0.00431289,0.000666308,0.003646582
587,768,93,0.006409411,0.003072699,0.003336712
587,768,94,0.00507823,0.001741318,0.003336912
587,768,95,0.005374622,0.001908933,0.003465689
587,768,96,0.004409952,0.00085539,0.003554562
587,768,97,0.004125749,0.00067622,0.003449529
587,768,98,0.004157935,0.000782215,0.00337572
587,768,99,0.005725044,0.002477959,0.003247085
587,768,100,0.004850494,0.001406113,0.003444381
587,768,101,0.004197762,0.000695221,0.003502541
587,768,102,0.003930947,0.000551716,0.003379231
587,768,103,0.00585075,0.002652417,0.003198333
587,768,104,0.009593288,0.00640466,0.003188628
587,768,105,0.005088351,0.001838658,0.003249693
587,768,106,0.004405104,0.001098751,0.003306353
587,768,107,0.004124231,0.000809005,0.003315226
587,768,108,0.004146428,0.000783803,0.003362625
587,768,109,0.004164807,0.000735526,0.003429281
587,768,110,0.004146732,0.000753657,0.003393075
588,768,1,0.752624146,0.629298465,0.123325681
588,768,2,0.028752154,0.025702643,0.003049511
588,768,3,0.005848581,0.002784289,0.003064292
588,768,4,0.003680705,0.000566304,0.003114401
588,768,5,0.003601201,0.000457749,0.003143452
588,768,6,0.003481477,0.000373002,0.003108475
588,768,7,0.003476736,0.000350028,0.003126708
588,768,8,0.038102649,0.03495197,0.003150679
588,768,9,0.004275664,0.001114121,0.003161543
588,768,10,0.004315722,0.000958389,0.003357333
588,768,11,0.004549416,0.000961201,0.003588215
588,768,12,0.004618495,0.001056324,0.003562171
588,768,13,0.004300136,0.000708123,0.003592013
588,768,14,0.004209523,0.000592347,0.003617176
588,768,15,0.004116508,0.00049259,0.003623918
588,768,16,0.004157326,0.000503344,0.003653982
588,768,17,0.004272205,0.000525967,0.003746238
588,768,18,0.004411228,0.000615068,0.00379616
588,768,19,0.004177794,0.0005627,0.003615094
588,768,20,0.004028766,0.00052543,0.003503336
588,768,21,0.00412413,0.000613599,0.003510531
588,768,22,0.004186735,0.00069988,0.003486855
588,768,23,0.004371786,0.001000663,0.003371123
588,768,24,0.004717187,0.001280349,0.003436838
588,768,25,0.004595725,0.001186377,0.003409348
588,768,26,0.004610566,0.001153075,0.003457491
588,768,27,0.004181652,0.000727582,0.00345407
588,768,28,0.004331627,0.000901832,0.003429795
588,768,29,0.009854978,0.006532905,0.003322073
588,768,30,0.005417688,0.00211691,0.003300778
588,768,31,0.005652072,0.002349804,0.003302268
588,768,32,0.005617405,0.00230626,0.003311145
588,768,33,0.005730047,0.002378911,0.003351136
588,768,34,0.005624361,0.002286605,0.003337756
588,768,35,0.005519203,0.002172734,0.003346469
588,768,36,0.005243896,0.001903611,0.003340285
588,768,37,0.004952238,0.001580693,0.003371545
588,768,38,0.004969728,0.001649756,0.003319972
588,768,39,0.004911023,0.001523995,0.003387028
588,768,40,0.004721451,0.001306421,0.00341503
588,768,41,0.004641248,0.001206883,0.003434365
588,768,42,0.004719284,0.001285246,0.003434038
588,768,43,0.004975891,0.001569628,0.003406263
588,768,44,0.004958593,0.001406503,0.00355209
588,768,45,0.004847023,0.001289889,0.003557134
588,768,46,0.004794614,0.001168884,0.00362573
588,768,47,0.004795258,0.001104114,0.003691144
588,768,48,0.0050034,0.00120191,0.00380149
588,768,49,0.004853961,0.001074255,0.003779706
588,768,50,0.004697043,0.000891234,0.003805809
588,768,51,0.004726707,0.00087484,0.003851867
588,768,52,0.004646422,0.000863658,0.003782764
588,768,53,0.004770584,0.000916897,0.003853687
588,768,54,0.004713491,0.000853723,0.003859768
588,768,55,0.004515636,0.00069305,0.003822586
588,768,56,0.00489867,0.001099844,0.003798826
588,768,57,0.004745075,0.001001049,0.003744026
588,768,58,0.004611933,0.000880254,0.003731679
588,768,59,0.004711505,0.000987824,0.003723681
588,768,60,0.004707967,0.00103571,0.003672257
588,768,61,0.00470215,0.000968441,0.003733709
588,768,62,0.004680548,0.000956507,0.003724041
588,768,63,0.004594415,0.000954121,0.003640294
588,768,64,0.004831032,0.001161616,0.003669416
588,768,65,0.004882692,0.001072486,0.003810206
588,768,66,0.004534885,0.000851536,0.003683349
588,768,67,0.004683206,0.000964383,0.003718823
588,768,68,0.004807529,0.001083178,0.003724351
588,768,69,0.004629773,0.000900013,0.00372976
588,768,70,0.004624525,0.000942156,0.003682369
588,768,71,0.004716578,0.00095839,0.003758188
588,768,72,0.004563794,0.000816997,0.003746797
588,768,73,0.004644086,0.000806151,0.003837935
588,768,74,0.004521753,0.0007147,0.003807053
588,768,75,0.004605531,0.00081055,0.003794981
588,768,76,0.004580701,0.000730247,0.003850454
588,768,77,0.004725878,0.000652522,0.004073356
588,768,78,0.004673504,0.000645499,0.004028005
588,768,79,0.004674054,0.000581884,0.00409217
588,768,80,0.004518197,0.000468912,0.004049285
588,768,81,0.004534273,0.000500724,0.004033549
588,768,82,0.004627855,0.000633201,0.003994654
588,768,83,0.004501634,0.000607032,0.003894602
588,768,84,0.004500553,0.000609049,0.003891504
588,768,85,0.004501538,0.000669311,0.003832227
588,768,86,0.004209817,0.000591764,0.003618053
588,768,87,0.004189822,0.000652237,0.003537585
588,768,88,0.006468767,0.002896129,0.003572638
588,768,89,0.005029619,0.001484784,0.003544835
588,768,90,0.00500668,0.001627785,0.003378895
588,768,91,0.004906822,0.00135703,0.003549792
588,768,92,0.004372939,0.000748843,0.003624096
588,768,93,0.004247694,0.000611378,0.003636316
588,768,94,0.006742974,0.003358325,0.003384649
588,768,95,0.005664864,0.002116261,0.003548603
588,768,96,0.004453938,0.00086386,0.003590078
588,768,97,0.004212329,0.000703721,0.003508608
588,768,98,0.004152743,0.000769791,0.003382952
588,768,99,0.004337487,0.000944499,0.003392988
588,768,100,0.005285323,0.001874098,0.003411225
588,768,101,0.004719256,0.001250991,0.003468265
588,768,102,0.004057321,0.000636285,0.003421036
588,768,103,0.006560342,0.003301781,0.003258561
588,768,104,0.005678482,0.002450038,0.003228444
588,768,105,0.00757346,0.004268185,0.003305275
588,768,106,0.005052852,0.001728005,0.003324847
588,768,107,0.004237258,0.000858464,0.003378794
588,768,108,0.004095963,0.00075221,0.003343753
588,768,109,0.004100703,0.000741638,0.003359065
588,768,110,0.004241635,0.000859793,0.003381842
589,768,1,0.757131339,0.632939492,0.124191847
589,768,2,0.003621066,0.000473202,0.003147864
589,768,3,0.003577911,0.000371774,0.003206137
589,768,4,0.005094992,0.002007014,0.003087978
589,768,5,0.003769015,0.000547671,0.003221344
589,768,6,0.003522543,0.000372098,0.003150445
589,768,7,0.038407557,0.035228619,0.003178938
589,768,8,0.00436652,0.000995539,0.003370981
589,768,9,0.004074444,0.000678025,0.003396419
589,768,10,0.004302319,0.000817409,0.00348491
589,768,11,0.004712094,0.001071069,0.003641025
589,768,12,0.00426605,0.000599271,0.003666779
589,768,13,0.004172541,0.000564245,0.003608296
589,768,14,0.004169449,0.000488847,0.003680602
589,768,15,0.004108794,0.000483373,0.003625421
589,768,16,0.004191308,0.000480945,0.003710363
589,768,17,0.004290683,0.000507595,0.003783088
589,768,18,0.004306483,0.000493468,0.003813015
589,768,19,0.004193348,0.000484879,0.003708469
589,768,20,0.004147252,0.000486472,0.00366078
589,768,21,0.004117408,0.00051907,0.003598338
589,768,22,0.004120862,0.000552629,0.003568233
589,768,23,0.004448243,0.00104587,0.003402373
589,768,24,0.004558742,0.001162427,0.003396315
589,768,25,0.004686123,0.001203886,0.003482237
589,768,26,0.004338661,0.000885714,0.003452947
589,768,27,0.004278183,0.000800543,0.00347764
589,768,28,0.010484424,0.007135474,0.00334895
589,768,29,0.005496833,0.002048839,0.003447994
589,768,30,0.005574748,0.002207154,0.003367594
589,768,31,0.005365963,0.001971356,0.003394607
589,768,32,0.005755383,0.002412829,0.003342554
589,768,33,0.005721015,0.002295394,0.003425621
589,768,34,0.005379203,0.00191868,0.003460523
589,768,35,0.00494106,0.001496721,0.003444339
589,768,36,0.005109416,0.00168916,0.003420256
589,768,37,0.005064463,0.001668688,0.003395775
589,768,38,0.004777444,0.001362424,0.00341502
589,768,39,0.004659441,0.001220118,0.003439323
589,768,40,0.004607036,0.001173004,0.003434032
589,768,41,0.004854613,0.001338462,0.003516151
589,768,42,0.004882134,0.001383218,0.003498916
589,768,43,0.004906509,0.0014007,0.003505809
589,768,44,0.004925945,0.001236366,0.003689579
589,768,45,0.004869096,0.001054719,0.003814377
589,768,46,0.004693556,0.000923879,0.003769677
589,768,47,0.004870697,0.001029102,0.003841595
589,768,48,0.004903318,0.000931635,0.003971683
589,768,49,0.004588232,0.000712877,0.003875355
589,768,50,0.004793839,0.000894239,0.0038996
589,768,51,0.004572514,0.000781539,0.003790975
589,768,52,0.00481252,0.000986006,0.003826514
589,768,53,0.004716538,0.000830593,0.003885945
589,768,54,0.004668496,0.000824372,0.003844124
589,768,55,0.00479181,0.000936934,0.003854876
589,768,56,0.004906855,0.000890468,0.004016387
589,768,57,0.00447828,0.000681022,0.003797258
589,768,58,0.004839878,0.000942663,0.003897215
589,768,59,0.004592607,0.000817137,0.00377547
589,768,60,0.004751848,0.000952353,0.003799495
589,768,61,0.004731255,0.000958132,0.003773123
589,768,62,0.004604938,0.000896516,0.003708422
589,768,63,0.004872798,0.001192095,0.003680703
589,768,64,0.004712538,0.000980475,0.003732063
589,768,65,0.004805912,0.000987512,0.0038184
589,768,66,0.004541089,0.000803289,0.0037378
589,768,67,0.004762183,0.000995186,0.003766997
589,768,68,0.004669491,0.000892259,0.003777232
589,768,69,0.00476302,0.000879519,0.003883501
589,768,70,0.004592256,0.000710173,0.003882083
589,768,71,0.004493739,0.00072526,0.003768479
589,768,72,0.004643843,0.000763646,0.003880197
589,768,73,0.004536384,0.000689952,0.003846432
589,768,74,0.004627506,0.000705118,0.003922388
589,768,75,0.00449737,0.000672158,0.003825212
589,768,76,0.004544991,0.000634126,0.003910865
589,768,77,0.004701735,0.000606483,0.004095252
589,768,78,0.004605351,0.00056964,0.004035711
589,768,79,0.004532336,0.00056301,0.003969326
589,768,80,0.004618861,0.000460275,0.004158586
589,768,81,0.004638199,0.00049842,0.004139779
589,768,82,0.004635902,0.00054837,0.004087532
589,768,83,0.004510638,0.000563468,0.00394717
589,768,84,0.004516458,0.000533141,0.003983317
589,768,85,0.004420481,0.000507914,0.003912567
589,768,86,0.004326916,0.000593123,0.003733793
589,768,87,0.004416069,0.000734744,0.003681325
589,768,88,0.004168306,0.000699894,0.003468412
589,768,89,0.006201112,0.00264023,0.003560882
589,768,90,0.005608796,0.002136417,0.003472379
589,768,91,0.00450949,0.000950132,0.003559358
589,768,92,0.004473612,0.000746047,0.003727565
589,768,93,0.005682607,0.00218587,0.003496737
589,768,94,0.006096649,0.002672699,0.00342395
589,768,95,0.005139104,0.001622492,0.003516612
589,768,96,0.004547617,0.000909933,0.003637684
589,768,97,0.004277507,0.000754158,0.003523349
589,768,98,0.004282679,0.000877242,0.003405437
589,768,99,0.004378847,0.000973118,0.003405729
589,768,100,0.004337586,0.000851021,0.003486565
589,768,101,0.004467443,0.000950537,0.003516906
589,768,102,0.004566738,0.001090517,0.003476221
589,768,103,0.004077121,0.00079882,0.003278301
589,768,104,0.006949658,0.003642521,0.003307137
589,768,105,0.006621897,0.003390605,0.003231292
589,768,106,0.006322306,0.002950102,0.003372204
589,768,107,0.005094653,0.001641538,0.003453115
589,768,108,0.004188601,0.000793322,0.003395279
589,768,109,0.004350609,0.000856073,0.003494536
589,768,110,0.005554642,0.00220588,0.003348762
590,768,1,0.751776519,0.628312349,0.12346417
590,768,2,0.03603859,0.032982981,0.003055609
590,768,3,0.003780856,0.000601728,0.003179128
590,768,4,0.003515559,0.000382821,0.003132738
590,768,5,0.004970473,0.001925187,0.003045286
590,768,6,0.039150848,0.036040095,0.003110753
590,768,7,0.00410878,0.000972493,0.003136287
590,768,8,0.004078065,0.000831663,0.003246402
590,768,9,0.004228619,0.00092065,0.003307969
590,768,10,0.004486857,0.001044404,0.003442453
590,768,11,0.004290899,0.000783756,0.003507143
590,768,12,0.004210412,0.000682656,0.003527756
590,768,13,0.004007446,0.000490958,0.003516488
590,768,14,0.004051315,0.000493361,0.003557954
590,768,15,0.004138648,0.000554306,0.003584342
590,768,16,0.004219561,0.000573525,0.003646036
590,768,17,0.004255745,0.000489846,0.003765899
590,768,18,0.004268635,0.000490205,0.00377843
590,768,19,0.004074955,0.000487917,0.003587038
590,768,20,0.004016431,0.000512943,0.003503488
590,768,21,0.00403757,0.000512435,0.003525135
590,768,22,0.004326542,0.000878526,0.003448016
590,768,23,0.004452895,0.001104932,0.003347963
590,768,24,0.004499891,0.001163238,0.003336653
590,768,25,0.004508906,0.001102225,0.003406681
590,768,26,0.004453041,0.001032185,0.003420856
590,768,27,0.011374547,0.008049759,0.003324788
590,768,28,0.005433191,0.002105001,0.00332819
590,768,29,0.005408763,0.002126828,0.003281935
590,768,30,0.005579172,0.002275812,0.00330336
590,768,31,0.005684137,0.002404668,0.003279469
590,768,32,0.005367386,0.00208699,0.003280396
590,768,33,0.005400861,0.002034631,0.00336623
590,768,34,0.004814564,0.001420414,0.00339415
590,768,35,0.005028598,0.001646091,0.003382507
590,768,36,0.005010138,0.001715958,0.00329418
590,768,37,0.004888373,0.00150075,0.003387623
590,768,38,0.004661905,0.001269065,0.00339284
590,768,39,0.004564573,0.001202684,0.003361889
590,768,40,0.004680149,0.001331268,0.003348881
590,768,41,0.004810194,0.001237262,0.003572932
590,768,42,0.004542067,0.00105033,0.003491737
590,768,43,0.00463439,0.001104563,0.003529827
590,768,44,0.004695176,0.001151205,0.003543971
590,768,45,0.004908722,0.001349699,0.003559023
590,768,46,0.004811296,0.001119946,0.00369135
590,768,47,0.004566126,0.000825267,0.003740859
590,768,48,0.004784923,0.00104005,0.003744873
590,768,49,0.004749559,0.001015307,0.003734252
590,768,50,0.004795859,0.000969259,0.0038266
590,768,51,0.004686806,0.00082979,0.003857016
590,768,52,0.004791926,0.000975785,0.003816141
590,768,53,0.004615018,0.00075622,0.003858798
590,768,54,0.004819764,0.000896265,0.003923499
590,768,55,0.004499777,0.000617024,0.003882753
590,768,56,0.004863305,0.001026548,0.003836757
590,768,57,0.004788135,0.000961053,0.003827082
590,768,58,0.00457872,0.000780616,0.003798104
590,768,59,0.00480407,0.000939947,0.003864123
590,768,60,0.004694903,0.00095484,0.003740063
590,768,61,0.004628572,0.000836819,0.003791753
590,768,62,0.00484947,0.001100119,0.003749351
590,768,63,0.004427681,0.000707781,0.0037199
590,768,64,0.004997448,0.0013268,0.003670648
590,768,65,0.004664114,0.000881437,0.003782677
590,768,66,0.004693216,0.000973248,0.003719968
590,768,67,0.004623059,0.000904501,0.003718558
590,768,68,0.004669604,0.000968336,0.003701268
590,768,69,0.004638825,0.000909832,0.003728993
590,768,70,0.004817698,0.001071599,0.003746099
590,768,71,0.004702853,0.00092578,0.003777073
590,768,72,0.004323254,0.000634773,0.003688481
590,768,73,0.00476246,0.000923514,0.003838946
590,768,74,0.004513421,0.000710008,0.003803413
590,768,75,0.004696096,0.000796593,0.003899503
590,768,76,0.004503882,0.000665846,0.003838036
590,768,77,0.004711632,0.000643576,0.004068056
590,768,78,0.004620999,0.000625421,0.003995578
590,768,79,0.004693124,0.000653075,0.004040049
590,768,80,0.004423159,0.000469984,0.003953175
590,768,81,0.004657895,0.000644688,0.004013207
590,768,82,0.0045194,0.000605074,0.003914326
590,768,83,0.004617133,0.000793381,0.003823752
590,768,84,0.004480897,0.000607509,0.003873388
590,768,85,0.004620604,0.000897866,0.003722738
590,768,86,0.005191268,0.001553384,0.003637884
590,768,87,0.004245282,0.000686649,0.003558633
590,768,88,0.004087382,0.000648847,0.003438535
590,768,89,0.004336358,0.00090411,0.003432248
590,768,90,0.005704097,0.002400624,0.003303473
590,768,91,0.005538579,0.001960685,0.003577894
590,768,92,0.004392509,0.000750878,0.003641631
590,768,93,0.004744239,0.001202553,0.003541686
590,768,94,0.005598745,0.002177359,0.003421386
590,768,95,0.006182727,0.002757431,0.003425296
590,768,96,0.004994825,0.001481324,0.003513501
590,768,97,0.004276632,0.000789996,0.003486636
590,768,98,0.004235602,0.000835834,0.003399768
590,768,99,0.0044171,0.001029288,0.003387812
590,768,100,0.004331005,0.000948739,0.003382266
590,768,101,0.004237476,0.000806331,0.003431145
590,768,102,0.00459551,0.00120076,0.00339475
590,768,103,0.006852545,0.003632213,0.003220332
590,768,104,0.007498598,0.004343541,0.003155057
590,768,105,0.005648746,0.002399037,0.003249709
590,768,106,0.004328374,0.001002571,0.003325803
590,768,107,0.004332367,0.001013586,0.003318781
590,768,108,0.004832982,0.001448899,0.003384083
590,768,109,0.006322285,0.003069463,0.003252822
590,768,110,0.005282061,0.002019333,0.003262728
591,768,1,0.749681765,0.626429658,0.123252107
591,768,2,0.028562836,0.025512931,0.003049905
591,768,3,0.012562439,0.009505748,0.003056691
591,768,4,0.003915863,0.000773512,0.003142351
591,768,5,0.040983799,0.037834289,0.00314951
591,768,6,0.004055257,0.000854064,0.003201193
591,768,7,0.003962931,0.000735837,0.003227094
591,768,8,0.004256934,0.001000334,0.0032566
591,768,9,0.004202368,0.00092915,0.003273218
591,768,10,0.004393887,0.000964286,0.003429601
591,768,11,0.004134134,0.000649603,0.003484531
591,768,12,0.004073532,0.000485888,0.003587644
591,768,13,0.00405469,0.000479551,0.003575139
591,768,14,0.004122448,0.00048636,0.003636088
591,768,15,0.004094458,0.000502136,0.003592322
591,768,16,0.004140203,0.00050781,0.003632393
591,768,17,0.0041956,0.000495823,0.003699777
591,768,18,0.004276528,0.000496734,0.003779794
591,768,19,0.0041267,0.000460348,0.003666352
591,768,20,0.004032558,0.000485381,0.003547177
591,768,21,0.004011928,0.00046649,0.003545438
591,768,22,0.004104157,0.000666926,0.003437231
591,768,23,0.004557898,0.001164118,0.00339378
591,768,24,0.004523365,0.001112702,0.003410663
591,768,25,0.004522972,0.001085115,0.003437857
591,768,26,0.011835306,0.008565714,0.003269592
591,768,27,0.005488342,0.002190934,0.003297408
591,768,28,0.00555692,0.002252924,0.003303996
591,768,29,0.005631532,0.002354952,0.00327658
591,768,30,0.005595427,0.002308057,0.00328737
591,768,31,0.005322355,0.00201959,0.003302765
591,768,32,0.005230331,0.00189424,0.003336091
591,768,33,0.004721434,0.001312889,0.003408545
591,768,34,0.004969483,0.001625921,0.003343562
591,768,35,0.004996306,0.001658827,0.003337479
591,768,36,0.004776288,0.001353251,0.003423037
591,768,37,0.004471996,0.00108327,0.003388726
591,768,38,0.004609939,0.001229826,0.003380113
591,768,39,0.004537622,0.001137451,0.003400171
591,768,40,0.004859485,0.001419506,0.003439979
591,768,41,0.004624713,0.001084848,0.003539865
591,768,42,0.004905594,0.001313984,0.00359161
591,768,43,0.004620687,0.001106663,0.003514024
591,768,44,0.004839795,0.001253275,0.00358652
591,768,45,0.004599161,0.001029977,0.003569184
591,768,46,0.004600082,0.000997903,0.003602179
591,768,47,0.004620461,0.000963344,0.003657117
591,768,48,0.004658143,0.000897344,0.003760799
591,768,49,0.004585984,0.000850933,0.003735051
591,768,50,0.004632046,0.000845376,0.00378667
591,768,51,0.00449046,0.000773791,0.003716669
591,768,52,0.004786137,0.000894465,0.003891672
591,768,53,0.004566515,0.000670645,0.00389587
591,768,54,0.00455806,0.000689599,0.003868461
591,768,55,0.004810388,0.000888303,0.003922085
591,768,56,0.004596166,0.000587813,0.004008353
591,768,57,0.004659161,0.000774965,0.003884196
591,768,58,0.004759065,0.000930815,0.00382825
591,768,59,0.004619013,0.000764877,0.003854136
591,768,60,0.004886053,0.001010487,0.003875566
591,768,61,0.004672867,0.000902388,0.003770479
591,768,62,0.004719196,0.000920038,0.003799158
591,768,63,0.004767954,0.000944744,0.00382321
591,768,64,0.004546454,0.000768068,0.003778386
591,768,65,0.004951301,0.001102751,0.00384855
591,768,66,0.004501782,0.000739027,0.003762755
591,768,67,0.004694641,0.00085155,0.003843091
591,768,68,0.004618287,0.000832058,0.003786229
591,768,69,0.004702241,0.000855821,0.00384642
591,768,70,0.004626077,0.000741778,0.003884299
591,768,71,0.004713248,0.000936761,0.003776487
591,768,72,0.004627843,0.000847705,0.003780138
591,768,73,0.004587926,0.000702176,0.00388575
591,768,74,0.004593334,0.000749861,0.003843473
591,768,75,0.004633832,0.000684726,0.003949106
591,768,76,0.004668786,0.000701145,0.003967641
591,768,77,0.004515322,0.000523261,0.003992061
591,768,78,0.00466175,0.000686612,0.003975138
591,768,79,0.004677667,0.000697465,0.003980202
591,768,80,0.004677891,0.000676554,0.004001337
591,768,81,0.004786951,0.00082289,0.003964061
591,768,82,0.004480088,0.000566252,0.003913836
591,768,83,0.004461441,0.000595292,0.003866149
591,768,84,0.005260278,0.001319558,0.00394072
591,768,85,0.005643216,0.002044852,0.003598364
591,768,86,0.004214431,0.000604393,0.003610038
591,768,87,0.004104004,0.000576036,0.003527968
591,768,88,0.0042554,0.000753758,0.003501642
591,768,89,0.005558872,0.002075391,0.003483481
591,768,90,0.004918811,0.001542336,0.003376475
591,768,91,0.004930375,0.001385264,0.003545111
591,768,92,0.005149944,0.001680243,0.003469701
591,768,93,0.004494925,0.000981222,0.003513703
591,768,94,0.004314413,0.000949604,0.003364809
591,768,95,0.005584839,0.002239606,0.003345233
591,768,96,0.00538925,0.001822658,0.003566592
591,768,97,0.004654822,0.001148703,0.003506119
591,768,98,0.004274734,0.000857747,0.003416987
591,768,99,0.004156783,0.000825661,0.003331122
591,768,100,0.004707821,0.001332209,0.003375612
591,768,101,0.00482766,0.00130271,0.00352495
591,768,102,0.007221599,0.003991291,0.003230308
591,768,103,0.007609742,0.004414327,0.003195415
591,768,104,0.00522907,0.002072003,0.003157067
591,768,105,0.004460307,0.001141465,0.003318842
591,768,106,0.004263425,0.000876806,0.003386619
591,768,107,0.004208698,0.000868881,0.003339817
591,768,108,0.007074956,0.00376945,0.003305506
591,768,109,0.005269191,0.002011368,0.003257823
591,768,110,0.00434985,0.001032356,0.003317494
592,768,1,0.759252585,0.635061411,0.124191174
592,768,2,0.003600394,0.000455235,0.003145159
592,768,3,0.003501398,0.00039346,0.003107938
592,768,4,0.050201183,0.047113233,0.00308795
592,768,5,0.004051648,0.000823515,0.003228133
592,768,6,0.003949876,0.000793777,0.003156099
592,768,7,0.004193313,0.000931407,0.003261906
592,768,8,0.004152882,0.000882655,0.003270227
592,768,9,0.004248104,0.000908393,0.003339711
592,768,10,0.004067378,0.000666167,0.003401211
592,768,11,0.003965608,0.000485704,0.003479904
592,768,12,0.004135407,0.000599636,0.003535771
592,768,13,0.004025443,0.000489233,0.00353621
592,768,14,0.003998119,0.000503529,0.00349459
592,768,15,0.004012948,0.000497441,0.003515507
592,768,16,0.004105072,0.000515968,0.003589104
592,768,17,0.004204555,0.00052273,0.003681825
592,768,18,0.004212271,0.000504686,0.003707585
592,768,19,0.004152154,0.000462338,0.003689816
592,768,20,0.00403411,0.000469544,0.003564566
592,768,21,0.004017092,0.000476274,0.003540818
592,768,22,0.003925453,0.000463833,0.00346162
592,768,23,0.003853565,0.000458962,0.003394603
592,768,24,0.004407884,0.001032421,0.003375463
592,768,25,0.013718249,0.01031584,0.003402409
592,768,26,0.005416342,0.002105785,0.003310557
592,768,27,0.005735737,0.002424105,0.003311632
592,768,28,0.005622117,0.002343233,0.003278884
592,768,29,0.005534499,0.002205698,0.003328801
592,768,30,0.00511312,0.001832114,0.003281006
592,768,31,0.005289338,0.002009,0.003280338
592,768,32,0.004574879,0.001221479,0.0033534
592,768,33,0.004894413,0.001591706,0.003302707
592,768,34,0.004993107,0.001735985,0.003257122
592,768,35,0.004620704,0.001253418,0.003367286
592,768,36,0.004545073,0.001163469,0.003381604
592,768,37,0.00459903,0.001196671,0.003402359
592,768,38,0.00469485,0.001232389,0.003462461
592,768,39,0.004655527,0.001228277,0.00342725
592,768,40,0.004689758,0.001167698,0.00352206
592,768,41,0.004774609,0.00126874,0.003505869
592,768,42,0.004596551,0.0010955,0.003501051
592,768,43,0.004853151,0.001281343,0.003571808
592,768,44,0.004550576,0.000930136,0.00362044
592,768,45,0.004534337,0.000989976,0.003544361
592,768,46,0.004625562,0.000947893,0.003677669
592,768,47,0.004604715,0.000949456,0.003655259
592,768,48,0.004569981,0.000813182,0.003756799
592,768,49,0.004581116,0.000826416,0.0037547
592,768,50,0.004593326,0.000879758,0.003713568
592,768,51,0.004566154,0.000790982,0.003775172
592,768,52,0.004459713,0.000756602,0.003703111
592,768,53,0.004560143,0.000790317,0.003769826
592,768,54,0.004502671,0.000727844,0.003774827
592,768,55,0.004543434,0.000749692,0.003793742
592,768,56,0.004446933,0.000681984,0.003764949
592,768,57,0.004637368,0.000857821,0.003779547
592,768,58,0.004535551,0.000809879,0.003725672
592,768,59,0.004842974,0.00100679,0.003836184
592,768,60,0.004682477,0.00084823,0.003834247
592,768,61,0.004759836,0.00085927,0.003900566
592,768,62,0.004635422,0.000869661,0.003765761
592,768,63,0.004825093,0.001034777,0.003790316
592,768,64,0.004706549,0.000907162,0.003799387
592,768,65,0.004594798,0.000691172,0.003903626
592,768,66,0.004793807,0.001048034,0.003745773
592,768,67,0.004557118,0.000736382,0.003820736
592,768,68,0.004671799,0.000881988,0.003789811
592,768,69,0.00467256,0.000845386,0.003827174
592,768,70,0.004728255,0.000872482,0.003855773
592,768,71,0.00466559,0.000776111,0.003889479
592,768,72,0.004598677,0.000801892,0.003796785
592,768,73,0.004720138,0.000864627,0.003855511
592,768,74,0.0046278,0.000750668,0.003877132
592,768,75,0.004670959,0.000706661,0.003964298
592,768,76,0.004549553,0.000601645,0.003947908
592,768,77,0.00528172,0.001265616,0.004016104
592,768,78,0.004635427,0.000678631,0.003956796
592,768,79,0.004685252,0.000715922,0.00396933
592,768,80,0.004727064,0.000802336,0.003924728
592,768,81,0.004649109,0.000693975,0.003955134
592,768,82,0.004544357,0.00061413,0.003930227
592,768,83,0.005518717,0.00180059,0.003718127
592,768,84,0.004398486,0.000613784,0.003784702
592,768,85,0.004521526,0.000756315,0.003765211
592,768,86,0.004918826,0.001327085,0.003591741
592,768,87,0.004590089,0.001009327,0.003580762
592,768,88,0.00574073,0.002310646,0.003430084
592,768,89,0.004268974,0.00076192,0.003507054
592,768,90,0.005277438,0.001969033,0.003308405
592,768,91,0.005518905,0.002104278,0.003414627
592,768,92,0.004378444,0.000968921,0.003409523
592,768,93,0.004464693,0.000958194,0.003506499
592,768,94,0.005226585,0.001817312,0.003409273
592,768,95,0.005176597,0.001708975,0.003467622
592,768,96,0.004534984,0.001005554,0.00352943
592,768,97,0.004278174,0.000846768,0.003431406
592,768,98,0.004226796,0.000908317,0.003318479
592,768,99,0.004293764,0.000952847,0.003340917
592,768,100,0.004481757,0.001121035,0.003360722
592,768,101,0.00855223,0.005222436,0.003329794
592,768,102,0.004519587,0.001371269,0.003148318
592,768,103,0.004255727,0.000972306,0.003283421
592,768,104,0.006172847,0.003030431,0.003142416
592,768,105,0.005599807,0.002335363,0.003264444
592,768,106,0.004966941,0.001618283,0.003348658
592,768,107,0.007152527,0.003975305,0.003177222
592,768,108,0.005188345,0.001919859,0.003268486
592,768,109,0.004431715,0.001020618,0.003411097
592,768,110,0.004103336,0.000802907,0.003300429
593,768,1,0.752904982,0.629922823,0.122982159
593,768,2,0.026825758,0.023763342,0.003062416
593,768,3,0.004684908,0.001630482,0.003054426
593,768,4,0.00378394,0.000644968,0.003138972
593,768,5,0.049241057,0.046076877,0.00316418
593,768,6,0.004167191,0.001003696,0.003163495
593,768,7,0.004124107,0.000951018,0.003173089
593,768,8,0.004282144,0.001008615,0.003273529
593,768,9,0.004256821,0.000927834,0.003328987
593,768,10,0.003982709,0.00052686,0.003455849
593,768,11,0.004045628,0.000566918,0.00347871
593,768,12,0.004129886,0.0005223,0.003607586
593,768,13,0.004046111,0.000488738,0.003557373
593,768,14,0.004061143,0.00051102,0.003550123
593,768,15,0.004072437,0.000504978,0.003567459
593,768,16,0.004082233,0.000500861,0.003581372
593,768,17,0.00418418,0.000497023,0.003687157
593,768,18,0.0041935,0.000504703,0.003688797
593,768,19,0.004097909,0.000469474,0.003628435
593,768,20,0.003992621,0.000464541,0.00352808
593,768,21,0.003965392,0.000459539,0.003505853
593,768,22,0.003894348,0.000460339,0.003434009
593,768,23,0.003969801,0.000469415,0.003500386
593,768,24,0.014016831,0.010683225,0.003333606
593,768,25,0.005433984,0.002120918,0.003313066
593,768,26,0.005830078,0.002484186,0.003345892
593,768,27,0.005546451,0.002206471,0.00333998
593,768,28,0.005289487,0.001973805,0.003315682
593,768,29,0.005096971,0.001826455,0.003270516
593,768,30,0.005719682,0.002340564,0.003379118
593,768,31,0.004502788,0.001167508,0.00333528
593,768,32,0.004822579,0.001450528,0.003372051
593,768,33,0.005036242,0.001628253,0.003407989
593,768,34,0.004686746,0.001282257,0.003404489
593,768,35,0.004589089,0.001238864,0.003350225
593,768,36,0.004722939,0.001321725,0.003401214
593,768,37,0.004550837,0.001136855,0.003413982
593,768,38,0.004629804,0.001242364,0.00338744
593,768,39,0.004658288,0.001203736,0.003454552
593,768,40,0.004612376,0.001191853,0.003420523
593,768,41,0.004715374,0.001231376,0.003483998
593,768,42,0.004732763,0.00121275,0.003520013
593,768,43,0.004680365,0.001059399,0.003620966
593,768,44,0.004591339,0.000952462,0.003638877
593,768,45,0.004557494,0.000898039,0.003659455
593,768,46,0.004594675,0.0009616,0.003633075
593,768,47,0.004589237,0.000864625,0.003724612
593,768,48,0.004646518,0.000892443,0.003754075
593,768,49,0.00460724,0.000828382,0.003778858
593,768,50,0.004613645,0.000834135,0.00377951
593,768,51,0.004464209,0.000709723,0.003754486
593,768,52,0.004592401,0.000796262,0.003796139
593,768,53,0.004498997,0.000678288,0.003820709
593,768,54,0.004535828,0.000693359,0.003842469
593,768,55,0.004427416,0.000600755,0.003826661
593,768,56,0.004617819,0.000758438,0.003859381
593,768,57,0.004395445,0.00061617,0.003779275
593,768,58,0.004631507,0.000814115,0.003817392
593,768,59,0.00451459,0.000654403,0.003860187
593,768,60,0.004632123,0.00078557,0.003846553
593,768,61,0.004597633,0.000691267,0.003906366
593,768,62,0.004628329,0.000804277,0.003824052
593,768,63,0.00458611,0.000719895,0.003866215
593,768,64,0.004626724,0.000841515,0.003785209
593,768,65,0.004569351,0.000752002,0.003817349
593,768,66,0.004645672,0.000776538,0.003869134
593,768,67,0.00468085,0.000885176,0.003795674
593,768,68,0.004711743,0.000933797,0.003777946
593,768,69,0.004490856,0.000664078,0.003826778
593,768,70,0.004688125,0.00092688,0.003761245
593,768,71,0.004746268,0.000991543,0.003754725
593,768,72,0.0045942,0.000755121,0.003839079
593,768,73,0.0046416,0.000732646,0.003908954
593,768,74,0.004771351,0.000909402,0.003861949
593,768,75,0.004688675,0.000713145,0.00397553
593,768,76,0.005154148,0.001225095,0.003929053
593,768,77,0.00517622,0.001199328,0.003976892
593,768,78,0.00493886,0.00098305,0.00395581
593,768,79,0.004436843,0.000441032,0.003995811
593,768,80,0.004938206,0.000948056,0.00399015
593,768,81,0.004429049,0.000449288,0.003979761
593,768,82,0.004482671,0.000549529,0.003933142
593,768,83,0.004400445,0.000512249,0.003888196
593,768,84,0.00513089,0.001283225,0.003847665
593,768,85,0.004617687,0.00082455,0.003793137
593,768,86,0.005001716,0.001400735,0.003600981
593,768,87,0.006048417,0.002599945,0.003448472
593,768,88,0.004691018,0.001233007,0.003458011
593,768,89,0.005414158,0.002181472,0.003232686
593,768,90,0.005427743,0.00215484,0.003272903
593,768,91,0.004349933,0.00083553,0.003514403
593,768,92,0.004283547,0.000820581,0.003462966
593,768,93,0.005182216,0.001731202,0.003451014
593,768,94,0.004779348,0.001328884,0.003450464
593,768,95,0.004955688,0.001423024,0.003532664
593,768,96,0.004448925,0.000904834,0.003544091
593,768,97,0.004509524,0.001061876,0.003447648
593,768,98,0.004142353,0.000774404,0.003367949
593,768,99,0.004612573,0.00128488,0.003327693
593,768,100,0.008676335,0.005302309,0.003374026
593,768,101,0.004578081,0.001269848,0.003308233
593,768,102,0.004163215,0.000917616,0.003245599
593,768,103,0.004220886,0.00086929,0.003351596
593,768,104,0.004181348,0.000891715,0.003289633
593,768,105,0.008089372,0.004829637,0.003259735
593,768,106,0.004262023,0.000903605,0.003358418
593,768,107,0.004236485,0.00086494,0.003371545
593,768,108,0.006496176,0.003173358,0.003322818
593,768,109,0.005274855,0.00200971,0.003265145
593,768,110,0.004266092,0.000954668,0.003311424
594,768,1,0.758105001,0.634363571,0.12374143
594,768,2,0.007849189,0.004818431,0.003030758
594,768,3,0.003685622,0.000526196,0.003159426
594,768,4,0.0368423,0.033758352,0.003083948
594,768,5,0.003982703,0.000857806,0.003124897
594,768,6,0.015247977,0.012150354,0.003097623
594,768,7,0.004395113,0.001205541,0.003189572
594,768,8,0.00417748,0.000948015,0.003229465
594,768,9,0.004237353,0.000947796,0.003289557
594,768,10,0.00409206,0.000683473,0.003408587
594,768,11,0.003987969,0.000552484,0.003435485
594,768,12,0.004050567,0.000555209,0.003495358
594,768,13,0.00409548,0.000597937,0.003497543
594,768,14,0.004116651,0.000588873,0.003527778
594,768,15,0.004151375,0.000481568,0.003669807
594,768,16,0.004118535,0.000502176,0.003616359
594,768,17,0.004202053,0.000495063,0.00370699
594,768,18,0.004237661,0.000507788,0.003729873
594,768,19,0.004121627,0.000498589,0.003623038
594,768,20,0.003967752,0.000500993,0.003466759
594,768,21,0.003980587,0.000499949,0.003480638
594,768,22,0.003911649,0.000507786,0.003403863
594,768,23,0.014517347,0.011220478,0.003296869
594,768,24,0.005327271,0.002065232,0.003262039
594,768,25,0.005502131,0.002189678,0.003312453
594,768,26,0.005480415,0.002145363,0.003335052
594,768,27,0.00520947,0.001879044,0.003330426
594,768,28,0.005151637,0.00191216,0.003239477
594,768,29,0.00547531,0.002215359,0.003259951
594,768,30,0.004848734,0.001523663,0.003325071
594,768,31,0.005096159,0.001750328,0.003345831
594,768,32,0.004866786,0.001492753,0.003374033
594,768,33,0.004450604,0.001070683,0.003379921
594,768,34,0.004742371,0.001340259,0.003402112
594,768,35,0.004684185,0.001220264,0.003463921
594,768,36,0.00450454,0.001106117,0.003398423
594,768,37,0.004545694,0.001049287,0.003496407
594,768,38,0.004437197,0.000986807,0.00345039
594,768,39,0.00456987,0.001041616,0.003528254
594,768,40,0.004548046,0.001054213,0.003493833
594,768,41,0.004503266,0.000961595,0.003541671
594,768,42,0.004491777,0.000957212,0.003534565
594,768,43,0.004651002,0.001044369,0.003606633
594,768,44,0.00441343,0.000834517,0.003578913
594,768,45,0.004688719,0.001059122,0.003629597
594,768,46,0.004577735,0.000843163,0.003734572
594,768,47,0.004769017,0.000945719,0.003823298
594,768,48,0.004527038,0.000682293,0.003844745
594,768,49,0.004730913,0.00086855,0.003862363
594,768,50,0.004460729,0.000681188,0.003779541
594,768,51,0.00461517,0.000777279,0.003837891
594,768,52,0.004459482,0.000705872,0.00375361
594,768,53,0.00458299,0.000796139,0.003786851
594,768,54,0.004548152,0.00076504,0.003783112
594,768,55,0.004568258,0.000675183,0.003893075
594,768,56,0.004544509,0.000670057,0.003874452
594,768,57,0.004485459,0.000571263,0.003914196
594,768,58,0.004349159,0.000591416,0.003757743
594,768,59,0.004616798,0.000745598,0.0038712
594,768,60,0.004510488,0.000720833,0.003789655
594,768,61,0.004632852,0.000760387,0.003872465
594,768,62,0.004430827,0.00065644,0.003774387
594,768,63,0.004749694,0.000943384,0.00380631
594,768,64,0.004575847,0.000767035,0.003808812
594,768,65,0.004641058,0.000782875,0.003858183
594,768,66,0.004465715,0.000653093,0.003812622
594,768,67,0.00462344,0.000773287,0.003850153
594,768,68,0.004695019,0.000941029,0.00375399
594,768,69,0.004797225,0.00095249,0.003844735
594,768,70,0.004428531,0.000647431,0.0037811
594,768,71,0.004607458,0.000882967,0.003724491
594,768,72,0.004863219,0.001033019,0.0038302
594,768,73,0.004576102,0.00066322,0.003912882
594,768,74,0.005141956,0.001293156,0.0038488
594,768,75,0.005438758,0.001454517,0.003984241
594,768,76,0.004781089,0.000887061,0.003894028
594,768,77,0.005108276,0.001189069,0.003919207
594,768,78,0.004718162,0.000780343,0.003937819
594,768,79,0.004808858,0.000799622,0.004009236
594,768,80,0.004457226,0.000454985,0.004002241
594,768,81,0.004789675,0.000769853,0.004019822
594,768,82,0.004430976,0.000519457,0.003911519
594,768,83,0.00447325,0.000535144,0.003938106
594,768,84,0.004414588,0.000552655,0.003861933
594,768,85,0.004719615,0.000929111,0.003790504
594,768,86,0.005125603,0.001492762,0.003632841
594,768,87,0.004115703,0.000549835,0.003565868
594,768,88,0.006502248,0.003102141,0.003400107
594,768,89,0.004363975,0.000789618,0.003574357
594,768,90,0.005325585,0.002010294,0.003315291
594,768,91,0.005627112,0.002140703,0.003486409
594,768,92,0.005786618,0.002437899,0.003348719
594,768,93,0.004389665,0.00111672,0.003272945
594,768,94,0.004895595,0.001407863,0.003487732
594,768,95,0.0047508,0.001220279,0.003530521
594,768,96,0.004835856,0.001279687,0.003556169
594,768,97,0.004090163,0.000647024,0.003443139
594,768,98,0.004589302,0.00131497,0.003274332
594,768,99,0.00868077,0.005362788,0.003317982
594,768,100,0.004882735,0.001449808,0.003432927
594,768,101,0.004224332,0.000801236,0.003423096
594,768,102,0.003819794,0.00060281,0.003216984
594,768,103,0.004229152,0.000913406,0.003315746
594,768,104,0.004277822,0.001007083,0.003270739
594,768,105,0.00605393,0.002829412,0.003224518
594,768,106,0.005537907,0.002221341,0.003316566
594,768,107,0.004205175,0.000887002,0.003318173
594,768,108,0.004963454,0.001723107,0.003240347
594,768,109,0.005859381,0.002600314,0.003259067
594,768,110,0.005215238,0.001986931,0.003228307
595,768,1,0.767659996,0.642163594,0.125496402
595,768,2,0.003589203,0.000460193,0.00312901
595,768,3,0.017213124,0.014124552,0.003088572
595,768,4,0.003727958,0.000594444,0.003133514
595,768,5,0.022595151,0.019515536,0.003079615
595,768,6,0.004157181,0.00097987,0.003177311
595,768,7,0.015381188,0.012213392,0.003167796
595,768,8,0.004475121,0.001198371,0.00327675
595,768,9,0.004370248,0.001043872,0.003326376
595,768,10,0.004043095,0.000630675,0.00341242
595,768,11,0.004030539,0.000510347,0.003520192
595,768,12,0.004144927,0.000501762,0.003643165
595,768,13,0.004057889,0.000473508,0.003584381
595,768,14,0.004056802,0.00049755,0.003559252
595,768,15,0.004172661,0.000492115,0.003680546
595,768,16,0.00415856,0.000479879,0.003678681
595,768,17,0.00429833,0.000492822,0.003805508
595,768,18,0.004310035,0.000506512,0.003803523
595,768,19,0.00412356,0.000495243,0.003628317
595,768,20,0.004043105,0.000495865,0.00354724
595,768,21,0.004061358,0.000480336,0.003581022
595,768,22,0.014698915,0.011456737,0.003242178
595,768,23,0.005353453,0.00207075,0.003282703
595,768,24,0.005204803,0.001873367,0.003331436
595,768,25,0.005639478,0.002308238,0.00333124
595,768,26,0.005074014,0.001768599,0.003305415
595,768,27,0.005048407,0.001738676,0.003309731
595,768,28,0.005547048,0.002243913,0.003303135
595,768,29,0.004728646,0.001314956,0.00341369
595,768,30,0.004919754,0.001621457,0.003298297
595,768,31,0.004963027,0.001519413,0.003443614
595,768,32,0.004718786,0.001162215,0.003556571
595,768,33,0.004563992,0.001071775,0.003492217
595,768,34,0.004593336,0.001120316,0.00347302
595,768,35,0.004630418,0.001167713,0.003462705
595,768,36,0.004463692,0.000974014,0.003489678
595,768,37,0.004447156,0.000938505,0.003508651
595,768,38,0.004520834,0.001046411,0.003474423
595,768,39,0.004577053,0.001020623,0.00355643
595,768,40,0.004585426,0.000936651,0.003648775
595,768,41,0.004304713,0.000742584,0.003562129
595,768,42,0.004723417,0.001003613,0.003719804
595,768,43,0.004448729,0.000797395,0.003651334
595,768,44,0.004551176,0.000822065,0.003729111
595,768,45,0.004397369,0.000712558,0.003684811
595,768,46,0.004743379,0.000871461,0.003871918
595,768,47,0.004565544,0.000651877,0.003913667
595,768,48,0.004606597,0.000658528,0.003948069
595,768,49,0.004597428,0.0006231,0.003974328
595,768,50,0.004494334,0.000610738,0.003883596
595,768,51,0.004536862,0.000673522,0.00386334
595,768,52,0.004487502,0.000646669,0.003840833
595,768,53,0.004637244,0.000697548,0.003939696
595,768,54,0.004605792,0.000718391,0.003887401
595,768,55,0.004493624,0.000597077,0.003896547
595,768,56,0.004683414,0.00062595,0.004057464
595,768,57,0.004492472,0.000562368,0.003930104
595,768,58,0.004527001,0.000516682,0.004010319
595,768,59,0.004619073,0.000540441,0.004078632
595,768,60,0.004508037,0.000516971,0.003991066
595,768,61,0.004512325,0.000528465,0.00398386
595,768,62,0.004641932,0.000638084,0.004003848
595,768,63,0.004457114,0.000531028,0.003926086
595,768,64,0.004663297,0.000728754,0.003934543
595,768,65,0.004531054,0.000546982,0.003984072
595,768,66,0.004525402,0.000607214,0.003918188
595,768,67,0.004493802,0.000585026,0.003908776
595,768,68,0.00450237,0.000624089,0.003878281
595,768,69,0.004498347,0.000632582,0.003865765
595,768,70,0.004505342,0.000681492,0.00382385
595,768,71,0.004562827,0.000688794,0.003874033
595,768,72,0.004550499,0.000666141,0.003884358
595,768,73,0.00552727,0.001579594,0.003947676
595,768,74,0.006097035,0.002427258,0.003669777
595,768,75,0.004570604,0.000605798,0.003964806
595,768,76,0.004659492,0.000695552,0.00396394
595,768,77,0.005133646,0.001150867,0.003982779
595,768,78,0.004769187,0.000828358,0.003940829
595,768,79,0.004614515,0.000530367,0.004084148
595,768,80,0.004544408,0.000472364,0.004072044
595,768,81,0.004815807,0.000831201,0.003984606
595,768,82,0.004514554,0.000501379,0.004013175
595,768,83,0.004420403,0.000492252,0.003928151
595,768,84,0.004551525,0.000524637,0.004026888
595,768,85,0.004385747,0.000537017,0.00384873
595,768,86,0.004390552,0.000694439,0.003696113
595,768,87,0.005931406,0.002386862,0.003544544
595,768,88,0.004827851,0.001323012,0.003504839
595,768,89,0.004946516,0.001361846,0.00358467
595,768,90,0.005035206,0.001608528,0.003426678
595,768,91,0.007702011,0.004070976,0.003631035
595,768,92,0.004769661,0.001049107,0.003720554
595,768,93,0.004143709,0.000715685,0.003428024
595,768,94,0.004652764,0.001258056,0.003394708
595,768,95,0.005176473,0.001693775,0.003482698
595,768,96,0.004377526,0.000813039,0.003564487
595,768,97,0.004638512,0.001193441,0.003445071
595,768,98,0.008626092,0.005338591,0.003287501
595,768,99,0.004785724,0.001445992,0.003339732
595,768,100,0.004476873,0.00088403,0.003592843
595,768,101,0.003882708,0.000485257,0.003397451
595,768,102,0.003934832,0.000724679,0.003210153
595,768,103,0.004152581,0.000838,0.003314581
595,768,104,0.006000567,0.002842538,0.003158029
595,768,105,0.005015504,0.001728129,0.003287375
595,768,106,0.004724541,0.001282596,0.003441945
595,768,107,0.005222476,0.001939199,0.003283277
595,768,108,0.004643222,0.001250087,0.003393135
595,768,109,0.004987302,0.001707563,0.003279739
595,768,110,0.005332605,0.002093541,0.003239064
596,768,1,0.757099568,0.633635679,0.123463889
596,768,2,0.035387404,0.032327618,0.003059786
596,768,3,0.003638136,0.000503366,0.00313477
596,768,4,0.003565453,0.000383525,0.003181928
596,768,5,0.019195398,0.016114617,0.003080781
596,768,6,0.006478477,0.00341607,0.003062407
596,768,7,0.004369491,0.001177048,0.003192443
596,768,8,0.01559471,0.012425852,0.003168858
596,768,9,0.0044108,0.001218311,0.003192489
596,768,10,0.004312809,0.00091533,0.003397479
596,768,11,0.004089505,0.000604156,0.003485349
596,768,12,0.004047579,0.000496046,0.003551533
596,768,13,0.004150056,0.000581734,0.003568322
596,768,14,0.004047208,0.000508197,0.003539011
596,768,15,0.00406769,0.000514654,0.003553036
596,768,16,0.004166164,0.000605595,0.003560569
596,768,17,0.004321085,0.000610617,0.003710468
596,768,18,0.004257866,0.00052954,0.003728326
596,768,19,0.004173337,0.000570454,0.003602883
596,768,20,0.004054359,0.000585328,0.003469031
596,768,21,0.015672233,0.012406966,0.003265267
596,768,22,0.005324235,0.002028298,0.003295937
596,768,23,0.005108783,0.001797282,0.003311501
596,768,24,0.005122157,0.001770737,0.00335142
596,768,25,0.0052016,0.001901171,0.003300429
596,768,26,0.005108578,0.001647049,0.003461529
596,768,27,0.005227417,0.001953665,0.003273752
596,768,28,0.004891307,0.001502181,0.003389126
596,768,29,0.004769242,0.001503689,0.003265553
596,768,30,0.00493903,0.001535601,0.003403429
596,768,31,0.00457766,0.001218249,0.003359411
596,768,32,0.004572376,0.001189796,0.00338258
596,768,33,0.004495023,0.001148929,0.003346094
596,768,34,0.004499366,0.001141858,0.003357508
596,768,35,0.004705636,0.001246833,0.003458803
596,768,36,0.004430002,0.000993869,0.003436133
596,768,37,0.004389796,0.000985507,0.003404289
596,768,38,0.004571914,0.001156595,0.003415319
596,768,39,0.004579905,0.001067432,0.003512473
596,768,40,0.004491919,0.000972954,0.003518965
596,768,41,0.004542343,0.000991065,0.003551278
596,768,42,0.004546058,0.001026828,0.00351923
596,768,43,0.004652289,0.001044417,0.003607872
596,768,44,0.004530156,0.000940091,0.003590065
596,768,45,0.004585091,0.000958489,0.003626602
596,768,46,0.004540271,0.000915923,0.003624348
596,768,47,0.004611125,0.00087676,0.003734365
596,768,48,0.004548789,0.000814476,0.003734313
596,768,49,0.004616698,0.000859809,0.003756889
596,768,50,0.00458671,0.000758716,0.003827994
596,768,51,0.004425438,0.000620575,0.003804863
596,768,52,0.004443855,0.000657011,0.003786844
596,768,53,0.004561435,0.000695186,0.003866249
596,768,54,0.004502051,0.000692944,0.003809107
596,768,55,0.004474779,0.000608695,0.003866084
596,768,56,0.004467739,0.000663504,0.003804235
596,768,57,0.004463437,0.000670028,0.003793409
596,768,58,0.004508394,0.00074954,0.003758854
596,768,59,0.004650289,0.000800575,0.003849714
596,768,60,0.004522491,0.000752292,0.003770199
596,768,61,0.004635845,0.000826895,0.00380895
596,768,62,0.00467097,0.000850861,0.003820109
596,768,63,0.004577263,0.000697702,0.003879561
596,768,64,0.004466749,0.000717465,0.003749284
596,768,65,0.004621458,0.000740642,0.003880816
596,768,66,0.004415104,0.000612799,0.003802305
596,768,67,0.004445286,0.000653918,0.003791368
596,768,68,0.004447425,0.000751676,0.003695749
596,768,69,0.004731146,0.001017094,0.003714052
596,768,70,0.004450904,0.000762558,0.003688346
596,768,71,0.004508496,0.000787838,0.003720658
596,768,72,0.005364788,0.001644226,0.003720562
596,768,73,0.005339911,0.001365702,0.003974209
596,768,74,0.004450874,0.000563508,0.003887366
596,768,75,0.005107063,0.001327229,0.003779834
596,768,76,0.005030214,0.00120469,0.003825524
596,768,77,0.00503041,0.001100953,0.003929457
596,768,78,0.004933063,0.000995203,0.00393786
596,768,79,0.00456668,0.00064322,0.00392346
596,768,80,0.004619685,0.000728313,0.003891372
596,768,81,0.004825699,0.000920066,0.003905633
596,768,82,0.004568058,0.000667995,0.003900063
596,768,83,0.004375808,0.000585821,0.003789987
596,768,84,0.004603033,0.000718727,0.003884306
596,768,85,0.004376406,0.000621959,0.003754447
596,768,86,0.006331113,0.002694128,0.003636985
596,768,87,0.004598429,0.001086016,0.003512413
596,768,88,0.004589737,0.001080951,0.003508786
596,768,89,0.004256835,0.000779732,0.003477103
596,768,90,0.008972016,0.00556481,0.003407206
596,768,91,0.004702437,0.001128075,0.003574362
596,768,92,0.004253117,0.000776697,0.00347642
596,768,93,0.004391686,0.000989339,0.003402347
596,768,94,0.004856745,0.00150457,0.003352175
596,768,95,0.004878129,0.001447843,0.003430286
596,768,96,0.004891239,0.001475429,0.00341581
596,768,97,0.005006178,0.001558083,0.003448095
596,768,98,0.004307735,0.000997531,0.003310204
596,768,99,0.007096562,0.003807536,0.003289026
596,768,100,0.004870698,0.001476718,0.00339398
596,768,101,0.004323708,0.000979039,0.003344669
596,768,102,0.003990283,0.000791298,0.003198985
596,768,103,0.006524611,0.003293437,0.003231174
596,768,104,0.004723326,0.001565077,0.003158249
596,768,105,0.00476689,0.0014322,0.00333469
596,768,106,0.005404035,0.00212282,0.003281215
596,768,107,0.004348685,0.001061954,0.003286731
596,768,108,0.004901404,0.001532109,0.003369295
596,768,109,0.005717267,0.002433725,0.003283542
596,768,110,0.004865965,0.001709739,0.003156226
597,768,1,0.760513291,0.636143812,0.124369479
597,768,2,0.003643181,0.000478819,0.003164362
597,768,3,0.003554224,0.000432227,0.003121997
597,768,4,0.019226299,0.016186103,0.003040196
597,768,5,0.004046018,0.000867307,0.003178711
597,768,6,0.003662289,0.000518185,0.003144104
597,768,7,0.005564136,0.002476942,0.003087194
597,768,8,0.004535106,0.001365206,0.0031699
597,768,9,0.015701808,0.01244581,0.003255998
597,768,10,0.004713293,0.001235165,0.003478128
597,768,11,0.004164156,0.000592885,0.003571271
597,768,12,0.004199161,0.000550506,0.003648655
597,768,13,0.004170505,0.000505033,0.003665472
597,768,14,0.00412533,0.000503249,0.003622081
597,768,15,0.004186577,0.000523664,0.003662913
597,768,16,0.004168725,0.000517434,0.003651291
597,768,17,0.004340677,0.000516029,0.003824648
597,768,18,0.004354635,0.00051444,0.003840195
597,768,19,0.004189694,0.000500468,0.003689226
597,768,20,0.015834216,0.012483263,0.003350953
597,768,21,0.005413319,0.001962566,0.003450753
597,768,22,0.005070819,0.001593945,0.003476874
597,768,23,0.004950584,0.001589,0.003361584
597,768,24,0.004916515,0.001550958,0.003365557
597,768,25,0.005150142,0.001704826,0.003445316
597,768,26,0.005218032,0.001802435,0.003415597
597,768,27,0.00469256,0.00130126,0.0033913
597,768,28,0.004490339,0.001132201,0.003358138
597,768,29,0.004638885,0.001327055,0.00331183
597,768,30,0.004749802,0.001317513,0.003432289
597,768,31,0.004505677,0.001130979,0.003374698
597,768,32,0.004719377,0.001190751,0.003528626
597,768,33,0.004241243,0.000812585,0.003428658
597,768,34,0.004595024,0.001219935,0.003375089
597,768,35,0.004565164,0.001121025,0.003444139
597,768,36,0.004550742,0.001110231,0.003440511
597,768,37,0.004535072,0.001016614,0.003518458
597,768,38,0.004609825,0.001099766,0.003510059
597,768,39,0.004511874,0.000960184,0.00355169
597,768,40,0.00448979,0.000963817,0.003525973
597,768,41,0.004508593,0.000921649,0.003586944
597,768,42,0.004631946,0.001001876,0.00363007
597,768,43,0.00456424,0.000874584,0.003689656
597,768,44,0.004432468,0.000796208,0.00363626
597,768,45,0.004538751,0.000804485,0.003734266
597,768,46,0.004495319,0.000784604,0.003710715
597,768,47,0.004581292,0.00071359,0.003867702
597,768,48,0.00451192,0.00067665,0.00383527
597,768,49,0.004415343,0.000600063,0.00381528
597,768,50,0.004563905,0.000809535,0.00375437
597,768,51,0.004552513,0.00069664,0.003855873
597,768,52,0.004490206,0.000650469,0.003839737
597,768,53,0.004660513,0.000740714,0.003919799
597,768,54,0.004551869,0.000615989,0.00393588
597,768,55,0.004576438,0.000581109,0.003995329
597,768,56,0.004573422,0.000577074,0.003996348
597,768,57,0.004443583,0.000561932,0.003881651
597,768,58,0.004561994,0.000723026,0.003838968
597,768,59,0.004530743,0.00066882,0.003861923
597,768,60,0.004587595,0.000690684,0.003896911
597,768,61,0.004450144,0.000609941,0.003840203
597,768,62,0.004663147,0.000675756,0.003987391
597,768,63,0.004367378,0.000559749,0.003807629
597,768,64,0.004501451,0.000720183,0.003781268
597,768,65,0.004427907,0.00066144,0.003766467
597,768,66,0.004566776,0.00077534,0.003791436
597,768,67,0.004610813,0.000805665,0.003805148
597,768,68,0.005264346,0.001350807,0.003913539
597,768,69,0.004471348,0.000649021,0.003822327
597,768,70,0.004495994,0.00064401,0.003851984
597,768,71,0.004296414,0.000600826,0.003695588
597,768,72,0.005223703,0.001388074,0.003835629
597,768,73,0.004850303,0.000910977,0.003939326
597,768,74,0.004492037,0.000614138,0.003877899
597,768,75,0.004496146,0.000652842,0.003843304
597,768,76,0.0057102,0.001765473,0.003944727
597,768,77,0.00524269,0.00101767,0.00422502
597,768,78,0.004906307,0.000801654,0.004104653
597,768,79,0.004747791,0.000505897,0.004241894
597,768,80,0.004667679,0.000526778,0.004140901
597,768,81,0.004681924,0.000562014,0.00411991
597,768,82,0.004846064,0.00081632,0.004029744
597,768,83,0.004544628,0.000511038,0.00403359
597,768,84,0.004519763,0.000601313,0.00391845
597,768,85,0.005424681,0.001697076,0.003727605
597,768,86,0.004927484,0.001357226,0.003570258
597,768,87,0.004817618,0.001231934,0.003585684
597,768,88,0.004784543,0.001285183,0.00349936
597,768,89,0.008672947,0.005269472,0.003403475
597,768,90,0.004921418,0.001352323,0.003569095
597,768,91,0.004311785,0.000588584,0.003723201
597,768,92,0.004469666,0.000725124,0.003744542
597,768,93,0.004067355,0.000664842,0.003402513
597,768,94,0.004835816,0.001542873,0.003292943
597,768,95,0.005484606,0.002064697,0.003419909
597,768,96,0.004886079,0.001463504,0.003422575
597,768,97,0.004633893,0.001104247,0.003529646
597,768,98,0.00644803,0.003142556,0.003305474
597,768,99,0.005352862,0.0019628,0.003390062
597,768,100,0.004623734,0.00105115,0.003572584
597,768,101,0.003902806,0.000526549,0.003376257
597,768,102,0.006468418,0.003197221,0.003271197
597,768,103,0.004867906,0.001550536,0.00331737
597,768,104,0.004205261,0.000940854,0.003264407
597,768,105,0.005576425,0.002331944,0.003244481
597,768,106,0.004547138,0.001233344,0.003313794
597,768,107,0.00458354,0.001319227,0.003264313
597,768,108,0.005866868,0.00259082,0.003276048
597,768,109,0.005056449,0.001710849,0.0033456
597,768,110,0.004350976,0.001153129,0.003197847
598,768,1,0.760299132,0.636048098,0.124251034
598,768,2,0.013377225,0.010306899,0.003070326
598,768,3,0.020036121,0.016977943,0.003058178
598,768,4,0.003906024,0.000794898,0.003111126
598,768,5,0.003725313,0.000568614,0.003156699
598,768,6,0.003661655,0.000473894,0.003187761
598,768,7,0.003735134,0.000583885,0.003151249
598,768,8,0.004963918,0.001837453,0.003126465
598,768,9,0.004512792,0.00128728,0.003225512
598,768,10,0.015981029,0.012658726,0.003322303
598,768,11,0.004611604,0.001141148,0.003470456
598,768,12,0.004190337,0.000595216,0.003595121
598,768,13,0.004187371,0.000647274,0.003540097
598,768,14,0.004232872,0.000605815,0.003627057
598,768,15,0.004095681,0.000505025,0.003590656
598,768,16,0.004285295,0.000631645,0.00365365
598,768,17,0.00422814,0.000554033,0.003674107
598,768,18,0.00439857,0.000566976,0.003831594
598,768,19,0.016745615,0.013360259,0.003385356
598,768,20,0.005400626,0.002175003,0.003225623
598,768,21,0.005198337,0.001951808,0.003246529
598,768,22,0.004944961,0.001660246,0.003284715
598,768,23,0.004866299,0.001493254,0.003373045
598,768,24,0.00500745,0.001719948,0.003287502
598,768,25,0.004838888,0.001521913,0.003316975
598,768,26,0.004660788,0.001247606,0.003413182
598,768,27,0.004379758,0.001018403,0.003361355
598,768,28,0.004539964,0.001165094,0.00337487
598,768,29,0.004551386,0.001269875,0.003281511
598,768,30,0.004611457,0.001316808,0.003294649
598,768,31,0.004831893,0.001421775,0.003410118
598,768,32,0.004406781,0.00097022,0.003436561
598,768,33,0.004500185,0.001046718,0.003453467
598,768,34,0.004497105,0.001105013,0.003392092
598,768,35,0.004484756,0.001025971,0.003458785
598,768,36,0.004367152,0.000923145,0.003444007
598,768,37,0.00441411,0.000968153,0.003445957
598,768,38,0.00458955,0.001028324,0.003561226
598,768,39,0.004439898,0.000950801,0.003489097
598,768,40,0.004608472,0.000991165,0.003617307
598,768,41,0.004405645,0.000861987,0.003543658
598,768,42,0.004684456,0.001023571,0.003660885
598,768,43,0.004497912,0.000860764,0.003637148
598,768,44,0.004517514,0.000815625,0.003701889
598,768,45,0.004470518,0.000791818,0.0036787
598,768,46,0.004665968,0.000827483,0.003838485
598,768,47,0.004402529,0.000613946,0.003788583
598,768,48,0.004691381,0.000715371,0.00397601
598,768,49,0.004332807,0.000515255,0.003817552
598,768,50,0.004635639,0.000797714,0.003837925
598,768,51,0.004510862,0.000673749,0.003837113
598,768,52,0.004579952,0.000706025,0.003873927
598,768,53,0.004566561,0.000701641,0.00386492
598,768,54,0.004505523,0.000632091,0.003873432
598,768,55,0.004571483,0.000635707,0.003935776
598,768,56,0.004643716,0.000647407,0.003996309
598,768,57,0.004472399,0.000567645,0.003904754
598,768,58,0.004570236,0.000643288,0.003926948
598,768,59,0.004592984,0.000621322,0.003971662
598,768,60,0.004648316,0.000686495,0.003961821
598,768,61,0.004452512,0.000568751,0.003883761
598,768,62,0.004566131,0.000622325,0.003943806
598,768,63,0.004510727,0.000654003,0.003856724
598,768,64,0.004788872,0.000846475,0.003942397
598,768,65,0.004478476,0.000576883,0.003901593
598,768,66,0.004763947,0.000834059,0.003929888
598,768,67,0.004348936,0.000557518,0.003791418
598,768,68,0.004858808,0.000963467,0.003895341
598,768,69,0.004397456,0.000608869,0.003788587
598,768,70,0.004901992,0.001113172,0.00378882
598,768,71,0.0051015,0.001244545,0.003856955
598,768,72,0.004623897,0.000745241,0.003878656
598,768,73,0.004560328,0.000585662,0.003974666
598,768,74,0.004433757,0.00054622,0.003887537
598,768,75,0.004501953,0.000606368,0.003895585
598,768,76,0.005030272,0.001153602,0.00387667
598,768,77,0.005650677,0.001613057,0.00403762
598,768,78,0.004425209,0.000481948,0.003943261
598,768,79,0.004913027,0.000851115,0.004061912
598,768,80,0.00531481,0.001298819,0.004015991
598,768,81,0.004878407,0.000951264,0.003927143
598,768,82,0.004578965,0.000692877,0.003886088
598,768,83,0.004466036,0.000672684,0.003793352
598,768,84,0.00589855,0.002177718,0.003720832
598,768,85,0.004891942,0.001289844,0.003602098
598,768,86,0.004708035,0.001133251,0.003574784
598,768,87,0.004393009,0.0008669,0.003526109
598,768,88,0.00477557,0.001404842,0.003370728
598,768,89,0.005143055,0.001817514,0.003325541
598,768,90,0.007393642,0.003879342,0.0035143
598,768,91,0.004806901,0.001154765,0.003652136
598,768,92,0.004316802,0.000753787,0.003563015
598,768,93,0.004329537,0.000934221,0.003395316
598,768,94,0.006319177,0.00301728,0.003301897
598,768,95,0.005261057,0.001826678,0.003434379
598,768,96,0.004384019,0.000928865,0.003455154
598,768,97,0.00654005,0.003264468,0.003275582
598,768,98,0.005256828,0.002003508,0.00325332
598,768,99,0.004652206,0.001254624,0.003397582
598,768,100,0.004300839,0.000749589,0.00355125
598,768,101,0.006265279,0.003108815,0.003156464
598,768,102,0.004856696,0.001607805,0.003248891
598,768,103,0.004322802,0.001027495,0.003295307
598,768,104,0.005323485,0.002123184,0.003200301
598,768,105,0.00450218,0.001269195,0.003232985
598,768,106,0.004784521,0.001487063,0.003297458
598,768,107,0.005853924,0.002628402,0.003225522
598,768,108,0.005023299,0.001631475,0.003391824
598,768,109,0.004302941,0.000912895,0.003390046
598,768,110,0.006685402,0.003639238,0.003046164
599,768,1,0.758195152,0.634593785,0.123601367
599,768,2,0.049732037,0.046689668,0.003042369
599,768,3,0.003822928,0.000692245,0.003130683
599,768,4,0.00372884,0.000576759,0.003152081
599,768,5,0.003649835,0.000480512,0.003169323
599,768,6,0.003692548,0.000500771,0.003191777
599,768,7,0.003617545,0.000437422,0.003180123
599,768,8,0.004023757,0.000797362,0.003226395
599,768,9,0.004305056,0.001049897,0.003255159
599,768,10,0.004616532,0.001372625,0.003243907
599,768,11,0.0158261,0.012483307,0.003342793
599,768,12,0.004583181,0.001120336,0.003462845
599,768,13,0.004253415,0.000748792,0.003504623
599,768,14,0.004158153,0.000654543,0.00350361
599,768,15,0.004379996,0.000766117,0.003613879
599,768,16,0.004198109,0.000570319,0.00362779
599,768,17,0.00426505,0.000572798,0.003692252
599,768,18,0.01792505,0.014524107,0.003400943
599,768,19,0.005607912,0.002349831,0.003258081
599,768,20,0.005197823,0.001971229,0.003226594
599,768,21,0.004934482,0.001640963,0.003293519
599,768,22,0.004793908,0.001501722,0.003292186
599,768,23,0.005094021,0.001653071,0.00344095
599,768,24,0.004464413,0.00107262,0.003391793
599,768,25,0.004369741,0.000963283,0.003406458
599,768,26,0.00433276,0.000884702,0.003448058
599,768,27,0.004544261,0.001170974,0.003373287
599,768,28,0.004452901,0.001051197,0.003401704
599,768,29,0.004554284,0.001165782,0.003388502
599,768,30,0.004434103,0.001062045,0.003372058
599,768,31,0.004646285,0.001222219,0.003424066
599,768,32,0.004353981,0.000895975,0.003458006
599,768,33,0.004341895,0.000940359,0.003401536
599,768,34,0.004445606,0.001031056,0.00341455
599,768,35,0.004489552,0.001110192,0.00337936
599,768,36,0.004397837,0.000953747,0.00344409
599,768,37,0.004377483,0.001000866,0.003376617
599,768,38,0.004563553,0.001062506,0.003501047
599,768,39,0.004428843,0.000966111,0.003462732
599,768,40,0.004537974,0.000962553,0.003575421
599,768,41,0.004560297,0.001022359,0.003537938
599,768,42,0.004552382,0.000958164,0.003594218
599,768,43,0.004551824,0.00093674,0.003615084
599,768,44,0.004371122,0.000707095,0.003664027
599,768,45,0.004574894,0.00101957,0.003555324
599,768,46,0.004556565,0.000822253,0.003734312
599,768,47,0.004526262,0.000785659,0.003740603
599,768,48,0.004603675,0.0007383,0.003865375
599,768,49,0.004384742,0.000660121,0.003724621
599,768,50,0.004620398,0.000819496,0.003800902
599,768,51,0.004460858,0.000706659,0.003754199
599,768,52,0.004649153,0.000820608,0.003828545
599,768,53,0.004665267,0.0008212,0.003844067
599,768,54,0.004625133,0.00073623,0.003888903
599,768,55,0.004494315,0.000662328,0.003831987
599,768,56,0.004720646,0.000838203,0.003882443
599,768,57,0.004418355,0.00060648,0.003811875
599,768,58,0.00457947,0.000773407,0.003806063
599,768,59,0.00452607,0.000725614,0.003800456
599,768,60,0.00453024,0.000729048,0.003801192
599,768,61,0.004823763,0.001059918,0.003763845
599,768,62,0.00452341,0.000757333,0.003766077
599,768,63,0.00453574,0.000760648,0.003775092
599,768,64,0.004682434,0.000921639,0.003760795
599,768,65,0.004887875,0.001138136,0.003749739
599,768,66,0.004575787,0.000755614,0.003820173
599,768,67,0.004902554,0.0011613,0.003741254
599,768,68,0.004458076,0.000741887,0.003716189
599,768,69,0.004511938,0.000729283,0.003782655
599,768,70,0.00533753,0.0015971,0.00374043
599,768,71,0.004292469,0.000542293,0.003750176
599,768,72,0.004504676,0.000689722,0.003814954
599,768,73,0.004581991,0.000728562,0.003853429
599,768,74,0.004454101,0.000613584,0.003840517
599,768,75,0.005075013,0.001189455,0.003885558
599,768,76,0.005070158,0.001136946,0.003933212
599,768,77,0.004988564,0.00099184,0.003996724
599,768,78,0.004941836,0.000944484,0.003997352
599,768,79,0.004553796,0.000647738,0.003906058
599,768,80,0.005369842,0.001470061,0.003899781
599,768,81,0.004904316,0.000957633,0.003946683
599,768,82,0.004568875,0.000725815,0.00384306
599,768,83,0.006255982,0.002476098,0.003779884
599,768,84,0.004642392,0.00093977,0.003702622
599,768,85,0.004560187,0.001043706,0.003516481
599,768,86,0.004322146,0.000819268,0.003502878
599,768,87,0.004770149,0.001332538,0.003437611
599,768,88,0.005558841,0.002264269,0.003294572
599,768,89,0.005719325,0.002408171,0.003311154
599,768,90,0.005198847,0.001670935,0.003527912
599,768,91,0.004299339,0.000777553,0.003521786
599,768,92,0.004842945,0.001329478,0.003513467
599,768,93,0.006529749,0.003218769,0.00331098
599,768,94,0.00561831,0.002225458,0.003392852
599,768,95,0.004790394,0.001230542,0.003559852
599,768,96,0.00658666,0.003225306,0.003361354
599,768,97,0.005192694,0.001854021,0.003338673
599,768,98,0.004513523,0.001254597,0.003258926
599,768,99,0.004227871,0.000814777,0.003413094
599,768,100,0.004345033,0.000844409,0.003500624
599,768,101,0.004134638,0.000802384,0.003332254
599,768,102,0.007016285,0.003793959,0.003222326
599,768,103,0.005464912,0.002298304,0.003166608
599,768,104,0.004488158,0.001265863,0.003222295
599,768,105,0.004760442,0.00145982,0.003300622
599,768,106,0.005937062,0.00267797,0.003259092
599,768,107,0.00496091,0.001587162,0.003373748
599,768,108,0.004168981,0.000863467,0.003305514
599,768,109,0.006706571,0.003481998,0.003224573
599,768,110,0.004621252,0.001421916,0.003199336
600,768,1,0.789167633,0.662248356,0.126919277
600,768,2,0.003713316,0.000492111,0.003221205
600,768,3,0.00370666,0.000479837,0.003226823
600,768,4,0.003636538,0.000462226,0.003174312
600,768,5,0.003675695,0.000458441,0.003217254
600,768,6,0.003661949,0.000466641,0.003195308
600,768,7,0.003727319,0.000470602,0.003256717
600,768,8,0.0039434,0.000639622,0.003303778
600,768,9,0.004080131,0.000738156,0.003341975
600,768,10,0.004035116,0.000703996,0.00333112
600,768,11,0.004292331,0.000951736,0.003340595
600,768,12,0.015285802,0.012193791,0.003092011
600,768,13,0.004567301,0.001469107,0.003098194
600,768,14,0.00435024,0.001154728,0.003195512
600,768,15,0.004131722,0.000973805,0.003157917
600,768,16,0.004229772,0.001164065,0.003065707
600,768,17,0.019469329,0.01588908,0.003580249
600,768,18,0.005936167,0.002186031,0.003750136
600,768,19,0.005163336,0.001161369,0.004001967
600,768,20,0.004903828,0.000945046,0.003958782
600,768,21,0.004803094,0.000732031,0.004071063
600,768,22,0.00496921,0.000899068,0.004070142
600,768,23,0.004511699,0.000614472,0.003897227
600,768,24,0.004260864,0.000520893,0.003739971
600,768,25,0.004263054,0.000581201,0.003681853
600,768,26,0.0044145,0.000727011,0.003687489
600,768,27,0.004377686,0.000608511,0.003769175
600,768,28,0.004185568,0.000601721,0.003583847
600,768,29,0.004560693,0.000967592,0.003593101
600,768,30,0.004368314,0.00085386,0.003514454
600,768,31,0.004706717,0.001055189,0.003651528
600,768,32,0.004281542,0.00072304,0.003558502
600,768,33,0.004426693,0.000797134,0.003629559
600,768,34,0.004540459,0.000986965,0.003553494
600,768,35,0.004425682,0.000894148,0.003531534
600,768,36,0.004372482,0.000894182,0.0034783
600,768,37,0.00438076,0.000897925,0.003482835
600,768,38,0.004506303,0.001066742,0.003439561
600,768,39,0.004463621,0.000973967,0.003489654
600,768,40,0.004547186,0.000999292,0.003547894
600,768,41,0.004356194,0.000841809,0.003514385
600,768,42,0.004606457,0.00112446,0.003481997
600,768,43,0.004642788,0.001079906,0.003562882
600,768,44,0.004542643,0.001030245,0.003512398
600,768,45,0.00454128,0.000951253,0.003590027
600,768,46,0.004459852,0.000895619,0.003564233
600,768,47,0.00437668,0.000826245,0.003550435
600,768,48,0.004493134,0.00092401,0.003569124
600,768,49,0.004664562,0.000999499,0.003665063
600,768,50,0.004554781,0.000913106,0.003641675
600,768,51,0.004636843,0.000917554,0.003719289
600,768,52,0.004576473,0.000901177,0.003675296
600,768,53,0.004642755,0.000867752,0.003775003
600,768,54,0.004583875,0.000844835,0.00373904
600,768,55,0.00469211,0.000785055,0.003907055
600,768,56,0.004436315,0.00066065,0.003775665
600,768,57,0.004542185,0.000713806,0.003828379
600,768,58,0.004597534,0.000853598,0.003743936
600,768,59,0.004608184,0.000691547,0.003916637
600,768,60,0.004715597,0.000977113,0.003738484
600,768,61,0.004731754,0.00073961,0.003992144
600,768,62,0.004429746,0.000646241,0.003783505
600,768,63,0.004618394,0.000794654,0.00382374
600,768,64,0.004946314,0.00116717,0.003779144
600,768,65,0.004624242,0.000743611,0.003880631
600,768,66,0.004864399,0.001081244,0.003783155
600,768,67,0.004536383,0.0006496,0.003886783
600,768,68,0.004487246,0.000647599,0.003839647
600,768,69,0.004704208,0.000871808,0.0038324
600,768,70,0.00480713,0.001078848,0.003728282
600,768,71,0.004584661,0.000758043,0.003826618
600,768,72,0.004444871,0.000663654,0.003781217
600,768,73,0.004517321,0.000634528,0.003882793
600,768,74,0.004874832,0.001234166,0.003640666
600,768,75,0.004459133,0.000876346,0.003582787
600,768,76,0.004770944,0.001326788,0.003444156
600,768,77,0.005011507,0.001471335,0.003540172
600,768,78,0.004964215,0.00143572,0.003528495
600,768,79,0.005338698,0.001782241,0.003556457
600,768,80,0.005235966,0.001665635,0.003570331
600,768,81,0.00432879,0.000727868,0.003600922
600,768,82,0.005665313,0.002243487,0.003421826
600,768,83,0.005418426,0.001887336,0.00353109
600,768,84,0.004692856,0.001058615,0.003634241
600,768,85,0.004926779,0.001191038,0.003735741
600,768,86,0.004750386,0.001044502,0.003705884
600,768,87,0.005166761,0.001612931,0.00355383
600,768,88,0.005175799,0.001498178,0.003677621
600,768,89,0.005755092,0.002271351,0.003483741
600,768,90,0.004400984,0.000806268,0.003594716
600,768,91,0.003965473,0.000553677,0.003411796
600,768,92,0.006886698,0.003514149,0.003372549
600,768,93,0.006029184,0.002592603,0.003436581
600,768,94,0.004696158,0.001290268,0.00340589
600,768,95,0.00664364,0.003214087,0.003429553
600,768,96,0.005482929,0.001998741,0.003484188
600,768,97,0.004867334,0.001125172,0.003742162
600,768,98,0.004096313,0.000467292,0.003629021
600,768,99,0.004087345,0.000559735,0.00352761
600,768,100,0.004144142,0.000833146,0.003310996
600,768,101,0.007208415,0.003941131,0.003267284
600,768,102,0.005407527,0.002062741,0.003344786
600,768,103,0.004571184,0.001049723,0.003521461
600,768,104,0.004573974,0.001263479,0.003310495
600,768,105,0.005877178,0.002741937,0.003135241
600,768,106,0.004899867,0.001674188,0.003225679
600,768,107,0.004168547,0.000939867,0.00322868
600,768,108,0.006799633,0.00319986,0.003599773
600,768,109,0.004652444,0.00141464,0.003237804
600,768,110,0.004252793,0.001231555,0.003021238
601,768,1,0.756585354,0.632874721,0.123710633
601,768,2,0.043201225,0.040130259,0.003070966
601,768,3,0.003840378,0.000627609,0.003212769
601,768,4,0.003621379,0.000420346,0.003201033
601,768,5,0.003618328,0.000409263,0.003209065
601,768,6,0.003736256,0.000513561,0.003222695
601,768,7,0.00369933,0.000435419,0.003263911
601,768,8,0.00404984,0.000717364,0.003332476
601,768,9,0.004008681,0.00065724,0.003351441
601,768,10,0.004071446,0.000737678,0.003333768
601,768,11,0.004181578,0.000800662,0.003380916
601,768,12,0.004165097,0.000875878,0.003289219
601,768,13,0.015028558,0.011941246,0.003087312
601,768,14,0.004398124,0.00120822,0.003189904
601,768,15,0.004241882,0.001109608,0.003132274
601,768,16,0.019608426,0.016347078,0.003261348
601,768,17,0.005828339,0.002259949,0.00356839
601,768,18,0.005605182,0.001735795,0.003869387
601,768,19,0.004811503,0.000885251,0.003926252
601,768,20,0.004685556,0.00068715,0.003998406
601,768,21,0.004621047,0.000614064,0.004006983
601,768,22,0.004850544,0.000838918,0.004011626
601,768,23,0.004582471,0.000697937,0.003884534
601,768,24,0.004173199,0.00047602,0.003697179
601,768,25,0.004492368,0.000755522,0.003736846
601,768,26,0.004159855,0.000520479,0.003639376
601,768,27,0.004644699,0.000910001,0.003734698
601,768,28,0.004463208,0.000866051,0.003597157
601,768,29,0.004428233,0.000889529,0.003538704
601,768,30,0.004591665,0.001031756,0.003559909
601,768,31,0.004542807,0.000956957,0.00358585
601,768,32,0.004330644,0.000769322,0.003561322
601,768,33,0.004622862,0.00102001,0.003602852
601,768,34,0.004314934,0.000802909,0.003512025
601,768,35,0.00467485,0.001149343,0.003525507
601,768,36,0.004292889,0.000837611,0.003455278
601,768,37,0.00450461,0.001038582,0.003466028
601,768,38,0.004480589,0.001035714,0.003444875
601,768,39,0.00456753,0.001056577,0.003510953
601,768,40,0.00446102,0.000950949,0.003510071
601,768,41,0.004563788,0.001018428,0.00354536
601,768,42,0.004519947,0.001041581,0.003478366
601,768,43,0.004626397,0.001078271,0.003548126
601,768,44,0.004473082,0.000915398,0.003557684
601,768,45,0.004485147,0.000872117,0.00361303
601,768,46,0.004393846,0.000852453,0.003541393
601,768,47,0.004503962,0.000963689,0.003540273
601,768,48,0.004577754,0.001026311,0.003551443
601,768,49,0.00459056,0.001013712,0.003576848
601,768,50,0.004717713,0.00103366,0.003684053
601,768,51,0.004501397,0.000865529,0.003635868
601,768,52,0.004604621,0.000893096,0.003711525
601,768,53,0.004485274,0.000801621,0.003683653
601,768,54,0.004667351,0.000932536,0.003734815
601,768,55,0.004626181,0.000844564,0.003781617
601,768,56,0.00448164,0.000831765,0.003649875
601,768,57,0.004626471,0.000910697,0.003715774
601,768,58,0.004569716,0.000946689,0.003623027
601,768,59,0.004717127,0.00102824,0.003688887
601,768,60,0.004708903,0.000939781,0.003769122
601,768,61,0.004562369,0.000844415,0.003717954
601,768,62,0.004660194,0.000969688,0.003690506
601,768,63,0.004571907,0.000803106,0.003768801
601,768,64,0.004606621,0.00088962,0.003717001
601,768,65,0.004494951,0.000749701,0.00374525
601,768,66,0.004636328,0.000995119,0.003641209
601,768,67,0.004638557,0.000820477,0.00381808
601,768,68,0.00473186,0.000951362,0.003780498
601,768,69,0.004675643,0.000858596,0.003817047
601,768,70,0.004677013,0.000928879,0.003748134
601,768,71,0.004496437,0.00064551,0.003850927
601,768,72,0.004559955,0.000655878,0.003904077
601,768,73,0.004474725,0.000631376,0.003843349
601,768,74,0.004483088,0.00078796,0.003695128
601,768,75,0.004580583,0.000929078,0.003651505
601,768,76,0.004643132,0.001045598,0.003597534
601,768,77,0.005287071,0.001749621,0.00353745
601,768,78,0.006369807,0.002954287,0.00341552
601,768,79,0.005543431,0.002015774,0.003527657
601,768,80,0.004339721,0.000772186,0.003567535
601,768,81,0.00585825,0.002322303,0.003535947
601,768,82,0.004978225,0.001459617,0.003518608
601,768,83,0.00450953,0.000923472,0.003586058
601,768,84,0.004939454,0.001302353,0.003637101
601,768,85,0.004358186,0.000648721,0.003709465
601,768,86,0.005699092,0.0021023,0.003596792
601,768,87,0.005449438,0.001959353,0.003490085
601,768,88,0.004922362,0.001344555,0.003577807
601,768,89,0.004574366,0.001118873,0.003455493
601,768,90,0.004422214,0.000843971,0.003578243
601,768,91,0.00668659,0.003337074,0.003349516
601,768,92,0.005480974,0.002078001,0.003402973
601,768,93,0.004957081,0.001495431,0.00346165
601,768,94,0.004995167,0.001565279,0.003429888
601,768,95,0.006252841,0.002882784,0.003370057
601,768,96,0.004744643,0.001292333,0.00345231
601,768,97,0.004894848,0.001322006,0.003572842
601,768,98,0.004643511,0.001026093,0.003617418
601,768,99,0.004741298,0.001358047,0.003383251
601,768,100,0.007297705,0.004023526,0.003274179
601,768,101,0.005243894,0.001975448,0.003268446
601,768,102,0.004232311,0.000850617,0.003381694
601,768,103,0.004514842,0.001011458,0.003503384
601,768,104,0.006213588,0.003044252,0.003169336
601,768,105,0.004821986,0.001671781,0.003150205
601,768,106,0.00442475,0.001098654,0.003326096
601,768,107,0.004201192,0.000907894,0.003293298
601,768,108,0.006242237,0.002800539,0.003441698
601,768,109,0.004104451,0.000899854,0.003204597
601,768,110,0.006188467,0.003169898,0.003018569
602,768,1,0.757487878,0.63403192,0.123455958
602,768,2,0.021827706,0.018803472,0.003024234
602,768,3,0.043324089,0.040213244,0.003110845
602,768,4,0.003876162,0.000729172,0.00314699
602,768,5,0.003583779,0.000406799,0.00317698
602,768,6,0.00371555,0.000484152,0.003231398
602,768,7,0.003737901,0.000513929,0.003223972
602,768,8,0.003905851,0.000634258,0.003271593
602,768,9,0.004106238,0.000816386,0.003289852
602,768,10,0.004041223,0.000752222,0.003289001
602,768,11,0.004151951,0.000786704,0.003365247
602,768,12,0.004230899,0.000894147,0.003336752
602,768,13,0.003983165,0.000732622,0.003250543
602,768,14,0.014855111,0.011770567,0.003084544
602,768,15,0.020711438,0.017624265,0.003087173
602,768,16,0.005118171,0.001832691,0.00328548
602,768,17,0.005583915,0.001953391,0.003630524
602,768,18,0.005001734,0.001098363,0.003903371
602,768,19,0.004861625,0.000912923,0.003948702
602,768,20,0.004462747,0.000542647,0.0039201
602,768,21,0.004700337,0.000698647,0.00400169
602,768,22,0.00462887,0.000685682,0.003943188
602,768,23,0.004723232,0.000849186,0.003874046
602,768,24,0.004199754,0.000540816,0.003658938
602,768,25,0.004466007,0.000708786,0.003757221
602,768,26,0.004236338,0.000608213,0.003628125
602,768,27,0.004613544,0.000922529,0.003691015
602,768,28,0.004445776,0.000857251,0.003588525
602,768,29,0.004441461,0.00093952,0.003501941
602,768,30,0.004718459,0.001262761,0.003455698
602,768,31,0.004599728,0.001080936,0.003518792
602,768,32,0.004582701,0.00106777,0.003514931
602,768,33,0.004412924,0.000904737,0.003508187
602,768,34,0.004511419,0.001133774,0.003377645
602,768,35,0.004483984,0.001015697,0.003468287
602,768,36,0.004460744,0.000996501,0.003464243
602,768,37,0.004459575,0.001010218,0.003449357
602,768,38,0.004514755,0.001052832,0.003461923
602,768,39,0.004473747,0.001042712,0.003431035
602,768,40,0.004530371,0.001063879,0.003466492
602,768,41,0.004459662,0.00100683,0.003452832
602,768,42,0.004480964,0.001146488,0.003334476
602,768,43,0.004536547,0.001122637,0.00341391
602,768,44,0.004564606,0.001080325,0.003484281
602,768,45,0.004444035,0.000936081,0.003507954
602,768,46,0.004473211,0.000931757,0.003541454
602,768,47,0.004474379,0.000947448,0.003526931
602,768,48,0.004451758,0.000896924,0.003554834
602,768,49,0.004630865,0.000990039,0.003640826
602,768,50,0.004437731,0.000815294,0.003622437
602,768,51,0.00482447,0.001123721,0.003700749
602,768,52,0.004640516,0.000998993,0.003641523
602,768,53,0.004525037,0.000837622,0.003687415
602,768,54,0.004671739,0.001048408,0.003623331
602,768,55,0.004691001,0.000932325,0.003758676
602,768,56,0.004489894,0.000872885,0.003617009
602,768,57,0.004610776,0.000897245,0.003713531
602,768,58,0.004684683,0.00104753,0.003637153
602,768,59,0.004528888,0.000882372,0.003646516
602,768,60,0.004703052,0.001045375,0.003657677
602,768,61,0.004510733,0.000774959,0.003735774
602,768,62,0.004803138,0.001126029,0.003677109
602,768,63,0.004531761,0.00075284,0.003778921
602,768,64,0.004389485,0.000738067,0.003651418
602,768,65,0.004722527,0.000998279,0.003724248
602,768,66,0.004424852,0.000719941,0.003704911
602,768,67,0.004882467,0.001069371,0.003813096
602,768,68,0.004789394,0.001082452,0.003706942
602,768,69,0.004478823,0.000610128,0.003868695
602,768,70,0.004637389,0.000840603,0.003796786
602,768,71,0.004532209,0.000747813,0.003784396
602,768,72,0.00450095,0.000774939,0.003726011
602,768,73,0.004603641,0.000867507,0.003736134
602,768,74,0.004575195,0.000848129,0.003727066
602,768,75,0.004508041,0.000929587,0.003578454
602,768,76,0.004837893,0.001285313,0.00355258
602,768,77,0.007169902,0.00377857,0.003391332
602,768,78,0.005524948,0.002024966,0.003499982
602,768,79,0.004342974,0.000835804,0.00350717
602,768,80,0.00614427,0.002482374,0.003661896
602,768,81,0.004833662,0.00120827,0.003625392
602,768,82,0.004165038,0.000578802,0.003586236
602,768,83,0.004579942,0.00100398,0.003575962
602,768,84,0.0045857,0.000973856,0.003611844
602,768,85,0.006016931,0.002424751,0.00359218
602,768,86,0.005465506,0.001926486,0.00353902
602,768,87,0.004856844,0.001312812,0.003544032
602,768,88,0.004203348,0.000716318,0.00348703
602,768,89,0.004798346,0.001230461,0.003567885
602,768,90,0.006625143,0.003339169,0.003285974
602,768,91,0.005436349,0.002061139,0.00337521
602,768,92,0.004732105,0.001164336,0.003567769
602,768,93,0.005052002,0.001689801,0.003362201
602,768,94,0.004695759,0.001248816,0.003446943
602,768,95,0.004257893,0.000862519,0.003395374
602,768,96,0.005787157,0.002338199,0.003448958
602,768,97,0.004520991,0.001078446,0.003442545
602,768,98,0.006624328,0.00317368,0.003450648
602,768,99,0.004659757,0.001291467,0.00336829
602,768,100,0.005911322,0.002663499,0.003247823
602,768,101,0.005583182,0.002262817,0.003320365
602,768,102,0.004619045,0.001236742,0.003382303
602,768,103,0.004678779,0.001176685,0.003502094
602,768,104,0.004162257,0.000844474,0.003317783
602,768,105,0.005624262,0.002430502,0.00319376
602,768,106,0.004668861,0.001446299,0.003222562
602,768,107,0.006865811,0.003556192,0.003309619
602,768,108,0.004519417,0.001034027,0.00348539
602,768,109,0.006021689,0.002934504,0.003087185
602,768,110,0.004256181,0.001237033,0.003019148
603,768,1,0.759322759,0.63578978,0.123532979
603,768,2,0.003543759,0.00042546,0.003118299
603,768,3,0.003622293,0.000465998,0.003156295
603,768,4,0.043271357,0.040189119,0.003082238
603,768,5,0.003981195,0.000793272,0.003187923
603,768,6,0.00360641,0.000411505,0.003194905
603,768,7,0.003665649,0.000438283,0.003227366
603,768,8,0.004073828,0.000769848,0.00330398
603,768,9,0.004032909,0.000713488,0.003319421
603,768,10,0.004036479,0.000737338,0.003299141
603,768,11,0.004118075,0.000807703,0.003310372
603,768,12,0.004064783,0.000781627,0.003283156
603,768,13,0.004129577,0.000836459,0.003293118
603,768,14,0.032436833,0.02940606,0.003030773
603,768,15,0.004690529,0.001567039,0.00312349
603,768,16,0.004814684,0.001579451,0.003235233
603,768,17,0.004902101,0.001325415,0.003576686
603,768,18,0.005126892,0.001355315,0.003771577
603,768,19,0.004675029,0.000768236,0.003906793
603,768,20,0.004528055,0.0006421,0.003885955
603,768,21,0.004619287,0.00062782,0.003991467
603,768,22,0.004764893,0.000788016,0.003976877
603,768,23,0.004523203,0.000632994,0.003890209
603,768,24,0.004171766,0.000482161,0.003689605
603,768,25,0.004213583,0.000534296,0.003679287
603,768,26,0.004336833,0.00069948,0.003637353
603,768,27,0.004581157,0.00089973,0.003681427
603,768,28,0.004372394,0.000840214,0.00353218
603,768,29,0.004580255,0.001045903,0.003534352
603,768,30,0.004543976,0.000983921,0.003560055
603,768,31,0.004467297,0.000911511,0.003555786
603,768,32,0.004571353,0.001053577,0.003517776
603,768,33,0.004547704,0.000945533,0.003602171
603,768,34,0.00436935,0.000893106,0.003476244
603,768,35,0.004579434,0.001075606,0.003503828
603,768,36,0.004399786,0.000941509,0.003458277
603,768,37,0.004400188,0.000928612,0.003471576
603,768,38,0.004424767,0.001027276,0.003397491
603,768,39,0.004623837,0.001142545,0.003481292
603,768,40,0.004529294,0.000989767,0.003539527
603,768,41,0.004383191,0.000871017,0.003512174
603,768,42,0.004638466,0.001144131,0.003494335
603,768,43,0.004475864,0.000934259,0.003541605
603,768,44,0.004571463,0.001033425,0.003538038
603,768,45,0.004550467,0.00100448,0.003545987
603,768,46,0.0044285,0.000925227,0.003503273
603,768,47,0.004683886,0.001244118,0.003439768
603,768,48,0.004835781,0.001373933,0.003461848
603,768,49,0.004577045,0.00104218,0.003534865
603,768,50,0.004698523,0.001069577,0.003628946
603,768,51,0.004633983,0.000997963,0.00363602
603,768,52,0.004604909,0.000973666,0.003631243
603,768,53,0.004545089,0.000903701,0.003641388
603,768,54,0.004562913,0.000917639,0.003645274
603,768,55,0.004795628,0.001051878,0.00374375
603,768,56,0.004615539,0.001001414,0.003614125
603,768,57,0.004590758,0.000936776,0.003653982
603,768,58,0.004691686,0.001048218,0.003643468
603,768,59,0.004564264,0.00088253,0.003681734
603,768,60,0.004509889,0.000854211,0.003655678
603,768,61,0.004555416,0.000901252,0.003654164
603,768,62,0.004529761,0.000809881,0.00371988
603,768,63,0.004778468,0.001091094,0.003687374
603,768,64,0.004524874,0.000838421,0.003686453
603,768,65,0.004457681,0.000785463,0.003672218
603,768,66,0.004780733,0.001183331,0.003597402
603,768,67,0.004442283,0.000698601,0.003743682
603,768,68,0.004742613,0.001034519,0.003708094
603,768,69,0.004433859,0.000638042,0.003795817
603,768,70,0.004464273,0.000776449,0.003687824
603,768,71,0.004327476,0.000610159,0.003717317
603,768,72,0.004558194,0.000773876,0.003784318
603,768,73,0.004408923,0.000668937,0.003739986
603,768,74,0.004574274,0.000925456,0.003648818
603,768,75,0.005715738,0.002187271,0.003528467
603,768,76,0.007039719,0.003571871,0.003467848
603,768,77,0.005292572,0.001833482,0.00345909
603,768,78,0.005070973,0.001520924,0.003550049
603,768,79,0.005751441,0.002209326,0.003542115
603,768,80,0.00475676,0.001110698,0.003646062
603,768,81,0.004612104,0.001015501,0.003596603
603,768,82,0.004178748,0.000536748,0.003642
603,768,83,0.004406313,0.000898849,0.003507464
603,768,84,0.005709745,0.002186659,0.003523086
603,768,85,0.005890925,0.002323333,0.003567592
603,768,86,0.004894719,0.001347768,0.003546951
603,768,87,0.004507535,0.001000796,0.003506739
603,768,88,0.004302565,0.000798195,0.00350437
603,768,89,0.004603148,0.001133682,0.003469466
603,768,90,0.004709865,0.001199489,0.003510376
603,768,91,0.005823617,0.002525987,0.00329763
603,768,92,0.005625213,0.002119004,0.003506209
603,768,93,0.004983419,0.001611729,0.00337169
603,768,94,0.004875815,0.001473787,0.003402028
603,768,95,0.004473879,0.001013059,0.00346082
603,768,96,0.005821117,0.002371518,0.003449599
603,768,97,0.007266067,0.00383565,0.003430417
603,768,98,0.004760976,0.001404075,0.003356901
603,768,99,0.005982952,0.002799853,0.003183099
603,768,100,0.005285536,0.002060244,0.003225292
603,768,101,0.00434664,0.001057561,0.003289079
603,768,102,0.004827918,0.00155234,0.003275578
603,768,103,0.004407723,0.000950745,0.003456978
603,768,104,0.004359342,0.00105817,0.003301172
603,768,105,0.004021116,0.000845901,0.003175215
603,768,106,0.009062813,0.005795768,0.003267045
603,768,107,0.004228591,0.000876985,0.003351606
603,768,108,0.004431086,0.000885032,0.003546054
603,768,109,0.003881527,0.000647024,0.003234503
603,768,110,0.005654325,0.0026302,0.003024125
604,768,1,0.755791841,0.632493143,0.123298698
604,768,2,0.01800382,0.01495701,0.00304681
604,768,3,0.040825657,0.037741821,0.003083836
604,768,4,0.003840537,0.000687883,0.003152654
604,768,5,0.005854735,0.002771962,0.003082773
604,768,6,0.004054696,0.000884699,0.003169997
604,768,7,0.003682245,0.000432021,0.003250224
604,768,8,0.004042981,0.00070805,0.003334931
604,768,9,0.004027634,0.00070219,0.003325444
604,768,10,0.004062077,0.000733087,0.00332899
604,768,11,0.004146934,0.000833868,0.003313066
604,768,12,0.004103197,0.000824319,0.003278878
604,768,13,0.004114679,0.000773414,0.003341265
604,768,14,0.003864386,0.000717303,0.003147083
604,768,15,0.032432505,0.029334996,0.003097509
604,768,16,0.004979294,0.001714767,0.003264527
604,768,17,0.005665546,0.002005565,0.003659981
604,768,18,0.005146381,0.00119265,0.003953731
604,768,19,0.004820039,0.000787575,0.004032464
604,768,20,0.004485381,0.000439533,0.004045848
604,768,21,0.004699316,0.000617745,0.004081571
604,768,22,0.004936614,0.000855588,0.004081026
604,768,23,0.004460706,0.000562016,0.00389869
604,768,24,0.004272443,0.000484778,0.003787665
604,768,25,0.004256045,0.00051625,0.003739795
604,768,26,0.00430634,0.000619701,0.003686639
604,768,27,0.004618128,0.00084424,0.003773888
604,768,28,0.004359344,0.000708814,0.00365053
604,768,29,0.004365106,0.00081056,0.003554546
604,768,30,0.004555992,0.00101562,0.003540372
604,768,31,0.00455796,0.000998133,0.003559827
604,768,32,0.004330336,0.000802348,0.003527988
604,768,33,0.004591181,0.001077482,0.003513699
604,768,34,0.004443668,0.000931675,0.003511993
604,768,35,0.004427179,0.00095788,0.003469299
604,768,36,0.004417473,0.000932128,0.003485345
604,768,37,0.004442395,0.000971356,0.003471039
604,768,38,0.004405854,0.000964002,0.003441852
604,768,39,0.004413193,0.000965759,0.003447434
604,768,40,0.004507879,0.000995462,0.003512417
604,768,41,0.004305805,0.000802474,0.003503331
604,768,42,0.004699843,0.001164608,0.003535235
604,768,43,0.004587327,0.001053224,0.003534103
604,768,44,0.004567907,0.001070092,0.003497815
604,768,45,0.004711675,0.001235041,0.003476634
604,768,46,0.004649106,0.001013377,0.003635729
604,768,47,0.004502784,0.000968395,0.003534389
604,768,48,0.004582417,0.001045683,0.003536734
604,768,49,0.004960639,0.001339711,0.003620928
604,768,50,0.00452971,0.000938405,0.003591305
604,768,51,0.004607394,0.000973306,0.003634088
604,768,52,0.004600736,0.000956021,0.003644715
604,768,53,0.004475096,0.000882935,0.003592161
604,768,54,0.004651145,0.001004774,0.003646371
604,768,55,0.004634793,0.000895518,0.003739275
604,768,56,0.004575304,0.000865309,0.003709995
604,768,57,0.004499206,0.000814419,0.003684787
604,768,58,0.004579925,0.000866926,0.003712999
604,768,59,0.004740195,0.000995175,0.00374502
604,768,60,0.004518795,0.00084628,0.003672515
604,768,61,0.004605269,0.000848625,0.003756644
604,768,62,0.004695128,0.000936906,0.003758222
604,768,63,0.004553948,0.000720099,0.003833849
604,768,64,0.004597747,0.000727853,0.003869894
604,768,65,0.00460127,0.000760244,0.003841026
604,768,66,0.004634625,0.000773039,0.003861586
604,768,67,0.004445531,0.00059137,0.003854161
604,768,68,0.004533967,0.000632118,0.003901849
604,768,69,0.004582181,0.000709051,0.00387313
604,768,70,0.004534254,0.000731234,0.00380302
604,768,71,0.004362993,0.000574424,0.003788569
604,768,72,0.004408539,0.00058278,0.003825759
604,768,73,0.004444675,0.000708716,0.003735959
604,768,74,0.006823599,0.003255715,0.003567884
604,768,75,0.00654086,0.003091681,0.003449179
604,768,76,0.005657314,0.002088917,0.003568397
604,768,77,0.00493178,0.001274397,0.003657383
604,768,78,0.005679006,0.002073072,0.003605934
604,768,79,0.004716992,0.001114241,0.003602751
604,768,80,0.004432726,0.000754429,0.003678297
604,768,81,0.004551436,0.00089135,0.003660086
604,768,82,0.004137574,0.000490175,0.003647399
604,768,83,0.005350539,0.001933829,0.00341671
604,768,84,0.006181574,0.002648121,0.003533453
604,768,85,0.005105669,0.001443842,0.003661827
604,768,86,0.004298222,0.000773273,0.003524949
604,768,87,0.004749121,0.001151392,0.003597729
604,768,88,0.004069698,0.000613455,0.003456243
604,768,89,0.004684825,0.00128236,0.003402465
604,768,90,0.004472833,0.001030381,0.003442452
604,768,91,0.007072979,0.003703472,0.003369507
604,768,92,0.004844323,0.001253296,0.003591027
604,768,93,0.004829241,0.001411516,0.003417725
604,768,94,0.00456372,0.001155301,0.003408419
604,768,95,0.006019668,0.00263052,0.003389148
604,768,96,0.005333058,0.001862515,0.003470543
604,768,97,0.004332636,0.000781078,0.003551558
604,768,98,0.005671647,0.002210458,0.003461189
604,768,99,0.007151508,0.003892572,0.003258936
604,768,100,0.004699742,0.00147444,0.003225302
604,768,101,0.004614513,0.001285957,0.003328556
604,768,102,0.00485219,0.001524312,0.003327878
604,768,103,0.004359205,0.000894313,0.003464892
604,768,104,0.004509835,0.001280314,0.003229521
604,768,105,0.006029668,0.002870985,0.003158683
604,768,106,0.004680478,0.001433805,0.003246673
604,768,107,0.006001412,0.002651409,0.003350003
604,768,108,0.004557794,0.001021225,0.003536569
604,768,109,0.004770853,0.001579345,0.003191508
604,768,110,0.004302206,0.001172771,0.003129435
605,768,1,0.756109578,0.633117912,0.122991666
605,768,2,0.055349854,0.052231828,0.003118026
605,768,3,0.003719695,0.000505056,0.003214639
605,768,4,0.003685542,0.000393944,0.003291598
605,768,5,0.003595746,0.000393431,0.003202315
605,768,6,0.005123619,0.001940749,0.00318287
605,768,7,0.004132407,0.000874295,0.003258112
605,768,8,0.003728162,0.000436802,0.00329136
605,768,9,0.004221606,0.000864699,0.003356907
605,768,10,0.004184204,0.000832589,0.003351615
605,768,11,0.004148059,0.000734422,0.003413637
605,768,12,0.004152557,0.000776353,0.003376204
605,768,13,0.004143547,0.000805263,0.003338284
605,768,14,0.003985496,0.000751126,0.00323437
605,768,15,0.003974245,0.000737368,0.003236877
605,768,16,0.032815765,0.029467277,0.003348488
605,768,17,0.005891598,0.002167118,0.00372448
605,768,18,0.005308579,0.00141885,0.003889729
605,768,19,0.004843846,0.000853279,0.003990567
605,768,20,0.00453099,0.000605447,0.003925543
605,768,21,0.004696423,0.000707019,0.003989404
605,768,22,0.004656498,0.00074522,0.003911278
605,768,23,0.004687732,0.000768577,0.003919155
605,768,24,0.004172837,0.00049845,0.003674387
605,768,25,0.00445425,0.000643515,0.003810735
605,768,26,0.004191936,0.00050475,0.003687186
605,768,27,0.004478855,0.000774962,0.003703893
605,768,28,0.004734726,0.001084989,0.003649737
605,768,29,0.004421716,0.000762382,0.003659334
605,768,30,0.004384873,0.000796208,0.003588665
605,768,31,0.00472931,0.001016511,0.003712799
605,768,32,0.0041527,0.000574391,0.003578309
605,768,33,0.004581048,0.000868274,0.003712774
605,768,34,0.004238708,0.000670097,0.003568611
605,768,35,0.00457911,0.000940549,0.003638561
605,768,36,0.004328838,0.000782592,0.003546246
605,768,37,0.004444433,0.000904891,0.003539542
605,768,38,0.004502675,0.000999792,0.003502883
605,768,39,0.004407566,0.000845092,0.003562474
605,768,40,0.004472313,0.000885453,0.00358686
605,768,41,0.004450001,0.000901518,0.003548483
605,768,42,0.004488153,0.00093471,0.003553443
605,768,43,0.004638693,0.001063425,0.003575268
605,768,44,0.004584057,0.001019762,0.003564295
605,768,45,0.00463115,0.000970343,0.003660807
605,768,46,0.004563812,0.001009201,0.003554611
605,768,47,0.004544025,0.00091422,0.003629805
605,768,48,0.004502389,0.000899601,0.003602788
605,768,49,0.004804112,0.001060775,0.003743337
605,768,50,0.004803929,0.001049905,0.003754024
605,768,51,0.004535491,0.000800351,0.00373514
605,768,52,0.004584775,0.000831255,0.00375352
605,768,53,0.004581874,0.000806524,0.00377535
605,768,54,0.004531525,0.000736173,0.003795352
605,768,55,0.004801687,0.000844082,0.003957605
605,768,56,0.004479604,0.000658524,0.00382108
605,768,57,0.004664,0.00080926,0.00385474
605,768,58,0.004520506,0.000702085,0.003818421
605,768,59,0.004706976,0.00083084,0.003876136
605,768,60,0.004641174,0.000776339,0.003864835
605,768,61,0.004440531,0.000625717,0.003814814
605,768,62,0.0045218,0.000671096,0.003850704
605,768,63,0.004702672,0.000809908,0.003892764
605,768,64,0.004516222,0.000704497,0.003811725
605,768,65,0.004532117,0.000683243,0.003848874
605,768,66,0.004521464,0.00081812,0.003703344
605,768,67,0.004774775,0.000858579,0.003916196
605,768,68,0.004361043,0.000625831,0.003735212
605,768,69,0.004576026,0.000693707,0.003882319
605,768,70,0.004502809,0.000753601,0.003749208
605,768,71,0.004541467,0.000753662,0.003787805
605,768,72,0.004355183,0.00061218,0.003743003
605,768,73,0.007553296,0.003938577,0.003614719
605,768,74,0.006497019,0.002944925,0.003552094
605,768,75,0.005003667,0.001404767,0.0035989
605,768,76,0.005142268,0.001441909,0.003700359
605,768,77,0.004559318,0.000914888,0.00364443
605,768,78,0.004745739,0.001081126,0.003664613
605,768,79,0.005268865,0.001599447,0.003669418
605,768,80,0.004832322,0.001070861,0.003761461
605,768,81,0.004144324,0.000415672,0.003728652
605,768,82,0.006284526,0.002686048,0.003598478
605,768,83,0.005697382,0.002204627,0.003492755
605,768,84,0.004992604,0.001313106,0.003679498
605,768,85,0.004504134,0.00073932,0.003764814
605,768,86,0.004246824,0.000699965,0.003546859
605,768,87,0.00474063,0.001106748,0.003633882
605,768,88,0.004036612,0.000507902,0.00352871
605,768,89,0.004701849,0.001124602,0.003577247
605,768,90,0.007230972,0.003832574,0.003398398
605,768,91,0.004723193,0.001125607,0.003597586
605,768,92,0.004329126,0.000692681,0.003636445
605,768,93,0.004736743,0.001179611,0.003557132
605,768,94,0.006458192,0.003194511,0.003263681
605,768,95,0.004637581,0.00107839,0.003559191
605,768,96,0.004980848,0.001476133,0.003504715
605,768,97,0.004403857,0.000766073,0.003637784
605,768,98,0.004088073,0.000569174,0.003518899
605,768,99,0.005065685,0.001721252,0.003344433
605,768,100,0.007722225,0.004410971,0.003311254
605,768,101,0.004780585,0.001443159,0.003337426
605,768,102,0.004774788,0.001321394,0.003453394
605,768,103,0.004508076,0.001013229,0.003494847
605,768,104,0.004548829,0.001246199,0.00330263
605,768,105,0.006558914,0.003327559,0.003231355
605,768,106,0.005276394,0.001945432,0.003330962
605,768,107,0.005168201,0.001612768,0.003555433
605,768,108,0.005132607,0.001597033,0.003535574
605,768,109,0.004561821,0.001274874,0.003286947
605,768,110,0.004036238,0.000960239,0.003075999
606,768,1,0.758064975,0.634369221,0.123695754
606,768,2,0.003638195,0.00046151,0.003176685
606,768,3,0.003550847,0.000411793,0.003139054
606,768,4,0.003585542,0.000385865,0.003199677
606,768,5,0.003540841,0.000390761,0.00315008
606,768,6,0.003585239,0.000388708,0.003196531
606,768,7,0.004712505,0.001577266,0.003135239
606,768,8,0.004236379,0.001064961,0.003171418
606,768,9,0.003901894,0.000554528,0.003347366
606,768,10,0.004306881,0.001005574,0.003301307
606,768,11,0.004239901,0.000950031,0.00328987
606,768,12,0.004104725,0.000829317,0.003275408
606,768,13,0.004179794,0.000874601,0.003305193
606,768,14,0.004157229,0.000935364,0.003221865
606,768,15,0.003966969,0.00075804,0.003208929
606,768,16,0.003877712,0.000657077,0.003220635
606,768,17,0.033975275,0.030433638,0.003541637
606,768,18,0.005925611,0.002260151,0.00366546
606,768,19,0.004999347,0.001100729,0.003898618
606,768,20,0.004662196,0.000764265,0.003897931
606,768,21,0.004889641,0.000894388,0.003995253
606,768,22,0.004678137,0.000741512,0.003936625
606,768,23,0.004751585,0.000859039,0.003892546
606,768,24,0.004181356,0.000536117,0.003645239
606,768,25,0.00428694,0.000593347,0.003693593
606,768,26,0.004330185,0.000689811,0.003640374
606,768,27,0.004550809,0.000805437,0.003745372
606,768,28,0.004245982,0.000654343,0.003591639
606,768,29,0.00435105,0.000893516,0.003457534
606,768,30,0.004703478,0.001169844,0.003533634
606,768,31,0.00434534,0.000804528,0.003540812
606,768,32,0.004638662,0.001122678,0.003515984
606,768,33,0.004426075,0.000921513,0.003504562
606,768,34,0.004524462,0.001009728,0.003514734
606,768,35,0.004550157,0.001022908,0.003527249
606,768,36,0.004415767,0.000947179,0.003468588
606,768,37,0.004373501,0.000934899,0.003438602
606,768,38,0.004440132,0.001004414,0.003435718
606,768,39,0.004482406,0.00102143,0.003460976
606,768,40,0.004530996,0.001025109,0.003505887
606,768,41,0.004416117,0.000941151,0.003474966
606,768,42,0.004532524,0.001144975,0.003387549
606,768,43,0.004568327,0.001088846,0.003479481
606,768,44,0.004569967,0.001039961,0.003530006
606,768,45,0.0044902,0.000923922,0.003566278
606,768,46,0.004489755,0.000966254,0.003523501
606,768,47,0.0044129,0.000950284,0.003462616
606,768,48,0.004641305,0.001057692,0.003583613
606,768,49,0.004578293,0.000994333,0.00358396
606,768,50,0.004737816,0.001061981,0.003675835
606,768,51,0.004602924,0.000915733,0.003687191
606,768,52,0.004619584,0.000907864,0.00371172
606,768,53,0.004534692,0.000821944,0.003712748
606,768,54,0.004659274,0.000916105,0.003743169
606,768,55,0.004410756,0.000691414,0.003719342
606,768,56,0.004663826,0.000908089,0.003755737
606,768,57,0.00452476,0.000756631,0.003768129
606,768,58,0.004695872,0.000973414,0.003722458
606,768,59,0.004612641,0.000752954,0.003859687
606,768,60,0.004747862,0.001069985,0.003677877
606,768,61,0.004602682,0.00081256,0.003790122
606,768,62,0.004497288,0.000755475,0.003741813
606,768,63,0.004555231,0.000693925,0.003861306
606,768,64,0.004523949,0.000747079,0.00377687
606,768,65,0.004527189,0.00075869,0.003768499
606,768,66,0.004452814,0.000733641,0.003719173
606,768,67,0.004609246,0.000832268,0.003776978
606,768,68,0.0046154,0.00087267,0.00374273
606,768,69,0.004448115,0.000684874,0.003763241
606,768,70,0.005087606,0.001371445,0.003716161
606,768,71,0.004606686,0.000833045,0.003773641
606,768,72,0.006334864,0.002615122,0.003719742
606,768,73,0.004631331,0.000831285,0.003800046
606,768,74,0.004806574,0.001170417,0.003636157
606,768,75,0.006768897,0.00330861,0.003460287
606,768,76,0.005378826,0.0018904,0.003488426
606,768,77,0.005176151,0.001593453,0.003582698
606,768,78,0.004453178,0.000731625,0.003721553
606,768,79,0.00435651,0.000703294,0.003653216
606,768,80,0.005146479,0.001455975,0.003690504
606,768,81,0.006894112,0.003454746,0.003439366
606,768,82,0.005822999,0.002371809,0.00345119
606,768,83,0.004999887,0.001506161,0.003493726
606,768,84,0.00445157,0.000789379,0.003662191
606,768,85,0.004418902,0.000736745,0.003682157
606,768,86,0.004322738,0.00084625,0.003476488
606,768,87,0.004572502,0.001018431,0.003554071
606,768,88,0.004019133,0.000570889,0.003448244
606,768,89,0.008183351,0.004705711,0.00347764
606,768,90,0.004307358,0.000898122,0.003409236
606,768,91,0.004463039,0.000934524,0.003528515
606,768,92,0.004307072,0.000827207,0.003479865
606,768,93,0.004903052,0.001517273,0.003385779
606,768,94,0.004625724,0.00132951,0.003296214
606,768,95,0.005632832,0.002173295,0.003459537
606,768,96,0.005429502,0.001895857,0.003533645
606,768,97,0.004244201,0.000623258,0.003620943
606,768,98,0.004044537,0.0005169,0.003527637
606,768,99,0.004047606,0.000677255,0.003370351
606,768,100,0.006879583,0.003591856,0.003287727
606,768,101,0.006057342,0.002764647,0.003292695
606,768,102,0.005100465,0.00170546,0.003395005
606,768,103,0.004661098,0.001277174,0.003383924
606,768,104,0.00747307,0.004355189,0.003117881
606,768,105,0.005183769,0.002017165,0.003166604
606,768,106,0.005113757,0.001799019,0.003314738
606,768,107,0.00463879,0.001369388,0.003269402
606,768,108,0.004598471,0.001155036,0.003443435
606,768,109,0.004432517,0.001316073,0.003116444
606,768,110,0.004373296,0.001355273,0.003018023
607,768,1,0.624394034,0.49768662,0.126707414
607,768,2,0.200064575,0.196994469,0.003070106
607,768,3,0.003675143,0.000493538,0.003181605
607,768,4,0.003566907,0.000369851,0.003197056
607,768,5,0.003537385,0.000347881,0.003189504
607,768,6,0.003643519,0.000348416,0.003295103
607,768,7,0.003613491,0.000384886,0.003228605
607,768,8,0.004614436,0.001381426,0.00323301
607,768,9,0.004398288,0.001138624,0.003259664
607,768,10,0.003862688,0.000533612,0.003329076
607,768,11,0.00455986,0.001230769,0.003329091
607,768,12,0.004354842,0.001010087,0.003344755
607,768,13,0.003993693,0.000696376,0.003297317
607,768,14,0.004113714,0.000892602,0.003221112
607,768,15,0.004066569,0.000876142,0.003190427
607,768,16,0.003942278,0.000710257,0.003232021
607,768,17,0.003771669,0.000552236,0.003219433
607,768,18,0.0352705,0.031605983,0.003664517
607,768,19,0.005373425,0.001589086,0.003784339
607,768,20,0.005070866,0.001236933,0.003833933
607,768,21,0.004809352,0.000832215,0.003977137
607,768,22,0.004951579,0.000954073,0.003997506
607,768,23,0.0044897,0.000595598,0.003894102
607,768,24,0.004391751,0.000657552,0.003734199
607,768,25,0.004329557,0.000583567,0.00374599
607,768,26,0.004364114,0.00066165,0.003702464
607,768,27,0.004343683,0.000675568,0.003668115
607,768,28,0.004417646,0.000853688,0.003563958
607,768,29,0.004384357,0.000873964,0.003510393
607,768,30,0.004753975,0.001173594,0.003580381
607,768,31,0.004393109,0.000874048,0.003519061
607,768,32,0.004602043,0.00098184,0.003620203
607,768,33,0.004385441,0.000848783,0.003536658
607,768,34,0.004486228,0.000923266,0.003562962
607,768,35,0.004454815,0.000929505,0.00352531
607,768,36,0.004435508,0.000924602,0.003510906
607,768,37,0.004405099,0.000957593,0.003447506
607,768,38,0.0044871,0.00101964,0.00346746
607,768,39,0.00459068,0.001082997,0.003507683
607,768,40,0.004492661,0.000970319,0.003522342
607,768,41,0.004462796,0.00097998,0.003482816
607,768,42,0.004545584,0.001047358,0.003498226
607,768,43,0.004581192,0.001060939,0.003520253
607,768,44,0.00443219,0.000887546,0.003544644
607,768,45,0.004574302,0.001005482,0.00356882
607,768,46,0.004399151,0.000846212,0.003552939
607,768,47,0.004458912,0.000964555,0.003494357
607,768,48,0.004577823,0.000997117,0.003580706
607,768,49,0.004616405,0.001010503,0.003605902
607,768,50,0.004695584,0.000967029,0.003728555
607,768,51,0.004387496,0.000753561,0.003633935
607,768,52,0.004731146,0.001077205,0.003653941
607,768,53,0.004567865,0.000872459,0.003695406
607,768,54,0.004479795,0.000840721,0.003639074
607,768,55,0.004596524,0.000852564,0.00374396
607,768,56,0.004506784,0.00082144,0.003685344
607,768,57,0.004545619,0.000869357,0.003676262
607,768,58,0.004455543,0.000847555,0.003607988
607,768,59,0.004717559,0.001078045,0.003639514
607,768,60,0.004599189,0.000899564,0.003699625
607,768,61,0.00490298,0.001170886,0.003732094
607,768,62,0.004411886,0.000737975,0.003673911
607,768,63,0.004596139,0.000819456,0.003776683
607,768,64,0.004528377,0.000776373,0.003752004
607,768,65,0.004529932,0.000735245,0.003794687
607,768,66,0.004377243,0.000705886,0.003671357
607,768,67,0.004610533,0.000798714,0.003811819
607,768,68,0.004635666,0.000833302,0.003802364
607,768,69,0.004637858,0.000775546,0.003862312
607,768,70,0.004404275,0.000623821,0.003780454
607,768,71,0.007463472,0.003804877,0.003658595
607,768,72,0.005021869,0.001339642,0.003682227
607,768,73,0.004230635,0.000569005,0.00366163
607,768,74,0.004155893,0.000537546,0.003618347
607,768,75,0.004186689,0.000580149,0.00360654
607,768,76,0.006889507,0.00343045,0.003459057
607,768,77,0.005527871,0.001998503,0.003529368
607,768,78,0.005103064,0.001493183,0.003609881
607,768,79,0.004474816,0.000843556,0.00363126
607,768,80,0.004399516,0.000696955,0.003702561
607,768,81,0.004927514,0.001402334,0.00352518
607,768,82,0.007306875,0.003796694,0.003510181
607,768,83,0.005756453,0.002276109,0.003480344
607,768,84,0.004961476,0.001383468,0.003578008
607,768,85,0.004522268,0.000815103,0.003707165
607,768,86,0.004338537,0.000814712,0.003523825
607,768,87,0.00464641,0.001074246,0.003572164
607,768,88,0.008365561,0.004911309,0.003454252
607,768,89,0.004667489,0.001128949,0.00353854
607,768,90,0.003924208,0.000478347,0.003445861
607,768,91,0.004386335,0.000906625,0.00347971
607,768,92,0.004493405,0.000917252,0.003576153
607,768,93,0.004624686,0.001218049,0.003406637
607,768,94,0.00453051,0.001094119,0.003436391
607,768,95,0.004315688,0.000913655,0.003402033
607,768,96,0.005456126,0.001917817,0.003538309
607,768,97,0.005225389,0.001729242,0.003496147
607,768,98,0.004233853,0.000695158,0.003538695
607,768,99,0.007336621,0.004030797,0.003305824
607,768,100,0.004515629,0.00117115,0.003344479
607,768,101,0.004128328,0.000779878,0.00334845
607,768,102,0.005669352,0.002270921,0.003398431
607,768,103,0.004963292,0.001530155,0.003433137
607,768,104,0.004343387,0.00100435,0.003339037
607,768,105,0.007324937,0.004119772,0.003205165
607,768,106,0.005238608,0.001941417,0.003297191
607,768,107,0.005003725,0.001571433,0.003432292
607,768,108,0.005086379,0.001653068,0.003433311
607,768,109,0.004551352,0.001302412,0.00324894
607,768,110,0.004104865,0.001033713,0.003071152
608,768,1,0.624304,0.497822891,0.126481109
608,768,2,0.134016373,0.13099665,0.003019723
608,768,3,0.016547019,0.013534254,0.003012765
608,768,4,0.056800519,0.053717631,0.003082888
608,768,5,0.003831659,0.000686336,0.003145323
608,768,6,0.003690498,0.000518828,0.00317167
608,768,7,0.003564985,0.000336694,0.003228291
608,768,8,0.003784685,0.000531273,0.003253412
608,768,9,0.003990283,0.000711226,0.003279057
608,768,10,0.004219776,0.000875886,0.00334389
608,768,11,0.004045136,0.000703625,0.003341511
608,768,12,0.004145412,0.000785743,0.003359669
608,768,13,0.004218661,0.000914555,0.003304106
608,768,14,0.004002317,0.000740103,0.003262214
608,768,15,0.003953918,0.00076773,0.003186188
608,768,16,0.003964144,0.000773573,0.003190571
608,768,17,0.003826385,0.000635303,0.003191082
608,768,18,0.004240789,0.001097777,0.003143012
608,768,19,0.004083336,0.000964515,0.003118821
608,768,20,0.004166807,0.001129292,0.003037515
608,768,21,0.013750366,0.01045014,0.003300226
608,768,22,0.005187436,0.001731554,0.003455882
608,768,23,0.005047817,0.001435009,0.003612808
608,768,24,0.005074358,0.001204533,0.003869825
608,768,25,0.004923499,0.001003009,0.00392049
608,768,26,0.004672859,0.000807835,0.003865024
608,768,27,0.005167983,0.001240622,0.003927361
608,768,28,0.004375073,0.000605993,0.00376908
608,768,29,0.004411339,0.00077698,0.003634359
608,768,30,0.004317978,0.00056495,0.003753028
608,768,31,0.004440043,0.000770838,0.003669205
608,768,32,0.004499934,0.000892035,0.003607899
608,768,33,0.004578788,0.001026948,0.00355184
608,768,34,0.004542851,0.001112187,0.003430664
608,768,35,0.004591307,0.001047806,0.003543501
608,768,36,0.004549635,0.001009907,0.003539728
608,768,37,0.004392568,0.000847773,0.003544795
608,768,38,0.004352522,0.000878832,0.00347369
608,768,39,0.004524471,0.001022912,0.003501559
608,768,40,0.004341838,0.000884188,0.00345765
608,768,41,0.004666563,0.001185366,0.003481197
608,768,42,0.005845567,0.002517519,0.003328048
608,768,43,0.00555318,0.002227907,0.003325273
608,768,44,0.005791128,0.002441062,0.003350066
608,768,45,0.005561953,0.00210143,0.003460523
608,768,46,0.006020922,0.002626886,0.003394036
608,768,47,0.005709877,0.002298042,0.003411835
608,768,48,0.00603277,0.002588745,0.003444025
608,768,49,0.005702232,0.002249154,0.003453078
608,768,50,0.00552549,0.002107878,0.003417612
608,768,51,0.005460581,0.002025143,0.003435438
608,768,52,0.005179817,0.001641571,0.003538246
608,768,53,0.004993595,0.001392485,0.00360111
608,768,54,0.004941595,0.001348958,0.003592637
608,768,55,0.005142033,0.001578209,0.003563824
608,768,56,0.004717313,0.001084276,0.003633037
608,768,57,0.004845745,0.001095476,0.003750269
608,768,58,0.004498281,0.000850481,0.0036478
608,768,59,0.004966552,0.001342181,0.003624371
608,768,60,0.004652024,0.001071101,0.003580923
608,768,61,0.004997826,0.001353591,0.003644235
608,768,62,0.004548201,0.000946646,0.003601555
608,768,63,0.005016504,0.001447324,0.00356918
608,768,64,0.004930644,0.001405028,0.003525616
608,768,65,0.004867256,0.001247621,0.003619635
608,768,66,0.004813293,0.001218815,0.003594478
608,768,67,0.00460849,0.001000835,0.003607655
608,768,68,0.004971527,0.00130504,0.003666487
608,768,69,0.004455769,0.000837482,0.003618287
608,768,70,0.004808977,0.001215586,0.003593391
608,768,71,0.005040224,0.001468653,0.003571571
608,768,72,0.004584351,0.000950374,0.003633977
608,768,73,0.005053293,0.001398482,0.003654811
608,768,74,0.004327562,0.000701235,0.003626327
608,768,75,0.004650603,0.001093751,0.003556852
608,768,76,0.004748393,0.001110165,0.003638228
608,768,77,0.00447818,0.001011771,0.003466409
608,768,78,0.004711409,0.001157721,0.003553688
608,768,79,0.005274248,0.001698969,0.003575279
608,768,80,0.005007522,0.001389671,0.003617851
608,768,81,0.004748921,0.001151149,0.003597772
608,768,82,0.004898377,0.001221525,0.003676852
608,768,83,0.004724073,0.001062422,0.003661651
608,768,84,0.004625664,0.001040032,0.003585632
608,768,85,0.004549724,0.000992189,0.003557535
608,768,86,0.004660639,0.001071302,0.003589337
608,768,87,0.004740874,0.001088023,0.003652851
608,768,88,0.00578213,0.002258608,0.003523522
608,768,89,0.004747072,0.00108114,0.003665932
608,768,90,0.004270064,0.000609248,0.003660816
608,768,91,0.004654612,0.00114475,0.003509862
608,768,92,0.004593746,0.001072356,0.00352139
608,768,93,0.004101854,0.000666752,0.003435102
608,768,94,0.005146714,0.001718471,0.003428243
608,768,95,0.004204416,0.000664111,0.003540305
608,768,96,0.004110936,0.000585424,0.003525512
608,768,97,0.004555844,0.001024936,0.003530908
608,768,98,0.004018523,0.000649129,0.003369394
608,768,99,0.005931626,0.002651654,0.003279972
608,768,100,0.004791536,0.001481454,0.003310082
608,768,101,0.005020792,0.001648377,0.003372415
608,768,102,0.004804303,0.001518671,0.003285632
608,768,103,0.00765442,0.004380394,0.003274026
608,768,104,0.004579671,0.001207714,0.003371957
608,768,105,0.004871852,0.001460545,0.003411307
608,768,106,0.004332841,0.000864763,0.003468078
608,768,107,0.004337943,0.001091898,0.003246045
608,768,108,0.004351058,0.00114169,0.003209368
608,768,109,0.007335506,0.004199988,0.003135518
608,768,110,0.008844414,0.00558972,0.003254694
609,768,1,0.755152743,0.632047231,0.123105512
609,768,2,0.016550732,0.013483941,0.003066791
609,768,3,0.05675223,0.053657836,0.003094394
609,768,4,0.003745473,0.00052712,0.003218353
609,768,5,0.003671146,0.000466488,0.003204658
609,768,6,0.003583896,0.00038247,0.003201426
609,768,7,0.003714691,0.000484912,0.003229779
609,768,8,0.003858096,0.000574416,0.00328368
609,768,9,0.004074701,0.000702562,0.003372139
609,768,10,0.00403738,0.000701803,0.003335577
609,768,11,0.00410569,0.000780117,0.003325573
609,768,12,0.004186023,0.000852055,0.003333968
609,768,13,0.004025812,0.000726956,0.003298856
609,768,14,0.004071014,0.000830051,0.003240963
609,768,15,0.004001427,0.000801224,0.003200203
609,768,16,0.003878631,0.00068287,0.003195761
609,768,17,0.00376986,0.000557702,0.003212158
609,768,18,0.003919377,0.000726502,0.003192875
609,768,19,0.004107789,0.000953085,0.003154704
609,768,20,0.013856604,0.010726617,0.003129987
609,768,21,0.005297698,0.002009834,0.003287864
609,768,22,0.005211678,0.001598973,0.003612705
609,768,23,0.004873148,0.000961779,0.003911369
609,768,24,0.004826336,0.000851146,0.00397519
609,768,25,0.0047739,0.000827917,0.003945983
609,768,26,0.005082868,0.001070927,0.004011941
609,768,27,0.004483064,0.000541794,0.00394127
609,768,28,0.004622428,0.000669973,0.003952455
609,768,29,0.004258959,0.000564639,0.00369432
609,768,30,0.004350812,0.000649204,0.003701608
609,768,31,0.004499732,0.000790261,0.003709471
609,768,32,0.004358549,0.000718052,0.003640497
609,768,33,0.00436941,0.000750461,0.003618949
609,768,34,0.00435981,0.000837394,0.003522416
609,768,35,0.004623016,0.001015084,0.003607932
609,768,36,0.004697374,0.001091601,0.003605773
609,768,37,0.004327602,0.000703245,0.003624357
609,768,38,0.00479193,0.001165974,0.003625956
609,768,39,0.004231586,0.000648431,0.003583155
609,768,40,0.004797195,0.001209582,0.003587613
609,768,41,0.005785792,0.002407758,0.003378034
609,768,42,0.005653441,0.002368394,0.003285047
609,768,43,0.00567987,0.002227721,0.003452149
609,768,44,0.005873478,0.002429395,0.003444083
609,768,45,0.005856197,0.002497427,0.00335877
609,768,46,0.005755944,0.002380437,0.003375507
609,768,47,0.005814491,0.002318436,0.003496055
609,768,48,0.005678583,0.002269355,0.003409228
609,768,49,0.005655679,0.002243063,0.003412616
609,768,50,0.005590911,0.002013081,0.00357783
609,768,51,0.004955191,0.001376355,0.003578836
609,768,52,0.005091395,0.001453031,0.003638364
609,768,53,0.004972933,0.001211574,0.003761359
609,768,54,0.004881092,0.001199029,0.003682063
609,768,55,0.004666905,0.000939987,0.003726918
609,768,56,0.004712607,0.00101576,0.003696847
609,768,57,0.004990889,0.001219988,0.003770901
609,768,58,0.004701358,0.001066703,0.003634655
609,768,59,0.004983557,0.001334159,0.003649398
609,768,60,0.004767678,0.001186355,0.003581323
609,768,61,0.00477043,0.001113028,0.003657402
609,768,62,0.004930715,0.001332466,0.003598249
609,768,63,0.004940693,0.001267878,0.003672815
609,768,64,0.004667876,0.001073154,0.003594722
609,768,65,0.004907185,0.00125019,0.003656995
609,768,66,0.004748321,0.001095307,0.003653014
609,768,67,0.00476406,0.001111899,0.003652161
609,768,68,0.004733013,0.000997261,0.003735752
609,768,69,0.004779311,0.001037496,0.003741815
609,768,70,0.00516838,0.001313098,0.003855282
609,768,71,0.004515866,0.00070742,0.003808446
609,768,72,0.004993219,0.001191483,0.003801736
609,768,73,0.004320273,0.000594308,0.003725965
609,768,74,0.004754307,0.000944699,0.003809608
609,768,75,0.00458864,0.000856752,0.003731888
609,768,76,0.004602589,0.000929819,0.00367277
609,768,77,0.004489956,0.000887695,0.003602261
609,768,78,0.005070723,0.001460587,0.003610136
609,768,79,0.004815843,0.001176732,0.003639111
609,768,80,0.0046367,0.000959532,0.003677168
609,768,81,0.004774455,0.001168021,0.003606434
609,768,82,0.004715504,0.000990108,0.003725396
609,768,83,0.004530485,0.000917258,0.003613227
609,768,84,0.004604351,0.000983147,0.003621204
609,768,85,0.004526259,0.000957569,0.00356869
609,768,86,0.00449524,0.000928748,0.003566492
609,768,87,0.004568515,0.000860969,0.003707546
609,768,88,0.0045132,0.000863948,0.003649252
609,768,89,0.005937824,0.00235624,0.003581584
609,768,90,0.004772455,0.001057061,0.003715394
609,768,91,0.004631345,0.00100396,0.003627385
609,768,92,0.004162788,0.000675413,0.003487375
609,768,93,0.004728485,0.001249946,0.003478539
609,768,94,0.004671667,0.001255983,0.003415684
609,768,95,0.004692461,0.001116374,0.003576087
609,768,96,0.004160215,0.000644555,0.00351566
609,768,97,0.004461708,0.00095752,0.003504188
609,768,98,0.005937691,0.002570411,0.00336728
609,768,99,0.00503191,0.001536214,0.003495696
609,768,100,0.005086959,0.00147273,0.003614229
609,768,101,0.004990547,0.001353842,0.003636705
609,768,102,0.007264613,0.003977748,0.003286865
609,768,103,0.004686973,0.001289261,0.003397712
609,768,104,0.004520794,0.001136149,0.003384645
609,768,105,0.004405966,0.00091392,0.003492046
609,768,106,0.004898226,0.001378237,0.003519989
609,768,107,0.004288705,0.000917292,0.003371413
609,768,108,0.007152309,0.003961059,0.00319125
609,768,109,0.006758259,0.00345795,0.003300309
609,768,110,0.011068964,0.00786996,0.003199004
610,768,1,0.755154707,0.631951157,0.12320355
610,768,2,0.069973685,0.066870073,0.003103612
610,768,3,0.003692541,0.000434174,0.003258367
610,768,4,0.003657323,0.000413883,0.00324344
610,768,5,0.003662726,0.000394768,0.003267958
610,768,6,0.003681201,0.0004053,0.003275901
610,768,7,0.00367471,0.000411781,0.003262929
610,768,8,0.003735314,0.000431327,0.003303987
610,768,9,0.003920407,0.000501957,0.00341845
610,768,10,0.004028037,0.00066437,0.003363667
610,768,11,0.004095302,0.000704876,0.003390426
610,768,12,0.004182958,0.000765514,0.003417444
610,768,13,0.003979422,0.000589582,0.00338984
610,768,14,0.003972403,0.000691588,0.003280815
610,768,15,0.003994594,0.000740561,0.003254033
610,768,16,0.003884776,0.000663353,0.003221423
610,768,17,0.003839698,0.000512857,0.003326841
610,768,18,0.003756491,0.000512659,0.003243832
610,768,19,0.014400214,0.011307446,0.003092768
610,768,20,0.005209414,0.00203848,0.003170934
610,768,21,0.00508006,0.001747906,0.003332154
610,768,22,0.004759364,0.001008075,0.003751289
610,768,23,0.0047623,0.000799192,0.003963108
610,768,24,0.004816545,0.000699026,0.004117519
610,768,25,0.005043573,0.000902297,0.004141276
610,768,26,0.004548447,0.000462631,0.004085816
610,768,27,0.004592717,0.000466533,0.004126184
610,768,28,0.004560323,0.0005988,0.003961523
610,768,29,0.004284959,0.000479223,0.003805736
610,768,30,0.004507309,0.000663376,0.003843933
610,768,31,0.004320644,0.000558595,0.003762049
610,768,32,0.004402313,0.000573353,0.00382896
610,768,33,0.004322678,0.000594715,0.003727963
610,768,34,0.004540995,0.000876516,0.003664479
610,768,35,0.004636248,0.001011855,0.003624393
610,768,36,0.004327985,0.00070941,0.003618575
610,768,37,0.004687253,0.00107254,0.003614713
610,768,38,0.004458018,0.000837861,0.003620157
610,768,39,0.004777241,0.001205034,0.003572207
610,768,40,0.005890099,0.002546652,0.003343447
610,768,41,0.005640164,0.002285643,0.003354521
610,768,42,0.005482093,0.002083346,0.003398747
610,768,43,0.005996618,0.002629275,0.003367343
610,768,44,0.005923673,0.002555482,0.003368191
610,768,45,0.005747982,0.002322031,0.003425951
610,768,46,0.005904534,0.002396167,0.003508367
610,768,47,0.005582657,0.002130073,0.003452584
610,768,48,0.005387565,0.001854132,0.003533433
610,768,49,0.005429531,0.001947946,0.003481585
610,768,50,0.004860783,0.001373955,0.003486828
610,768,51,0.005383819,0.001663493,0.003720326
610,768,52,0.004959813,0.001216454,0.003743359
610,768,53,0.004913977,0.001195084,0.003718893
610,768,54,0.004666135,0.000942947,0.003723188
610,768,55,0.004733225,0.001086409,0.003646816
610,768,56,0.0049213,0.001332387,0.003588913
610,768,57,0.004806447,0.001119971,0.003686476
610,768,58,0.004851111,0.001228863,0.003622248
610,768,59,0.005011046,0.001369032,0.003642014
610,768,60,0.004825904,0.0010405,0.003785404
610,768,61,0.004993091,0.001184087,0.003809004
610,768,62,0.004629516,0.000908059,0.003721457
610,768,63,0.004906732,0.00113652,0.003770212
610,768,64,0.004833193,0.001066976,0.003766217
610,768,65,0.004861387,0.000952856,0.003908531
610,768,66,0.004620918,0.00077866,0.003842258
610,768,67,0.004759244,0.00100056,0.003758684
610,768,68,0.004847834,0.001006754,0.00384108
610,768,69,0.004986936,0.001111655,0.003875281
610,768,70,0.004629786,0.000732685,0.003897101
610,768,71,0.005001197,0.001041498,0.003959699
610,768,72,0.00432532,0.000506763,0.003818557
610,768,73,0.004684847,0.000801104,0.003883743
610,768,74,0.004672573,0.000804979,0.003867594
610,768,75,0.004706045,0.000919836,0.003786209
610,768,76,0.004320416,0.000620849,0.003699567
610,768,77,0.005011958,0.001310373,0.003701585
610,768,78,0.004646734,0.000928533,0.003718201
610,768,79,0.004879172,0.001104252,0.00377492
610,768,80,0.004494065,0.000711952,0.003782113
610,768,81,0.004545636,0.000754631,0.003791005
610,768,82,0.004863279,0.001017331,0.003845948
610,768,83,0.004498917,0.000662555,0.003836362
610,768,84,0.004347884,0.000680815,0.003667069
610,768,85,0.004485484,0.000778195,0.003707289
610,768,86,0.004460628,0.000788633,0.003671995
610,768,87,0.004744394,0.000898497,0.003845897
610,768,88,0.004226314,0.000508982,0.003717332
610,768,89,0.004438272,0.000803223,0.003635049
610,768,90,0.005672049,0.002048902,0.003623147
610,768,91,0.00495332,0.001404846,0.003548474
610,768,92,0.004325096,0.000725703,0.003599393
610,768,93,0.004596389,0.00113475,0.003461639
610,768,94,0.004903254,0.001298423,0.003604831
610,768,95,0.004579292,0.000855439,0.003723853
610,768,96,0.004012893,0.000471573,0.00354132
610,768,97,0.006619577,0.003293704,0.003325873
610,768,98,0.005098116,0.001590091,0.003508025
610,768,99,0.004405118,0.000778416,0.003626702
610,768,100,0.005243575,0.001677911,0.003565664
610,768,101,0.007804499,0.004469642,0.003334857
610,768,102,0.004657944,0.001231906,0.003426038
610,768,103,0.004438709,0.001016949,0.00342176
610,768,104,0.004097301,0.000677976,0.003419325
610,768,105,0.004974907,0.001461765,0.003513142
610,768,106,0.004803978,0.00126509,0.003538888
610,768,107,0.006488077,0.003294912,0.003193165
610,768,108,0.007073165,0.003844815,0.00322835
610,768,109,0.011196772,0.007776577,0.003420195
610,768,110,0.006258292,0.003080061,0.003178231
611,768,1,0.7651328,0.641018015,0.124114785
611,768,2,0.003636907,0.000458952,0.003177955
611,768,3,0.059717185,0.056634683,0.003082502
611,768,4,0.003828537,0.000610317,0.00321822
611,768,5,0.003590057,0.000380992,0.003209065
611,768,6,0.003645927,0.000473201,0.003172726
611,768,7,0.003696931,0.000468946,0.003227985
611,768,8,0.003718616,0.000449161,0.003269455
611,768,9,0.004085574,0.000758589,0.003326985
611,768,10,0.004092824,0.000770859,0.003321965
611,768,11,0.004089095,0.000744749,0.003344346
611,768,12,0.004238945,0.000860828,0.003378117
611,768,13,0.003982611,0.000663306,0.003319305
611,768,14,0.00398736,0.000745089,0.003242271
611,768,15,0.004014167,0.000814191,0.003199976
611,768,16,0.003864962,0.000677153,0.003187809
611,768,17,0.003779865,0.000565923,0.003213942
611,768,18,0.014539892,0.011493781,0.003046111
611,768,19,0.005050975,0.001997514,0.003053461
611,768,20,0.005008925,0.00188187,0.003127055
611,768,21,0.004630094,0.001261121,0.003368973
611,768,22,0.004807959,0.001126162,0.003681797
611,768,23,0.004656575,0.000749579,0.003906996
611,768,24,0.004987283,0.000842549,0.004144734
611,768,25,0.004519139,0.00055051,0.003968629
611,768,26,0.00468796,0.000610189,0.004077771
611,768,27,0.004702297,0.000646168,0.004056129
611,768,28,0.004411502,0.000520186,0.003891316
611,768,29,0.004448927,0.000657695,0.003791232
611,768,30,0.004441903,0.00065572,0.003786183
611,768,31,0.004241726,0.000593063,0.003648663
611,768,32,0.004509693,0.000685054,0.003824639
611,768,33,0.004424499,0.000806639,0.00361786
611,768,34,0.004676527,0.001093488,0.003583039
611,768,35,0.00443443,0.000905799,0.003528631
611,768,36,0.00447429,0.000945669,0.003528621
611,768,37,0.004465411,0.000946466,0.003518945
611,768,38,0.004763413,0.001265512,0.003497901
611,768,39,0.00621478,0.002813503,0.003401277
611,768,40,0.005497344,0.002110184,0.00338716
611,768,41,0.005639599,0.002255332,0.003384267
611,768,42,0.005871227,0.002545119,0.003326108
611,768,43,0.00583364,0.002478669,0.003354971
611,768,44,0.006133558,0.002714925,0.003418633
611,768,45,0.005740507,0.002269887,0.00347062
611,768,46,0.005329477,0.001864303,0.003465174
611,768,47,0.00543529,0.002016064,0.003419226
611,768,48,0.00527751,0.001788618,0.003488892
611,768,49,0.005214597,0.001697975,0.003516622
611,768,50,0.005004486,0.001538749,0.003465737
611,768,51,0.00498978,0.001434224,0.003555556
611,768,52,0.004949018,0.001398703,0.003550315
611,768,53,0.004713006,0.00108323,0.003629776
611,768,54,0.004595732,0.00103822,0.003557512
611,768,55,0.005100546,0.001514829,0.003585717
611,768,56,0.004779634,0.001206614,0.00357302
611,768,57,0.004984127,0.001371625,0.003612502
611,768,58,0.00496596,0.00124232,0.00372364
611,768,59,0.004729825,0.000937895,0.00379193
611,768,60,0.00500938,0.001123009,0.003886371
611,768,61,0.004646015,0.000862451,0.003783564
611,768,62,0.004769058,0.00097106,0.003797998
611,768,63,0.004955908,0.001011609,0.003944299
611,768,64,0.004728314,0.000791752,0.003936562
611,768,65,0.004678805,0.000748535,0.00393027
611,768,66,0.004882889,0.001011529,0.00387136
611,768,67,0.004749128,0.000975805,0.003773323
611,768,68,0.004962931,0.00111265,0.003850281
611,768,69,0.004683254,0.000853305,0.003829949
611,768,70,0.004947595,0.001043347,0.003904248
611,768,71,0.004273669,0.000485889,0.00378778
611,768,72,0.004772205,0.000916379,0.003855826
611,768,73,0.004732877,0.000903642,0.003829235
611,768,74,0.004776131,0.000962196,0.003813935
611,768,75,0.00434926,0.000614282,0.003734978
611,768,76,0.004878386,0.001242581,0.003635805
611,768,77,0.004644186,0.001008963,0.003635223
611,768,78,0.004554992,0.000870417,0.003684575
611,768,79,0.00460671,0.000879982,0.003726728
611,768,80,0.004509331,0.000724225,0.003785106
611,768,81,0.004837586,0.001093283,0.003744303
611,768,82,0.004717888,0.000808744,0.003909144
611,768,83,0.00434637,0.000553828,0.003792542
611,768,84,0.004493313,0.000796579,0.003696734
611,768,85,0.004417696,0.000816942,0.003600754
611,768,86,0.004839588,0.001153659,0.003685929
611,768,87,0.004345621,0.000607783,0.003737838
611,768,88,0.004492291,0.0007363,0.003755991
611,768,89,0.004176275,0.000645876,0.003530399
611,768,90,0.004347244,0.000773517,0.003573727
611,768,91,0.005394343,0.001969621,0.003424722
611,768,92,0.005169352,0.001590393,0.003578959
611,768,93,0.004490142,0.001038316,0.003451826
611,768,94,0.005137549,0.001491768,0.003645781
611,768,95,0.004450577,0.000796496,0.003654081
611,768,96,0.006453067,0.003165889,0.003287178
611,768,97,0.004872321,0.001485974,0.003386347
611,768,98,0.004523782,0.000972658,0.003551124
611,768,99,0.005355697,0.001876376,0.003479321
611,768,100,0.008074304,0.004546587,0.003527717
611,768,101,0.004442675,0.001057439,0.003385236
611,768,102,0.004190872,0.000820519,0.003370353
611,768,103,0.004426677,0.001043348,0.003383329
611,768,104,0.004545102,0.001207165,0.003337937
611,768,105,0.004984157,0.001699741,0.003284416
611,768,106,0.006619239,0.00344991,0.003169329
611,768,107,0.007179981,0.004015605,0.003164376
611,768,108,0.010833953,0.00754343,0.003290523
611,768,109,0.00526597,0.001656689,0.003609281
611,768,110,0.004361972,0.00107729,0.003284682
612,768,1,0.755791058,0.632601192,0.123189866
612,768,2,0.032460894,0.029434649,0.003026245
612,768,3,0.00372718,0.000604488,0.003122692
612,768,4,0.039715104,0.036617805,0.003097299
612,768,5,0.00382307,0.000687724,0.003135346
612,768,6,0.003630508,0.000454551,0.003175957
612,768,7,0.003680311,0.000452337,0.003227974
612,768,8,0.003747883,0.000525937,0.003221946
612,768,9,0.003859345,0.000612338,0.003247007
612,768,10,0.004191262,0.000937338,0.003253924
612,768,11,0.004104887,0.000805074,0.003299813
612,768,12,0.004249967,0.000910145,0.003339822
612,768,13,0.004040045,0.00072759,0.003312455
612,768,14,0.00401448,0.000768549,0.003245931
612,768,15,0.004000649,0.000815242,0.003185407
612,768,16,0.003948337,0.000760373,0.003187964
612,768,17,0.014835898,0.011800389,0.003035509
612,768,18,0.005056169,0.002042781,0.003013388
612,768,19,0.004939991,0.001842601,0.00309739
612,768,20,0.00461487,0.001366346,0.003248524
612,768,21,0.004761861,0.001363067,0.003398794
612,768,22,0.004515793,0.000999876,0.003515917
612,768,23,0.004749499,0.001092527,0.003656972
612,768,24,0.004474055,0.000719008,0.003755047
612,768,25,0.004731777,0.00091943,0.003812347
612,768,26,0.004767336,0.000954726,0.00381261
612,768,27,0.004575562,0.000734128,0.003841434
612,768,28,0.004530085,0.000797778,0.003732307
612,768,29,0.004440824,0.000821802,0.003619022
612,768,30,0.004304276,0.000659428,0.003644848
612,768,31,0.004204214,0.000671006,0.003533208
612,768,32,0.004500542,0.000917205,0.003583337
612,768,33,0.004480571,0.001018797,0.003461774
612,768,34,0.004490634,0.001123412,0.003367222
612,768,35,0.004549434,0.001118464,0.00343097
612,768,36,0.004583367,0.001213074,0.003370293
612,768,37,0.004696834,0.001206066,0.003490768
612,768,38,0.006295849,0.002924248,0.003371601
612,768,39,0.005643179,0.002221636,0.003421543
612,768,40,0.005635541,0.002312165,0.003323376
612,768,41,0.00588818,0.002641952,0.003246228
612,768,42,0.00578432,0.002379838,0.003404482
612,768,43,0.005980152,0.002636698,0.003343454
612,768,44,0.005889286,0.002546311,0.003342975
612,768,45,0.005276512,0.001866331,0.003410181
612,768,46,0.005072712,0.001664404,0.003408308
612,768,47,0.005304354,0.001829041,0.003475313
612,768,48,0.005325333,0.001856351,0.003468982
612,768,49,0.005132505,0.001673351,0.003459154
612,768,50,0.004933366,0.001481173,0.003452193
612,768,51,0.004935514,0.001436468,0.003499046
612,768,52,0.004714927,0.001173671,0.003541256
612,768,53,0.00461706,0.001098506,0.003518554
612,768,54,0.005086494,0.001615417,0.003471077
612,768,55,0.004987936,0.001440169,0.003547767
612,768,56,0.005027691,0.001370679,0.003657012
612,768,57,0.004596621,0.000956392,0.003640229
612,768,58,0.004815553,0.00114,0.003675553
612,768,59,0.004649658,0.001027653,0.003622005
612,768,60,0.004795698,0.001158564,0.003637134
612,768,61,0.00482948,0.001175347,0.003654133
612,768,62,0.004919571,0.001164333,0.003755238
612,768,63,0.004837772,0.001096755,0.003741017
612,768,64,0.004608933,0.000891216,0.003717717
612,768,65,0.005015042,0.001331839,0.003683203
612,768,66,0.004880273,0.001206811,0.003673462
612,768,67,0.004783724,0.001090385,0.003693339
612,768,68,0.004881376,0.001133721,0.003747655
612,768,69,0.004824514,0.001123756,0.003700758
612,768,70,0.004417628,0.000729241,0.003688387
612,768,71,0.004738906,0.001044062,0.003694844
612,768,72,0.004731961,0.00100706,0.003724901
612,768,73,0.004852667,0.001148526,0.003704141
612,768,74,0.00433445,0.000676972,0.003657478
612,768,75,0.00481258,0.001191232,0.003621348
612,768,76,0.004453408,0.00092946,0.003523948
612,768,77,0.0044167,0.000898251,0.003518449
612,768,78,0.004581814,0.001065042,0.003516772
612,768,79,0.004716886,0.001126532,0.003590354
612,768,80,0.004800996,0.001253443,0.003547553
612,768,81,0.004377545,0.000741118,0.003636427
612,768,82,0.004822236,0.001156291,0.003665945
612,768,83,0.004432836,0.000794239,0.003638597
612,768,84,0.004609052,0.001051974,0.003557078
612,768,85,0.004529254,0.001004616,0.003524638
612,768,86,0.004583857,0.001007092,0.003576765
612,768,87,0.004609349,0.000983114,0.003626235
612,768,88,0.004361471,0.000802264,0.003559207
612,768,89,0.004328434,0.000764984,0.00356345
612,768,90,0.005585591,0.001927892,0.003657699
612,768,91,0.004914945,0.001378922,0.003536023
612,768,92,0.004417623,0.000832637,0.003584986
612,768,93,0.00430209,0.000882787,0.003419303
612,768,94,0.005028756,0.001625316,0.00340344
612,768,95,0.006848665,0.003374826,0.003473839
612,768,96,0.004953903,0.001460608,0.003493295
612,768,97,0.004043536,0.000743666,0.00329987
612,768,98,0.004386949,0.001008004,0.003378945
612,768,99,0.008783206,0.005292708,0.003490498
612,768,100,0.004864884,0.001420823,0.003444061
612,768,101,0.004136636,0.000787593,0.003349043
612,768,102,0.004310133,0.000949756,0.003360377
612,768,103,0.004828903,0.001601648,0.003227255
612,768,104,0.004531444,0.001262881,0.003268563
612,768,105,0.007463995,0.004090644,0.003373351
612,768,106,0.006933424,0.003799472,0.003133952
612,768,107,0.010795941,0.007541275,0.003254666
612,768,108,0.004623549,0.001144399,0.00347915
612,768,109,0.004783912,0.001290351,0.003493561
612,768,110,0.004219874,0.000995293,0.003224581
613,768,1,0.756356799,0.632964646,0.123392153
613,768,2,0.032294412,0.029262961,0.003031451
613,768,3,0.00362679,0.000523659,0.003103131
613,768,4,0.003501053,0.000357618,0.003143435
613,768,5,0.039030507,0.035971193,0.003059314
613,768,6,0.00398975,0.000783577,0.003206173
613,768,7,0.003682574,0.000464966,0.003217608
613,768,8,0.003657793,0.00041988,0.003237913
613,768,9,0.004058271,0.000728907,0.003329364
613,768,10,0.004029805,0.000711981,0.003317824
613,768,11,0.004159534,0.000820312,0.003339222
613,768,12,0.004081808,0.000742979,0.003338829
613,768,13,0.004125073,0.000794209,0.003330864
613,768,14,0.004087308,0.000789795,0.003297513
613,768,15,0.003973991,0.000751844,0.003222147
613,768,16,0.015511741,0.012459507,0.003052234
613,768,17,0.004988388,0.001954581,0.003033807
613,768,18,0.004646778,0.001525523,0.003121255
613,768,19,0.00461959,0.001534226,0.003085364
613,768,20,0.004856114,0.001535498,0.003320616
613,768,21,0.004722189,0.001148873,0.003573316
613,768,22,0.004580704,0.000999419,0.003581285
613,768,23,0.004411963,0.000651274,0.003760689
613,768,24,0.00468152,0.000687557,0.003993963
613,768,25,0.004695468,0.000773149,0.003922319
613,768,26,0.00461803,0.000710996,0.003907034
613,768,27,0.004644648,0.000665957,0.003978691
613,768,28,0.004534352,0.000679081,0.003855271
613,768,29,0.004294677,0.000550957,0.00374372
613,768,30,0.00428322,0.000571239,0.003711981
613,768,31,0.00421402,0.000562596,0.003651424
613,768,32,0.004469532,0.000709267,0.003760265
613,768,33,0.004314602,0.00070394,0.003610662
613,768,34,0.004367279,0.000846623,0.003520656
613,768,35,0.004641571,0.001138048,0.003503523
613,768,36,0.004554079,0.00104081,0.003513269
613,768,37,0.006849571,0.003417418,0.003432153
613,768,38,0.005714468,0.002271031,0.003443437
613,768,39,0.005567149,0.002213579,0.00335357
613,768,40,0.005539731,0.002300509,0.003239222
613,768,41,0.006016184,0.002655877,0.003360307
613,768,42,0.006115527,0.002798596,0.003316931
613,768,43,0.005869389,0.002549136,0.003320253
613,768,44,0.005105939,0.001782054,0.003323885
613,768,45,0.005325486,0.001851222,0.003474264
613,768,46,0.005157909,0.001740736,0.003417173
613,768,47,0.005269218,0.001837253,0.003431965
613,768,48,0.0050627,0.00155879,0.00350391
613,768,49,0.005019509,0.001531884,0.003487625
613,768,50,0.004983239,0.001525733,0.003457506
613,768,51,0.004708173,0.001186187,0.003521986
613,768,52,0.004681375,0.001132063,0.003549312
613,768,53,0.004916564,0.001385879,0.003530685
613,768,54,0.004761929,0.00119942,0.003562509
613,768,55,0.005027963,0.001370847,0.003657116
613,768,56,0.004892402,0.001079287,0.003813115
613,768,57,0.004880066,0.001013072,0.003866994
613,768,58,0.004765847,0.000977926,0.003787921
613,768,59,0.004753797,0.001055569,0.003698228
613,768,60,0.004800757,0.001024655,0.003776102
613,768,61,0.004795632,0.001042432,0.0037532
613,768,62,0.004887112,0.001112555,0.003774557
613,768,63,0.004621083,0.000836796,0.003784287
613,768,64,0.005016123,0.001248739,0.003767384
613,768,65,0.004810951,0.00114395,0.003667001
613,768,66,0.00482113,0.001194575,0.003626555
613,768,67,0.004729336,0.001087602,0.003641734
613,768,68,0.005029015,0.001399131,0.003629884
613,768,69,0.004370707,0.000672823,0.003697884
613,768,70,0.004776721,0.001069488,0.003707233
613,768,71,0.004694383,0.001023681,0.003670702
613,768,72,0.00487533,0.001145531,0.003729799
613,768,73,0.004317535,0.000615787,0.003701748
613,768,74,0.00490387,0.001217648,0.003686222
613,768,75,0.004559164,0.000923053,0.003636111
613,768,76,0.004309728,0.000834837,0.003474891
613,768,77,0.004575957,0.001082052,0.003493905
613,768,78,0.004505247,0.001006089,0.003499158
613,768,79,0.004795998,0.001247782,0.003548216
613,768,80,0.00454603,0.000907256,0.003638774
613,768,81,0.004660782,0.00103089,0.003629892
613,768,82,0.004622606,0.000906035,0.003716571
613,768,83,0.004486907,0.000877482,0.003609425
613,768,84,0.004659447,0.001029114,0.003630333
613,768,85,0.004361268,0.000886664,0.003474604
613,768,86,0.004809495,0.001230545,0.00357895
613,768,87,0.004480026,0.00073981,0.003740216
613,768,88,0.004296529,0.000574272,0.003722257
613,768,89,0.004961612,0.001401932,0.00355968
613,768,90,0.004909934,0.001190826,0.003719108
613,768,91,0.004570702,0.000999065,0.003571637
613,768,92,0.004309925,0.000673886,0.003636039
613,768,93,0.004807515,0.001372233,0.003435282
613,768,94,0.007216232,0.003692013,0.003524219
613,768,95,0.00489289,0.001316001,0.003576889
613,768,96,0.004457745,0.000935446,0.003522299
613,768,97,0.004190069,0.000830639,0.00335943
613,768,98,0.007182019,0.003729748,0.003452271
613,768,99,0.004798241,0.001374386,0.003423855
613,768,100,0.004812083,0.001333027,0.003479056
613,768,101,0.004724341,0.001349972,0.003374369
613,768,102,0.005398512,0.002137264,0.003261248
613,768,103,0.004806402,0.001523732,0.00328267
613,768,104,0.007010392,0.003644483,0.003365909
613,768,105,0.00734647,0.004202855,0.003143615
613,768,106,0.010400438,0.007227171,0.003173267
613,768,107,0.004705035,0.001450154,0.003254881
613,768,108,0.004519311,0.001165804,0.003353507
613,768,109,0.004731588,0.001060587,0.003671001
613,768,110,0.004173949,0.000968885,0.003205064
614,768,1,0.755105866,0.631681144,0.123424722
614,768,2,0.015006049,0.011956008,0.003050041
614,768,3,0.021744754,0.018714295,0.003030459
614,768,4,0.004854505,0.001698935,0.00315557
614,768,5,0.003721004,0.000627333,0.003093671
614,768,6,0.037570851,0.034498302,0.003072549
614,768,7,0.004069071,0.000951721,0.00311735
614,768,8,0.003817245,0.00056339,0.003253855
614,768,9,0.004009114,0.000699483,0.003309631
614,768,10,0.004063706,0.000722395,0.003341311
614,768,11,0.004063688,0.000743169,0.003320519
614,768,12,0.004160294,0.000820557,0.003339737
614,768,13,0.004060823,0.000756614,0.003304209
614,768,14,0.004007837,0.000783733,0.003224104
614,768,15,0.016418745,0.013347827,0.003070918
614,768,16,0.004810745,0.001763284,0.003047461
614,768,17,0.004659163,0.001535834,0.003123329
614,768,18,0.004408899,0.00124658,0.003162319
614,768,19,0.004773508,0.00160339,0.003170118
614,768,20,0.0046682,0.001346827,0.003321373
614,768,21,0.004810873,0.001283735,0.003527138
614,768,22,0.004291982,0.000619986,0.003671996
614,768,23,0.004348897,0.000663261,0.003685636
614,768,24,0.004821601,0.001014394,0.003807207
614,768,25,0.004575124,0.000791382,0.003783742
614,768,26,0.004544001,0.000787383,0.003756618
614,768,27,0.004461354,0.000718656,0.003742698
614,768,28,0.004353999,0.000660372,0.003693627
614,768,29,0.004257532,0.000652105,0.003605427
614,768,30,0.004449159,0.000830972,0.003618187
614,768,31,0.004197388,0.0006346,0.003562788
614,768,32,0.004649061,0.00109343,0.003555631
614,768,33,0.0043193,0.000869395,0.003449905
614,768,34,0.004636346,0.00119992,0.003436426
614,768,35,0.004454413,0.001078435,0.003375978
614,768,36,0.006984213,0.003509231,0.003474982
614,768,37,0.005869127,0.002425112,0.003444015
614,768,38,0.005590351,0.002234622,0.003355729
614,768,39,0.005631141,0.002317104,0.003314037
614,768,40,0.006103585,0.002703352,0.003400233
614,768,41,0.006195986,0.002933885,0.003262101
614,768,42,0.005539158,0.002208821,0.003330337
614,768,43,0.005289894,0.00186999,0.003419904
614,768,44,0.005140852,0.001755343,0.003385509
614,768,45,0.005329541,0.001939258,0.003390283
614,768,46,0.005049272,0.001662187,0.003387085
614,768,47,0.004969208,0.001546896,0.003422312
614,768,48,0.005052946,0.001570655,0.003482291
614,768,49,0.005032401,0.00151057,0.003521831
614,768,50,0.004709994,0.001154004,0.00355599
614,768,51,0.004838236,0.001243882,0.003594354
614,768,52,0.00481382,0.001143679,0.003670141
614,768,53,0.004734372,0.00105113,0.003683242
614,768,54,0.004909725,0.00124037,0.003669355
614,768,55,0.00481603,0.001084329,0.003731701
614,768,56,0.004963865,0.001209966,0.003753899
614,768,57,0.004643339,0.000990243,0.003653096
614,768,58,0.004807786,0.001097143,0.003710643
614,768,59,0.004778036,0.001114796,0.00366324
614,768,60,0.004797229,0.001130901,0.003666328
614,768,61,0.004908332,0.001221828,0.003686504
614,768,62,0.004687354,0.00106203,0.003625324
614,768,63,0.004935616,0.001335295,0.003600321
614,768,64,0.004973224,0.001378051,0.003595173
614,768,65,0.00477865,0.001195195,0.003583455
614,768,66,0.004839873,0.001253697,0.003586176
614,768,67,0.005067821,0.001367658,0.003700163
614,768,68,0.004366647,0.000730065,0.003636582
614,768,69,0.004688845,0.001035484,0.003653361
614,768,70,0.004792013,0.001132977,0.003659036
614,768,71,0.004756245,0.001137432,0.003618813
614,768,72,0.004377046,0.000779171,0.003597875
614,768,73,0.004826186,0.001192431,0.003633755
614,768,74,0.004660022,0.001068322,0.0035917
614,768,75,0.00442566,0.000905527,0.003520133
614,768,76,0.004426179,0.000957743,0.003468436
614,768,77,0.004380379,0.001003253,0.003377126
614,768,78,0.004716581,0.001263726,0.003452855
614,768,79,0.004592126,0.001148191,0.003443935
614,768,80,0.004526794,0.001028388,0.003498406
614,768,81,0.00461278,0.001091421,0.003521359
614,768,82,0.004554721,0.00102483,0.003529891
614,768,83,0.004731032,0.001191066,0.003539966
614,768,84,0.004342924,0.00084512,0.003497804
614,768,85,0.004790198,0.001436987,0.003353211
614,768,86,0.004658629,0.00104387,0.003614759
614,768,87,0.004394582,0.000754937,0.003639645
614,768,88,0.004871456,0.001294274,0.003577182
614,768,89,0.00475526,0.00118465,0.00357061
614,768,90,0.004216859,0.00062314,0.003593719
614,768,91,0.00475665,0.001193109,0.003563541
614,768,92,0.004703535,0.001115558,0.003587977
614,768,93,0.007112546,0.003792702,0.003319844
614,768,94,0.005097497,0.001654158,0.003443339
614,768,95,0.004250718,0.00072121,0.003529508
614,768,96,0.004404503,0.000968713,0.00343579
614,768,97,0.006968483,0.003581367,0.003387116
614,768,98,0.005221426,0.001751792,0.003469634
614,768,99,0.004865587,0.001247439,0.003618148
614,768,100,0.004326465,0.000746219,0.003580246
614,768,101,0.005718006,0.00245086,0.003267146
614,768,102,0.004567715,0.001313732,0.003253983
614,768,103,0.006643541,0.00334376,0.003299781
614,768,104,0.008301502,0.00491324,0.003388262
614,768,105,0.00492088,0.001693001,0.003227879
614,768,106,0.004104796,0.000925082,0.003179714
614,768,107,0.008817183,0.00548917,0.003328013
614,768,108,0.00460333,0.001274023,0.003329307
614,768,109,0.004984093,0.001417136,0.003566957
614,768,110,0.00416486,0.00092583,0.00323903
615,768,1,0.75508355,0.631802094,0.123281456
615,768,2,0.026537862,0.0235199,0.003017962
615,768,3,0.011765706,0.008742436,0.00302327
615,768,4,0.003782121,0.000686021,0.0030961
615,768,5,0.018938795,0.015907836,0.003030959
615,768,6,0.003936204,0.000905076,0.003031128
615,768,7,0.021203577,0.018092929,0.003110648
615,768,8,0.004196219,0.000973043,0.003223176
615,768,9,0.003850817,0.000593819,0.003256998
615,768,10,0.004254185,0.000941318,0.003312867
615,768,11,0.004068908,0.00077018,0.003298728
615,768,12,0.004175729,0.000811644,0.003364085
615,768,13,0.004094583,0.000748098,0.003346485
615,768,14,0.017178478,0.014092462,0.003086016
615,768,15,0.00478378,0.001729283,0.003054497
615,768,16,0.004531201,0.001411593,0.003119608
615,768,17,0.004395787,0.001250923,0.003144864
615,768,18,0.004625716,0.001602378,0.003023338
615,768,19,0.004617106,0.001534769,0.003082337
615,768,20,0.004806242,0.001463881,0.003342361
615,768,21,0.004392187,0.00076728,0.003624907
615,768,22,0.00433047,0.000618021,0.003712449
615,768,23,0.004738355,0.000752107,0.003986248
615,768,24,0.004607055,0.000729319,0.003877736
615,768,25,0.004514243,0.000681796,0.003832447
615,768,26,0.004474101,0.000707355,0.003766746
615,768,27,0.004481294,0.000706494,0.0037748
615,768,28,0.004303838,0.000674472,0.003629366
615,768,29,0.004360768,0.000706202,0.003654566
615,768,30,0.004249682,0.000663287,0.003586395
615,768,31,0.004518591,0.000975017,0.003543574
615,768,32,0.004357173,0.000864321,0.003492852
615,768,33,0.004557471,0.00108646,0.003471011
615,768,34,0.00446816,0.001062809,0.003405351
615,768,35,0.007320229,0.003858193,0.003462036
615,768,36,0.005551342,0.002174763,0.003376579
615,768,37,0.00567647,0.002378334,0.003298136
615,768,38,0.005746469,0.002364151,0.003382318
615,768,39,0.006094324,0.00275443,0.003339894
615,768,40,0.00613718,0.0028667,0.00327048
615,768,41,0.005656229,0.002281639,0.00337459
615,768,42,0.005279446,0.001905211,0.003374235
615,768,43,0.005137552,0.001720621,0.003416931
615,768,44,0.00534934,0.001967828,0.003381512
615,768,45,0.005101146,0.001698088,0.003403058
615,768,46,0.004783132,0.001424548,0.003358584
615,768,47,0.00490158,0.001433199,0.003468381
615,768,48,0.004886659,0.00138179,0.003504869
615,768,49,0.004745943,0.001227064,0.003518879
615,768,50,0.004853904,0.001280556,0.003573348
615,768,51,0.004699664,0.001103135,0.003596529
615,768,52,0.004966398,0.001299682,0.003666716
615,768,53,0.004821934,0.001130475,0.003691459
615,768,54,0.004737183,0.001104345,0.003632838
615,768,55,0.005075108,0.001464641,0.003610467
615,768,56,0.004744262,0.001030747,0.003713515
615,768,57,0.004736141,0.001144725,0.003591416
615,768,58,0.004850817,0.001232876,0.003617941
615,768,59,0.004649276,0.001099033,0.003550243
615,768,60,0.00499074,0.001350285,0.003640455
615,768,61,0.004667492,0.001065177,0.003602315
615,768,62,0.005049724,0.00145206,0.003597664
615,768,63,0.004967622,0.001341126,0.003626496
615,768,64,0.004824785,0.001163977,0.003660808
615,768,65,0.004723299,0.001071117,0.003652182
615,768,66,0.005023616,0.001361897,0.003661719
615,768,67,0.004590946,0.000847923,0.003743023
615,768,68,0.00460319,0.000898509,0.003704681
615,768,69,0.004748674,0.00096284,0.003785834
615,768,70,0.00479891,0.000997586,0.003801324
615,768,71,0.00445066,0.000782702,0.003667958
615,768,72,0.004798906,0.001073633,0.003725273
615,768,73,0.004556717,0.000838584,0.003718133
615,768,74,0.004561158,0.000929733,0.003631425
615,768,75,0.004418062,0.000776925,0.003641137
615,768,76,0.004471068,0.000967564,0.003503504
615,768,77,0.00457881,0.001016093,0.003562717
615,768,78,0.004408058,0.000928711,0.003479347
615,768,79,0.004637893,0.001140104,0.003497789
615,768,80,0.004508516,0.000991724,0.003516792
615,768,81,0.004602143,0.001053619,0.003548524
615,768,82,0.004782909,0.001191558,0.003591351
615,768,83,0.004406793,0.00088385,0.003522943
615,768,84,0.00490169,0.001354183,0.003547507
615,768,85,0.004445061,0.000927513,0.003517548
615,768,86,0.004518521,0.000925897,0.003592624
615,768,87,0.004515947,0.000856225,0.003659722
615,768,88,0.004903108,0.001379278,0.00352383
615,768,89,0.004440126,0.000892231,0.003547895
615,768,90,0.004153036,0.000703503,0.003449533
615,768,91,0.004759357,0.001253961,0.003505396
615,768,92,0.007114867,0.003838019,0.003276848
615,768,93,0.005457271,0.002070161,0.00338711
615,768,94,0.004396252,0.000846611,0.003549641
615,768,95,0.004189488,0.000719596,0.003469892
615,768,96,0.006854646,0.003637263,0.003217383
615,768,97,0.005530901,0.002227574,0.003303327
615,768,98,0.004735103,0.001302713,0.00343239
615,768,99,0.004582654,0.00103732,0.003545334
615,768,100,0.005823536,0.002458848,0.003364688
615,768,101,0.004618042,0.001244264,0.003373778
615,768,102,0.006571211,0.003337486,0.003233725
615,768,103,0.007865026,0.0045588,0.003306226
615,768,104,0.004627372,0.00113171,0.003495662
615,768,105,0.003909553,0.00057251,0.003337043
615,768,106,0.004409607,0.00123267,0.003176937
615,768,107,0.004787126,0.00152064,0.003266486
615,768,108,0.007835833,0.004590369,0.003245464
615,768,109,0.005381672,0.001945099,0.003436573
615,768,110,0.004412277,0.001161902,0.003250375
616,768,1,0.762247216,0.637320657,0.124926559
616,768,2,0.027985341,0.024959042,0.003026299
616,768,3,0.003674275,0.000546864,0.003127411
616,768,4,0.019040959,0.015996055,0.003044904
616,768,5,0.003916826,0.000783252,0.003133574
616,768,6,0.003476546,0.00037174,0.003104806
616,768,7,0.003574692,0.000444799,0.003129893
616,768,8,0.020594072,0.017483707,0.003110365
616,768,9,0.00439172,0.001100493,0.003291227
616,768,10,0.00388596,0.000553964,0.003331996
616,768,11,0.00425253,0.000937579,0.003314951
616,768,12,0.004009222,0.000703499,0.003305723
616,768,13,0.018338833,0.015240204,0.003098629
616,768,14,0.004937845,0.001774811,0.003163034
616,768,15,0.004380026,0.001200659,0.003179367
616,768,16,0.004302848,0.001177382,0.003125466
616,768,17,0.004661309,0.001624383,0.003036926
616,768,18,0.004486569,0.001463385,0.003023184
616,768,19,0.004656846,0.00144882,0.003208026
616,768,20,0.004417878,0.001131685,0.003286193
616,768,21,0.004410992,0.000829891,0.003581101
616,768,22,0.004494758,0.000756047,0.003738711
616,768,23,0.004448304,0.000685242,0.003763062
616,768,24,0.004459561,0.000634148,0.003825413
616,768,25,0.00455478,0.000788787,0.003765993
616,768,26,0.004613348,0.000774608,0.00383874
616,768,27,0.004501313,0.000763213,0.0037381
616,768,28,0.004441612,0.000807741,0.003633871
616,768,29,0.004320745,0.000722802,0.003597943
616,768,30,0.004446461,0.000821543,0.003624918
616,768,31,0.004157242,0.000635108,0.003522134
616,768,32,0.004127838,0.000604409,0.003523429
616,768,33,0.003989294,0.000547598,0.003441696
616,768,34,0.008669045,0.005252507,0.003416538
616,768,35,0.005279851,0.001916275,0.003363576
616,768,36,0.005921082,0.002500082,0.003421
616,768,37,0.005458094,0.00206691,0.003391184
616,768,38,0.006083198,0.002790569,0.003292629
616,768,39,0.006242554,0.00296835,0.003274204
616,768,40,0.005578973,0.002268063,0.00331091
616,768,41,0.005384217,0.002058819,0.003325398
616,768,42,0.005231154,0.001858081,0.003373073
616,768,43,0.00537075,0.002080391,0.003290359
616,768,44,0.004938915,0.001559357,0.003379558
616,768,45,0.004770652,0.001396978,0.003373674
616,768,46,0.004758076,0.001354054,0.003404022
616,768,47,0.004705033,0.001161802,0.003543231
616,768,48,0.004947689,0.001411726,0.003535963
616,768,49,0.004607395,0.001127349,0.003480046
616,768,50,0.005028955,0.001447312,0.003581643
616,768,51,0.004741071,0.001182115,0.003558956
616,768,52,0.004966236,0.001402045,0.003564191
616,768,53,0.004730035,0.001130507,0.003599528
616,768,54,0.004797393,0.001322947,0.003474446
616,768,55,0.00486013,0.001338531,0.003521599
616,768,56,0.004812662,0.001199408,0.003613254
616,768,57,0.004806972,0.00130948,0.003497492
616,768,58,0.004887964,0.00135512,0.003532844
616,768,59,0.004904128,0.001277005,0.003627123
616,768,60,0.004669285,0.001079932,0.003589353
616,768,61,0.005009374,0.001411242,0.003598132
616,768,62,0.005080478,0.00142443,0.003656048
616,768,63,0.004819355,0.001139763,0.003679592
616,768,64,0.004719772,0.000939812,0.00377996
616,768,65,0.004878732,0.001134739,0.003743993
616,768,66,0.00453184,0.000827567,0.003704273
616,768,67,0.004725121,0.001004473,0.003720648
616,768,68,0.00474616,0.000911509,0.003834651
616,768,69,0.004669035,0.000901214,0.003767821
616,768,70,0.004564122,0.000820668,0.003743454
616,768,71,0.004824132,0.001083005,0.003741127
616,768,72,0.004444629,0.000724633,0.003719996
616,768,73,0.004591855,0.000927435,0.00366442
616,768,74,0.004478583,0.000840877,0.003637706
616,768,75,0.004346197,0.00082208,0.003524117
616,768,76,0.004609316,0.001068731,0.003540585
616,768,77,0.004308596,0.000859056,0.00344954
616,768,78,0.004628324,0.00109101,0.003537314
616,768,79,0.004521834,0.001051368,0.003470466
616,768,80,0.004701181,0.001165786,0.003535395
616,768,81,0.004792974,0.001205862,0.003587112
616,768,82,0.004470748,0.000986271,0.003484477
616,768,83,0.004860549,0.001383999,0.00347655
616,768,84,0.004481573,0.000945323,0.00353625
616,768,85,0.004471987,0.00100654,0.003465447
616,768,86,0.004713746,0.001091269,0.003622477
616,768,87,0.004276036,0.000687511,0.003588525
616,768,88,0.004460682,0.000923566,0.003537116
616,768,89,0.004088688,0.000545835,0.003542853
616,768,90,0.004302684,0.000775149,0.003527535
616,768,91,0.00786491,0.004467499,0.003397411
616,768,92,0.005642499,0.002201297,0.003441202
616,768,93,0.004412122,0.000919549,0.003492573
616,768,94,0.004438088,0.000949463,0.003488625
616,768,95,0.006961272,0.003604933,0.003356339
616,768,96,0.00539897,0.002108433,0.003290537
616,768,97,0.004836367,0.00140163,0.003434737
616,768,98,0.004345432,0.00089213,0.003453302
616,768,99,0.005988048,0.002651344,0.003336704
616,768,100,0.004566409,0.001151605,0.003414804
616,768,101,0.00625522,0.003027445,0.003227775
616,768,102,0.007860392,0.004595564,0.003264828
616,768,103,0.004484125,0.001186898,0.003297227
616,768,104,0.004324821,0.000812328,0.003512493
616,768,105,0.003981693,0.000655968,0.003325725
616,768,106,0.005263346,0.002170546,0.0030928
616,768,107,0.004724784,0.001582349,0.003142435
616,768,108,0.004450444,0.001199025,0.003251419
616,768,109,0.006577562,0.003307903,0.003269659
616,768,110,0.005066407,0.001828424,0.003237983
617,768,1,0.762943215,0.638730744,0.124212471
617,768,2,0.007719407,0.004684088,0.003035319
617,768,3,0.039122588,0.036092642,0.003029946
617,768,4,0.003788527,0.000678413,0.003110114
617,768,5,0.003589509,0.000471736,0.003117773
617,768,6,0.003534045,0.000364644,0.003169401
617,768,7,0.00348563,0.000354894,0.003130736
617,768,8,0.003556082,0.000369497,0.003186585
617,768,9,0.020094433,0.016958841,0.003135592
617,768,10,0.004486405,0.001218392,0.003268013
617,768,11,0.003933066,0.000650382,0.003282684
617,768,12,0.019573569,0.016482938,0.003090631
617,768,13,0.004717489,0.001625377,0.003092112
617,768,14,0.004470904,0.001280018,0.003190886
617,768,15,0.004382503,0.001334426,0.003048077
617,768,16,0.004759997,0.00164607,0.003113927
617,768,17,0.004438005,0.001265976,0.003172029
617,768,18,0.004314377,0.001171882,0.003142495
617,768,19,0.004459849,0.001287098,0.003172751
617,768,20,0.004481953,0.001141154,0.003340799
617,768,21,0.004434875,0.000726823,0.003708052
617,768,22,0.004406594,0.000537,0.003869594
617,768,23,0.004408842,0.000543993,0.003864849
617,768,24,0.004643735,0.000718777,0.003924958
617,768,25,0.004513288,0.000622772,0.003890516
617,768,26,0.004525441,0.000675445,0.003849996
617,768,27,0.004672679,0.000881374,0.003791305
617,768,28,0.004275935,0.000654536,0.003621399
617,768,29,0.004412367,0.000716124,0.003696243
617,768,30,0.004214839,0.000608508,0.003606331
617,768,31,0.004161545,0.000660861,0.003500684
617,768,32,0.004187103,0.000644016,0.003543087
617,768,33,0.008687115,0.005335614,0.003351501
617,768,34,0.005347068,0.002007486,0.003339582
617,768,35,0.005840719,0.00234104,0.003499679
617,768,36,0.005265357,0.00184978,0.003415577
617,768,37,0.005769919,0.002474858,0.003295061
617,768,38,0.006034137,0.002697631,0.003336506
617,768,39,0.005597263,0.002240019,0.003357244
617,768,40,0.0054367,0.002150442,0.003286258
617,768,41,0.005270545,0.002017377,0.003253168
617,768,42,0.005007755,0.001666055,0.0033417
617,768,43,0.004925959,0.001519118,0.003406841
617,768,44,0.004819364,0.001431462,0.003387902
617,768,45,0.004527594,0.001115437,0.003412157
617,768,46,0.004770119,0.001277874,0.003492245
617,768,47,0.005005089,0.001436299,0.00356879
617,768,48,0.004939541,0.001402206,0.003537335
617,768,49,0.004968376,0.001440119,0.003528257
617,768,50,0.004664333,0.001083985,0.003580348
617,768,51,0.004732101,0.001102478,0.003629623
617,768,52,0.004970751,0.001391829,0.003578922
617,768,53,0.004781453,0.00116133,0.003620123
617,768,54,0.005041715,0.00153348,0.003508235
617,768,55,0.004729086,0.001120434,0.003608652
617,768,56,0.004534853,0.000914986,0.003619867
617,768,57,0.004994016,0.001398344,0.003595672
617,768,58,0.004679723,0.001061099,0.003618624
617,768,59,0.004764878,0.001146606,0.003618272
617,768,60,0.004773148,0.001092686,0.003680462
617,768,61,0.004765919,0.001164421,0.003601498
617,768,62,0.004874838,0.001242604,0.003632234
617,768,63,0.004589652,0.000934475,0.003655177
617,768,64,0.004661047,0.000970142,0.003690905
617,768,65,0.00470899,0.001044169,0.003664821
617,768,66,0.004683708,0.001025317,0.003658391
617,768,67,0.004625138,0.000863937,0.003761201
617,768,68,0.004737328,0.001002144,0.003735184
617,768,69,0.004728804,0.000991547,0.003737257
617,768,70,0.004818803,0.000969469,0.003849334
617,768,71,0.004408475,0.000774529,0.003633946
617,768,72,0.004840438,0.001114568,0.00372587
617,768,73,0.00452024,0.000809515,0.003710725
617,768,74,0.004430744,0.000830441,0.003600303
617,768,75,0.004738554,0.001139019,0.003599535
617,768,76,0.004451485,0.000914816,0.003536669
617,768,77,0.004720344,0.00120711,0.003513234
617,768,78,0.004787916,0.001244494,0.003543422
617,768,79,0.004742119,0.001113587,0.003628532
617,768,80,0.004551311,0.000965034,0.003586277
617,768,81,0.004814089,0.001205268,0.003608821
617,768,82,0.004964491,0.001314864,0.003649627
617,768,83,0.004548242,0.000942261,0.003605981
617,768,84,0.004389295,0.000849766,0.003539529
617,768,85,0.004555134,0.000969169,0.003585965
617,768,86,0.004436584,0.000813806,0.003622778
617,768,87,0.004369864,0.0007556,0.003614264
617,768,88,0.004158499,0.000557792,0.003600707
617,768,89,0.004089028,0.000553173,0.003535855
617,768,90,0.007524381,0.004125242,0.003399139
617,768,91,0.005639466,0.002164233,0.003475233
617,768,92,0.00453477,0.001169327,0.003365443
617,768,93,0.004210417,0.000732863,0.003477554
617,768,94,0.006843974,0.003428373,0.003415601
617,768,95,0.005454367,0.002047011,0.003407356
617,768,96,0.005102739,0.001785318,0.003317421
617,768,97,0.004435916,0.001004485,0.003431431
617,768,98,0.006259432,0.002900662,0.00335877
617,768,99,0.004564922,0.001240057,0.003324865
617,768,100,0.004267939,0.00088487,0.003383069
617,768,101,0.004224249,0.000892902,0.003331347
617,768,102,0.005420666,0.002185188,0.003235478
617,768,103,0.008086098,0.004751422,0.003334676
617,768,104,0.004638827,0.001157695,0.003481132
617,768,105,0.00557284,0.002328933,0.003243907
617,768,106,0.00458694,0.001372083,0.003214857
617,768,107,0.004208317,0.001059205,0.003149112
617,768,108,0.004298481,0.00101197,0.003286511
617,768,109,0.004291629,0.000893617,0.003398012
617,768,110,0.006211741,0.00299353,0.003218211
618,768,1,0.756050823,0.633198564,0.122852259
618,768,2,0.050521416,0.047495358,0.003026058
618,768,3,0.003702508,0.000596676,0.003105832
618,768,4,0.003638318,0.000367712,0.003270606
618,768,5,0.003483478,0.000381973,0.003101505
618,768,6,0.003498467,0.000353438,0.003145029
618,768,7,0.003460138,0.000359115,0.003101023
618,768,8,0.003515119,0.000342474,0.003172645
618,768,9,0.003525415,0.000368577,0.003156838
618,768,10,0.019833831,0.01658644,0.003247391
618,768,11,0.021305394,0.018166117,0.003139277
618,768,12,0.004375412,0.001271873,0.003103539
618,768,13,0.00446541,0.001308901,0.003156509
618,768,14,0.004578257,0.001388653,0.003189604
618,768,15,0.004476502,0.001422556,0.003053946
618,768,16,0.004394782,0.001252519,0.003142263
618,768,17,0.004275975,0.001170899,0.003105076
618,768,18,0.00453935,0.00135074,0.00318861
618,768,19,0.004269142,0.001029737,0.003239405
618,768,20,0.004303431,0.000960022,0.003343409
618,768,21,0.004465489,0.000840287,0.003625202
618,768,22,0.004335971,0.000596702,0.003739269
618,768,23,0.004679746,0.000790125,0.003889621
618,768,24,0.004583146,0.000654252,0.003928894
618,768,25,0.004566403,0.000693472,0.003872931
618,768,26,0.004690844,0.00078897,0.003901874
618,768,27,0.004456844,0.000692576,0.003764268
618,768,28,0.004323515,0.000637544,0.003685971
618,768,29,0.004232297,0.000611179,0.003621118
618,768,30,0.004312851,0.000663245,0.003649606
618,768,31,0.004210873,0.00057444,0.003636433
618,768,32,0.008894219,0.005497168,0.003397051
618,768,33,0.005335158,0.001863654,0.003471504
618,768,34,0.005707505,0.002228509,0.003478996
618,768,35,0.005262564,0.001897318,0.003365246
618,768,36,0.00574621,0.002418793,0.003327417
618,768,37,0.005723901,0.002323997,0.003399904
618,768,38,0.005596282,0.00224196,0.003354322
618,768,39,0.005237175,0.001928483,0.003308692
618,768,40,0.005223365,0.001903796,0.003319569
618,768,41,0.005131117,0.001710796,0.003420321
618,768,42,0.004982803,0.001522043,0.00346076
618,768,43,0.004554925,0.001145945,0.00340898
618,768,44,0.004678732,0.001213502,0.00346523
618,768,45,0.00478669,0.001264299,0.003522391
618,768,46,0.00493216,0.001378273,0.003553887
618,768,47,0.004988573,0.001423156,0.003565417
618,768,48,0.005078376,0.001571789,0.003506587
618,768,49,0.004408049,0.000958339,0.00344971
618,768,50,0.004803426,0.001266232,0.003537194
618,768,51,0.005144871,0.0016417,0.003503171
618,768,52,0.004778095,0.00125235,0.003525745
618,768,53,0.004865231,0.001378945,0.003486286
618,768,54,0.004714289,0.001131985,0.003582304
618,768,55,0.004673886,0.00110668,0.003567206
618,768,56,0.005145684,0.001556544,0.00358914
618,768,57,0.004619867,0.001023849,0.003596018
618,768,58,0.004545815,0.000904784,0.003641031
618,768,59,0.004814046,0.001260319,0.003553727
618,768,60,0.004784835,0.001211384,0.003573451
618,768,61,0.004765095,0.001152147,0.003612948
618,768,62,0.004770209,0.001133201,0.003637008
618,768,63,0.00451676,0.000860754,0.003656006
618,768,64,0.004776461,0.001116298,0.003660163
618,768,65,0.004571596,0.000872832,0.003698764
618,768,66,0.004693769,0.001027812,0.003665957
618,768,67,0.004860225,0.001086592,0.003773633
618,768,68,0.004816306,0.001096984,0.003719322
618,768,69,0.004440299,0.000700558,0.003739741
618,768,70,0.004789923,0.000996893,0.00379303
618,768,71,0.004745253,0.000985825,0.003759428
618,768,72,0.004681133,0.000886835,0.003794298
618,768,73,0.0044736,0.000727713,0.003745887
618,768,74,0.0048334,0.001179698,0.003653702
618,768,75,0.004432043,0.00076287,0.003669173
618,768,76,0.004647316,0.001143357,0.003503959
618,768,77,0.004722622,0.001128303,0.003594319
618,768,78,0.004711878,0.001067476,0.003644402
618,768,79,0.004774085,0.001075568,0.003698517
618,768,80,0.004718182,0.00108612,0.003632062
618,768,81,0.00472213,0.001070796,0.003651334
618,768,82,0.004760379,0.001109649,0.00365073
618,768,83,0.004482874,0.000886434,0.00359644
618,768,84,0.00442009,0.000867371,0.003552719
618,768,85,0.004500052,0.000942092,0.00355796
618,768,86,0.004633319,0.000964358,0.003668961
618,768,87,0.004122564,0.00050068,0.003621884
618,768,88,0.004095154,0.000522139,0.003573015
618,768,89,0.006798932,0.003217105,0.003581827
618,768,90,0.005398219,0.001863242,0.003534977
618,768,91,0.004813136,0.001371999,0.003441137
618,768,92,0.004525491,0.001150138,0.003375353
618,768,93,0.007212053,0.0037534,0.003458653
618,768,94,0.004464792,0.000930184,0.003534608
618,768,95,0.004901761,0.001477668,0.003424093
618,768,96,0.004961249,0.00160503,0.003356219
618,768,97,0.004320232,0.000912254,0.003407978
618,768,98,0.004111761,0.000640052,0.003471709
618,768,99,0.005943568,0.002589119,0.003354449
618,768,100,0.004817168,0.001399171,0.003417997
618,768,101,0.004130387,0.000796945,0.003333442
618,768,102,0.004211968,0.000852588,0.00335938
618,768,103,0.005310021,0.002070034,0.003239987
618,768,104,0.008079388,0.004821318,0.00325807
618,768,105,0.006774606,0.00353769,0.003236916
618,768,106,0.004423506,0.001178212,0.003245294
618,768,107,0.00415769,0.001024461,0.003133229
618,768,108,0.004242174,0.000907877,0.003334297
618,768,109,0.004189271,0.000788973,0.003400298
618,768,110,0.004315721,0.000805109,0.003510612
619,768,1,0.759917644,0.636552357,0.123365287
619,768,2,0.020301896,0.017265171,0.003036725
619,768,3,0.029512036,0.026466647,0.003045389
619,768,4,0.003783012,0.000633845,0.003149167
619,768,5,0.0035619,0.000438154,0.003123746
619,768,6,0.003537156,0.00035924,0.003177916
619,768,7,0.003477202,0.000348528,0.003128674
619,768,8,0.003556281,0.000348482,0.003207799
619,768,9,0.003534028,0.000369076,0.003164952
619,768,10,0.038018561,0.034828476,0.003190085
619,768,11,0.00443242,0.001348826,0.003083594
619,768,12,0.004093317,0.000884103,0.003209214
619,768,13,0.004403723,0.001317899,0.003085824
619,768,14,0.004667299,0.001598146,0.003069153
619,768,15,0.00423489,0.001088042,0.003146848
619,768,16,0.004378866,0.001265598,0.003113268
619,768,17,0.004237553,0.001090575,0.003146978
619,768,18,0.004249063,0.001082881,0.003166182
619,768,19,0.004348357,0.001110798,0.003237559
619,768,20,0.004492838,0.001108998,0.00338384
619,768,21,0.004312088,0.000703947,0.003608141
619,768,22,0.004523807,0.000650388,0.003873419
619,768,23,0.004596778,0.000575383,0.004021395
619,768,24,0.004615673,0.000670811,0.003944862
619,768,25,0.004655199,0.000553381,0.004101818
619,768,26,0.004548423,0.000553625,0.003994798
619,768,27,0.004431203,0.000506871,0.003924332
619,768,28,0.004177656,0.000521305,0.003656351
619,768,29,0.004379769,0.000630711,0.003749058
619,768,30,0.004168189,0.000512243,0.003655946
619,768,31,0.009272296,0.005741828,0.003530468
619,768,32,0.005224964,0.001766041,0.003458923
619,768,33,0.005725354,0.002372057,0.003353297
619,768,34,0.005403634,0.002015373,0.003388261
619,768,35,0.005589347,0.002115593,0.003473754
619,768,36,0.005591243,0.002092391,0.003498852
619,768,37,0.005340892,0.001983038,0.003357854
619,768,38,0.00544721,0.002182607,0.003264603
619,768,39,0.005184742,0.001790561,0.003394181
619,768,40,0.004916357,0.001451719,0.003464638
619,768,41,0.004920235,0.001401696,0.003518539
619,768,42,0.004786151,0.001289325,0.003496826
619,768,43,0.004525057,0.001058522,0.003466535
619,768,44,0.004975954,0.001454611,0.003521343
619,768,45,0.004822135,0.001345335,0.0034768
619,768,46,0.005005885,0.001513564,0.003492321
619,768,47,0.004814975,0.001381886,0.003433089
619,768,48,0.004733074,0.001393417,0.003339657
619,768,49,0.004774146,0.001359169,0.003414977
619,768,50,0.005041932,0.001592197,0.003449735
619,768,51,0.004768441,0.001336363,0.003432078
619,768,52,0.004989397,0.001473656,0.003515741
619,768,53,0.004761651,0.001123606,0.003638045
619,768,54,0.004642907,0.001058815,0.003584092
619,768,55,0.004968424,0.001244485,0.003723939
619,768,56,0.004655137,0.000933525,0.003721612
619,768,57,0.004493256,0.000811146,0.00368211
619,768,58,0.004811575,0.001171731,0.003639844
619,768,59,0.004884761,0.001040874,0.003843887
619,768,60,0.004609853,0.000912464,0.003697389
619,768,61,0.004979146,0.001094105,0.003885041
619,768,62,0.004516192,0.000816719,0.003699473
619,768,63,0.00484825,0.000897691,0.003950559
619,768,64,0.004526028,0.000720677,0.003805351
619,768,65,0.004782446,0.000930771,0.003851675
619,768,66,0.004505388,0.00080394,0.003701448
619,768,67,0.005087612,0.001178268,0.003909344
619,768,68,0.004425233,0.000627888,0.003797345
619,768,69,0.004779678,0.000848221,0.003931457
619,768,70,0.004699419,0.000933169,0.00376625
619,768,71,0.004687586,0.000779126,0.00390846
619,768,72,0.004557346,0.000779496,0.00377785
619,768,73,0.004917424,0.001062602,0.003854822
619,768,74,0.004281271,0.000589053,0.003692218
619,768,75,0.004509683,0.000917132,0.003592551
619,768,76,0.004551339,0.000957966,0.003593373
619,768,77,0.004725719,0.001118568,0.003607151
619,768,78,0.00454301,0.000942968,0.003600042
619,768,79,0.004826746,0.001134233,0.003692513
619,768,80,0.00456832,0.000947828,0.003620492
619,768,81,0.004798032,0.001046156,0.003751876
619,768,82,0.00450396,0.000770645,0.003733315
619,768,83,0.004561506,0.000889347,0.003672159
619,768,84,0.004455289,0.000831023,0.003624266
619,768,85,0.00447373,0.000856632,0.003617098
619,768,86,0.004474214,0.000758344,0.00371587
619,768,87,0.004436134,0.000754699,0.003681435
619,768,88,0.006755909,0.003199711,0.003556198
619,768,89,0.004790953,0.001026981,0.003763972
619,768,90,0.004272992,0.000680272,0.00359272
619,768,91,0.004931714,0.001389286,0.003542428
619,768,92,0.004775998,0.001434311,0.003341687
619,768,93,0.004461933,0.000946956,0.003514977
619,768,94,0.006408921,0.002880634,0.003528287
619,768,95,0.005015075,0.001574927,0.003440148
619,768,96,0.005291037,0.001965995,0.003325042
619,768,97,0.004481072,0.001062225,0.003418847
619,768,98,0.004206287,0.000672904,0.003533383
619,768,99,0.004254385,0.000633427,0.003620958
619,768,100,0.005514407,0.002154617,0.00335979
619,768,101,0.004667219,0.001441092,0.003226127
619,768,102,0.004370865,0.000989627,0.003381238
619,768,103,0.003867739,0.000537976,0.003329763
619,768,104,0.005876656,0.002536699,0.003339957
619,768,105,0.009476281,0.006256134,0.003220147
619,768,106,0.005092172,0.001896229,0.003195943
619,768,107,0.004448332,0.001195494,0.003252838
619,768,108,0.004196286,0.000824565,0.003371721
619,768,109,0.004247333,0.000799102,0.003448231
619,768,110,0.004349956,0.000708844,0.003641112
620,768,1,0.758610584,0.63479971,0.123810874
620,768,2,0.019876715,0.016744356,0.003132359
620,768,3,0.028750505,0.02560577,0.003144735
620,768,4,0.005858602,0.002720391,0.003138211
620,768,5,0.003864727,0.00059826,0.003266467
620,768,6,0.003579988,0.000361561,0.003218427
620,768,7,0.003587945,0.000344634,0.003243311
620,768,8,0.003649557,0.0003409,0.003308657
620,768,9,0.038165772,0.03484145,0.003324322
620,768,10,0.004592846,0.001237109,0.003355737
620,768,11,0.003869031,0.000611832,0.003257199
620,768,12,0.004446478,0.001084782,0.003361696
620,768,13,0.004545645,0.001264144,0.003281501
620,768,14,0.004177209,0.000931668,0.003245541
620,768,15,0.004297061,0.001013941,0.00328312
620,768,16,0.004058317,0.000809361,0.003248956
620,768,17,0.004149598,0.000908409,0.003241189
620,768,18,0.004331296,0.00108451,0.003246786
620,768,19,0.004633129,0.001204781,0.003428348
620,768,20,0.004279271,0.000745936,0.003533335
620,768,21,0.004323009,0.000585275,0.003737734
620,768,22,0.004453744,0.000557444,0.0038963
620,768,23,0.004649235,0.000531973,0.004117262
620,768,24,0.004537383,0.000561698,0.003975685
620,768,25,0.00461699,0.000528005,0.004088985
620,768,26,0.00454792,0.000458944,0.004088976
620,768,27,0.004473151,0.000468917,0.004004234
620,768,28,0.004292838,0.000449445,0.003843393
620,768,29,0.004262652,0.000459306,0.003803346
620,768,30,0.009381277,0.005734992,0.003646285
620,768,31,0.005295478,0.001740623,0.003554855
620,768,32,0.005837415,0.00235946,0.003477955
620,768,33,0.005301086,0.001771075,0.003530011
620,768,34,0.005493204,0.001952627,0.003540577
620,768,35,0.005570816,0.001984359,0.003586457
620,768,36,0.005371491,0.001929202,0.003442289
620,768,37,0.005203461,0.001788155,0.003415306
620,768,38,0.00501738,0.0014718,0.00354558
620,768,39,0.004873104,0.001434205,0.003438899
620,768,40,0.005133293,0.001569616,0.003563677
620,768,41,0.004684613,0.00114323,0.003541383
620,768,42,0.004735936,0.001130981,0.003604955
620,768,43,0.004754951,0.001163829,0.003591122
620,768,44,0.004927147,0.00130168,0.003625467
620,768,45,0.004925749,0.00135677,0.003568979
620,768,46,0.004970744,0.001349927,0.003620817
620,768,47,0.004815996,0.001168855,0.003647141
620,768,48,0.004695423,0.001074714,0.003620709
620,768,49,0.005029931,0.001383391,0.00364654
620,768,50,0.004953578,0.001250769,0.003702809
620,768,51,0.004769018,0.00098467,0.003784348
620,768,52,0.00469445,0.000903027,0.003791423
620,768,53,0.004563449,0.000849049,0.0037144
620,768,54,0.004710207,0.001022282,0.003687925
620,768,55,0.004913926,0.001103966,0.00380996
620,768,56,0.004386066,0.000640424,0.003745642
620,768,57,0.005078801,0.001190391,0.00388841
620,768,58,0.004600896,0.000858521,0.003742375
620,768,59,0.004719894,0.000879711,0.003840183
620,768,60,0.004631705,0.000865635,0.00376607
620,768,61,0.004752625,0.000939313,0.003813312
620,768,62,0.004742046,0.000943571,0.003798475
620,768,63,0.004733083,0.000870441,0.003862642
620,768,64,0.004475904,0.000678588,0.003797316
620,768,65,0.004885356,0.001044617,0.003840739
620,768,66,0.004899786,0.001142745,0.003757041
620,768,67,0.004602005,0.000677691,0.003924314
620,768,68,0.004606964,0.000763502,0.003843462
620,768,69,0.004890739,0.000959821,0.003930918
620,768,70,0.004526416,0.000698078,0.003828338
620,768,71,0.004719741,0.000851078,0.003868663
620,768,72,0.004802514,0.00089089,0.003911624
620,768,73,0.004502784,0.000577745,0.003925039
620,768,74,0.004476489,0.00069214,0.003784349
620,768,75,0.004524343,0.000764097,0.003760246
620,768,76,0.004425563,0.000815385,0.003610178
620,768,77,0.004750399,0.000969061,0.003781338
620,768,78,0.004637479,0.000910102,0.003727377
620,768,79,0.004829997,0.001027656,0.003802341
620,768,80,0.004606201,0.000826504,0.003779697
620,768,81,0.004703826,0.000818099,0.003885727
620,768,82,0.004398235,0.000628581,0.003769654
620,768,83,0.00467076,0.000885781,0.003784979
620,768,84,0.004289798,0.000659582,0.003630216
620,768,85,0.004618374,0.000900124,0.00371825
620,768,86,0.004531865,0.00078318,0.003748685
620,768,87,0.00506018,0.001328818,0.003731362
620,768,88,0.004544809,0.000884612,0.003660197
620,768,89,0.005313928,0.001536121,0.003777807
620,768,90,0.004760162,0.001150527,0.003609635
620,768,91,0.005104606,0.001479621,0.003624985
620,768,92,0.005215871,0.00182759,0.003388281
620,768,93,0.004877396,0.001406767,0.003470629
620,768,94,0.004257925,0.000657142,0.003600783
620,768,95,0.005798426,0.002301386,0.00349704
620,768,96,0.005585322,0.002168773,0.003416549
620,768,97,0.004533309,0.001021571,0.003511738
620,768,98,0.00422692,0.000634431,0.003592489
620,768,99,0.004283753,0.00061871,0.003665043
620,768,100,0.00421222,0.000620854,0.003591366
620,768,101,0.005185484,0.001700175,0.003485309
620,768,102,0.004697266,0.00125249,0.003444776
620,768,103,0.004037457,0.000634367,0.00340309
620,768,104,0.006593441,0.00311581,0.003477631
620,768,105,0.005666507,0.002208225,0.003458282
620,768,106,0.007343229,0.004134479,0.00320875
620,768,107,0.00507709,0.001799049,0.003278041
620,768,108,0.004465047,0.001006969,0.003458078
620,768,109,0.004184853,0.000649747,0.003535106
620,768,110,0.004201954,0.000555774,0.00364618
621,768,1,0.759389257,0.635627907,0.12376135
621,768,2,0.044529404,0.041506115,0.003023289
621,768,3,0.003748124,0.000588838,0.003159286
621,768,4,0.003454484,0.000338922,0.003115562
621,768,5,0.005122577,0.002108514,0.003014063
621,768,6,0.003892375,0.000765336,0.003127039
621,768,7,0.00364563,0.000504313,0.003141317
621,768,8,0.038699466,0.035451787,0.003247679
621,768,9,0.004504007,0.00119069,0.003313317
621,768,10,0.004028634,0.000777356,0.003251278
621,768,11,0.004116294,0.000936903,0.003179391
621,768,12,0.004404046,0.001241834,0.003162212
621,768,13,0.004300555,0.001089947,0.003210608
621,768,14,0.004083313,0.000919742,0.003163571
621,768,15,0.004150754,0.001016254,0.0031345
621,768,16,0.004109565,0.000993588,0.003115977
621,768,17,0.004181061,0.001078957,0.003102104
621,768,18,0.004438104,0.001234542,0.003203562
621,768,19,0.004349029,0.001103056,0.003245973
621,768,20,0.004313016,0.000905538,0.003407478
621,768,21,0.004239255,0.000733715,0.00350554
621,768,22,0.004384053,0.000638629,0.003745424
621,768,23,0.0043916,0.000510598,0.003881002
621,768,24,0.004381583,0.000494176,0.003887407
621,768,25,0.004643614,0.0006539,0.003989714
621,768,26,0.004623002,0.000663043,0.003959959
621,768,27,0.00440108,0.000544835,0.003856245
621,768,28,0.004205266,0.000511994,0.003693272
621,768,29,0.010338198,0.006837655,0.003500543
621,768,30,0.005357765,0.001931085,0.00342668
621,768,31,0.005927109,0.002527529,0.00339958
621,768,32,0.005278915,0.001811918,0.003466997
621,768,33,0.005435997,0.001996867,0.00343913
621,768,34,0.005430142,0.002060199,0.003369943
621,768,35,0.005370553,0.002073894,0.003296659
621,768,36,0.005065282,0.001601901,0.003463381
621,768,37,0.005113234,0.001636141,0.003477093
621,768,38,0.004993421,0.001613378,0.003380043
621,768,39,0.004828532,0.001415464,0.003413068
621,768,40,0.00460357,0.0012255,0.00337807
621,768,41,0.004639191,0.001251764,0.003387427
621,768,42,0.004851998,0.001493391,0.003358607
621,768,43,0.004973752,0.00156446,0.003409292
621,768,44,0.004868118,0.00144086,0.003427258
621,768,45,0.004839441,0.001483376,0.003356065
621,768,46,0.005032969,0.001524093,0.003508876
621,768,47,0.004657036,0.001208517,0.003448519
621,768,48,0.004826643,0.001380628,0.003446015
621,768,49,0.005031443,0.001467512,0.003563931
621,768,50,0.004743206,0.001054173,0.003689033
621,768,51,0.004699664,0.001064637,0.003635027
621,768,52,0.004621881,0.000964224,0.003657657
621,768,53,0.004747197,0.001088337,0.00365886
621,768,54,0.004810587,0.001077352,0.003733235
621,768,55,0.004666902,0.000963634,0.003703268
621,768,56,0.004794492,0.001151129,0.003643363
621,768,57,0.004857501,0.001210745,0.003646756
621,768,58,0.004550537,0.000865333,0.003685204
621,768,59,0.004800683,0.001189488,0.003611195
621,768,60,0.004572499,0.000908042,0.003664457
621,768,61,0.004823252,0.001141456,0.003681796
621,768,62,0.004765461,0.001035889,0.003729572
621,768,63,0.004522762,0.000870399,0.003652363
621,768,64,0.004820489,0.001220606,0.003599883
621,768,65,0.004761204,0.001127888,0.003633316
621,768,66,0.004765149,0.001227278,0.003537871
621,768,67,0.004680161,0.000995682,0.003684479
621,768,68,0.004714887,0.001067832,0.003647055
621,768,69,0.004691616,0.001025832,0.003665784
621,768,70,0.004687273,0.001078885,0.003608388
621,768,71,0.004716945,0.001027703,0.003689242
621,768,72,0.004420512,0.000729963,0.003690549
621,768,73,0.004653658,0.001008425,0.003645233
621,768,74,0.004518238,0.000892987,0.003625251
621,768,75,0.00448953,0.000984219,0.003505311
621,768,76,0.004457477,0.00100143,0.003456047
621,768,77,0.004576101,0.001061401,0.0035147
621,768,78,0.004717345,0.001215883,0.003501462
621,768,79,0.00468443,0.001094925,0.003589505
621,768,80,0.004548396,0.000973554,0.003574842
621,768,81,0.004667965,0.000997583,0.003670382
621,768,82,0.004600402,0.001022356,0.003578046
621,768,83,0.004588329,0.001069145,0.003519184
621,768,84,0.004401878,0.000930742,0.003471136
621,768,85,0.004668286,0.001099211,0.003569075
621,768,86,0.005184582,0.001658086,0.003526496
621,768,87,0.004525988,0.000949357,0.003576631
621,768,88,0.004242718,0.000666227,0.003576491
621,768,89,0.004322241,0.000674206,0.003648035
621,768,90,0.005211114,0.001605627,0.003605487
621,768,91,0.005489335,0.002039101,0.003450234
621,768,92,0.004425605,0.001055227,0.003370378
621,768,93,0.004537771,0.001143156,0.003394615
621,768,94,0.005638758,0.002254868,0.00338389
621,768,95,0.006070364,0.00267606,0.003394304
621,768,96,0.005097962,0.001755974,0.003341988
621,768,97,0.00458886,0.001209191,0.003379669
621,768,98,0.004299529,0.000923757,0.003375772
621,768,99,0.004411806,0.000896193,0.003515613
621,768,100,0.004322003,0.000831549,0.003490454
621,768,101,0.004185432,0.000884253,0.003301179
621,768,102,0.0045119,0.001194762,0.003317138
621,768,103,0.004452449,0.001189924,0.003262525
621,768,104,0.004014457,0.000787043,0.003227414
621,768,105,0.007110031,0.003708578,0.003401453
621,768,106,0.006517638,0.003324611,0.003193027
621,768,107,0.006301679,0.003130949,0.00317073
621,768,108,0.005130814,0.00184078,0.003290034
621,768,109,0.00434113,0.000910912,0.003430218
621,768,110,0.004482677,0.0009541,0.003528577
622,768,1,0.759569216,0.635674346,0.12389487
622,768,2,0.011487139,0.008456532,0.003030607
622,768,3,0.036047191,0.033023246,0.003023945
622,768,4,0.003902905,0.000773846,0.003129059
622,768,5,0.003493424,0.000382922,0.003110502
622,768,6,0.004908163,0.001874579,0.003033584
622,768,7,0.039737652,0.036517424,0.003220228
622,768,8,0.004371061,0.001031547,0.003339514
622,768,9,0.004144188,0.000877763,0.003266425
622,768,10,0.004200803,0.000948435,0.003252368
622,768,11,0.004124679,0.000930267,0.003194412
622,768,12,0.004101378,0.000905765,0.003195613
622,768,13,0.004099033,0.00092073,0.003178303
622,768,14,0.003983431,0.000833367,0.003150064
622,768,15,0.003939985,0.000810395,0.00312959
622,768,16,0.004154628,0.001044962,0.003109666
622,768,17,0.004167276,0.001067743,0.003099533
622,768,18,0.004250978,0.001171313,0.003079665
622,768,19,0.004428484,0.001183876,0.003244608
622,768,20,0.004374867,0.000912681,0.003462186
622,768,21,0.004113872,0.00054112,0.003572752
622,768,22,0.004379749,0.000539881,0.003839868
622,768,23,0.004538956,0.000540376,0.00399858
622,768,24,0.004449436,0.000491525,0.003957911
622,768,25,0.004551326,0.000538247,0.004013079
622,768,26,0.004522973,0.000559064,0.003963909
622,768,27,0.004345785,0.000524619,0.003821166
622,768,28,0.011065061,0.007456925,0.003608136
622,768,29,0.005439766,0.001967894,0.003471872
622,768,30,0.006002577,0.002383834,0.003618743
622,768,31,0.005196794,0.001777103,0.003419691
622,768,32,0.005436433,0.002054955,0.003381478
622,768,33,0.005377618,0.002010811,0.003366807
622,768,34,0.005510829,0.001975587,0.003535242
622,768,35,0.004738131,0.001274753,0.003463378
622,768,36,0.004689597,0.001246598,0.003442999
622,768,37,0.004963182,0.001522815,0.003440367
622,768,38,0.004824633,0.001412593,0.00341204
622,768,39,0.004684754,0.001294512,0.003390242
622,768,40,0.004529335,0.00110855,0.003420785
622,768,41,0.00477347,0.001337602,0.003435868
622,768,42,0.00479009,0.001378978,0.003411112
622,768,43,0.004547858,0.001141862,0.003405996
622,768,44,0.004737827,0.001233731,0.003504096
622,768,45,0.004645103,0.001215438,0.003429665
622,768,46,0.004921764,0.001454597,0.003467167
622,768,47,0.004817307,0.00134972,0.003467587
622,768,48,0.004605263,0.001033124,0.003572139
622,768,49,0.004701824,0.001196996,0.003504828
622,768,50,0.004922106,0.001321126,0.00360098
622,768,51,0.004736351,0.001117359,0.003618992
622,768,52,0.004829594,0.001099112,0.003730482
622,768,53,0.004581043,0.001011629,0.003569414
622,768,54,0.00475064,0.001092947,0.003657693
622,768,55,0.004875262,0.00115632,0.003718942
622,768,56,0.004495216,0.000733556,0.00376166
622,768,57,0.004830862,0.001141005,0.003689857
622,768,58,0.004800299,0.001059338,0.003740961
622,768,59,0.004610901,0.000872877,0.003738024
622,768,60,0.004807202,0.001041668,0.003765534
622,768,61,0.004676161,0.000923812,0.003752349
622,768,62,0.004696408,0.000914808,0.0037816
622,768,63,0.004926055,0.001127919,0.003798136
622,768,64,0.004387516,0.000571781,0.003815735
622,768,65,0.004947905,0.001189475,0.00375843
622,768,66,0.004768864,0.000971599,0.003797265
622,768,67,0.004692671,0.000850467,0.003842204
622,768,68,0.004714621,0.00086335,0.003851271
622,768,69,0.004603752,0.000735684,0.003868068
622,768,70,0.004568187,0.000763711,0.003804476
622,768,71,0.004820052,0.001034949,0.003785103
622,768,72,0.00463506,0.000877743,0.003757317
622,768,73,0.004390901,0.000627615,0.003763286
622,768,74,0.004608508,0.00095114,0.003657368
622,768,75,0.004521108,0.000859787,0.003661321
622,768,76,0.004584393,0.001019786,0.003564607
622,768,77,0.00451839,0.000879231,0.003639159
622,768,78,0.004823567,0.00110028,0.003723287
622,768,79,0.004574069,0.000905556,0.003668513
622,768,80,0.004696144,0.000991137,0.003705007
622,768,81,0.004587393,0.000831468,0.003755925
622,768,82,0.004578185,0.00087453,0.003703655
622,768,83,0.005086364,0.001469573,0.003616791
622,768,84,0.004121632,0.000529322,0.00359231
622,768,85,0.006261637,0.002750664,0.003510973
622,768,86,0.004488981,0.000812057,0.003676924
622,768,87,0.004194106,0.000597235,0.003596871
622,768,88,0.004342626,0.000604104,0.003738522
622,768,89,0.004373728,0.000680769,0.003692959
622,768,90,0.00439688,0.000793827,0.003603053
622,768,91,0.006013166,0.002533598,0.003479568
622,768,92,0.005184664,0.001892642,0.003292022
622,768,93,0.004762025,0.001260097,0.003501928
622,768,94,0.00437521,0.000874469,0.003500741
622,768,95,0.004424376,0.001033617,0.003390759
622,768,96,0.005787177,0.002520806,0.003266371
622,768,97,0.005057589,0.001690593,0.003366996
622,768,98,0.004452428,0.000963477,0.003488951
622,768,99,0.004285546,0.000743826,0.00354172
622,768,100,0.004295554,0.000791492,0.003504062
622,768,101,0.004267393,0.000872413,0.00339498
622,768,102,0.004185279,0.000853416,0.003331863
622,768,103,0.0045376,0.001240581,0.003297019
622,768,104,0.006963585,0.003648509,0.003315076
622,768,105,0.007316036,0.00412505,0.003190986
622,768,106,0.005561688,0.002459447,0.003102241
622,768,107,0.004425426,0.001217176,0.00320825
622,768,108,0.004427555,0.001085066,0.003342489
622,768,109,0.004941295,0.001584663,0.003356632
622,768,110,0.006380515,0.002939357,0.003441158
623,768,1,0.763659353,0.63956792,0.124091433
623,768,2,0.027867209,0.024833784,0.003033425
623,768,3,0.006302283,0.003279493,0.00302279
623,768,4,0.012504019,0.009472762,0.003031257
623,768,5,0.003922551,0.00090073,0.003021821
623,768,6,0.0415618,0.03835886,0.00320294
623,768,7,0.004227377,0.00091085,0.003316527
623,768,8,0.004289111,0.000961095,0.003328016
623,768,9,0.004157795,0.000885921,0.003271874
623,768,10,0.004202982,0.00095905,0.003243932
623,768,11,0.004156459,0.000935957,0.003220502
623,768,12,0.004126959,0.000935921,0.003191038
623,768,13,0.003937872,0.000723119,0.003214753
623,768,14,0.003829019,0.000645491,0.003183528
623,768,15,0.003989583,0.000818212,0.003171371
623,768,16,0.003979063,0.000824463,0.0031546
623,768,17,0.004099796,0.001032507,0.003067289
623,768,18,0.004179343,0.00108913,0.003090213
623,768,19,0.004492102,0.001215647,0.003276455
623,768,20,0.00428944,0.000796831,0.003492609
623,768,21,0.004192301,0.000570058,0.003622243
623,768,22,0.004389423,0.00056967,0.003819753
623,768,23,0.004551575,0.000592665,0.00395891
623,768,24,0.004471127,0.000591672,0.003879455
623,768,25,0.004558677,0.000556623,0.004002054
623,768,26,0.004505078,0.000473365,0.004031713
623,768,27,0.011238433,0.007662285,0.003576148
623,768,28,0.005588333,0.002022355,0.003565978
623,768,29,0.005873849,0.002192732,0.003681117
623,768,30,0.005428557,0.001999367,0.00342919
623,768,31,0.005453961,0.002099216,0.003354745
623,768,32,0.005354359,0.001979592,0.003374767
623,768,33,0.005422979,0.001931893,0.003491086
623,768,34,0.004829036,0.001348419,0.003480617
623,768,35,0.004708172,0.001242355,0.003465817
623,768,36,0.004797846,0.001353509,0.003444337
623,768,37,0.004638539,0.001232438,0.003406101
623,768,38,0.004621155,0.001232128,0.003389027
623,768,39,0.004658125,0.001293991,0.003364134
623,768,40,0.004426217,0.001092691,0.003333526
623,768,41,0.004733042,0.001384396,0.003348646
623,768,42,0.004539883,0.001123752,0.003416131
623,768,43,0.004949588,0.001498946,0.003450642
623,768,44,0.004600092,0.001149015,0.003451077
623,768,45,0.004805981,0.001405234,0.003400747
623,768,46,0.004702191,0.001163077,0.003539114
623,768,47,0.004460845,0.001004743,0.003456102
623,768,48,0.004819069,0.001213268,0.003605801
623,768,49,0.004642091,0.00103966,0.003602431
623,768,50,0.00462484,0.001057962,0.003566878
623,768,51,0.004655553,0.00106761,0.003587943
623,768,52,0.004518855,0.000952553,0.003566302
623,768,53,0.004683248,0.001125637,0.003557611
623,768,54,0.004734862,0.001073317,0.003661545
623,768,55,0.004713559,0.000932854,0.003780705
623,768,56,0.004661011,0.000920467,0.003740544
623,768,57,0.004704108,0.000901103,0.003803005
623,768,58,0.004517955,0.000789052,0.003728903
623,768,59,0.004813714,0.001009211,0.003804503
623,768,60,0.004521257,0.000781388,0.003739869
623,768,61,0.005044829,0.001199385,0.003845444
623,768,62,0.004521422,0.000779354,0.003742068
623,768,63,0.005005301,0.001084858,0.003920443
623,768,64,0.004663384,0.000791559,0.003871825
623,768,65,0.004590648,0.000717305,0.003873343
623,768,66,0.004839759,0.001090493,0.003749266
623,768,67,0.004587466,0.000713428,0.003874038
623,768,68,0.004629261,0.000826942,0.003802319
623,768,69,0.004748512,0.000894194,0.003854318
623,768,70,0.004533306,0.000751845,0.003781461
623,768,71,0.004746471,0.000872941,0.00387353
623,768,72,0.004699265,0.000882826,0.003816439
623,768,73,0.004625513,0.00080131,0.003824203
623,768,74,0.004416237,0.000719749,0.003696488
623,768,75,0.004495624,0.000900652,0.003594972
623,768,76,0.004617417,0.001073233,0.003544184
623,768,77,0.004677304,0.001049872,0.003627432
623,768,78,0.00456968,0.000940633,0.003629047
623,768,79,0.004814666,0.001052872,0.003761794
623,768,80,0.004591397,0.000946279,0.003645118
623,768,81,0.004804162,0.001070283,0.003733879
623,768,82,0.004698877,0.000975248,0.003723629
623,768,83,0.004441641,0.000797225,0.003644416
623,768,84,0.007496476,0.004043858,0.003452618
623,768,85,0.004215762,0.000622567,0.003593195
623,768,86,0.004226529,0.000644119,0.00358241
623,768,87,0.004310115,0.000720179,0.003589936
623,768,88,0.004320594,0.000764428,0.003556166
623,768,89,0.004640169,0.000920524,0.003719645
623,768,90,0.006180788,0.002835233,0.003345555
623,768,91,0.005346575,0.002059766,0.003286809
623,768,92,0.004516387,0.001104545,0.003411842
623,768,93,0.004429681,0.000961187,0.003468494
623,768,94,0.004539549,0.001007686,0.003531863
623,768,95,0.004588468,0.001086729,0.003501739
623,768,96,0.004285035,0.000938532,0.003346503
623,768,97,0.00496977,0.001471432,0.003498338
623,768,98,0.004683656,0.001174567,0.003509089
623,768,99,0.004345125,0.000736766,0.003608359
623,768,100,0.004222363,0.000627224,0.003595139
623,768,101,0.004441769,0.0010522,0.003389569
623,768,102,0.004661966,0.001389553,0.003272413
623,768,103,0.007644634,0.004351021,0.003293613
623,768,104,0.007133324,0.003909417,0.003223907
623,768,105,0.005218773,0.002020067,0.003198706
623,768,106,0.004380851,0.001268858,0.003111993
623,768,107,0.004323012,0.001142391,0.003180621
623,768,108,0.004418218,0.001037971,0.003380247
623,768,109,0.007006357,0.003755575,0.003250782
623,768,110,0.005139969,0.001915559,0.00322441
624,768,1,0.788397392,0.65983372,0.128563672
624,768,2,0.006218307,0.003102029,0.003116278
624,768,3,0.003652574,0.000446698,0.003205876
624,768,4,0.0035521,0.000374785,0.003177315
624,768,5,0.05065402,0.047111643,0.003542377
624,768,6,0.004099008,0.000449919,0.003649089
624,768,7,0.004295012,0.000599369,0.003695643
624,768,8,0.004206714,0.000566083,0.003640631
624,768,9,0.00423211,0.000598856,0.003633254
624,768,10,0.00418693,0.000571525,0.003615405
624,768,11,0.004158947,0.000524878,0.003634069
624,768,12,0.003916922,0.000484583,0.003432339
624,768,13,0.003860066,0.000464545,0.003395521
624,768,14,0.00388516,0.000462237,0.003422923
624,768,15,0.003753917,0.00046477,0.003289147
624,768,16,0.003723283,0.000505521,0.003217762
624,768,17,0.00411466,0.00089535,0.00321931
624,768,18,0.004284864,0.000980888,0.003303976
624,768,19,0.004261409,0.000903878,0.003357531
624,768,20,0.004196011,0.000811364,0.003384647
624,768,21,0.003981951,0.000626008,0.003355943
624,768,22,0.003996027,0.000677176,0.003318851
624,768,23,0.004217207,0.000830466,0.003386741
624,768,24,0.004639488,0.001172177,0.003467311
624,768,25,0.004470776,0.000989875,0.003480901
624,768,26,0.012993415,0.009301105,0.00369231
624,768,27,0.005630493,0.001749676,0.003880817
624,768,28,0.00573476,0.001831576,0.003903184
624,768,29,0.005665534,0.001697765,0.003967769
624,768,30,0.00552157,0.00155967,0.0039619
624,768,31,0.005376649,0.001281887,0.004094762
624,768,32,0.005259212,0.001304773,0.003954439
624,768,33,0.004827883,0.000688421,0.004139462
624,768,34,0.004683334,0.000686005,0.003997329
624,768,35,0.004830835,0.000875998,0.003954837
624,768,36,0.004670215,0.000830518,0.003839697
624,768,37,0.004633172,0.000791608,0.003841564
624,768,38,0.004688251,0.000706183,0.003982068
624,768,39,0.004445365,0.0006672,0.003778165
624,768,40,0.004711619,0.000721017,0.003990602
624,768,41,0.004475648,0.000713422,0.003762226
624,768,42,0.004660625,0.0008404,0.003820225
624,768,43,0.004601664,0.00079555,0.003806114
624,768,44,0.00491136,0.001039115,0.003872245
624,768,45,0.004610615,0.000646691,0.003963924
624,768,46,0.004610944,0.000639093,0.003971851
624,768,47,0.004559129,0.000651233,0.003907896
624,768,48,0.00461583,0.000676049,0.003939781
624,768,49,0.004695773,0.00067876,0.004017013
624,768,50,0.004599048,0.000611713,0.003987335
624,768,51,0.004659826,0.000562433,0.004097393
624,768,52,0.004614233,0.000566893,0.00404734
624,768,53,0.004654018,0.000500334,0.004153684
624,768,54,0.004670328,0.000491985,0.004178343
624,768,55,0.004641654,0.000583534,0.00405812
624,768,56,0.004607664,0.000500926,0.004106738
624,768,57,0.004617847,0.000514914,0.004102933
624,768,58,0.004633841,0.000592743,0.004041098
624,768,59,0.004646802,0.00057922,0.004067582
624,768,60,0.004651379,0.000598576,0.004052803
624,768,61,0.004698538,0.000667586,0.004030952
624,768,62,0.004670002,0.000574825,0.004095177
624,768,63,0.004652739,0.000579034,0.004073705
624,768,64,0.004591185,0.000626207,0.003964978
624,768,65,0.004600746,0.000580403,0.004020343
624,768,66,0.004658767,0.000589892,0.004068875
624,768,67,0.004709761,0.000682443,0.004027318
624,768,68,0.004558953,0.000585987,0.003972966
624,768,69,0.004744744,0.000609589,0.004135155
624,768,70,0.004558745,0.000639709,0.003919036
624,768,71,0.004607608,0.000564386,0.004043222
624,768,72,0.004565535,0.00064291,0.003922625
624,768,73,0.004619402,0.000667126,0.003952276
624,768,74,0.004731964,0.000708583,0.004023381
624,768,75,0.004497257,0.000617125,0.003880132
624,768,76,0.004404502,0.000615346,0.003789156
624,768,77,0.004632509,0.000801236,0.003831273
624,768,78,0.005345924,0.001461954,0.00388397
624,768,79,0.004707469,0.000759673,0.003947796
624,768,80,0.004753205,0.00072912,0.004024085
624,768,81,0.004724835,0.00069098,0.004033855
624,768,82,0.004718011,0.000613832,0.004104179
624,768,83,0.004662576,0.000561797,0.004100779
624,768,84,0.005368019,0.001308344,0.004059675
624,768,85,0.00574208,0.001768361,0.003973719
624,768,86,0.004534962,0.000590051,0.003944911
624,768,87,0.004577384,0.000608297,0.003969087
624,768,88,0.004482681,0.000646363,0.003836318
624,768,89,0.006551444,0.002687208,0.003864236
624,768,90,0.005391056,0.001695788,0.003695268
624,768,91,0.004399108,0.000513579,0.003885529
624,768,92,0.004373055,0.000530705,0.00384235
624,768,93,0.004472767,0.000526005,0.003946762
624,768,94,0.004623285,0.000516427,0.004106858
624,768,95,0.004437264,0.000507227,0.003930037
624,768,96,0.00464951,0.000751025,0.003898485
624,768,97,0.004479734,0.000645421,0.003834313
624,768,98,0.004264532,0.000594052,0.00367048
624,768,99,0.004530226,0.000713331,0.003816895
624,768,100,0.004292244,0.000556121,0.003736123
624,768,101,0.004200748,0.000534374,0.003666374
624,768,102,0.008569368,0.0047884,0.003780968
624,768,103,0.004706918,0.000920639,0.003786279
624,768,104,0.004380196,0.0006306,0.003749596
624,768,105,0.005748367,0.001947389,0.003800978
624,768,106,0.005500283,0.001795958,0.003704325
624,768,107,0.00478654,0.001251627,0.003534913
624,768,108,0.007156964,0.003626027,0.003530937
624,768,109,0.005237128,0.001642879,0.003594249
624,768,110,0.004523911,0.000815442,0.003708469
625,768,1,0.757575932,0.634076174,0.123499758
625,768,2,0.03401795,0.030970738,0.003047212
625,768,3,0.00616,0.003129772,0.003030228
625,768,4,0.004681568,0.001661256,0.003020312
625,768,5,0.003925736,0.000804996,0.00312074
625,768,6,0.049903341,0.046356435,0.003546906
625,768,7,0.004205985,0.000597392,0.003608593
625,768,8,0.004196333,0.000618587,0.003577746
625,768,9,0.004231285,0.000657228,0.003574057
625,768,10,0.004121181,0.000671481,0.0034497
625,768,11,0.004090733,0.000717548,0.003373185
625,768,12,0.004065473,0.000735351,0.003330122
625,768,13,0.003795716,0.000542348,0.003253368
625,768,14,0.003870471,0.000604159,0.003266312
625,768,15,0.003922275,0.000767993,0.003154282
625,768,16,0.003956109,0.000826528,0.003129581
625,768,17,0.004089322,0.0009577,0.003131622
625,768,18,0.004136544,0.001052494,0.00308405
625,768,19,0.004398188,0.001122982,0.003275206
625,768,20,0.004164962,0.000819182,0.00334578
625,768,21,0.003889884,0.000644239,0.003245645
625,768,22,0.003988845,0.000762779,0.003226066
625,768,23,0.004109918,0.000669304,0.003440614
625,768,24,0.004038493,0.000602606,0.003435887
625,768,25,0.014104829,0.010513828,0.003591001
625,768,26,0.005703442,0.001982115,0.003721327
625,768,27,0.005720431,0.001999899,0.003720532
625,768,28,0.005565381,0.001887923,0.003677458
625,768,29,0.005387825,0.001515887,0.003871938
625,768,30,0.005629214,0.001715099,0.003914115
625,768,31,0.005402622,0.001369121,0.004033501
625,768,32,0.004634491,0.000645752,0.003988739
625,768,33,0.00460195,0.000738901,0.003863049
625,768,34,0.004833445,0.001004396,0.003829049
625,768,35,0.004585589,0.000860223,0.003725366
625,768,36,0.00456267,0.000837529,0.003725141
625,768,37,0.004605187,0.001023051,0.003582136
625,768,38,0.004594203,0.000917759,0.003676444
625,768,39,0.004546836,0.000951077,0.003595759
625,768,40,0.004770412,0.00108096,0.003689452
625,768,41,0.004603176,0.000917404,0.003685772
625,768,42,0.004791987,0.001026473,0.003765514
625,768,43,0.004754904,0.000938286,0.003816618
625,768,44,0.004797172,0.000867356,0.003929816
625,768,45,0.004659519,0.000680312,0.003979207
625,768,46,0.004491307,0.00054584,0.003945467
625,768,47,0.004608333,0.000641962,0.003966371
625,768,48,0.004506105,0.0006307,0.003875405
625,768,49,0.004703918,0.000767282,0.003936636
625,768,50,0.004635881,0.000639139,0.003996742
625,768,51,0.004568901,0.000619425,0.003949476
625,768,52,0.004570771,0.00052079,0.004049981
625,768,53,0.004551003,0.000533656,0.004017347
625,768,54,0.004625013,0.000534962,0.004090051
625,768,55,0.004488316,0.000512493,0.003975823
625,768,56,0.004501968,0.00052092,0.003981048
625,768,57,0.004604601,0.000607177,0.003997424
625,768,58,0.004488582,0.000512021,0.003976561
625,768,59,0.004566294,0.00055698,0.004009314
625,768,60,0.004512768,0.000645078,0.00386769
625,768,61,0.004680955,0.000725207,0.003955748
625,768,62,0.004755418,0.00081504,0.003940378
625,768,63,0.004586156,0.000719889,0.003866267
625,768,64,0.004624903,0.000716843,0.00390806
625,768,65,0.004649959,0.000705873,0.003944086
625,768,66,0.004540178,0.000733805,0.003806373
625,768,67,0.00469642,0.000789337,0.003907083
625,768,68,0.00468101,0.000769719,0.003911291
625,768,69,0.004558213,0.000658518,0.003899695
625,768,70,0.004737787,0.000858559,0.003879228
625,768,71,0.004684762,0.000740584,0.003944178
625,768,72,0.004379696,0.000580992,0.003798704
625,768,73,0.004611286,0.000783861,0.003827425
625,768,74,0.004609148,0.000811321,0.003797827
625,768,75,0.004622798,0.00090974,0.003713058
625,768,76,0.004575019,0.000882364,0.003692655
625,768,77,0.005057484,0.001352014,0.00370547
625,768,78,0.005265158,0.001482503,0.003782655
625,768,79,0.0049972,0.0011235,0.0038737
625,768,80,0.004537917,0.000573823,0.003964094
625,768,81,0.004902047,0.000982164,0.003919883
625,768,82,0.004631025,0.000531952,0.004099073
625,768,83,0.004592247,0.000558421,0.004033826
625,768,84,0.004432415,0.000504835,0.00392758
625,768,85,0.00493338,0.001147458,0.003785922
625,768,86,0.005757339,0.001928413,0.003828926
625,768,87,0.004567698,0.000735977,0.003831721
625,768,88,0.007282431,0.001224663,0.006057768
625,768,89,0.005829219,0.001193267,0.004635952
625,768,90,0.004112388,0.000466688,0.0036457
625,768,91,0.004297663,0.000475694,0.003821969
625,768,92,0.004289017,0.000554305,0.003734712
625,768,93,0.004318226,0.000512359,0.003805867
625,768,94,0.004518951,0.00057112,0.003947831
625,768,95,0.004694459,0.000894606,0.003799853
625,768,96,0.004792691,0.000923032,0.003869659
625,768,97,0.004246879,0.000585283,0.003661596
625,768,98,0.00445253,0.000871865,0.003580665
625,768,99,0.004367672,0.000639563,0.003728109
625,768,100,0.004433827,0.000857958,0.003575869
625,768,101,0.008599304,0.005020311,0.003578993
625,768,102,0.004822864,0.001131978,0.003690886
625,768,103,0.004441974,0.0008322,0.003609774
625,768,104,0.004132867,0.000527516,0.003605351
625,768,105,0.004321507,0.000546382,0.003775125
625,768,106,0.007580041,0.003893053,0.003686988
625,768,107,0.004018477,0.0005586,0.003459877
625,768,108,0.004232583,0.000782026,0.003450557
625,768,109,0.006620996,0.003089839,0.003531157
625,768,110,0.005275384,0.001725292,0.003550092
626,768,1,0.756408974,0.632766148,0.123642826
626,768,2,0.035021732,0.031991042,0.00303069
626,768,3,0.007860292,0.004831069,0.003029223
626,768,4,0.003834754,0.000676225,0.003158529
626,768,5,0.036950416,0.033654977,0.003295439
626,768,6,0.004167359,0.000703008,0.003464351
626,768,7,0.015753902,0.012197323,0.003556579
626,768,8,0.004138281,0.000590458,0.003547823
626,768,9,0.004330349,0.000723858,0.003606491
626,768,10,0.004175115,0.000635212,0.003539903
626,768,11,0.003958127,0.000516613,0.003441514
626,768,12,0.003985578,0.000664877,0.003320701
626,768,13,0.004033327,0.000753239,0.003280088
626,768,14,0.003769025,0.00048067,0.003288355
626,768,15,0.003932687,0.000748066,0.003184621
626,768,16,0.004148924,0.000977474,0.00317145
626,768,17,0.004082468,0.000960592,0.003121876
626,768,18,0.004233745,0.001073934,0.003159811
626,768,19,0.004383058,0.001076644,0.003306414
626,768,20,0.004207845,0.000822641,0.003385204
626,768,21,0.003851006,0.000587391,0.003263615
626,768,22,0.003961948,0.000718529,0.003243419
626,768,23,0.004071753,0.000662619,0.003409134
626,768,24,0.014485783,0.011171783,0.003314
626,768,25,0.005567554,0.002118995,0.003448559
626,768,26,0.005496015,0.001912838,0.003583177
626,768,27,0.005820517,0.002103391,0.003717126
626,768,28,0.005249195,0.00135536,0.003893835
626,768,29,0.005637708,0.001791689,0.003846019
626,768,30,0.005215888,0.001352849,0.003863039
626,768,31,0.004759592,0.000935336,0.003824256
626,768,32,0.004736873,0.000948914,0.003787959
626,768,33,0.004762911,0.001076575,0.003686336
626,768,34,0.004685824,0.000845223,0.003840601
626,768,35,0.004649606,0.000843123,0.003806483
626,768,36,0.004720144,0.000948887,0.003771257
626,768,37,0.004499944,0.000782913,0.003717031
626,768,38,0.004368516,0.000697345,0.003671171
626,768,39,0.00443945,0.000713589,0.003725861
626,768,40,0.004604106,0.000849285,0.003754821
626,768,41,0.004544855,0.000792325,0.00375253
626,768,42,0.004561295,0.000836947,0.003724348
626,768,43,0.004439047,0.00068151,0.003757537
626,768,44,0.004686557,0.000895847,0.00379071
626,768,45,0.004537059,0.000721571,0.003815488
626,768,46,0.004692881,0.000796891,0.00389599
626,768,47,0.004477392,0.00066923,0.003808162
626,768,48,0.004741044,0.000909211,0.003831833
626,768,49,0.004558655,0.000701163,0.003857492
626,768,50,0.004813358,0.00086266,0.003950698
626,768,51,0.004502207,0.000518819,0.003983388
626,768,52,0.004586703,0.00062099,0.003965713
626,768,53,0.004526483,0.000558771,0.003967712
626,768,54,0.004687246,0.000613367,0.004073879
626,768,55,0.004513502,0.000588808,0.003924694
626,768,56,0.004626393,0.000610878,0.004015515
626,768,57,0.004550797,0.000574909,0.003975888
626,768,58,0.004566586,0.000572111,0.003994475
626,768,59,0.004480928,0.000558427,0.003922501
626,768,60,0.004515154,0.000572051,0.003943103
626,768,61,0.004380067,0.000565334,0.003814733
626,768,62,0.004680587,0.000774778,0.003905809
626,768,63,0.004620738,0.000767162,0.003853576
626,768,64,0.004540147,0.000692275,0.003847872
626,768,65,0.004582042,0.000759084,0.003822958
626,768,66,0.004598623,0.000788905,0.003809718
626,768,67,0.004598459,0.000767173,0.003831286
626,768,68,0.004726188,0.000853693,0.003872495
626,768,69,0.004749968,0.000850984,0.003898984
626,768,70,0.004478716,0.000598499,0.003880217
626,768,71,0.004755514,0.000852497,0.003903017
626,768,72,0.004732769,0.000863351,0.003869418
626,768,73,0.004366678,0.000561326,0.003805352
626,768,74,0.004593235,0.000739851,0.003853384
626,768,75,0.004807589,0.001059403,0.003748186
626,768,76,0.005336295,0.001660603,0.003675692
626,768,77,0.004731,0.001131409,0.003599591
626,768,78,0.005230053,0.001498909,0.003731144
626,768,79,0.004815817,0.000986981,0.003828836
626,768,80,0.004891965,0.000964977,0.003926988
626,768,81,0.004447476,0.000555531,0.003891945
626,768,82,0.004876134,0.000888773,0.003987361
626,768,83,0.004447678,0.000517712,0.003929966
626,768,84,0.00450234,0.00058885,0.00391349
626,768,85,0.004389354,0.000659293,0.003730061
626,768,86,0.004675614,0.000784556,0.003891058
626,768,87,0.005736261,0.001882623,0.003853638
626,768,88,0.004503068,0.000677136,0.003825932
626,768,89,0.007483908,0.003778955,0.003704953
626,768,90,0.005466562,0.001860376,0.003606186
626,768,91,0.004237941,0.000452896,0.003785045
626,768,92,0.004291269,0.000536157,0.003755112
626,768,93,0.004997946,0.001171622,0.003826324
626,768,94,0.005002498,0.001084904,0.003917594
626,768,95,0.004417226,0.000543108,0.003874118
626,768,96,0.004581101,0.000709624,0.003871477
626,768,97,0.004668987,0.000961895,0.003707092
626,768,98,0.0041648,0.000543049,0.003621751
626,768,99,0.004652293,0.001005371,0.003646922
626,768,100,0.008402007,0.004846963,0.003555044
626,768,101,0.004977822,0.001324673,0.003653149
626,768,102,0.004457455,0.000768661,0.003688794
626,768,103,0.004149334,0.000505521,0.003643813
626,768,104,0.004125514,0.000496574,0.00362894
626,768,105,0.004271833,0.000532442,0.003739391
626,768,106,0.005631874,0.002024676,0.003607198
626,768,107,0.005325457,0.001831553,0.003493904
626,768,108,0.004158173,0.000710545,0.003447628
626,768,109,0.005017572,0.001509184,0.003508388
626,768,110,0.005859285,0.002371913,0.003487372
627,768,1,0.758202715,0.634633155,0.12356956
627,768,2,0.037931025,0.034900086,0.003030939
627,768,3,0.003657484,0.000531268,0.003126216
627,768,4,0.017089989,0.014063337,0.003026652
627,768,5,0.003869542,0.000771626,0.003097916
627,768,6,0.022996783,0.019596499,0.003400284
627,768,7,0.004156089,0.000659326,0.003496763
627,768,8,0.015770137,0.012265795,0.003504342
627,768,9,0.004194865,0.000626237,0.003568628
627,768,10,0.004360449,0.000842369,0.00351808
627,768,11,0.004038071,0.000603055,0.003435016
627,768,12,0.003739669,0.000489774,0.003249895
627,768,13,0.004115137,0.000798287,0.00331685
627,768,14,0.004055453,0.000753854,0.003301599
627,768,15,0.003966077,0.000752068,0.003214009
627,768,16,0.004135023,0.000964826,0.003170197
627,768,17,0.004144427,0.000992145,0.003152282
627,768,18,0.004316015,0.001155239,0.003160776
627,768,19,0.004434412,0.001151248,0.003283164
627,768,20,0.004184487,0.000847096,0.003337391
627,768,21,0.003947039,0.000701802,0.003245237
627,768,22,0.00404403,0.00082566,0.00321837
627,768,23,0.014830469,0.011576241,0.003254228
627,768,24,0.005425082,0.002124744,0.003300338
627,768,25,0.005289157,0.001838888,0.003450269
627,768,26,0.005842102,0.002190299,0.003651803
627,768,27,0.005076341,0.001420428,0.003655913
627,768,28,0.005679024,0.001952205,0.003726819
627,768,29,0.005246383,0.001536442,0.003709941
627,768,30,0.004765316,0.000888078,0.003877238
627,768,31,0.004638735,0.000869763,0.003768972
627,768,32,0.004863859,0.001105242,0.003758617
627,768,33,0.00465797,0.000976781,0.003681189
627,768,34,0.004631736,0.000863098,0.003768638
627,768,35,0.004693453,0.000794644,0.003898809
627,768,36,0.004609902,0.000734202,0.0038757
627,768,37,0.004337884,0.000611864,0.00372602
627,768,38,0.004407329,0.000674058,0.003733271
627,768,39,0.004462503,0.000807611,0.003654892
627,768,40,0.004709527,0.00090012,0.003809407
627,768,41,0.004596654,0.000777729,0.003818925
627,768,42,0.004307352,0.000498615,0.003808737
627,768,43,0.004628717,0.000892536,0.003736181
627,768,44,0.004572956,0.000726161,0.003846795
627,768,45,0.004536312,0.000691898,0.003844414
627,768,46,0.004470332,0.000568044,0.003902288
627,768,47,0.004663563,0.000811622,0.003851941
627,768,48,0.004518723,0.000728628,0.003790095
627,768,49,0.004617454,0.000802504,0.00381495
627,768,50,0.004658636,0.000781248,0.003877388
627,768,51,0.004551842,0.00063263,0.003919212
627,768,52,0.004591931,0.000608017,0.003983914
627,768,53,0.004511911,0.000522167,0.003989744
627,768,54,0.004670927,0.00063919,0.004031737
627,768,55,0.004519202,0.000559938,0.003959264
627,768,56,0.004443644,0.000553936,0.003889708
627,768,57,0.004665087,0.000786786,0.003878301
627,768,58,0.00454244,0.000600418,0.003942022
627,768,59,0.004486637,0.000620058,0.003866579
627,768,60,0.004625974,0.000701493,0.003924481
627,768,61,0.004505515,0.000593424,0.003912091
627,768,62,0.004542632,0.000703905,0.003838727
627,768,63,0.004547047,0.000691383,0.003855664
627,768,64,0.004491637,0.000701536,0.003790101
627,768,65,0.004635573,0.000777227,0.003858346
627,768,66,0.004587977,0.000774008,0.003813969
627,768,67,0.004597071,0.000777826,0.003819245
627,768,68,0.004475839,0.000640272,0.003835567
627,768,69,0.004572032,0.000703821,0.003868211
627,768,70,0.004505625,0.00068471,0.003820915
627,768,71,0.004489014,0.000674318,0.003814696
627,768,72,0.004528386,0.000795526,0.00373286
627,768,73,0.004825629,0.001074413,0.003751216
627,768,74,0.005125762,0.001331137,0.003794625
627,768,75,0.005877261,0.002266096,0.003611165
627,768,76,0.00457304,0.000927537,0.003645503
627,768,77,0.004581487,0.0009859,0.003595587
627,768,78,0.0052135,0.001558068,0.003655432
627,768,79,0.004902563,0.001114373,0.00378819
627,768,80,0.004692013,0.000829606,0.003862407
627,768,81,0.00463337,0.000684847,0.003948523
627,768,82,0.004942268,0.000865422,0.004076846
627,768,83,0.004516505,0.000514079,0.004002426
627,768,84,0.004507007,0.000541606,0.003965401
627,768,85,0.004318843,0.000561127,0.003757716
627,768,86,0.004514001,0.000645994,0.003868007
627,768,87,0.00434656,0.000586229,0.003760331
627,768,88,0.005639839,0.001895767,0.003744072
627,768,89,0.004770603,0.001062962,0.003707641
627,768,90,0.00656849,0.002945442,0.003623048
627,768,91,0.005620658,0.001845815,0.003774843
627,768,92,0.005575874,0.001829716,0.003746158
627,768,93,0.004895833,0.000996042,0.003899791
627,768,94,0.004395856,0.000505807,0.003890049
627,768,95,0.00439869,0.000559552,0.003839138
627,768,96,0.004995419,0.001248941,0.003746478
627,768,97,0.004356316,0.000626032,0.003730284
627,768,98,0.004664251,0.00092955,0.003734701
627,768,99,0.008410104,0.004886024,0.00352408
627,768,100,0.004758681,0.001250266,0.003508415
627,768,101,0.004635135,0.000975694,0.003659441
627,768,102,0.004161761,0.000459466,0.003702295
627,768,103,0.004136298,0.000482784,0.003653514
627,768,104,0.004142623,0.000479613,0.00366301
627,768,105,0.005808924,0.002102245,0.003706679
627,768,106,0.00478059,0.001171446,0.003609144
627,768,107,0.004429583,0.000968686,0.003460897
627,768,108,0.005186649,0.001749476,0.003437173
627,768,109,0.00472657,0.001216856,0.003509714
627,768,110,0.005001932,0.001492203,0.003509729
628,768,1,0.764630842,0.640113606,0.124517236
628,768,2,0.013749841,0.01073077,0.003019071
628,768,3,0.035355109,0.032332647,0.003022462
628,768,4,0.003785106,0.000674114,0.003110992
628,768,5,0.003560959,0.00040125,0.003159709
628,768,6,0.019438346,0.016176732,0.003261614
628,768,7,0.006840907,0.003424349,0.003416558
628,768,8,0.004282276,0.00069918,0.003583096
628,768,9,0.015640566,0.012178667,0.003461899
628,768,10,0.004284116,0.000782286,0.00350183
628,768,11,0.004232452,0.000815813,0.003416639
628,768,12,0.003937503,0.000622797,0.003314706
628,768,13,0.003954226,0.000690944,0.003263282
628,768,14,0.004160211,0.000900688,0.003259523
628,768,15,0.003956058,0.000789008,0.00316705
628,768,16,0.00404575,0.000904549,0.003141201
628,768,17,0.004233793,0.001031154,0.003202639
628,768,18,0.004328021,0.001127403,0.003200618
628,768,19,0.00434547,0.001104185,0.003241285
628,768,20,0.004228707,0.000916349,0.003312358
628,768,21,0.003940469,0.000746503,0.003193966
628,768,22,0.015794572,0.012548138,0.003246434
628,768,23,0.005348248,0.002056442,0.003291806
628,768,24,0.005300099,0.001833567,0.003466532
628,768,25,0.005524787,0.001736146,0.003788641
628,768,26,0.005093606,0.001504774,0.003588832
628,768,27,0.005600562,0.001816743,0.003783819
628,768,28,0.00532378,0.001570811,0.003752969
628,768,29,0.00456154,0.000754297,0.003807243
628,768,30,0.004630736,0.000803839,0.003826897
628,768,31,0.004710247,0.000935086,0.003775161
628,768,32,0.004748965,0.000803758,0.003945207
628,768,33,0.004385256,0.000724534,0.003660722
628,768,34,0.004629538,0.000822053,0.003807485
628,768,35,0.00435638,0.000645043,0.003711337
628,768,36,0.004844202,0.0009379,0.003906302
628,768,37,0.004281561,0.000598581,0.00368298
628,768,38,0.004337426,0.000611085,0.003726341
628,768,39,0.004486969,0.000855169,0.0036318
628,768,40,0.004730151,0.000943616,0.003786535
628,768,41,0.004487667,0.000698476,0.003789191
628,768,42,0.004560973,0.000749861,0.003811112
628,768,43,0.004495825,0.00073396,0.003761865
628,768,44,0.004699518,0.000880582,0.003818936
628,768,45,0.004601909,0.000720133,0.003881776
628,768,46,0.004593897,0.00069828,0.003895617
628,768,47,0.004604656,0.00064576,0.003958896
628,768,48,0.004498192,0.000650923,0.003847269
628,768,49,0.004609107,0.000687335,0.003921772
628,768,50,0.004691312,0.000700891,0.003990421
628,768,51,0.004598412,0.000613798,0.003984614
628,768,52,0.004503615,0.000426618,0.004076997
628,768,53,0.004538986,0.000494938,0.004044048
628,768,54,0.004581808,0.000510932,0.004070876
628,768,55,0.004502122,0.000501001,0.004001121
628,768,56,0.004391474,0.000510325,0.003881149
628,768,57,0.004572709,0.000570488,0.004002221
628,768,58,0.004456712,0.000530036,0.003926676
628,768,59,0.004486295,0.000575114,0.003911181
628,768,60,0.00452039,0.000610817,0.003909573
628,768,61,0.004576877,0.000670429,0.003906448
628,768,62,0.004522429,0.00062755,0.003894879
628,768,63,0.004693344,0.000773912,0.003919432
628,768,64,0.004604209,0.000737566,0.003866643
628,768,65,0.004606302,0.000684985,0.003921317
628,768,66,0.004560811,0.000685469,0.003875342
628,768,67,0.004619436,0.000683794,0.003935642
628,768,68,0.004427382,0.000557483,0.003869899
628,768,69,0.004605901,0.000695614,0.003910287
628,768,70,0.004557464,0.000630844,0.00392662
628,768,71,0.004457088,0.000603144,0.003853944
628,768,72,0.004494934,0.000656231,0.003838703
628,768,73,0.004950548,0.001157089,0.003793459
628,768,74,0.005237895,0.001509877,0.003728018
628,768,75,0.004502697,0.000737389,0.003765308
628,768,76,0.005035957,0.001367227,0.00366873
628,768,77,0.005017567,0.001343977,0.00367359
628,768,78,0.005093092,0.001351797,0.003741295
628,768,79,0.005016996,0.001188554,0.003828442
628,768,80,0.004616037,0.000728026,0.003888011
628,768,81,0.004641794,0.000745415,0.003896379
628,768,82,0.004907942,0.000930869,0.003977073
628,768,83,0.004502525,0.000575299,0.003927226
628,768,84,0.004571146,0.000686428,0.003884718
628,768,85,0.004366422,0.000615892,0.00375053
628,768,86,0.004474308,0.000630894,0.003843414
628,768,87,0.00616204,0.002337926,0.003824114
628,768,88,0.004581808,0.000743869,0.003837939
628,768,89,0.004424292,0.000728561,0.003695731
628,768,90,0.004324929,0.000657183,0.003667746
628,768,91,0.00909981,0.005247295,0.003852515
628,768,92,0.004680721,0.000930035,0.003750686
628,768,93,0.004373567,0.000537733,0.003835834
628,768,94,0.004609187,0.000742565,0.003866622
628,768,95,0.004448232,0.000648434,0.003799798
628,768,96,0.004884842,0.001125312,0.00375953
628,768,97,0.004811072,0.001118552,0.00369252
628,768,98,0.005074867,0.001310745,0.003764122
628,768,99,0.00440238,0.00074364,0.00365874
628,768,100,0.006794073,0.003220777,0.003573296
628,768,101,0.004911943,0.00129171,0.003620233
628,768,102,0.004653424,0.000968992,0.003684432
628,768,103,0.004135832,0.000493065,0.003642767
628,768,104,0.006309683,0.002503885,0.003805798
628,768,105,0.004832864,0.001181146,0.003651718
628,768,106,0.004367829,0.000768811,0.003599018
628,768,107,0.005223354,0.001788104,0.00343525
628,768,108,0.004370502,0.000902309,0.003468193
628,768,109,0.005018008,0.001478673,0.003539335
628,768,110,0.005709768,0.002154635,0.003555133
629,768,1,0.757233616,0.633598466,0.12363515
629,768,2,0.053212149,0.050196884,0.003015265
629,768,3,0.003748268,0.000601336,0.003146932
629,768,4,0.003455377,0.000374833,0.003080544
629,768,5,0.019419565,0.016251924,0.003167641
629,768,6,0.004542707,0.001049992,0.003492715
629,768,7,0.004136587,0.000560546,0.003576041
629,768,8,0.005176232,0.001641321,0.003534911
629,768,9,0.004284557,0.000773285,0.003511272
629,768,10,0.015781818,0.012274254,0.003507564
629,768,11,0.004595218,0.001096627,0.003498591
629,768,12,0.003975591,0.00066137,0.003314221
629,768,13,0.004123369,0.000872733,0.003250636
629,768,14,0.004180377,0.000926345,0.003254032
629,768,15,0.004103764,0.000880059,0.003223705
629,768,16,0.004136808,0.000958904,0.003177904
629,768,17,0.004150486,0.001005577,0.003144909
629,768,18,0.004287722,0.001193448,0.003094274
629,768,19,0.00455953,0.001266041,0.003293489
629,768,20,0.004284034,0.000922345,0.003361689
629,768,21,0.015771777,0.012443871,0.003327906
629,768,22,0.005412081,0.002095488,0.003316593
629,768,23,0.005167158,0.001815504,0.003351654
629,768,24,0.005178164,0.00174756,0.003430604
629,768,25,0.005305329,0.001705374,0.003599955
629,768,26,0.005410298,0.001651364,0.003758934
629,768,27,0.00526849,0.001407085,0.003861405
629,768,28,0.00459322,0.000678406,0.003914814
629,768,29,0.004465789,0.000585816,0.003879973
629,768,30,0.004653393,0.000705081,0.003948312
629,768,31,0.004535839,0.000677411,0.003858428
629,768,32,0.004786891,0.000767106,0.004019785
629,768,33,0.004487881,0.000607765,0.003880116
629,768,34,0.004446177,0.000634212,0.003811965
629,768,35,0.004538051,0.00068401,0.003854041
629,768,36,0.00448859,0.000575738,0.003912852
629,768,37,0.004439702,0.000573151,0.003866551
629,768,38,0.004472453,0.000594057,0.003878396
629,768,39,0.004233485,0.000586798,0.003646687
629,768,40,0.004676456,0.000849554,0.003826902
629,768,41,0.00444451,0.000681973,0.003762537
629,768,42,0.004530245,0.000727752,0.003802493
629,768,43,0.004570723,0.000826832,0.003743891
629,768,44,0.004581771,0.000818047,0.003763724
629,768,45,0.004469082,0.000691594,0.003777488
629,768,46,0.004606439,0.000758922,0.003847517
629,768,47,0.004512916,0.000644197,0.003868719
629,768,48,0.004521893,0.000713065,0.003808828
629,768,49,0.004523241,0.00069703,0.003826211
629,768,50,0.004527285,0.000599835,0.00392745
629,768,51,0.004618413,0.000651062,0.003967351
629,768,52,0.004617093,0.000638632,0.003978461
629,768,53,0.004498773,0.000544792,0.003953981
629,768,54,0.004649281,0.000617878,0.004031403
629,768,55,0.004527585,0.000581715,0.00394587
629,768,56,0.004482324,0.000594817,0.003887507
629,768,57,0.004502182,0.000665802,0.00383638
629,768,58,0.004464953,0.000611518,0.003853435
629,768,59,0.004701072,0.000704708,0.003996364
629,768,60,0.004415965,0.000559515,0.00385645
629,768,61,0.004683715,0.000722792,0.003960923
629,768,62,0.004352732,0.000512504,0.003840228
629,768,63,0.004707486,0.000802095,0.003905391
629,768,64,0.004461979,0.000631086,0.003830893
629,768,65,0.004575787,0.000700002,0.003875785
629,768,66,0.004481937,0.000653565,0.003828372
629,768,67,0.004538787,0.000719659,0.003819128
629,768,68,0.004656181,0.000815136,0.003841045
629,768,69,0.004984496,0.001109364,0.003875132
629,768,70,0.004475665,0.000638855,0.00383681
629,768,71,0.004528594,0.000669335,0.003859259
629,768,72,0.004340203,0.00065733,0.003682873
629,768,73,0.005041311,0.001290839,0.003750472
629,768,74,0.004881774,0.001121912,0.003759862
629,768,75,0.004430668,0.000727881,0.003702787
629,768,76,0.004543632,0.00084545,0.003698182
629,768,77,0.005626545,0.001971554,0.003654991
629,768,78,0.005263324,0.001579188,0.003684136
629,768,79,0.005060324,0.001216216,0.003844108
629,768,80,0.004730668,0.000894268,0.0038364
629,768,81,0.004793247,0.000837436,0.003955811
629,768,82,0.004772515,0.000714881,0.004057634
629,768,83,0.004848332,0.000826882,0.00402145
629,768,84,0.004478102,0.000506064,0.003972038
629,768,85,0.004397489,0.000581175,0.003816314
629,768,86,0.005488568,0.001655635,0.003832933
629,768,87,0.004927148,0.001039507,0.003887641
629,768,88,0.004648239,0.000874945,0.003773294
629,768,89,0.004669903,0.000984606,0.003685297
629,768,90,0.008695375,0.00500922,0.003686155
629,768,91,0.00500849,0.001232733,0.003775757
629,768,92,0.004281916,0.000550767,0.003731149
629,768,93,0.004534613,0.000735348,0.003799265
629,768,94,0.00444752,0.000522189,0.003925331
629,768,95,0.004447627,0.000651928,0.003795699
629,768,96,0.005446934,0.001748055,0.003698879
629,768,97,0.004864538,0.001236926,0.003627612
629,768,98,0.004676625,0.000886754,0.003789871
629,768,99,0.006243369,0.002668863,0.003574506
629,768,100,0.005297449,0.001785349,0.0035121
629,768,101,0.004792157,0.001110457,0.0036817
629,768,102,0.004130796,0.000395852,0.003734944
629,768,103,0.006153756,0.002541901,0.003611855
629,768,104,0.005034098,0.001256841,0.003777257
629,768,105,0.004352922,0.000737385,0.003615537
629,768,106,0.005193706,0.001642767,0.003550939
629,768,107,0.004426488,0.000988451,0.003438037
629,768,108,0.004596423,0.001134139,0.003462284
629,768,109,0.005950047,0.002425092,0.003524955
629,768,110,0.005135733,0.001551471,0.003584262
630,768,1,0.761771425,0.637232052,0.124539373
630,768,2,0.0386,0.035547964,0.003052036
630,768,3,0.013330023,0.010289154,0.003040869
630,768,4,0.020095484,0.017018883,0.003076601
630,768,5,0.004226052,0.000950196,0.003275856
630,768,6,0.004107203,0.000614258,0.003492945
630,768,7,0.004065967,0.000534868,0.003531099
630,768,8,0.003993632,0.00048032,0.003513312
630,768,9,0.004515523,0.000935272,0.003580251
630,768,10,0.004274518,0.000656512,0.003618006
630,768,11,0.015723951,0.012339045,0.003384906
630,768,12,0.004553993,0.001203084,0.003350909
630,768,13,0.004062706,0.000719116,0.00334359
630,768,14,0.004172788,0.000866527,0.003306261
630,768,15,0.004136709,0.000929917,0.003206792
630,768,16,0.004068343,0.000901633,0.00316671
630,768,17,0.004350864,0.001120348,0.003230516
630,768,18,0.00422617,0.001023954,0.003202216
630,768,19,0.004475876,0.001212279,0.003263597
630,768,20,0.016722942,0.013450301,0.003272641
630,768,21,0.005472796,0.002208463,0.003264333
630,768,22,0.005314659,0.002022741,0.003291918
630,768,23,0.005108154,0.001705825,0.003402329
630,768,24,0.005120152,0.001564151,0.003556001
630,768,25,0.005219248,0.001552976,0.003666272
630,768,26,0.005148558,0.001357076,0.003791482
630,768,27,0.00456017,0.000621539,0.003938631
630,768,28,0.004544525,0.000588408,0.003956117
630,768,29,0.004512415,0.000578091,0.003934324
630,768,30,0.004653399,0.000650384,0.004003015
630,768,31,0.004659113,0.000645216,0.004013897
630,768,32,0.004601221,0.000586703,0.004014518
630,768,33,0.004519818,0.000558715,0.003961103
630,768,34,0.004463536,0.000535605,0.003927931
630,768,35,0.004438699,0.00055092,0.003887779
630,768,36,0.004471395,0.000530799,0.003940596
630,768,37,0.004392306,0.00048748,0.003904826
630,768,38,0.004358805,0.000531231,0.003827574
630,768,39,0.004253556,0.000510304,0.003743252
630,768,40,0.004372862,0.000490733,0.003882129
630,768,41,0.004424675,0.000564626,0.003860049
630,768,42,0.004433406,0.000553435,0.003879971
630,768,43,0.004589843,0.000803816,0.003786027
630,768,44,0.004537679,0.000714106,0.003823573
630,768,45,0.004615336,0.000699239,0.003916097
630,768,46,0.004476337,0.000542253,0.003934084
630,768,47,0.004716777,0.000726449,0.003990328
630,768,48,0.004432595,0.000535301,0.003897294
630,768,49,0.004624649,0.000671895,0.003952754
630,768,50,0.00457574,0.00052519,0.00405055
630,768,51,0.004596728,0.000553491,0.004043237
630,768,52,0.004544885,0.000535279,0.004009606
630,768,53,0.004644135,0.000548294,0.004095841
630,768,54,0.004593342,0.000546962,0.00404638
630,768,55,0.004456122,0.000515276,0.003940846
630,768,56,0.004493172,0.000557423,0.003935749
630,768,57,0.004570072,0.000643057,0.003927015
630,768,58,0.004548686,0.000580176,0.00396851
630,768,59,0.004526701,0.000595834,0.003930867
630,768,60,0.004506646,0.000620281,0.003886365
630,768,61,0.004619542,0.000677002,0.00394254
630,768,62,0.004438575,0.000618853,0.003819722
630,768,63,0.004558368,0.000654982,0.003903386
630,768,64,0.004511446,0.000652744,0.003858702
630,768,65,0.004693313,0.00084239,0.003850923
630,768,66,0.004577327,0.000724868,0.003852459
630,768,67,0.004665192,0.000805647,0.003859545
630,768,68,0.004507648,0.000670113,0.003837535
630,768,69,0.00488528,0.000946408,0.003938872
630,768,70,0.004602427,0.000786515,0.003815912
630,768,71,0.004666972,0.000794522,0.00387245
630,768,72,0.00487828,0.001094785,0.003783495
630,768,73,0.0046751,0.000831712,0.003843388
630,768,74,0.004574225,0.000743181,0.003831044
630,768,75,0.004421518,0.00063875,0.003782768
630,768,76,0.004420488,0.000800342,0.003620146
630,768,77,0.004954098,0.001350707,0.003603391
630,768,78,0.005802853,0.002010591,0.003792262
630,768,79,0.004476622,0.000652367,0.003824255
630,768,80,0.004941317,0.001069192,0.003872125
630,768,81,0.00539383,0.001413894,0.003979936
630,768,82,0.005010978,0.000924738,0.00408624
630,768,83,0.004606362,0.000613853,0.003992509
630,768,84,0.004517769,0.000533482,0.003984287
630,768,85,0.005687955,0.001819601,0.003868354
630,768,86,0.004765221,0.000968198,0.003797023
630,768,87,0.00478529,0.000842065,0.003943225
630,768,88,0.004355817,0.000500824,0.003854993
630,768,89,0.004547315,0.000867446,0.003679869
630,768,90,0.005043876,0.001439586,0.00360429
630,768,91,0.007651118,0.00380973,0.003841388
630,768,92,0.004823315,0.001030188,0.003793127
630,768,93,0.004469631,0.000570694,0.003898937
630,768,94,0.004476888,0.000537743,0.003939145
630,768,95,0.005909301,0.00218918,0.003720121
630,768,96,0.00518642,0.001527988,0.003658432
630,768,97,0.004336476,0.000735742,0.003600734
630,768,98,0.006626681,0.002989581,0.0036371
630,768,99,0.005166145,0.001584104,0.003582041
630,768,100,0.004625618,0.001103873,0.003521745
630,768,101,0.00435322,0.000652405,0.003700815
630,768,102,0.00619155,0.002552983,0.003638567
630,768,103,0.004819352,0.0012053,0.003614052
630,768,104,0.00468822,0.000887639,0.003800581
630,768,105,0.00516287,0.001559819,0.003603051
630,768,106,0.004313777,0.0007642,0.003549577
630,768,107,0.004622476,0.001177073,0.003445403
630,768,108,0.005882768,0.002387969,0.003494799
630,768,109,0.005050563,0.001534573,0.00351599
630,768,110,0.004395931,0.000805189,0.003590742
631,768,1,0.759909563,0.635574603,0.12433496
631,768,2,0.020847633,0.017818103,0.00302953
631,768,3,0.049751935,0.046717305,0.00303463
631,768,4,0.004025417,0.000812016,0.003213401
631,768,5,0.003920213,0.000558266,0.003361947
631,768,6,0.003956141,0.000415186,0.003540955
631,768,7,0.004051591,0.000462631,0.00358896
631,768,8,0.003984898,0.000438643,0.003546255
631,768,9,0.004089051,0.000481842,0.003607209
631,768,10,0.004159335,0.000519738,0.003639597
631,768,11,0.004044558,0.000508757,0.003535801
631,768,12,0.015418575,0.012184794,0.003233781
631,768,13,0.004498897,0.001290355,0.003208542
631,768,14,0.004233446,0.000963297,0.003270149
631,768,15,0.004178791,0.000906528,0.003272263
631,768,16,0.004276043,0.001100303,0.00317574
631,768,17,0.00418097,0.001034345,0.003146625
631,768,18,0.004291806,0.00114225,0.003149556
631,768,19,0.017878076,0.014735157,0.003142919
631,768,20,0.005824485,0.002600539,0.003223946
631,768,21,0.005255461,0.001999419,0.003256042
631,768,22,0.005032289,0.001749667,0.003282622
631,768,23,0.004939302,0.001507607,0.003431695
631,768,24,0.005119098,0.001557092,0.003562006
631,768,25,0.004986953,0.001118659,0.003868294
631,768,26,0.004400956,0.000499702,0.003901254
631,768,27,0.004486111,0.000503317,0.003982794
631,768,28,0.004500359,0.000498772,0.004001587
631,768,29,0.004562981,0.000493908,0.004069073
631,768,30,0.004602262,0.000531688,0.004070574
631,768,31,0.004458352,0.000537677,0.003920675
631,768,32,0.004595799,0.000530669,0.00406513
631,768,33,0.00443084,0.000512059,0.003918781
631,768,34,0.004536322,0.000548209,0.003988113
631,768,35,0.004376046,0.000530777,0.003845269
631,768,36,0.004468098,0.000527212,0.003940886
631,768,37,0.004313637,0.00048855,0.003825087
631,768,38,0.004416361,0.000544348,0.003872013
631,768,39,0.00423926,0.000501893,0.003737367
631,768,40,0.004261796,0.000444438,0.003817358
631,768,41,0.004298398,0.000518595,0.003779803
631,768,42,0.004487363,0.000668298,0.003819065
631,768,43,0.00451968,0.000708794,0.003810886
631,768,44,0.004636701,0.000760659,0.003876042
631,768,45,0.004400475,0.000599682,0.003800793
631,768,46,0.004630094,0.000732043,0.003898051
631,768,47,0.004538728,0.000642747,0.003895981
631,768,48,0.004512978,0.000619581,0.003893397
631,768,49,0.004602573,0.000663217,0.003939356
631,768,50,0.004657207,0.000574831,0.004082376
631,768,51,0.004616096,0.000590585,0.004025511
631,768,52,0.004513376,0.000569974,0.003943402
631,768,53,0.004629681,0.000601671,0.00402801
631,768,54,0.004667572,0.000608418,0.004059154
631,768,55,0.004565896,0.000586759,0.003979137
631,768,56,0.004492334,0.000579739,0.003912595
631,768,57,0.004630551,0.000667874,0.003962677
631,768,58,0.004515041,0.000570005,0.003945036
631,768,59,0.004559811,0.000597244,0.003962567
631,768,60,0.004487778,0.000597219,0.003890559
631,768,61,0.004508886,0.000615328,0.003893558
631,768,62,0.00467086,0.000791655,0.003879205
631,768,63,0.00468944,0.00071855,0.00397089
631,768,64,0.004551889,0.000632951,0.003918938
631,768,65,0.004756052,0.000807806,0.003948246
631,768,66,0.004681708,0.000780799,0.003900909
631,768,67,0.004704875,0.000722939,0.003981936
631,768,68,0.004679965,0.000883045,0.00379692
631,768,69,0.004804313,0.000862185,0.003942128
631,768,70,0.004489639,0.000618736,0.003870903
631,768,71,0.005062639,0.001089162,0.003973477
631,768,72,0.004330016,0.000551571,0.003778445
631,768,73,0.004617871,0.000754423,0.003863448
631,768,74,0.004531388,0.000701905,0.003829483
631,768,75,0.00466363,0.000919771,0.003743859
631,768,76,0.004446141,0.000795496,0.003650645
631,768,77,0.005117723,0.001426208,0.003691515
631,768,78,0.005077764,0.001316839,0.003760925
631,768,79,0.005003127,0.001167337,0.00383579
631,768,80,0.004604338,0.000700833,0.003903505
631,768,81,0.005416692,0.001470352,0.00394634
631,768,82,0.005117647,0.000977082,0.004140565
631,768,83,0.00455461,0.000572989,0.003981621
631,768,84,0.006097645,0.002181982,0.003915663
631,768,85,0.004631084,0.000722721,0.003908363
631,768,86,0.004409913,0.000623947,0.003785966
631,768,87,0.004689259,0.000785332,0.003903927
631,768,88,0.004797419,0.000929437,0.003867982
631,768,89,0.004970753,0.001347414,0.003623339
631,768,90,0.005698328,0.002096862,0.003601466
631,768,91,0.005386321,0.001580265,0.003806056
631,768,92,0.004457308,0.000691335,0.003765973
631,768,93,0.004927616,0.001056359,0.003871257
631,768,94,0.006355745,0.002522797,0.003832948
631,768,95,0.005535035,0.001810911,0.003724124
631,768,96,0.004600456,0.001004918,0.003595538
631,768,97,0.00674312,0.002974662,0.003768458
631,768,98,0.005229787,0.001580471,0.003649316
631,768,99,0.004641705,0.001028451,0.003613254
631,768,100,0.003953057,0.000445233,0.003507824
631,768,101,0.004359807,0.000677508,0.003682299
631,768,102,0.004304188,0.000574184,0.003730004
631,768,103,0.007188744,0.003564037,0.003624707
631,768,104,0.005380148,0.001760936,0.003619212
631,768,105,0.004310428,0.000722123,0.003588305
631,768,106,0.004559425,0.001099071,0.003460354
631,768,107,0.005798072,0.002339583,0.003458489
631,768,108,0.005017433,0.001498412,0.003519021
631,768,109,0.004117054,0.000643461,0.003473593
631,768,110,0.006687998,0.003310912,0.003377086
632,768,1,0.757295486,0.634045524,0.123249962
632,768,2,0.070130046,0.067102904,0.003027142
632,768,3,0.003833756,0.000668612,0.003165144
632,768,4,0.00371642,0.00051895,0.00319747
632,768,5,0.003781414,0.000433263,0.003348151
632,768,6,0.004015683,0.000435759,0.003579924
632,768,7,0.004055394,0.000476363,0.003579031
632,768,8,0.004014981,0.000444579,0.003570402
632,768,9,0.004045816,0.000489384,0.003556432
632,768,10,0.004156492,0.000506261,0.003650231
632,768,11,0.004049994,0.000508884,0.00354111
632,768,12,0.004046549,0.000516256,0.003530293
632,768,13,0.014443201,0.011219064,0.003224137
632,768,14,0.00439476,0.001257915,0.003136845
632,768,15,0.004336114,0.001105715,0.003230399
632,768,16,0.004149355,0.000983473,0.003165882
632,768,17,0.004258778,0.001103449,0.003155329
632,768,18,0.019456263,0.016253296,0.003202967
632,768,19,0.006047434,0.002722127,0.003325307
632,768,20,0.005260741,0.001878221,0.00338252
632,768,21,0.004990416,0.001505423,0.003484993
632,768,22,0.004767972,0.001285272,0.0034827
632,768,23,0.00499545,0.001490741,0.003504709
632,768,24,0.004717224,0.001002921,0.003714303
632,768,25,0.004314489,0.000559936,0.003754553
632,768,26,0.004420986,0.000519152,0.003901834
632,768,27,0.00441512,0.000544191,0.003870929
632,768,28,0.00456145,0.00053754,0.00402391
632,768,29,0.004539691,0.000474024,0.004065667
632,768,30,0.00460187,0.000463797,0.004138073
632,768,31,0.00450317,0.000496964,0.004006206
632,768,32,0.004564566,0.000458722,0.004105844
632,768,33,0.004480295,0.000488527,0.003991768
632,768,34,0.004465425,0.000477466,0.003987959
632,768,35,0.004403631,0.000488215,0.003915416
632,768,36,0.004461255,0.000476266,0.003984989
632,768,37,0.004309925,0.000462952,0.003846973
632,768,38,0.004249189,0.000471093,0.003778096
632,768,39,0.004225611,0.0004754,0.003750211
632,768,40,0.004303726,0.000463325,0.003840401
632,768,41,0.00445149,0.000601489,0.003850001
632,768,42,0.00441504,0.000547539,0.003867501
632,768,43,0.004499564,0.000694864,0.0038047
632,768,44,0.004699308,0.000839896,0.003859412
632,768,45,0.004657964,0.000681068,0.003976896
632,768,46,0.004512332,0.000575047,0.003937285
632,768,47,0.004589571,0.000540502,0.004049069
632,768,48,0.004342574,0.000416155,0.003926419
632,768,49,0.004560254,0.000555456,0.004004798
632,768,50,0.004568241,0.000611416,0.003956825
632,768,51,0.004640965,0.000577893,0.004063072
632,768,52,0.004623758,0.000580506,0.004043252
632,768,53,0.004646406,0.000524295,0.004122111
632,768,54,0.004632119,0.000540765,0.004091354
632,768,55,0.004606299,0.000537152,0.004069147
632,768,56,0.004523164,0.000575651,0.003947513
632,768,57,0.004551302,0.000536799,0.004014503
632,768,58,0.00453527,0.000574904,0.003960366
632,768,59,0.004594257,0.000577262,0.004016995
632,768,60,0.004496087,0.000590044,0.003906043
632,768,61,0.004719298,0.000831126,0.003888172
632,768,62,0.004734309,0.000827579,0.00390673
632,768,63,0.004519356,0.000651206,0.00386815
632,768,64,0.004720074,0.00083396,0.003886114
632,768,65,0.004707066,0.000853755,0.003853311
632,768,66,0.004741395,0.000927796,0.003813599
632,768,67,0.004727672,0.000915353,0.003812319
632,768,68,0.004604958,0.000853512,0.003751446
632,768,69,0.004706631,0.000858305,0.003848326
632,768,70,0.004683299,0.000936299,0.003747
632,768,71,0.004751253,0.000917594,0.003833659
632,768,72,0.004539068,0.000780998,0.00375807
632,768,73,0.004595498,0.000793114,0.003802384
632,768,74,0.004739679,0.000915078,0.003824601
632,768,75,0.004464718,0.000690117,0.003774601
632,768,76,0.004413567,0.000755404,0.003658163
632,768,77,0.004551276,0.000830799,0.003720477
632,768,78,0.005039618,0.001288771,0.003750847
632,768,79,0.005068364,0.001241735,0.003826629
632,768,80,0.005435245,0.00154924,0.003886005
632,768,81,0.005361943,0.001458234,0.003903709
632,768,82,0.004755761,0.000710109,0.004045652
632,768,83,0.006099269,0.002222262,0.003877007
632,768,84,0.004599001,0.000764292,0.003834709
632,768,85,0.004676097,0.000756888,0.003919209
632,768,86,0.004628834,0.000889492,0.003739342
632,768,87,0.004866612,0.001044344,0.003822268
632,768,88,0.005085005,0.001353054,0.003731951
632,768,89,0.005118715,0.001403704,0.003715011
632,768,90,0.005630911,0.001996713,0.003634198
632,768,91,0.004642904,0.000785476,0.003857428
632,768,92,0.004222738,0.000429884,0.003792854
632,768,93,0.006715287,0.002863484,0.003851803
632,768,94,0.005933205,0.002071619,0.003861586
632,768,95,0.004644143,0.000824005,0.003820138
632,768,96,0.006558346,0.002871969,0.003686377
632,768,97,0.005585117,0.001777135,0.003807982
632,768,98,0.00465555,0.001044222,0.003611328
632,768,99,0.004101975,0.000499278,0.003602697
632,768,100,0.004005021,0.000493724,0.003511297
632,768,101,0.004383651,0.000686946,0.003696705
632,768,102,0.007357802,0.003696471,0.003661331
632,768,103,0.005381795,0.001490564,0.003891231
632,768,104,0.00436115,0.000686994,0.003674156
632,768,105,0.004586831,0.000885148,0.003701683
632,768,106,0.005610323,0.002187683,0.00342264
632,768,107,0.004973153,0.001515969,0.003457184
632,768,108,0.004219913,0.000715399,0.003504514
632,768,109,0.006902035,0.003310542,0.003591493
632,768,110,0.004340742,0.000987357,0.003353385
633,768,1,0.756383874,0.633297711,0.123086163
633,768,2,0.031040276,0.028015328,0.003024948
633,768,3,0.043205451,0.04015699,0.003048461
633,768,4,0.003987118,0.000787878,0.00319924
633,768,5,0.003854839,0.000512661,0.003342178
633,768,6,0.003950376,0.000429841,0.003520535
633,768,7,0.004099758,0.00048564,0.003614118
633,768,8,0.00396186,0.0004415,0.00352036
633,768,9,0.004081977,0.00048817,0.003593807
633,768,10,0.004124206,0.000514692,0.003609514
633,768,11,0.004115274,0.000524329,0.003590945
633,768,12,0.00401887,0.000522013,0.003496857
633,768,13,0.004093778,0.000528346,0.003565432
633,768,14,0.013954407,0.010784944,0.003169463
633,768,15,0.00450823,0.001228094,0.003280136
633,768,16,0.004205384,0.001061006,0.003144378
633,768,17,0.019467254,0.016251682,0.003215572
633,768,18,0.005852926,0.002662547,0.003190379
633,768,19,0.00573373,0.002411325,0.003322405
633,768,20,0.004830675,0.001484361,0.003346314
633,768,21,0.00480601,0.001361336,0.003444674
633,768,22,0.004567328,0.001196689,0.003370639
633,768,23,0.00499901,0.001451346,0.003547664
633,768,24,0.004729615,0.001032247,0.003697368
633,768,25,0.0043653,0.000569227,0.003796073
633,768,26,0.004349524,0.000593807,0.003755717
633,768,27,0.004460482,0.000527494,0.003932988
633,768,28,0.004508156,0.000590304,0.003917852
633,768,29,0.004676436,0.000632355,0.004044081
633,768,30,0.004481036,0.000507105,0.003973931
633,768,31,0.004463949,0.000549704,0.003914245
633,768,32,0.004482383,0.000577157,0.003905226
633,768,33,0.004506813,0.000636304,0.003870509
633,768,34,0.004336653,0.000576483,0.00376017
633,768,35,0.004479717,0.000698583,0.003781134
633,768,36,0.004522435,0.000699981,0.003822454
633,768,37,0.004437216,0.000618161,0.003819055
633,768,38,0.00430666,0.000573592,0.003733068
633,768,39,0.004235432,0.000574461,0.003660971
633,768,40,0.004669246,0.000937977,0.003731269
633,768,41,0.004556549,0.000715968,0.003840581
633,768,42,0.00450585,0.000710613,0.003795237
633,768,43,0.004546828,0.0007379,0.003808928
633,768,44,0.004604502,0.000826314,0.003778188
633,768,45,0.004527194,0.000697689,0.003829505
633,768,46,0.004529696,0.000636213,0.003893483
633,768,47,0.004448977,0.00052711,0.003921867
633,768,48,0.004395988,0.000580965,0.003815023
633,768,49,0.004706132,0.000763254,0.003942878
633,768,50,0.004548653,0.000650114,0.003898539
633,768,51,0.00481408,0.000822177,0.003991903
633,768,52,0.004454129,0.000511728,0.003942401
633,768,53,0.004666236,0.000653859,0.004012377
633,768,54,0.00449535,0.000495351,0.003999999
633,768,55,0.004711816,0.000655634,0.004056182
633,768,56,0.004399383,0.000588543,0.00381084
633,768,57,0.004709537,0.000750345,0.003959192
633,768,58,0.004599961,0.000673231,0.00392673
633,768,59,0.004622089,0.000638732,0.003983357
633,768,60,0.004642919,0.000789217,0.003853702
633,768,61,0.004628886,0.000743933,0.003884953
633,768,62,0.004568746,0.000733113,0.003835633
633,768,63,0.004781318,0.000959952,0.003821366
633,768,64,0.004567921,0.000813238,0.003754683
633,768,65,0.004728799,0.000992928,0.003735871
633,768,66,0.00479943,0.001010794,0.003788636
633,768,67,0.004771981,0.001001495,0.003770486
633,768,68,0.004637589,0.000857009,0.00378058
633,768,69,0.004864059,0.001067951,0.003796108
633,768,70,0.004628766,0.000838805,0.003789961
633,768,71,0.004646364,0.000840371,0.003805993
633,768,72,0.004610064,0.000843185,0.003766879
633,768,73,0.004645961,0.0008135,0.003832461
633,768,74,0.004463716,0.000722957,0.003740759
633,768,75,0.004519633,0.000823812,0.003695821
633,768,76,0.004378279,0.000788483,0.003589796
633,768,77,0.004693356,0.001078786,0.00361457
633,768,78,0.00454983,0.000799476,0.003750354
633,768,79,0.006208069,0.00242366,0.003784409
633,768,80,0.005561297,0.001768186,0.003793111
633,768,81,0.004645644,0.000802494,0.00384315
633,768,82,0.006270199,0.002335038,0.003935161
633,768,83,0.004664245,0.000828421,0.003835824
633,768,84,0.004554637,0.000723247,0.00383139
633,768,85,0.004540304,0.000646054,0.00389425
633,768,86,0.00434939,0.000620516,0.003728874
633,768,87,0.005635442,0.001800485,0.003834957
633,768,88,0.00532386,0.001632043,0.003691817
633,768,89,0.004801408,0.001136598,0.00366481
633,768,90,0.004544651,0.000912415,0.003632236
633,768,91,0.004642507,0.000828979,0.003813528
633,768,92,0.006697385,0.002903685,0.0037937
633,768,93,0.005500849,0.001654577,0.003846272
633,768,94,0.004919805,0.00107911,0.003840695
633,768,95,0.00493724,0.001145115,0.003792125
633,768,96,0.006194963,0.00249657,0.003698393
633,768,97,0.004831104,0.001034118,0.003796986
633,768,98,0.004730723,0.001111683,0.00361904
633,768,99,0.004637334,0.001046183,0.003591151
633,768,100,0.00469561,0.001182776,0.003512834
633,768,101,0.007432325,0.003742852,0.003689473
633,768,102,0.005108932,0.001508007,0.003600925
633,768,103,0.004417989,0.000620868,0.003797121
633,768,104,0.004374461,0.000730918,0.003643543
633,768,105,0.006160024,0.002585262,0.003574762
633,768,106,0.004664331,0.00124448,0.003419851
633,768,107,0.004490085,0.001021837,0.003468248
633,768,108,0.004281437,0.000720992,0.003560445
633,768,109,0.006280088,0.002723945,0.003556143
633,768,110,0.003849583,0.00048039,0.003369193
634,768,1,0.75779961,0.63403155,0.12376806
634,768,2,0.010954232,0.00793395,0.003020282
634,768,3,0.021846953,0.018805971,0.003040982
634,768,4,0.043347921,0.040258569,0.003089352
634,768,5,0.00414883,0.000868417,0.003280413
634,768,6,0.003972828,0.000546658,0.00342617
634,768,7,0.004021374,0.000484845,0.003536529
634,768,8,0.004073018,0.000569404,0.003503614
634,768,9,0.004024961,0.000507487,0.003517474
634,768,10,0.004069433,0.000525969,0.003543464
634,768,11,0.004254915,0.000632408,0.003622507
634,768,12,0.004072068,0.00052723,0.003544838
634,768,13,0.004080652,0.000518366,0.003562286
634,768,14,0.003999629,0.000520842,0.003478787
634,768,15,0.01358268,0.010413939,0.003168741
634,768,16,0.020658921,0.017471989,0.003186932
634,768,17,0.005183176,0.00195848,0.003224696
634,768,18,0.005600758,0.002389598,0.00321116
634,768,19,0.005110651,0.001802898,0.003307753
634,768,20,0.004914072,0.001566451,0.003347621
634,768,21,0.004581856,0.0011197,0.003462156
634,768,22,0.004722548,0.001235891,0.003486657
634,768,23,0.004760905,0.001156913,0.003603992
634,768,24,0.004956806,0.001100651,0.003856155
634,768,25,0.004251458,0.000406828,0.00384463
634,768,26,0.004442625,0.000548041,0.003894584
634,768,27,0.004407071,0.000523935,0.003883136
634,768,28,0.00457751,0.000556113,0.004021397
634,768,29,0.004569773,0.000513346,0.004056427
634,768,30,0.00453726,0.000490767,0.004046493
634,768,31,0.004500123,0.000551557,0.003948566
634,768,32,0.004560778,0.000554,0.004006778
634,768,33,0.004432547,0.000550966,0.003881581
634,768,34,0.004522483,0.000558858,0.003963625
634,768,35,0.004391205,0.000553965,0.00383724
634,768,36,0.00449302,0.000590397,0.003902623
634,768,37,0.004338252,0.000555736,0.003782516
634,768,38,0.004437548,0.000705477,0.003732071
634,768,39,0.004398824,0.000756088,0.003642736
634,768,40,0.004602266,0.000854021,0.003748245
634,768,41,0.004517136,0.000770347,0.003746789
634,768,42,0.004461651,0.000716599,0.003745052
634,768,43,0.004459738,0.000736608,0.00372313
634,768,44,0.004655886,0.000830312,0.003825574
634,768,45,0.004516183,0.00071886,0.003797323
634,768,46,0.004553156,0.000642793,0.003910363
634,768,47,0.004426592,0.000575207,0.003851385
634,768,48,0.004481913,0.000633701,0.003848212
634,768,49,0.004556475,0.000606977,0.003949498
634,768,50,0.004694855,0.000681647,0.004013208
634,768,51,0.004551982,0.000506284,0.004045698
634,768,52,0.004717627,0.000714152,0.004003475
634,768,53,0.004680069,0.000623443,0.004056626
634,768,54,0.004545729,0.000497294,0.004048435
634,768,55,0.004616981,0.000598444,0.004018537
634,768,56,0.004667502,0.000698938,0.003968564
634,768,57,0.0045508,0.000593178,0.003957622
634,768,58,0.00462207,0.000641335,0.003980735
634,768,59,0.004656517,0.000722723,0.003933794
634,768,60,0.004582557,0.000708956,0.003873601
634,768,61,0.004692269,0.000896671,0.003795598
634,768,62,0.004743655,0.000891047,0.003852608
634,768,63,0.004645707,0.000902907,0.0037428
634,768,64,0.004784874,0.001055398,0.003729476
634,768,65,0.004707065,0.000967748,0.003739317
634,768,66,0.004796635,0.001062935,0.0037337
634,768,67,0.004625821,0.00089673,0.003729091
634,768,68,0.00471142,0.000985303,0.003726117
634,768,69,0.004777243,0.000969966,0.003807277
634,768,70,0.004621281,0.000890701,0.00373058
634,768,71,0.004577257,0.000815281,0.003761976
634,768,72,0.00459372,0.000833816,0.003759904
634,768,73,0.004584953,0.00083097,0.003753983
634,768,74,0.004670674,0.000890132,0.003780542
634,768,75,0.004361914,0.000714307,0.003647607
634,768,76,0.004569329,0.001018623,0.003550706
634,768,77,0.004610812,0.001004288,0.003606524
634,768,78,0.006111145,0.002479552,0.003631593
634,768,79,0.005623466,0.00186376,0.003759706
634,768,80,0.004700321,0.000905909,0.003794412
634,768,81,0.006203163,0.002050077,0.004153086
634,768,82,0.004772664,0.000720284,0.00405238
634,768,83,0.004589628,0.000617912,0.003971716
634,768,84,0.004431626,0.000625326,0.0038063
634,768,85,0.004445773,0.000593064,0.003852709
634,768,86,0.00554025,0.001746191,0.003794059
634,768,87,0.005497628,0.001657163,0.003840465
634,768,88,0.004724872,0.001009008,0.003715864
634,768,89,0.004186075,0.000516648,0.003669427
634,768,90,0.004698983,0.001044975,0.003654008
634,768,91,0.006805083,0.00306064,0.003744443
634,768,92,0.005497578,0.001640849,0.003856729
634,768,93,0.004829123,0.000869407,0.003959716
634,768,94,0.004924108,0.001093278,0.00383083
634,768,95,0.004604269,0.000834612,0.003769657
634,768,96,0.00422848,0.000492623,0.003735857
634,768,97,0.0058716,0.002082334,0.003789266
634,768,98,0.004387912,0.00076776,0.003620152
634,768,99,0.006534928,0.002957624,0.003577304
634,768,100,0.00459872,0.00106166,0.00353706
634,768,101,0.006117891,0.002416867,0.003701024
634,768,102,0.005462911,0.001819387,0.003643524
634,768,103,0.00483782,0.000974798,0.003863022
634,768,104,0.004487201,0.000816407,0.003670794
634,768,105,0.0041578,0.000478582,0.003679218
634,768,106,0.005378239,0.00195356,0.003424679
634,768,107,0.004741187,0.001280673,0.003460514
634,768,108,0.006897023,0.003380573,0.00351645
634,768,109,0.004578404,0.001004387,0.003574017
634,768,110,0.005701362,0.00240885,0.003292512
635,768,1,0.757993622,0.634136687,0.123856935
635,768,2,0.028703716,0.025667691,0.003036025
635,768,3,0.003634543,0.000505531,0.003129012
635,768,4,0.003566938,0.000470569,0.003096369
635,768,5,0.043472409,0.040230343,0.003242066
635,768,6,0.004359817,0.000840575,0.003519242
635,768,7,0.004049402,0.000488643,0.003560759
635,768,8,0.003989091,0.000487589,0.003501502
635,768,9,0.004034571,0.000531871,0.0035027
635,768,10,0.004120136,0.000545766,0.00357437
635,768,11,0.004083065,0.000552126,0.003530939
635,768,12,0.004131765,0.000634698,0.003497067
635,768,13,0.004178395,0.000610022,0.003568373
635,768,14,0.004012598,0.000532584,0.003480014
635,768,15,0.030974845,0.027905712,0.003069133
635,768,16,0.00477007,0.001606692,0.003163378
635,768,17,0.004803115,0.00163045,0.003172665
635,768,18,0.004952865,0.001740295,0.00321257
635,768,19,0.005269946,0.00192699,0.003342956
635,768,20,0.004665259,0.001346298,0.003318961
635,768,21,0.004651049,0.001215644,0.003435405
635,768,22,0.004653253,0.001185223,0.00346803
635,768,23,0.004895089,0.001303798,0.003591291
635,768,24,0.004716803,0.000934338,0.003782465
635,768,25,0.004289902,0.000498694,0.003791208
635,768,26,0.004362737,0.000519599,0.003843138
635,768,27,0.004456664,0.000529707,0.003926957
635,768,28,0.004452665,0.000546288,0.003906377
635,768,29,0.004543268,0.000516939,0.004026329
635,768,30,0.004493853,0.000581898,0.003911955
635,768,31,0.00451687,0.000596107,0.003920763
635,768,32,0.004487539,0.000583413,0.003904126
635,768,33,0.004531818,0.000619156,0.003912662
635,768,34,0.004414831,0.000592113,0.003822718
635,768,35,0.004364129,0.000584358,0.003779771
635,768,36,0.004445,0.000617122,0.003827878
635,768,37,0.0043833,0.000581517,0.003801783
635,768,38,0.004363954,0.000592076,0.003771878
635,768,39,0.004269996,0.000608342,0.003661654
635,768,40,0.004716443,0.000995585,0.003720858
635,768,41,0.004586986,0.000787323,0.003799663
635,768,42,0.004337264,0.000577438,0.003759826
635,768,43,0.004642926,0.000885511,0.003757415
635,768,44,0.00444504,0.000733712,0.003711328
635,768,45,0.004641349,0.000848285,0.003793064
635,768,46,0.004572164,0.000758309,0.003813855
635,768,47,0.004474907,0.000623365,0.003851542
635,768,48,0.004604492,0.000841633,0.003762859
635,768,49,0.004855851,0.001082805,0.003773046
635,768,50,0.004660973,0.00079342,0.003867553
635,768,51,0.004835363,0.00084286,0.003992503
635,768,52,0.004527505,0.00065256,0.003874945
635,768,53,0.004568121,0.000712875,0.003855246
635,768,54,0.00464221,0.000692802,0.003949408
635,768,55,0.004531296,0.000612647,0.003918649
635,768,56,0.004798965,0.000897793,0.003901172
635,768,57,0.004627721,0.000703469,0.003924252
635,768,58,0.004557123,0.000670842,0.003886281
635,768,59,0.004671138,0.0008141,0.003857038
635,768,60,0.004510801,0.000687069,0.003823732
635,768,61,0.00454103,0.000687862,0.003853168
635,768,62,0.004655496,0.000790852,0.003864644
635,768,63,0.004451761,0.000718148,0.003733613
635,768,64,0.004680919,0.00092431,0.003756609
635,768,65,0.004600137,0.000857006,0.003743131
635,768,66,0.00461592,0.000887475,0.003728445
635,768,67,0.004711839,0.00096699,0.003744849
635,768,68,0.004691428,0.000995929,0.003695499
635,768,69,0.00467219,0.000887601,0.003784589
635,768,70,0.004658524,0.000920739,0.003737785
635,768,71,0.004807739,0.001020015,0.003787724
635,768,72,0.004415896,0.000753286,0.00366261
635,768,73,0.00470253,0.000896876,0.003805654
635,768,74,0.004548068,0.000809661,0.003738407
635,768,75,0.004529134,0.000817864,0.00371127
635,768,76,0.004568274,0.000908563,0.003659711
635,768,77,0.006804101,0.003197227,0.003606874
635,768,78,0.005498841,0.001711148,0.003787693
635,768,79,0.005207314,0.001312846,0.003894468
635,768,80,0.005817263,0.001855444,0.003961819
635,768,81,0.004883459,0.000753845,0.004129614
635,768,82,0.00472803,0.000608992,0.004119038
635,768,83,0.004529988,0.000520345,0.004009643
635,768,84,0.004396815,0.000618263,0.003778552
635,768,85,0.004985794,0.001102531,0.003883263
635,768,86,0.005877129,0.001997334,0.003879795
635,768,87,0.004891373,0.001097006,0.003794367
635,768,88,0.004373178,0.000691733,0.003681445
635,768,89,0.00428307,0.000623388,0.003659682
635,768,90,0.004435839,0.000783503,0.003652336
635,768,91,0.004879449,0.001083314,0.003796135
635,768,92,0.005895248,0.002106674,0.003788574
635,768,93,0.00572213,0.001793601,0.003928529
635,768,94,0.004875926,0.000996978,0.003878948
635,768,95,0.004805198,0.000992486,0.003812712
635,768,96,0.004368475,0.000670187,0.003698288
635,768,97,0.006006337,0.002171605,0.003834732
635,768,98,0.006984166,0.003424249,0.003559917
635,768,99,0.004774166,0.001174316,0.00359985
635,768,100,0.006078639,0.00238298,0.003695659
635,768,101,0.005295661,0.001568,0.003727661
635,768,102,0.004219282,0.000584468,0.003634814
635,768,103,0.005047391,0.00121032,0.003837071
635,768,104,0.004225472,0.000550392,0.00367508
635,768,105,0.00435841,0.000703069,0.003655341
635,768,106,0.003860503,0.000408838,0.003451665
635,768,107,0.009038062,0.005552876,0.003485186
635,768,108,0.004234777,0.000737829,0.003496948
635,768,109,0.004567336,0.000942267,0.003625069
635,768,110,0.003719432,0.000372537,0.003346895
636,768,1,0.759343356,0.635629557,0.123713799
636,768,2,0.012597239,0.009565337,0.003031902
636,768,3,0.018045012,0.015009053,0.003035959
636,768,4,0.040777537,0.037742962,0.003034575
636,768,5,0.004109804,0.000905675,0.003204129
636,768,6,0.006046472,0.002731438,0.003315034
636,768,7,0.004595812,0.001060654,0.003535158
636,768,8,0.004016868,0.000543539,0.003473329
636,768,9,0.004059486,0.000576507,0.003482979
636,768,10,0.004172281,0.000591153,0.003581128
636,768,11,0.0041211,0.000561207,0.003559893
636,768,12,0.004059845,0.000571778,0.003488067
636,768,13,0.004058499,0.000556481,0.003502018
636,768,14,0.004011233,0.000564512,0.003446721
636,768,15,0.003840379,0.000525038,0.003315341
636,768,16,0.031254394,0.02806777,0.003186624
636,768,17,0.005058822,0.001833271,0.003225551
636,768,18,0.005693381,0.002445014,0.003248367
636,768,19,0.005192014,0.001899614,0.0032924
636,768,20,0.004905915,0.001556593,0.003349322
636,768,21,0.004444878,0.001117196,0.003327682
636,768,22,0.004756591,0.001360464,0.003396127
636,768,23,0.005116873,0.001548889,0.003567984
636,768,24,0.004659719,0.000876264,0.003783455
636,768,25,0.004226055,0.000493601,0.003732454
636,768,26,0.004363025,0.000524189,0.003838836
636,768,27,0.004400413,0.000546988,0.003853425
636,768,28,0.004661298,0.000680752,0.003980546
636,768,29,0.004457126,0.000483402,0.003973724
636,768,30,0.004564539,0.000505595,0.004058944
636,768,31,0.004467287,0.000528856,0.003938431
636,768,32,0.004556568,0.000509139,0.004047429
636,768,33,0.004375464,0.000500697,0.003874767
636,768,34,0.004489024,0.000544544,0.00394448
636,768,35,0.004433828,0.000542753,0.003891075
636,768,36,0.004420472,0.000519067,0.003901405
636,768,37,0.004304986,0.000497334,0.003807652
636,768,38,0.004392655,0.000606019,0.003786636
636,768,39,0.004281552,0.00051939,0.003762162
636,768,40,0.004354261,0.000537037,0.003817224
636,768,41,0.004483234,0.000694435,0.003788799
636,768,42,0.00443507,0.000526861,0.003908209
636,768,43,0.00458747,0.000796824,0.003790646
636,768,44,0.004707069,0.000799297,0.003907772
636,768,45,0.004571143,0.000651661,0.003919482
636,768,46,0.004706898,0.000795904,0.003910994
636,768,47,0.004555938,0.000733831,0.003822107
636,768,48,0.004588738,0.000688336,0.003900402
636,768,49,0.004484065,0.000693125,0.00379094
636,768,50,0.005028161,0.001202812,0.003825349
636,768,51,0.004547789,0.000677614,0.003870175
636,768,52,0.004658233,0.000753709,0.003904524
636,768,53,0.004600762,0.000700333,0.003900429
636,768,54,0.004608093,0.000548764,0.004059329
636,768,55,0.004475355,0.000602306,0.003873049
636,768,56,0.004789108,0.000796429,0.003992679
636,768,57,0.004539073,0.000631314,0.003907759
636,768,58,0.004560449,0.00059568,0.003964769
636,768,59,0.004511443,0.000621516,0.003889927
636,768,60,0.004618749,0.000760803,0.003857946
636,768,61,0.004461789,0.000659857,0.003801932
636,768,62,0.004724231,0.000834188,0.003890043
636,768,63,0.004563063,0.000775793,0.00378727
636,768,64,0.004661686,0.000765664,0.003896022
636,768,65,0.004482118,0.000686438,0.00379568
636,768,66,0.004716123,0.000819979,0.003896144
636,768,67,0.004601301,0.000748537,0.003852764
636,768,68,0.004650879,0.000764774,0.003886105
636,768,69,0.00456288,0.000642774,0.003920106
636,768,70,0.004639726,0.000749457,0.003890269
636,768,71,0.004632829,0.000753727,0.003879102
636,768,72,0.004740975,0.000823196,0.003917779
636,768,73,0.00449989,0.00064106,0.00385883
636,768,74,0.004560168,0.000705748,0.00385442
636,768,75,0.005672345,0.002025429,0.003646916
636,768,76,0.006302335,0.002853868,0.003448467
636,768,77,0.005879776,0.002201419,0.003678357
636,768,78,0.005025583,0.001229691,0.003795892
636,768,79,0.005846973,0.001912442,0.003934531
636,768,80,0.004768714,0.000755715,0.004012999
636,768,81,0.00469064,0.000508298,0.004182342
636,768,82,0.004580814,0.0005173,0.004063514
636,768,83,0.004563655,0.000493162,0.004070493
636,768,84,0.004965138,0.001118324,0.003846814
636,768,85,0.00571158,0.001876056,0.003835524
636,768,86,0.005174623,0.001271617,0.003903006
636,768,87,0.004435452,0.00055048,0.003884972
636,768,88,0.00439532,0.000726565,0.003668755
636,768,89,0.004142097,0.000505523,0.003636574
636,768,90,0.004583639,0.000854445,0.003729194
636,768,91,0.004529667,0.000731219,0.003798448
636,768,92,0.007263458,0.003414933,0.003848525
636,768,93,0.004838247,0.000886184,0.003952063
636,768,94,0.004760029,0.000861409,0.00389862
636,768,95,0.004515019,0.000643345,0.003871674
636,768,96,0.005900804,0.002196875,0.003703929
636,768,97,0.005441266,0.001604604,0.003836662
636,768,98,0.004165069,0.000506424,0.003658645
636,768,99,0.005626695,0.002010201,0.003616494
636,768,100,0.007233803,0.003545385,0.003688418
636,768,101,0.00469158,0.00095871,0.00373287
636,768,102,0.004562203,0.000869557,0.003692646
636,768,103,0.004993737,0.001180072,0.003813665
636,768,104,0.004205345,0.000533864,0.003671481
636,768,105,0.004489672,0.000842424,0.003647248
636,768,106,0.005827143,0.0023949,0.003432243
636,768,107,0.006367978,0.002828673,0.003539305
636,768,108,0.00457986,0.001083672,0.003496188
636,768,109,0.004458011,0.000846088,0.003611923
636,768,110,0.004470621,0.001137699,0.003332922
637,768,1,0.760595791,0.6363194,0.124276391
637,768,2,0.011587816,0.00855052,0.003037296
637,768,3,0.055334801,0.052295458,0.003039343
637,768,4,0.003851138,0.000701666,0.003149472
637,768,5,0.003800652,0.000486018,0.003314634
637,768,6,0.003690858,0.000376432,0.003314426
637,768,7,0.005534092,0.002144083,0.003390009
637,768,8,0.004591599,0.001177389,0.00341421
637,768,9,0.004171863,0.000642251,0.003529612
637,768,10,0.004087979,0.000559419,0.00352856
637,768,11,0.004200713,0.000631365,0.003569348
637,768,12,0.00417188,0.000540024,0.003631856
637,768,13,0.004096904,0.000543068,0.003553836
637,768,14,0.003988416,0.000532149,0.003456267
637,768,15,0.004025345,0.000501905,0.00352344
637,768,16,0.003819318,0.000449856,0.003369462
637,768,17,0.031878291,0.028555964,0.003322327
637,768,18,0.005827313,0.002608209,0.003219104
637,768,19,0.005410514,0.002095402,0.003315112
637,768,20,0.004901249,0.001522516,0.003378733
637,768,21,0.0047398,0.001168381,0.003571419
637,768,22,0.004579773,0.001129039,0.003450734
637,768,23,0.0048719,0.001210745,0.003661155
637,768,24,0.004840108,0.001020271,0.003819837
637,768,25,0.004313462,0.000480272,0.00383319
637,768,26,0.00446534,0.000550144,0.003915196
637,768,27,0.004492336,0.000548667,0.003943669
637,768,28,0.004447962,0.000490636,0.003957326
637,768,29,0.00460285,0.000535338,0.004067512
637,768,30,0.004586686,0.000551806,0.00403488
637,768,31,0.004603814,0.00051096,0.004092854
637,768,32,0.004517134,0.000464529,0.004052605
637,768,33,0.004430985,0.000485605,0.00394538
637,768,34,0.004442084,0.000497088,0.003944996
637,768,35,0.004538954,0.000597876,0.003941078
637,768,36,0.004477522,0.000578842,0.00389868
637,768,37,0.004486275,0.000475807,0.004010468
637,768,38,0.004279965,0.000496067,0.003783898
637,768,39,0.004171168,0.000485148,0.00368602
637,768,40,0.004308,0.000413956,0.003894044
637,768,41,0.004441493,0.000553356,0.003888137
637,768,42,0.004340546,0.00046479,0.003875756
637,768,43,0.004324386,0.000519754,0.003804632
637,768,44,0.004671449,0.000740594,0.003930855
637,768,45,0.004706527,0.000641769,0.004064758
637,768,46,0.004530833,0.000558642,0.003972191
637,768,47,0.004690779,0.000629964,0.004060815
637,768,48,0.00452361,0.000539136,0.003984474
637,768,49,0.004486371,0.000501163,0.003985208
637,768,50,0.004777101,0.000756676,0.004020425
637,768,51,0.004786228,0.000807117,0.003979111
637,768,52,0.004550913,0.000536784,0.004014129
637,768,53,0.004676274,0.000606685,0.004069589
637,768,54,0.004579162,0.000533399,0.004045763
637,768,55,0.004544504,0.000516217,0.004028287
637,768,56,0.004795969,0.000712915,0.004083054
637,768,57,0.004542037,0.000532399,0.004009638
637,768,58,0.00471508,0.000594554,0.004120526
637,768,59,0.004453119,0.000576574,0.003876545
637,768,60,0.004565718,0.000616894,0.003948824
637,768,61,0.004481258,0.000626772,0.003854486
637,768,62,0.004518044,0.000588101,0.003929943
637,768,63,0.004536654,0.000703116,0.003833538
637,768,64,0.004691484,0.00077166,0.003919824
637,768,65,0.004588948,0.000703791,0.003885157
637,768,66,0.004465276,0.000609808,0.003855468
637,768,67,0.004674483,0.000722254,0.003952229
637,768,68,0.004641257,0.000755033,0.003886224
637,768,69,0.004728104,0.000674726,0.004053378
637,768,70,0.004477622,0.000575529,0.003902093
637,768,71,0.004569076,0.000670568,0.003898508
637,768,72,0.004598595,0.000754973,0.003843622
637,768,73,0.004901613,0.000965461,0.003936152
637,768,74,0.006403207,0.002744557,0.00365865
637,768,75,0.006379215,0.002778346,0.003600869
637,768,76,0.005002578,0.001394336,0.003608242
637,768,77,0.005204525,0.001511524,0.003693001
637,768,78,0.004658305,0.00085947,0.003798835
637,768,79,0.004853893,0.000964363,0.00388953
637,768,80,0.005355599,0.001348123,0.004007476
637,768,81,0.004840766,0.000821516,0.00401925
637,768,82,0.004532403,0.000532681,0.003999722
637,768,83,0.005970087,0.0019444,0.004025687
637,768,84,0.00552487,0.001657409,0.003867461
637,768,85,0.004928581,0.001123264,0.003805317
637,768,86,0.004655365,0.000695441,0.003959924
637,768,87,0.004348507,0.000499073,0.003849434
637,768,88,0.004442115,0.000689946,0.003752169
637,768,89,0.00414578,0.000489863,0.003655917
637,768,90,0.004523392,0.000772106,0.003751286
637,768,91,0.007667876,0.003844671,0.003823205
637,768,92,0.004593258,0.000715514,0.003877744
637,768,93,0.004442415,0.000507353,0.003935062
637,768,94,0.004504399,0.000661858,0.003842541
637,768,95,0.006335466,0.002557571,0.003777895
637,768,96,0.004482776,0.000817036,0.00366574
637,768,97,0.005115628,0.001326441,0.003789187
637,768,98,0.004277594,0.000614787,0.003662807
637,768,99,0.00408424,0.000448613,0.003635627
637,768,100,0.005099798,0.001551766,0.003548032
637,768,101,0.007711828,0.004025468,0.00368636
637,768,102,0.004762538,0.001063585,0.003698953
637,768,103,0.004986083,0.001069141,0.003916942
637,768,104,0.004337453,0.000596321,0.003741132
637,768,105,0.004494601,0.000818849,0.003675752
637,768,106,0.008662818,0.005156798,0.00350602
637,768,107,0.004697346,0.001100424,0.003596922
637,768,108,0.003990819,0.000420734,0.003570085
637,768,109,0.004723001,0.00108986,0.003633141
637,768,110,0.005282383,0.00092162,0.004360763
638,768,1,0.756323429,0.63280238,0.123521049
638,768,2,0.067953638,0.064932909,0.003020729
638,768,3,0.003747251,0.000586778,0.003160473
638,768,4,0.003478603,0.000362411,0.003116192
638,768,5,0.003723106,0.000472662,0.003250444
638,768,6,0.003640874,0.000329972,0.003310902
638,768,7,0.003989432,0.000412035,0.003577397
638,768,8,0.005105205,0.001693048,0.003412157
638,768,9,0.004690169,0.001190376,0.003499793
638,768,10,0.004268306,0.000709623,0.003558683
638,768,11,0.004111031,0.000508,0.003603031
638,768,12,0.004138231,0.000605685,0.003532546
638,768,13,0.004253298,0.000590733,0.003662565
638,768,14,0.003987361,0.000486441,0.00350092
638,768,15,0.003886617,0.00047349,0.003413127
638,768,16,0.003908388,0.000597018,0.00331137
638,768,17,0.003800333,0.000491701,0.003308632
638,768,18,0.033094561,0.029886915,0.003207646
638,768,19,0.00604904,0.002693647,0.003355393
638,768,20,0.005156049,0.001679793,0.003476256
638,768,21,0.004610107,0.001177668,0.003432439
638,768,22,0.004870651,0.001448193,0.003422458
638,768,23,0.004945598,0.001252391,0.003693207
638,768,24,0.004910326,0.001039937,0.003870389
638,768,25,0.004348657,0.00044387,0.003904787
638,768,26,0.004425652,0.000479803,0.003945849
638,768,27,0.004564369,0.000504974,0.004059395
638,768,28,0.004625587,0.000474776,0.004150811
638,768,29,0.004574179,0.000492857,0.004081322
638,768,30,0.004636383,0.000472597,0.004163786
638,768,31,0.004563029,0.000517092,0.004045937
638,768,32,0.004601101,0.000501759,0.004099342
638,768,33,0.004500646,0.000516801,0.003983845
638,768,34,0.004526591,0.000537476,0.003989115
638,768,35,0.004486278,0.000546765,0.003939513
638,768,36,0.004414771,0.00057692,0.003837851
638,768,37,0.004314418,0.000505858,0.00380856
638,768,38,0.00436983,0.000511577,0.003858253
638,768,39,0.004211917,0.000532647,0.00367927
638,768,40,0.00440751,0.000518486,0.003889024
638,768,41,0.00440892,0.000422072,0.003986848
638,768,42,0.004373495,0.000433062,0.003940433
638,768,43,0.00426014,0.000411703,0.003848437
638,768,44,0.004458682,0.000544186,0.003914496
638,768,45,0.004591076,0.000645468,0.003945608
638,768,46,0.004530902,0.000520558,0.004010344
638,768,47,0.004607895,0.000525959,0.004081936
638,768,48,0.004445673,0.000499808,0.003945865
638,768,49,0.004588047,0.000526858,0.004061189
638,768,50,0.004632043,0.00055416,0.004077883
638,768,51,0.004660105,0.000529875,0.00413023
638,768,52,0.00468887,0.000576042,0.004112828
638,768,53,0.004672994,0.000517512,0.004155482
638,768,54,0.004656806,0.000469497,0.004187309
638,768,55,0.004587099,0.000451007,0.004136092
638,768,56,0.00455123,0.000452387,0.004098843
638,768,57,0.004558419,0.000467765,0.004090654
638,768,58,0.004562073,0.000506164,0.004055909
638,768,59,0.004612825,0.000614834,0.003997991
638,768,60,0.004600894,0.000540819,0.004060075
638,768,61,0.004577976,0.000566363,0.004011613
638,768,62,0.004618331,0.000584158,0.004034173
638,768,63,0.004554618,0.000571796,0.003982822
638,768,64,0.00458835,0.000630855,0.003957495
638,768,65,0.004667125,0.000742732,0.003924393
638,768,66,0.004550853,0.000653671,0.003897182
638,768,67,0.004751138,0.000801382,0.003949756
638,768,68,0.004557436,0.000631026,0.00392641
638,768,69,0.004826962,0.000845277,0.003981685
638,768,70,0.004525314,0.000549118,0.003976196
638,768,71,0.004758571,0.000735854,0.004022717
638,768,72,0.004413005,0.000521827,0.003891178
638,768,73,0.005760409,0.001927837,0.003832572
638,768,74,0.004647965,0.000769336,0.003878629
638,768,75,0.004726414,0.001015413,0.003711001
638,768,76,0.00639661,0.002968315,0.003428295
638,768,77,0.005660694,0.00195089,0.003709804
638,768,78,0.005315635,0.001443389,0.003872246
638,768,79,0.004525084,0.000606794,0.00391829
638,768,80,0.004413478,0.000561886,0.003851592
638,768,81,0.005368935,0.001331552,0.004037383
638,768,82,0.006727245,0.002750649,0.003976596
638,768,83,0.005740966,0.001825489,0.003915477
638,768,84,0.004963219,0.001056257,0.003906962
638,768,85,0.00436828,0.000602432,0.003765848
638,768,86,0.004511965,0.00059059,0.003921375
638,768,87,0.004483024,0.000581606,0.003901418
638,768,88,0.004221822,0.000523125,0.003698697
638,768,89,0.004134374,0.000478176,0.003656198
638,768,90,0.008209564,0.004311411,0.003898153
638,768,91,0.004551298,0.000726638,0.00382466
638,768,92,0.004408957,0.000504355,0.003904602
638,768,93,0.004500171,0.000531145,0.003969026
638,768,94,0.004519111,0.000607437,0.003911674
638,768,95,0.004576318,0.000705892,0.003870426
638,768,96,0.005565409,0.00179344,0.003771969
638,768,97,0.005494401,0.001648544,0.003845857
638,768,98,0.004159591,0.000441157,0.003718434
638,768,99,0.004081789,0.000441971,0.003639818
638,768,100,0.004007932,0.000478858,0.003529074
638,768,101,0.006971621,0.003260619,0.003711002
638,768,102,0.005848671,0.002190458,0.003658213
638,768,103,0.00535772,0.001420381,0.003937339
638,768,104,0.004446549,0.000716119,0.00373043
638,768,105,0.009548955,0.003777139,0.005771816
638,768,106,0.004816159,0.000965986,0.003850173
638,768,107,0.003980603,0.000454145,0.003526458
638,768,108,0.003986309,0.000470985,0.003515324
638,768,109,0.004496155,0.0009029,0.003593255
638,768,110,0.00412426,0.00082403,0.00330023
639,768,1,0.622742054,0.49602197,0.126720084
639,768,2,0.136930038,0.133823628,0.00310641
639,768,3,0.067871357,0.064840913,0.003030444
639,768,4,0.00383067,0.000687563,0.003143107
639,768,5,0.003580313,0.000384742,0.003195571
639,768,6,0.003704378,0.000380122,0.003324256
639,768,7,0.003935442,0.000417155,0.003518287
639,768,8,0.003971134,0.000427204,0.00354393
639,768,9,0.005119624,0.00153496,0.003584664
639,768,10,0.004653612,0.001162852,0.00349076
639,768,11,0.004319659,0.000750946,0.003568713
639,768,12,0.004037816,0.000510672,0.003527144
639,768,13,0.004187053,0.00069446,0.003492593
639,768,14,0.00412184,0.000698947,0.003422893
639,768,15,0.003930085,0.000572107,0.003357978
639,768,16,0.003782875,0.000511508,0.003271367
639,768,17,0.003839683,0.000603496,0.003236187
639,768,18,0.003850689,0.000564262,0.003286427
639,768,19,0.0344032,0.031193967,0.003209233
639,768,20,0.005419009,0.002154062,0.003264947
639,768,21,0.005042594,0.001780198,0.003262396
639,768,22,0.004916146,0.001585019,0.003331127
639,768,23,0.00530166,0.00162886,0.0036728
639,768,24,0.004434425,0.000814473,0.003619952
639,768,25,0.004667457,0.000857225,0.003810232
639,768,26,0.004345606,0.000559581,0.003786025
639,768,27,0.004550767,0.000656346,0.003894421
639,768,28,0.0045369,0.000624615,0.003912285
639,768,29,0.004701039,0.000689369,0.00401167
639,768,30,0.004621386,0.000594657,0.004026729
639,768,31,0.004560764,0.000594655,0.003966109
639,768,32,0.004584071,0.000573454,0.004010617
639,768,33,0.004520064,0.000632516,0.003887548
639,768,34,0.00458542,0.000646198,0.003939222
639,768,35,0.004399593,0.000557258,0.003842335
639,768,36,0.004571634,0.000641455,0.003930179
639,768,37,0.004315117,0.000505384,0.003809733
639,768,38,0.004242062,0.000449014,0.003793048
639,768,39,0.00430792,0.000604236,0.003703684
639,768,40,0.004233817,0.000472349,0.003761468
639,768,41,0.004434282,0.000646988,0.003787294
639,768,42,0.004465931,0.000633196,0.003832735
639,768,43,0.004338648,0.000581179,0.003757469
639,768,44,0.004510365,0.000660574,0.003849791
639,768,45,0.004400254,0.000575155,0.003825099
639,768,46,0.004705322,0.000777552,0.00392777
639,768,47,0.004488694,0.000580875,0.003907819
639,768,48,0.004458334,0.000580812,0.003877522
639,768,49,0.004578426,0.000622812,0.003955614
639,768,50,0.004630378,0.000650427,0.003979951
639,768,51,0.004642262,0.000620037,0.004022225
639,768,52,0.00451002,0.000568412,0.003941608
639,768,53,0.004800028,0.000717062,0.004082966
639,768,54,0.004633804,0.000556277,0.004077527
639,768,55,0.004576812,0.000630116,0.003946696
639,768,56,0.004526751,0.000610088,0.003916663
639,768,57,0.004584945,0.00063992,0.003945025
639,768,58,0.004532856,0.000618815,0.003914041
639,768,59,0.004557952,0.00064696,0.003910992
639,768,60,0.004604814,0.000730964,0.00387385
639,768,61,0.004661845,0.000745376,0.003916469
639,768,62,0.004600109,0.000668848,0.003931261
639,768,63,0.00449601,0.00059939,0.00389662
639,768,64,0.004741322,0.000728504,0.004012818
639,768,65,0.004485502,0.000586509,0.003898993
639,768,66,0.004801505,0.000835507,0.003965998
639,768,67,0.004489409,0.000586013,0.003903396
639,768,68,0.004666081,0.000816852,0.003849229
639,768,69,0.004592741,0.000658894,0.003933847
639,768,70,0.004683589,0.000826211,0.003857378
639,768,71,0.004592362,0.000703024,0.003889338
639,768,72,0.006275488,0.002609005,0.003666483
639,768,73,0.005083487,0.001334923,0.003748564
639,768,74,0.004378115,0.000552769,0.003825346
639,768,75,0.004150384,0.000502722,0.003647662
639,768,76,0.004163758,0.000506274,0.003657484
639,768,77,0.006580592,0.003055033,0.003525559
639,768,78,0.005636657,0.001966151,0.003670506
639,768,79,0.005339445,0.001497055,0.00384239
639,768,80,0.00451543,0.000717479,0.003797951
639,768,81,0.004490109,0.000624358,0.003865751
639,768,82,0.00533488,0.00147063,0.00386425
639,768,83,0.007044405,0.002995622,0.004048783
639,768,84,0.005507452,0.001673396,0.003834056
639,768,85,0.004830345,0.001034832,0.003795513
639,768,86,0.004593716,0.000717274,0.003876442
639,768,87,0.004281841,0.000488329,0.003793512
639,768,88,0.004524185,0.000844172,0.003680013
639,768,89,0.00828409,0.0046123,0.00367179
639,768,90,0.004856957,0.001038499,0.003818458
639,768,91,0.004222365,0.000447118,0.003775247
639,768,92,0.004316623,0.000455183,0.00386144
639,768,93,0.004416843,0.000505683,0.00391116
639,768,94,0.004434439,0.000597413,0.003837026
639,768,95,0.004465619,0.000697831,0.003767788
639,768,96,0.004225032,0.000549949,0.003675083
639,768,97,0.005555838,0.001806555,0.003749283
639,768,98,0.00526565,0.001609948,0.003655702
639,768,99,0.004019778,0.000457013,0.003562765
639,768,100,0.007353988,0.003744996,0.003608992
639,768,101,0.004598949,0.000886866,0.003712083
639,768,102,0.004112217,0.000496525,0.003615692
639,768,103,0.005775402,0.001972064,0.003803338
639,768,104,0.004811504,0.00114729,0.003664214
639,768,105,0.004303653,0.000669575,0.003634078
639,768,106,0.009455956,0.005954323,0.003501633
639,768,107,0.004552287,0.001034943,0.003517344
639,768,108,0.003958526,0.000471678,0.003486848
639,768,109,0.004615992,0.001043434,0.003572558
639,768,110,0.004273395,0.00096486,0.003308535
640,768,1,0.628050112,0.503598043,0.124452069
640,768,2,0.13270679,0.129665022,0.003041768
640,768,3,0.004240888,0.001216929,0.003023959
640,768,4,0.013011786,0.009996502,0.003015284
640,768,5,0.056854343,0.053750208,0.003104135
640,768,6,0.00420434,0.000876964,0.003327376
640,768,7,0.003968104,0.000492544,0.00347556
640,768,8,0.004018855,0.000541535,0.00347732
640,768,9,0.004135286,0.000593734,0.003541552
640,768,10,0.004060804,0.00053925,0.003521554
640,768,11,0.004146648,0.000545442,0.003601206
640,768,12,0.004250493,0.00063932,0.003611173
640,768,13,0.00404189,0.000464369,0.003577521
640,768,14,0.00405653,0.000490041,0.003566489
640,768,15,0.003971867,0.000527916,0.003443951
640,768,16,0.003748621,0.000409484,0.003339137
640,768,17,0.003807356,0.0004808,0.003326556
640,768,18,0.003710528,0.000392891,0.003317637
640,768,19,0.00363917,0.00045043,0.00318874
640,768,20,0.003892253,0.000732277,0.003159976
640,768,21,0.004102411,0.000945837,0.003156574
640,768,22,0.013838901,0.010624158,0.003214743
640,768,23,0.005194715,0.002037834,0.003156881
640,768,24,0.005123189,0.001912922,0.003210267
640,768,25,0.005134053,0.001873551,0.003260502
640,768,26,0.005105677,0.001687465,0.003418212
640,768,27,0.004642262,0.001261472,0.00338079
640,768,28,0.005254468,0.001792901,0.003461567
640,768,29,0.004562997,0.00090637,0.003656627
640,768,30,0.004554493,0.00086406,0.003690433
640,768,31,0.004563625,0.000795867,0.003767758
640,768,32,0.004563887,0.000656136,0.003907751
640,768,33,0.004455876,0.000553492,0.003902384
640,768,34,0.004692402,0.000758431,0.003933971
640,768,35,0.004720958,0.000784671,0.003936287
640,768,36,0.004572862,0.000651469,0.003921393
640,768,37,0.004474378,0.00056017,0.003914208
640,768,38,0.004522358,0.000611336,0.003911022
640,768,39,0.004406343,0.000561045,0.003845298
640,768,40,0.004420261,0.000528361,0.0038919
640,768,41,0.004463359,0.000628934,0.003834425
640,768,42,0.004582383,0.000765809,0.003816574
640,768,43,0.005068145,0.001416632,0.003651513
640,768,44,0.005636184,0.00206179,0.003574394
640,768,45,0.005721436,0.001985614,0.003735822
640,768,46,0.005688907,0.001892712,0.003796195
640,768,47,0.005784379,0.002230768,0.003553611
640,768,48,0.005942724,0.002251248,0.003691476
640,768,49,0.005912162,0.0021743,0.003737862
640,768,50,0.005685493,0.002007807,0.003677686
640,768,51,0.005621729,0.001927013,0.003694716
640,768,52,0.005441358,0.001708905,0.003732453
640,768,53,0.005419319,0.001538618,0.003880701
640,768,54,0.005187946,0.001256233,0.003931713
640,768,55,0.004855578,0.000949922,0.003905656
640,768,56,0.005038952,0.001036294,0.004002658
640,768,57,0.004709507,0.000770838,0.003938669
640,768,58,0.004658284,0.000796751,0.003861533
640,768,59,0.004796128,0.000896461,0.003899667
640,768,60,0.004796298,0.000939138,0.00385716
640,768,61,0.00491443,0.001101073,0.003813357
640,768,62,0.00478579,0.001035809,0.003749981
640,768,63,0.005063581,0.001248792,0.003814789
640,768,64,0.004440876,0.000729645,0.003711231
640,768,65,0.004971646,0.001243875,0.003727771
640,768,66,0.004595312,0.000927687,0.003667625
640,768,67,0.00485054,0.001232673,0.003617867
640,768,68,0.005060244,0.001343582,0.003716662
640,768,69,0.004806838,0.000937382,0.003869456
640,768,70,0.005104182,0.001317842,0.00378634
640,768,71,0.004547247,0.00074666,0.003800587
640,768,72,0.004823465,0.001020169,0.003803296
640,768,73,0.004681073,0.000860515,0.003820558
640,768,74,0.005022483,0.001241073,0.00378141
640,768,75,0.004249783,0.000581546,0.003668237
640,768,76,0.004705657,0.001025641,0.003680016
640,768,77,0.004334534,0.000749976,0.003584558
640,768,78,0.004303466,0.000751101,0.003552365
640,768,79,0.004652872,0.001015705,0.003637167
640,768,80,0.005402175,0.001623039,0.003779136
640,768,81,0.005086346,0.001236888,0.003849458
640,768,82,0.00466519,0.00088473,0.00378046
640,768,83,0.004992043,0.001134524,0.003857519
640,768,84,0.004733378,0.000858494,0.003874884
640,768,85,0.004519378,0.000729561,0.003789817
640,768,86,0.004546943,0.000757928,0.003789015
640,768,87,0.004752821,0.000850642,0.003902179
640,768,88,0.004604196,0.000851203,0.003752993
640,768,89,0.005912901,0.002039759,0.003873142
640,768,90,0.004575399,0.00084048,0.003734919
640,768,91,0.004238183,0.000532877,0.003705306
640,768,92,0.004558211,0.000975621,0.00358259
640,768,93,0.004823372,0.001007759,0.003815613
640,768,94,0.00415335,0.000404471,0.003748879
640,768,95,0.005088431,0.00125493,0.003833501
640,768,96,0.004404456,0.000486896,0.00391756
640,768,97,0.004254669,0.000406385,0.003848284
640,768,98,0.004271124,0.000485091,0.003786033
640,768,99,0.004109356,0.000512656,0.0035967
640,768,100,0.005639281,0.001978302,0.003660979
640,768,101,0.00511575,0.001465173,0.003650577
640,768,102,0.005129291,0.001565529,0.003563762
640,768,103,0.006158475,0.002644773,0.003513702
640,768,104,0.00588683,0.002193732,0.003693098
640,768,105,0.00473348,0.001091864,0.003641616
640,768,106,0.004763413,0.000993243,0.00377017
640,768,107,0.004301825,0.000578061,0.003723764
640,768,108,0.004634309,0.000998935,0.003635374
640,768,109,0.004142743,0.000664293,0.00347845
640,768,110,0.006954844,0.003508358,0.003446486
641,768,1,0.757512048,0.634389782,0.123122266
641,768,2,0.004316193,0.001167637,0.003148556
641,768,3,0.013021776,0.009974412,0.003047364
641,768,4,0.05677719,0.053718225,0.003058965
641,768,5,0.003997588,0.000768866,0.003228722
641,768,6,0.003816458,0.000428086,0.003388372
641,768,7,0.004024632,0.000444366,0.003580266
641,768,8,0.004079762,0.000501173,0.003578589
641,768,9,0.004059261,0.000469513,0.003589748
641,768,10,0.004098398,0.000490425,0.003607973
641,768,11,0.004171375,0.000514845,0.00365653
641,768,12,0.004080459,0.000520089,0.00356037
641,768,13,0.004110068,0.000505612,0.003604456
641,768,14,0.004065123,0.000518446,0.003546677
641,768,15,0.003903657,0.000479649,0.003424008
641,768,16,0.003763154,0.000434019,0.003329135
641,768,17,0.003735662,0.000416826,0.003318836
641,768,18,0.003730163,0.000401813,0.00332835
641,768,19,0.003730424,0.000424313,0.003306111
641,768,20,0.00365498,0.000477032,0.003177948
641,768,21,0.0136887,0.010497143,0.003191557
641,768,22,0.005387616,0.002140276,0.00324734
641,768,23,0.005230175,0.00198499,0.003245185
641,768,24,0.005055104,0.001658418,0.003396686
641,768,25,0.004859334,0.001460126,0.003399208
641,768,26,0.004782328,0.001380598,0.00340173
641,768,27,0.005143818,0.001664445,0.003479373
641,768,28,0.004664611,0.001003646,0.003660965
641,768,29,0.004741247,0.000977085,0.003764162
641,768,30,0.004425858,0.000557044,0.003868814
641,768,31,0.004446598,0.000566664,0.003879934
641,768,32,0.00441703,0.000580344,0.003836686
641,768,33,0.004776828,0.00075597,0.004020858
641,768,34,0.004645425,0.000573981,0.004071444
641,768,35,0.004602286,0.000493846,0.00410844
641,768,36,0.004461582,0.000516352,0.00394523
641,768,37,0.004549342,0.000482666,0.004066676
641,768,38,0.004374903,0.000499114,0.003875789
641,768,39,0.004529053,0.000585377,0.003943676
641,768,40,0.004465678,0.000606004,0.003859674
641,768,41,0.00462163,0.000668507,0.003953123
641,768,42,0.005218091,0.001512021,0.00370607
641,768,43,0.00566047,0.00201241,0.00364806
641,768,44,0.005458293,0.001746567,0.003711726
641,768,45,0.005795392,0.002132902,0.00366249
641,768,46,0.005857894,0.002222767,0.003635127
641,768,47,0.005967848,0.002300823,0.003667025
641,768,48,0.005783538,0.002011305,0.003772233
641,768,49,0.005658448,0.00190022,0.003758228
641,768,50,0.005618195,0.001924716,0.003693479
641,768,51,0.005517271,0.001781724,0.003735547
641,768,52,0.005161189,0.001264207,0.003896982
641,768,53,0.005279415,0.001244253,0.004035162
641,768,54,0.004860951,0.00086082,0.004000131
641,768,55,0.004939525,0.000936387,0.004003138
641,768,56,0.004735131,0.000669558,0.004065573
641,768,57,0.004693756,0.000772227,0.003921529
641,768,58,0.004888122,0.000962265,0.003925857
641,768,59,0.00482271,0.001007485,0.003815225
641,768,60,0.004930898,0.001111906,0.003818992
641,768,61,0.004826452,0.001056832,0.00376962
641,768,62,0.005018703,0.001262455,0.003756248
641,768,63,0.004478046,0.000726958,0.003751088
641,768,64,0.004974697,0.001240959,0.003733738
641,768,65,0.004654885,0.000923169,0.003731716
641,768,66,0.004868089,0.001084817,0.003783272
641,768,67,0.004961581,0.001250489,0.003711092
641,768,68,0.004652615,0.000896399,0.003756216
641,768,69,0.005261189,0.001366714,0.003894475
641,768,70,0.00448875,0.000649332,0.003839418
641,768,71,0.00483225,0.000940806,0.003891444
641,768,72,0.00463028,0.0007197,0.00391058
641,768,73,0.005078508,0.001132583,0.003945925
641,768,74,0.004426146,0.000574945,0.003851201
641,768,75,0.004616741,0.000705801,0.00391094
641,768,76,0.004444508,0.00071651,0.003727998
641,768,77,0.004385198,0.000745397,0.003639801
641,768,78,0.004187657,0.00066505,0.003522607
641,768,79,0.005268508,0.001564572,0.003703936
641,768,80,0.004886394,0.001117025,0.003769369
641,768,81,0.004816473,0.00086877,0.003947703
641,768,82,0.004669219,0.000809473,0.003859746
641,768,83,0.00489014,0.000881556,0.004008584
641,768,84,0.004539835,0.000619594,0.003920241
641,768,85,0.00458005,0.000677605,0.003902445
641,768,86,0.004533617,0.000718405,0.003815212
641,768,87,0.00449774,0.000587244,0.003910496
641,768,88,0.004408916,0.000632172,0.003776744
641,768,89,0.004547479,0.000651547,0.003895932
641,768,90,0.005788429,0.002003104,0.003785325
641,768,91,0.004702735,0.000956452,0.003746283
641,768,92,0.004539951,0.000889748,0.003650203
641,768,93,0.004428941,0.000620519,0.003808422
641,768,94,0.004573239,0.000790627,0.003782612
641,768,95,0.004747057,0.000893555,0.003853502
641,768,96,0.004839944,0.000837017,0.004002927
641,768,97,0.004323056,0.000391334,0.003931722
641,768,98,0.004280304,0.00047397,0.003806334
641,768,99,0.005664,0.001972026,0.003691974
641,768,100,0.005234079,0.001405087,0.003828992
641,768,101,0.005270945,0.001593093,0.003677852
641,768,102,0.004500938,0.000874707,0.003626231
641,768,103,0.007297393,0.003633732,0.003663661
641,768,104,0.004864854,0.001126149,0.003738705
641,768,105,0.004411755,0.000713589,0.003698166
641,768,106,0.004425658,0.000638604,0.003787054
641,768,107,0.004832955,0.001120217,0.003712738
641,768,108,0.004352973,0.00066893,0.003684043
641,768,109,0.006846318,0.003379142,0.003467176
641,768,110,0.006763808,0.003255446,0.003508362
642,768,1,0.758059619,0.634760731,0.123298888
642,768,2,0.003917203,0.000722799,0.003194404
642,768,3,0.066292534,0.063260154,0.00303238
642,768,4,0.003836728,0.000672459,0.003164269
642,768,5,0.003656568,0.000464282,0.003192286
642,768,6,0.003814048,0.000467792,0.003346256
642,768,7,0.003977139,0.000448245,0.003528894
642,768,8,0.003974253,0.000497033,0.00347722
642,768,9,0.004063046,0.000473904,0.003589142
642,768,10,0.00405471,0.000483078,0.003571632
642,768,11,0.004130511,0.000518873,0.003611638
642,768,12,0.004039998,0.000537223,0.003502775
642,768,13,0.004072035,0.000511665,0.00356037
642,768,14,0.004035482,0.000541059,0.003494423
642,768,15,0.003939956,0.000490786,0.00344917
642,768,16,0.003748678,0.000441764,0.003306914
642,768,17,0.00372693,0.000419137,0.003307793
642,768,18,0.003732322,0.000407056,0.003325266
642,768,19,0.003638562,0.000429857,0.003208705
642,768,20,0.0137361,0.010637661,0.003098439
642,768,21,0.005298145,0.002133785,0.00316436
642,768,22,0.005102582,0.001930836,0.003171746
642,768,23,0.004800883,0.001591836,0.003209047
642,768,24,0.004890671,0.001585586,0.003305085
642,768,25,0.005074927,0.001513847,0.00356108
642,768,26,0.004861267,0.001452928,0.003408339
642,768,27,0.004652963,0.001145154,0.003507809
642,768,28,0.004719919,0.001117739,0.00360218
642,768,29,0.004757973,0.000938258,0.003819715
642,768,30,0.004257087,0.000460964,0.003796123
642,768,31,0.004632883,0.000699297,0.003933586
642,768,32,0.004540595,0.000718412,0.003822183
642,768,33,0.004597743,0.000574253,0.00402349
642,768,34,0.004470361,0.000525422,0.003944939
642,768,35,0.004670148,0.000665391,0.004004757
642,768,36,0.004509926,0.00063025,0.003879676
642,768,37,0.004603152,0.0006618,0.003941352
642,768,38,0.00444413,0.000622751,0.003821379
642,768,39,0.004537668,0.000630458,0.00390721
642,768,40,0.004527638,0.000713155,0.003814483
642,768,41,0.005472097,0.001841068,0.003631029
642,768,42,0.005716229,0.001766827,0.003949402
642,768,43,0.005058412,0.001485655,0.003572757
642,768,44,0.005985405,0.002394727,0.003590678
642,768,45,0.005910793,0.002341785,0.003569008
642,768,46,0.006057848,0.002456255,0.003601593
642,768,47,0.005755809,0.002040681,0.003715128
642,768,48,0.005510212,0.001896866,0.003613346
642,768,49,0.005700359,0.001826381,0.003873978
642,768,50,0.005180362,0.001516248,0.003664114
642,768,51,0.005424148,0.001557586,0.003866562
642,768,52,0.005186426,0.001159077,0.004027349
642,768,53,0.004829875,0.000847539,0.003982336
642,768,54,0.004923389,0.001007503,0.003915886
642,768,55,0.004623632,0.000773142,0.00385049
642,768,56,0.004902492,0.001092222,0.00381027
642,768,57,0.004847145,0.001122083,0.003725062
642,768,58,0.004982037,0.001225143,0.003756894
642,768,59,0.004941947,0.00112343,0.003818517
642,768,60,0.004784239,0.000965167,0.003819072
642,768,61,0.005050692,0.001096826,0.003953866
642,768,62,0.004485546,0.000731147,0.003754399
642,768,63,0.005002323,0.001185824,0.003816499
642,768,64,0.004643206,0.000928733,0.003714473
642,768,65,0.00485818,0.001072706,0.003785474
642,768,66,0.005046717,0.001272273,0.003774444
642,768,67,0.004651627,0.000859341,0.003792286
642,768,68,0.005100729,0.001268559,0.00383217
642,768,69,0.004607557,0.000832054,0.003775503
642,768,70,0.004695314,0.000836753,0.003858561
642,768,71,0.004665274,0.000859347,0.003805927
642,768,72,0.004992307,0.001125626,0.003866681
642,768,73,0.004331664,0.000528795,0.003802869
642,768,74,0.004819904,0.001011285,0.003808619
642,768,75,0.00455132,0.000690368,0.003860952
642,768,76,0.004545074,0.000820578,0.003724496
642,768,77,0.004220116,0.00056592,0.003654196
642,768,78,0.00476778,0.001221989,0.003545791
642,768,79,0.004781533,0.001091203,0.00369033
642,768,80,0.005003163,0.001185878,0.003817285
642,768,81,0.004482223,0.000684453,0.00379777
642,768,82,0.004627685,0.000750375,0.00387731
642,768,83,0.005083277,0.000995589,0.004087688
642,768,84,0.004569373,0.000553832,0.004015541
642,768,85,0.004595719,0.000611835,0.003983884
642,768,86,0.004414766,0.00062349,0.003791276
642,768,87,0.004472215,0.000604635,0.00386758
642,768,88,0.004426506,0.000658579,0.003767927
642,768,89,0.004443247,0.000591665,0.003851582
642,768,90,0.004700991,0.000930753,0.003770238
642,768,91,0.004889228,0.001179064,0.003710164
642,768,92,0.005559012,0.001951894,0.003607118
642,768,93,0.004605486,0.000810159,0.003795327
642,768,94,0.004561962,0.000810385,0.003751577
642,768,95,0.004422536,0.000563381,0.003859155
642,768,96,0.004503955,0.000542653,0.003961302
642,768,97,0.004635841,0.000801802,0.003834039
642,768,98,0.005889925,0.002145654,0.003744271
642,768,99,0.005115057,0.001475538,0.003639519
642,768,100,0.005408333,0.00163313,0.003775203
642,768,101,0.004180676,0.000525694,0.003654982
642,768,102,0.007561078,0.004064031,0.003497047
642,768,103,0.00468357,0.000996482,0.003687088
642,768,104,0.004431834,0.000731864,0.00369997
642,768,105,0.004187858,0.00053358,0.003654278
642,768,106,0.005046985,0.001209277,0.003837708
642,768,107,0.004633563,0.000943887,0.003689676
642,768,108,0.006387608,0.002866353,0.003521255
642,768,109,0.006951344,0.003507189,0.003444155
642,768,110,0.011340538,0.007766393,0.003574145
643,768,1,0.756737215,0.633810027,0.122927188
643,768,2,0.011592971,0.008534043,0.003058928
643,768,3,0.003736718,0.000535787,0.003200931
643,768,4,0.059600482,0.056528107,0.003072375
643,768,5,0.003995114,0.000751432,0.003243682
643,768,6,0.003764713,0.00036388,0.003400833
643,768,7,0.004049089,0.000419045,0.003630044
643,768,8,0.004048441,0.000454344,0.003594097
643,768,9,0.004097436,0.000489608,0.003607828
643,768,10,0.004062196,0.000484894,0.003577302
643,768,11,0.00419313,0.000500871,0.003692259
643,768,12,0.004052932,0.000504682,0.00354825
643,768,13,0.004050373,0.000513155,0.003537218
643,768,14,0.004081508,0.00052263,0.003558878
643,768,15,0.003889907,0.000468696,0.003421211
643,768,16,0.003769698,0.00043616,0.003333538
643,768,17,0.003751793,0.000410271,0.003341522
643,768,18,0.003746857,0.000408382,0.003338475
643,768,19,0.013601664,0.01050583,0.003095834
643,768,20,0.005086222,0.001967415,0.003118807
643,768,21,0.005109961,0.001911546,0.003198415
643,768,22,0.004646785,0.001445689,0.003201096
643,768,23,0.004789133,0.001598697,0.003190436
643,768,24,0.004914156,0.001480767,0.003433389
643,768,25,0.005041738,0.00160048,0.003441258
643,768,26,0.00443361,0.001038213,0.003395397
643,768,27,0.004680198,0.001281436,0.003398762
643,768,28,0.004980061,0.001321282,0.003658779
643,768,29,0.004437412,0.000731565,0.003705847
643,768,30,0.004549604,0.000758251,0.003791353
643,768,31,0.004641642,0.000810462,0.00383118
643,768,32,0.004447162,0.000608099,0.003839063
643,768,33,0.004574573,0.000673916,0.003900657
643,768,34,0.004551798,0.000625326,0.003926472
643,768,35,0.004644096,0.000664455,0.003979641
643,768,36,0.004525353,0.000658169,0.003867184
643,768,37,0.004607607,0.000657477,0.00395013
643,768,38,0.004461881,0.000635788,0.003826093
643,768,39,0.004587366,0.000631006,0.00395636
643,768,40,0.005681218,0.00196301,0.003718208
643,768,41,0.005322608,0.001722662,0.003599946
643,768,42,0.0055286,0.001896244,0.003632356
643,768,43,0.005807498,0.002280034,0.003527464
643,768,44,0.005850387,0.002310408,0.003539979
643,768,45,0.006271688,0.002536923,0.003734765
643,768,46,0.005627822,0.00206398,0.003563842
643,768,47,0.005511053,0.001865583,0.00364547
643,768,48,0.005405422,0.00175282,0.003652602
643,768,49,0.005398838,0.001667716,0.003731122
643,768,50,0.005395627,0.001532642,0.003862985
643,768,51,0.004944184,0.001044444,0.00389974
643,768,52,0.004791308,0.000978394,0.003812914
643,768,53,0.005082466,0.001166415,0.003916051
643,768,54,0.004688725,0.000842246,0.003846479
643,768,55,0.004896056,0.001057942,0.003838114
643,768,56,0.004985556,0.001151013,0.003834543
643,768,57,0.004902393,0.001086451,0.003815942
643,768,58,0.004900056,0.00103047,0.003869586
643,768,59,0.004771535,0.000898673,0.003872862
643,768,60,0.004926199,0.0010841,0.003842099
643,768,61,0.004627428,0.000870475,0.003756953
643,768,62,0.005019433,0.001245108,0.003774325
643,768,63,0.004786407,0.00087006,0.003916347
643,768,64,0.004812565,0.000990017,0.003822548
643,768,65,0.004989318,0.001119862,0.003869456
643,768,66,0.004703534,0.000842856,0.003860678
643,768,67,0.005050701,0.00115512,0.003895581
643,768,68,0.004625952,0.00074668,0.003879272
643,768,69,0.004650819,0.0007968,0.003854019
643,768,70,0.004711026,0.000746522,0.003964504
643,768,71,0.004933336,0.001072669,0.003860667
643,768,72,0.004435817,0.00057332,0.003862497
643,768,73,0.004795852,0.000961868,0.003833984
643,768,74,0.004433174,0.000605339,0.003827835
643,768,75,0.004661681,0.000805176,0.003856505
643,768,76,0.004276426,0.000518442,0.003757984
643,768,77,0.004783139,0.001099537,0.003683602
643,768,78,0.004573151,0.000922618,0.003650533
643,768,79,0.004683063,0.000907973,0.00377509
643,768,80,0.004661062,0.000841624,0.003819438
643,768,81,0.004599158,0.00068348,0.003915678
643,768,82,0.004815956,0.000913637,0.003902319
643,768,83,0.004729871,0.000821581,0.00390829
643,768,84,0.004583559,0.000606508,0.003977051
643,768,85,0.004462772,0.00062706,0.003835712
643,768,86,0.004473715,0.000659962,0.003813753
643,768,87,0.004806562,0.000883602,0.00392296
643,768,88,0.004408102,0.000644042,0.00376406
643,768,89,0.004727032,0.000799064,0.003927968
643,768,90,0.00442749,0.000630968,0.003796522
643,768,91,0.006115225,0.002356634,0.003758591
643,768,92,0.004566924,0.000904774,0.00366215
643,768,93,0.004564535,0.000726399,0.003838136
643,768,94,0.004282891,0.000498463,0.003784428
643,768,95,0.004361013,0.00058334,0.003777673
643,768,96,0.004877103,0.000976082,0.003901021
643,768,97,0.00592192,0.002219893,0.003702027
643,768,98,0.005216823,0.001554698,0.003662125
643,768,99,0.005252776,0.001626377,0.003626399
643,768,100,0.004370558,0.000580828,0.00378973
643,768,101,0.007647979,0.00402894,0.003619039
643,768,102,0.004329995,0.000793441,0.003536554
643,768,103,0.004369974,0.000640271,0.003729703
643,768,104,0.004462654,0.000691361,0.003771293
643,768,105,0.004821032,0.001150665,0.003670367
643,768,106,0.004763197,0.000930792,0.003832405
643,768,107,0.006663048,0.003026231,0.003636817
643,768,108,0.007021014,0.003553063,0.003467951
643,768,109,0.010718288,0.007158635,0.003559653
643,768,110,0.005275083,0.00168963,0.003585453
644,768,1,0.759781591,0.63587918,0.123902411
644,768,2,0.00444419,0.001389544,0.003054646
644,768,3,0.02716218,0.024134854,0.003027326
644,768,4,0.003834864,0.000686074,0.00314879
644,768,5,0.039680225,0.036576743,0.003103482
644,768,6,0.004201431,0.000875906,0.003325525
644,768,7,0.003920582,0.000443373,0.003477209
644,768,8,0.003975642,0.000499228,0.003476414
644,768,9,0.004151049,0.000640478,0.003510571
644,768,10,0.004072419,0.000583746,0.003488673
644,768,11,0.004191109,0.000570338,0.003620771
644,768,12,0.004081808,0.000529487,0.003552321
644,768,13,0.004062281,0.00049083,0.003571451
644,768,14,0.004074364,0.000533452,0.003540912
644,768,15,0.003952828,0.000481161,0.003471667
644,768,16,0.003763455,0.000451548,0.003311907
644,768,17,0.003742896,0.000426984,0.003315912
644,768,18,0.013886627,0.010810341,0.003076286
644,768,19,0.005008767,0.001963913,0.003044854
644,768,20,0.005035601,0.001915532,0.003120069
644,768,21,0.004748345,0.001520191,0.003228154
644,768,22,0.004720959,0.001564636,0.003156323
644,768,23,0.004583351,0.001355716,0.003227635
644,768,24,0.00479008,0.001548977,0.003241103
644,768,25,0.004574272,0.001221167,0.003353105
644,768,26,0.00476095,0.001397882,0.003363068
644,768,27,0.004715084,0.001430597,0.003284487
644,768,28,0.004782327,0.001277275,0.003505052
644,768,29,0.004703566,0.001027497,0.003676069
644,768,30,0.004585784,0.000865464,0.00372032
644,768,31,0.004406176,0.000636736,0.00376944
644,768,32,0.004477656,0.000623197,0.003854459
644,768,33,0.004539549,0.000677128,0.003862421
644,768,34,0.004590098,0.000660569,0.003929529
644,768,35,0.00456412,0.000658372,0.003905748
644,768,36,0.00455815,0.000648954,0.003909196
644,768,37,0.004531709,0.000689246,0.003842463
644,768,38,0.004463735,0.000649407,0.003814328
644,768,39,0.006156008,0.00253119,0.003624818
644,768,40,0.005444011,0.001715412,0.003728599
644,768,41,0.005459411,0.001807201,0.00365221
644,768,42,0.005740258,0.002207345,0.003532913
644,768,43,0.005891463,0.002225898,0.003665565
644,768,44,0.005969584,0.002350269,0.003619315
644,768,45,0.005784395,0.002253811,0.003530584
644,768,46,0.005566985,0.002015939,0.003551046
644,768,47,0.005322216,0.001521852,0.003800364
644,768,48,0.005517826,0.001605351,0.003912475
644,768,49,0.005259285,0.001498639,0.003760646
644,768,50,0.004867147,0.001093741,0.003773406
644,768,51,0.004718717,0.001024938,0.003693779
644,768,52,0.004990392,0.001278,0.003712392
644,768,53,0.004787907,0.000991009,0.003796898
644,768,54,0.004975669,0.001293473,0.003682196
644,768,55,0.005026299,0.001282864,0.003743435
644,768,56,0.004924041,0.001163862,0.003760179
644,768,57,0.004830544,0.001015435,0.003815109
644,768,58,0.004785468,0.000928763,0.003856705
644,768,59,0.004975377,0.001050599,0.003924778
644,768,60,0.004660601,0.000808827,0.003851774
644,768,61,0.005100029,0.001233143,0.003866886
644,768,62,0.004644703,0.000761928,0.003882775
644,768,63,0.004883081,0.00100925,0.003873831
644,768,64,0.004943446,0.001024977,0.003918469
644,768,65,0.004755483,0.000984979,0.003770504
644,768,66,0.004943393,0.001279049,0.003664344
644,768,67,0.004705548,0.00103184,0.003673708
644,768,68,0.004653741,0.000939606,0.003714135
644,768,69,0.004603047,0.000923046,0.003680001
644,768,70,0.005045621,0.001265927,0.003779694
644,768,71,0.004238623,0.000601179,0.003637444
644,768,72,0.00500447,0.001287687,0.003716783
644,768,73,0.004325745,0.000695764,0.003629981
644,768,74,0.004620233,0.000902158,0.003718075
644,768,75,0.004484061,0.00069265,0.003791411
644,768,76,0.004782041,0.001111232,0.003670809
644,768,77,0.004323738,0.000767257,0.003556481
644,768,78,0.004312596,0.000722293,0.003590303
644,768,79,0.004674867,0.000922274,0.003752593
644,768,80,0.004841957,0.001019883,0.003822074
644,768,81,0.004804272,0.000930384,0.003873888
644,768,82,0.004653609,0.00070632,0.003947289
644,768,83,0.004724571,0.00074666,0.003977911
644,768,84,0.004672296,0.000686937,0.003985359
644,768,85,0.004510569,0.000615858,0.003894711
644,768,86,0.004674172,0.0009119,0.003762272
644,768,87,0.004545922,0.00069361,0.003852312
644,768,88,0.004584611,0.000821331,0.00376328
644,768,89,0.004479262,0.000626582,0.00385268
644,768,90,0.006301299,0.002618712,0.003682587
644,768,91,0.004607033,0.000992086,0.003614947
644,768,92,0.004469892,0.000814348,0.003655544
644,768,93,0.004271077,0.000467481,0.003803596
644,768,94,0.004355839,0.0006185,0.003737339
644,768,95,0.004806438,0.001047391,0.003759047
644,768,96,0.00600839,0.002232335,0.003776055
644,768,97,0.005289416,0.001548408,0.003741008
644,768,98,0.005271383,0.001600853,0.00367053
644,768,99,0.004093068,0.000543921,0.003549147
644,768,100,0.007302136,0.00367038,0.003631756
644,768,101,0.004794851,0.001209506,0.003585345
644,768,102,0.004023413,0.000537043,0.00348637
644,768,103,0.004502394,0.000822921,0.003679473
644,768,104,0.005250707,0.001536741,0.003713966
644,768,105,0.004605782,0.001049283,0.003556499
644,768,106,0.006941835,0.003312821,0.003629014
644,768,107,0.007218213,0.003708,0.003510213
644,768,108,0.010305294,0.006844286,0.003461008
644,768,109,0.004682868,0.001168011,0.003514857
644,768,110,0.004828188,0.001257353,0.003570835
645,768,1,0.760961644,0.636884776,0.124076868
645,768,2,0.003600432,0.000487443,0.003112989
645,768,3,0.02723962,0.024204344,0.003035276
645,768,4,0.003694561,0.000573409,0.003121152
645,768,5,0.003696823,0.000557857,0.003138966
645,768,6,0.039074968,0.035847846,0.003227122
645,768,7,0.004411242,0.000898347,0.003512895
645,768,8,0.004016385,0.000479779,0.003536606
645,768,9,0.004014748,0.000450399,0.003564349
645,768,10,0.004133684,0.00058335,0.003550334
645,768,11,0.004079313,0.000515377,0.003563936
645,768,12,0.004125421,0.000583551,0.00354187
645,768,13,0.00411273,0.000603135,0.003509595
645,768,14,0.004060163,0.000517863,0.0035423
645,768,15,0.003978682,0.000518313,0.003460369
645,768,16,0.003830407,0.00048089,0.003349517
645,768,17,0.014287273,0.011231823,0.00305545
645,768,18,0.004980902,0.0019109,0.003070002
645,768,19,0.004639038,0.001565504,0.003073534
645,768,20,0.004750314,0.001559009,0.003191305
645,768,21,0.004980806,0.001683867,0.003296939
645,768,22,0.004745376,0.001488878,0.003256498
645,768,23,0.004654253,0.001354977,0.003299276
645,768,24,0.004405213,0.001133437,0.003271776
645,768,25,0.004670954,0.001442079,0.003228875
645,768,26,0.004817632,0.001445561,0.003372071
645,768,27,0.004555512,0.001250037,0.003305475
645,768,28,0.004846571,0.001376637,0.003469934
645,768,29,0.00463904,0.000996359,0.003642681
645,768,30,0.004405778,0.000649018,0.00375676
645,768,31,0.004413959,0.000673163,0.003740796
645,768,32,0.004354895,0.000620048,0.003734847
645,768,33,0.004510718,0.000701659,0.003809059
645,768,34,0.004486954,0.00067373,0.003813224
645,768,35,0.004548583,0.000706457,0.003842126
645,768,36,0.004495941,0.000732848,0.003763093
645,768,37,0.004587988,0.000764814,0.003823174
645,768,38,0.006650067,0.002912954,0.003737113
645,768,39,0.005383643,0.00160931,0.003774333
645,768,40,0.005510434,0.001879382,0.003631052
645,768,41,0.005732243,0.002102582,0.003629661
645,768,42,0.005788304,0.002197538,0.003590766
645,768,43,0.006170424,0.002632703,0.003537721
645,768,44,0.005775763,0.002239243,0.00353652
645,768,45,0.005600887,0.001828978,0.003771909
645,768,46,0.00507209,0.00126235,0.00380974
645,768,47,0.00546092,0.00181194,0.00364898
645,768,48,0.005310542,0.001542004,0.003768538
645,768,49,0.004847585,0.001101691,0.003745894
645,768,50,0.004748652,0.000979282,0.00376937
645,768,51,0.005029408,0.001283837,0.003745571
645,768,52,0.004724852,0.001013236,0.003711616
645,768,53,0.005080089,0.001280256,0.003799833
645,768,54,0.004923175,0.001113797,0.003809378
645,768,55,0.004990089,0.000998174,0.003991915
645,768,56,0.004675099,0.000733225,0.003941874
645,768,57,0.004871135,0.000877032,0.003994103
645,768,58,0.004873197,0.000826414,0.004046783
645,768,59,0.004772841,0.000905915,0.003866926
645,768,60,0.005060217,0.001209984,0.003850233
645,768,61,0.004627547,0.000837904,0.003789643
645,768,62,0.004943351,0.001218444,0.003724907
645,768,63,0.004877484,0.00123558,0.003641904
645,768,64,0.004894973,0.001244406,0.003650567
645,768,65,0.005027941,0.001385722,0.003642219
645,768,66,0.004717596,0.001050121,0.003667475
645,768,67,0.004613183,0.000980047,0.003633136
645,768,68,0.004645757,0.000969116,0.003676641
645,768,69,0.004879733,0.00115175,0.003727983
645,768,70,0.004409772,0.000702964,0.003706808
645,768,71,0.004900739,0.001258835,0.003641904
645,768,72,0.004460455,0.00076004,0.003700415
645,768,73,0.004484172,0.000880491,0.003603681
645,768,74,0.004481936,0.000775723,0.003706213
645,768,75,0.004898172,0.001185054,0.003713118
645,768,76,0.004423764,0.000799026,0.003624738
645,768,77,0.004267372,0.000750281,0.003517091
645,768,78,0.004446317,0.000872721,0.003573596
645,768,79,0.004634103,0.000957341,0.003676762
645,768,80,0.004899536,0.001132829,0.003766707
645,768,81,0.00464551,0.000749476,0.003896034
645,768,82,0.004707013,0.000781663,0.00392535
645,768,83,0.004696094,0.000688728,0.004007366
645,768,84,0.004621204,0.000684988,0.003936216
645,768,85,0.004776372,0.000827683,0.003948689
645,768,86,0.004415823,0.000644786,0.003771037
645,768,87,0.00467681,0.000790837,0.003885973
645,768,88,0.004345683,0.00057235,0.003773333
645,768,89,0.004528237,0.000690088,0.003838149
645,768,90,0.004472898,0.000794854,0.003678044
645,768,91,0.005274146,0.001570311,0.003703835
645,768,92,0.004693128,0.000962542,0.003730586
645,768,93,0.005275303,0.001503608,0.003771695
645,768,94,0.004726777,0.000983192,0.003743585
645,768,95,0.005929874,0.002080784,0.00384909
645,768,96,0.005425459,0.00155404,0.003871419
645,768,97,0.005377309,0.001561356,0.003815953
645,768,98,0.004106003,0.000409547,0.003696456
645,768,99,0.005680345,0.001951731,0.003728614
645,768,100,0.004812445,0.00117703,0.003635415
645,768,101,0.00480783,0.001227329,0.003580501
645,768,102,0.004455638,0.00095131,0.003504328
645,768,103,0.005974127,0.002303282,0.003670845
645,768,104,0.00479719,0.001163489,0.003633701
645,768,105,0.006724524,0.002913876,0.003810648
645,768,106,0.007449413,0.003882334,0.003567079
645,768,107,0.009924831,0.006475194,0.003449637
645,768,108,0.004788143,0.001276042,0.003512101
645,768,109,0.004450611,0.000965913,0.003484698
645,768,110,0.004839484,0.001253262,0.003586222
646,768,1,0.757659323,0.634617142,0.123042181
646,768,2,0.006474223,0.003439782,0.003034441
646,768,3,0.028029726,0.024981444,0.003048282
646,768,4,0.003804215,0.000628009,0.003176206
646,768,5,0.004010305,0.000839614,0.003170691
646,768,6,0.003751549,0.000650564,0.003100985
646,768,7,0.038069917,0.03468175,0.003388167
646,768,8,0.004609993,0.001015721,0.003594272
646,768,9,0.004009886,0.000441355,0.003568531
646,768,10,0.004060633,0.000495841,0.003564792
646,768,11,0.004140889,0.000536308,0.003604581
646,768,12,0.004094084,0.000526669,0.003567415
646,768,13,0.004069359,0.000528408,0.003540951
646,768,14,0.004088495,0.000533742,0.003554753
646,768,15,0.003986123,0.00051829,0.003467833
646,768,16,0.015084464,0.01190953,0.003174934
646,768,17,0.004679779,0.001607819,0.00307196
646,768,18,0.004750962,0.001575589,0.003175373
646,768,19,0.004381082,0.001231444,0.003149638
646,768,20,0.004910259,0.001631947,0.003278312
646,768,21,0.004759252,0.001413241,0.003346011
646,768,22,0.004824624,0.001522803,0.003301821
646,768,23,0.004278686,0.001035361,0.003243325
646,768,24,0.004467149,0.001125899,0.00334125
646,768,25,0.00477286,0.001484848,0.003288012
646,768,26,0.004670735,0.001280929,0.003389806
646,768,27,0.004552203,0.001172004,0.003380199
646,768,28,0.004644192,0.00105774,0.003586452
646,768,29,0.004465813,0.000810169,0.003655644
646,768,30,0.004485091,0.000733959,0.003751132
646,768,31,0.004360133,0.000650049,0.003710084
646,768,32,0.004606537,0.000702478,0.003904059
646,768,33,0.004476608,0.000734224,0.003742384
646,768,34,0.004720739,0.00075711,0.003963629
646,768,35,0.004567487,0.000730801,0.003836686
646,768,36,0.004496769,0.000686038,0.003810731
646,768,37,0.006732515,0.002942236,0.003790279
646,768,38,0.005365039,0.001632243,0.003732796
646,768,39,0.005616104,0.001986376,0.003629728
646,768,40,0.005791869,0.002117219,0.00367465
646,768,41,0.005877322,0.002217056,0.003660266
646,768,42,0.006119118,0.002585407,0.003533711
646,768,43,0.005802757,0.002110402,0.003692355
646,768,44,0.005369544,0.001450807,0.003918737
646,768,45,0.005122901,0.001493798,0.003629103
646,768,46,0.005535213,0.001923884,0.003611329
646,768,47,0.005143401,0.001425135,0.003718266
646,768,48,0.004859636,0.001042437,0.003817199
646,768,49,0.004708067,0.000960777,0.00374729
646,768,50,0.004992415,0.001193457,0.003798958
646,768,51,0.004881412,0.00096566,0.003915752
646,768,52,0.004920883,0.000980025,0.003940858
646,768,53,0.00497394,0.001024765,0.003949175
646,768,54,0.004797734,0.000732687,0.004065047
646,768,55,0.00475952,0.000755907,0.004003613
646,768,56,0.004865688,0.000917285,0.003948403
646,768,57,0.004772474,0.000925527,0.003846947
646,768,58,0.004971917,0.001118871,0.003853046
646,768,59,0.005086091,0.001211954,0.003874137
646,768,60,0.004661828,0.000917594,0.003744234
646,768,61,0.005013169,0.001239234,0.003773935
646,768,62,0.004929428,0.001108666,0.003820762
646,768,63,0.0048435,0.001058552,0.003784948
646,768,64,0.00503663,0.001218169,0.003818461
646,768,65,0.004714339,0.000924479,0.00378986
646,768,66,0.004711859,0.000926656,0.003785203
646,768,67,0.004571091,0.000828318,0.003742773
646,768,68,0.004815272,0.001010419,0.003804853
646,768,69,0.004348589,0.000643798,0.003704791
646,768,70,0.004976998,0.001001986,0.003975012
646,768,71,0.004474575,0.000708095,0.00376648
646,768,72,0.004606699,0.000871625,0.003735074
646,768,73,0.004329635,0.000673276,0.003656359
646,768,74,0.004894168,0.001148274,0.003745894
646,768,75,0.004413033,0.000765219,0.003647814
646,768,76,0.004491186,0.000811306,0.00367988
646,768,77,0.004166947,0.000653341,0.003513606
646,768,78,0.004504555,0.00096328,0.003541275
646,768,79,0.004669724,0.001057864,0.00361186
646,768,80,0.004752429,0.00100785,0.003744579
646,768,81,0.00455632,0.000766407,0.003789913
646,768,82,0.004764811,0.00083235,0.003932461
646,768,83,0.004758166,0.000724268,0.004033898
646,768,84,0.004832217,0.000818744,0.004013473
646,768,85,0.004529245,0.0005296,0.003999645
646,768,86,0.004618069,0.000743901,0.003874168
646,768,87,0.004430131,0.000617202,0.003812929
646,768,88,0.004437896,0.000562186,0.00387571
646,768,89,0.004591143,0.000766368,0.003824775
646,768,90,0.004681181,0.000946499,0.003734682
646,768,91,0.004250175,0.000557145,0.00369303
646,768,92,0.006256096,0.002538546,0.00371755
646,768,93,0.004815503,0.001044384,0.003771119
646,768,94,0.005545571,0.00170285,0.003842721
646,768,95,0.005201737,0.001235262,0.003966475
646,768,96,0.004318474,0.00045458,0.003863894
646,768,97,0.004301113,0.000545803,0.00375531
646,768,98,0.006778249,0.003030828,0.003747421
646,768,99,0.005318327,0.00150731,0.003811017
646,768,100,0.004787203,0.001140863,0.00364634
646,768,101,0.004166149,0.000586984,0.003579165
646,768,102,0.006205117,0.002622227,0.00358289
646,768,103,0.004825993,0.001113948,0.003712045
646,768,104,0.006009452,0.002390559,0.003618893
646,768,105,0.008279922,0.004588805,0.003691117
646,768,106,0.0047829,0.001171798,0.003611102
646,768,107,0.003966394,0.000504687,0.003461707
646,768,108,0.008810583,0.005352498,0.003458085
646,768,109,0.004684941,0.001143304,0.003541637
646,768,110,0.005026309,0.001432005,0.003594304
647,768,1,0.760576996,0.63712604,0.123450956
647,768,2,0.028397608,0.025347496,0.003050112
647,768,3,0.003736563,0.00061866,0.003117903
647,768,4,0.003958768,0.000847283,0.003111485
647,768,5,0.003798017,0.000671676,0.003126341
647,768,6,0.018774927,0.015754523,0.003020404
647,768,7,0.004020482,0.001003779,0.003016703
647,768,8,0.022171349,0.018735271,0.003436078
647,768,9,0.004580705,0.001107271,0.003473434
647,768,10,0.004055167,0.000517166,0.003538001
647,768,11,0.004117488,0.000551911,0.003565577
647,768,12,0.004102759,0.000538902,0.003563857
647,768,13,0.004070403,0.00053906,0.003531343
647,768,14,0.004160165,0.000620492,0.003539673
647,768,15,0.015797801,0.01265353,0.003144271
647,768,16,0.004779524,0.001664379,0.003115145
647,768,17,0.004432208,0.001350589,0.003081619
647,768,18,0.004507703,0.001312731,0.003194972
647,768,19,0.004518861,0.001429216,0.003089645
647,768,20,0.004808979,0.001538213,0.003270766
647,768,21,0.004885522,0.001556664,0.003328858
647,768,22,0.004346246,0.001095087,0.003251159
647,768,23,0.004458492,0.001106495,0.003351997
647,768,24,0.004758888,0.001448221,0.003310667
647,768,25,0.004520518,0.001259588,0.00326093
647,768,26,0.004669083,0.001291239,0.003377844
647,768,27,0.004416325,0.001109468,0.003306857
647,768,28,0.004787448,0.001183053,0.003604395
647,768,29,0.004486453,0.000667237,0.003819216
647,768,30,0.004331011,0.000555043,0.003775968
647,768,31,0.004458354,0.000632983,0.003825371
647,768,32,0.004541278,0.000690163,0.003851115
647,768,33,0.004570124,0.000730273,0.003839851
647,768,34,0.004661805,0.000684306,0.003977499
647,768,35,0.004558352,0.000718084,0.003840268
647,768,36,0.006769771,0.002900254,0.003869517
647,768,37,0.005285699,0.001640386,0.003645313
647,768,38,0.005868905,0.002166361,0.003702544
647,768,39,0.005740066,0.001858583,0.003881483
647,768,40,0.005833274,0.002189069,0.003644205
647,768,41,0.006180077,0.002583286,0.003596791
647,768,42,0.005727288,0.001987974,0.003739314
647,768,43,0.005224204,0.001518895,0.003705309
647,768,44,0.005334557,0.001650383,0.003684174
647,768,45,0.005507179,0.00185348,0.003653699
647,768,46,0.005041445,0.001307766,0.003733679
647,768,47,0.004807518,0.001050423,0.003757095
647,768,48,0.004649659,0.000973547,0.003676112
647,768,49,0.004853025,0.001113273,0.003739752
647,768,50,0.004879078,0.001100739,0.003778339
647,768,51,0.004975408,0.000989169,0.003986239
647,768,52,0.004982174,0.000937974,0.0040442
647,768,53,0.004673251,0.000613636,0.004059615
647,768,54,0.00488407,0.000913625,0.003970445
647,768,55,0.004946078,0.000949551,0.003996527
647,768,56,0.004841682,0.001032861,0.003808821
647,768,57,0.004899995,0.001105871,0.003794124
647,768,58,0.005091907,0.001311275,0.003780632
647,768,59,0.00472202,0.000976204,0.003745816
647,768,60,0.005000701,0.001230277,0.003770424
647,768,61,0.004871079,0.001166718,0.003704361
647,768,62,0.004902197,0.00121341,0.003688787
647,768,63,0.004986141,0.001219049,0.003767092
647,768,64,0.004805877,0.001026567,0.00377931
647,768,65,0.00471318,0.000888445,0.003824735
647,768,66,0.004549963,0.000844692,0.003705271
647,768,67,0.004740999,0.000878384,0.003862615
647,768,68,0.004478019,0.000754781,0.003723238
647,768,69,0.004672824,0.000839131,0.003833693
647,768,70,0.004604235,0.000807052,0.003797183
647,768,71,0.004689774,0.000846772,0.003843002
647,768,72,0.004439647,0.000692299,0.003747348
647,768,73,0.004784521,0.000973478,0.003811043
647,768,74,0.00442314,0.000751052,0.003672088
647,768,75,0.004487159,0.000837371,0.003649788
647,768,76,0.004421648,0.000867835,0.003553813
647,768,77,0.004456225,0.000922901,0.003533324
647,768,78,0.004546335,0.000946761,0.003599574
647,768,79,0.004608356,0.000908309,0.003700047
647,768,80,0.004525432,0.000810218,0.003715214
647,768,81,0.004599793,0.000798736,0.003801057
647,768,82,0.004683173,0.000805562,0.003877611
647,768,83,0.004919981,0.000897902,0.004022079
647,768,84,0.004484032,0.000589377,0.003894655
647,768,85,0.00474018,0.000758675,0.003981505
647,768,86,0.004315555,0.000496563,0.003818992
647,768,87,0.004453858,0.000669175,0.003784683
647,768,88,0.00455295,0.00073072,0.00382223
647,768,89,0.004872185,0.001076244,0.003795941
647,768,90,0.004312256,0.000621163,0.003691093
647,768,91,0.006278236,0.002677949,0.003600287
647,768,92,0.004789688,0.001060842,0.003728846
647,768,93,0.004950515,0.001240701,0.003709814
647,768,94,0.005519896,0.001730943,0.003788953
647,768,95,0.004533605,0.000608691,0.003924914
647,768,96,0.004193321,0.000354821,0.0038385
647,768,97,0.006807098,0.003096433,0.003710665
647,768,98,0.005344704,0.001754953,0.003589751
647,768,99,0.005037002,0.001245918,0.003791084
647,768,100,0.004155587,0.000554067,0.00360152
647,768,101,0.006285791,0.002740514,0.003545277
647,768,102,0.004728423,0.00108771,0.003640713
647,768,103,0.006106501,0.002409695,0.003696806
647,768,104,0.007942905,0.004149918,0.003792987
647,768,105,0.004480192,0.000832907,0.003647285
647,768,106,0.004045029,0.000428055,0.003616974
647,768,107,0.004055466,0.000589224,0.003466242
647,768,108,0.004753616,0.001314883,0.003438733
647,768,109,0.008019447,0.004495148,0.003524299
647,768,110,0.005357495,0.001816968,0.003540527
648,768,1,0.785765829,0.657996281,0.127769548
648,768,2,0.003625796,0.000503524,0.003122272
648,768,3,0.004069159,0.000937413,0.003131746
648,768,4,0.003673319,0.000526124,0.003147195
648,768,5,0.018951546,0.015906359,0.003045187
648,768,6,0.004065999,0.000910081,0.003155918
648,768,7,0.003530222,0.000415557,0.003114665
648,768,8,0.0035543,0.000418538,0.003135762
648,768,9,0.021466126,0.018360216,0.00310591
648,768,10,0.00458182,0.00150575,0.00307607
648,768,11,0.004121811,0.000962614,0.003159197
648,768,12,0.004117811,0.000964844,0.003152967
648,768,13,0.004140888,0.000963593,0.003177295
648,768,14,0.017174546,0.01387288,0.003301666
648,768,15,0.00488795,0.001592611,0.003295339
648,768,16,0.004499617,0.001074732,0.003424885
648,768,17,0.004148514,0.000879975,0.003268539
648,768,18,0.004610284,0.001373286,0.003236998
648,768,19,0.004410509,0.001248172,0.003162337
648,768,20,0.004725852,0.001510953,0.003214899
648,768,21,0.004439337,0.001209225,0.003230112
648,768,22,0.004476308,0.00122792,0.003248388
648,768,23,0.004529626,0.001273357,0.003256269
648,768,24,0.00460075,0.00121854,0.00338221
648,768,25,0.004463908,0.00110548,0.003358428
648,768,26,0.004623266,0.001203322,0.003419944
648,768,27,0.004582558,0.001200797,0.003381761
648,768,28,0.004502666,0.001085146,0.00341752
648,768,29,0.004485749,0.001089556,0.003396193
648,768,30,0.004324827,0.000873096,0.003451731
648,768,31,0.004407275,0.001005234,0.003402041
648,768,32,0.004155629,0.000745763,0.003409866
648,768,33,0.00406813,0.000700535,0.003367595
648,768,34,0.004460909,0.001031413,0.003429496
648,768,35,0.008265312,0.004875208,0.003390104
648,768,36,0.005510154,0.002102172,0.003407982
648,768,37,0.005867459,0.002360363,0.003507096
648,768,38,0.00554829,0.001994068,0.003554222
648,768,39,0.005835221,0.002352421,0.0034828
648,768,40,0.006420488,0.002754687,0.003665801
648,768,41,0.005661543,0.001879356,0.003782187
648,768,42,0.005239478,0.001617979,0.003621499
648,768,43,0.005332947,0.001610269,0.003722678
648,768,44,0.005520683,0.001642616,0.003878067
648,768,45,0.004955633,0.001045279,0.003910354
648,768,46,0.004757191,0.000817971,0.00393922
648,768,47,0.004678349,0.000830661,0.003847688
648,768,48,0.004839821,0.000839058,0.004000763
648,768,49,0.004873708,0.000931105,0.003942603
648,768,50,0.00467527,0.000710131,0.003965139
648,768,51,0.00507271,0.001037837,0.004034873
648,768,52,0.004563624,0.000716945,0.003846679
648,768,53,0.004979479,0.001083077,0.003896402
648,768,54,0.004925921,0.001098377,0.003827544
648,768,55,0.005019626,0.001188837,0.003830789
648,768,56,0.004892215,0.001023577,0.003868638
648,768,57,0.005062585,0.001234328,0.003828257
648,768,58,0.00477312,0.000914277,0.003858843
648,768,59,0.004913843,0.001046289,0.003867554
648,768,60,0.004921043,0.000956235,0.003964808
648,768,61,0.004860159,0.000932918,0.003927241
648,768,62,0.004894026,0.000889291,0.004004735
648,768,63,0.004823162,0.000860827,0.003962335
648,768,64,0.004682263,0.000770002,0.003912261
648,768,65,0.00464832,0.000710251,0.003938069
648,768,66,0.00464883,0.000706909,0.003941921
648,768,67,0.00457051,0.000694016,0.003876494
648,768,68,0.00453853,0.000683673,0.003854857
648,768,69,0.004634985,0.000737964,0.003897021
648,768,70,0.004571133,0.000742274,0.003828859
648,768,71,0.004598693,0.000731452,0.003867241
648,768,72,0.004738187,0.00093184,0.003806347
648,768,73,0.004478138,0.000673877,0.003804261
648,768,74,0.004554531,0.000742581,0.00381195
648,768,75,0.004542085,0.000735068,0.003807017
648,768,76,0.004471411,0.000691227,0.003780184
648,768,77,0.004439924,0.000766946,0.003672978
648,768,78,0.004438834,0.000791497,0.003647337
648,768,79,0.004320638,0.000788194,0.003532444
648,768,80,0.004454274,0.000837757,0.003616517
648,768,81,0.004620543,0.001065644,0.003554899
648,768,82,0.004773786,0.001248884,0.003524902
648,768,83,0.00440121,0.000910001,0.003491209
648,768,84,0.004864336,0.001390507,0.003473829
648,768,85,0.004363703,0.000971148,0.003392555
648,768,86,0.004602519,0.001072853,0.003529666
648,768,87,0.004686405,0.001188065,0.00349834
648,768,88,0.004358019,0.000772366,0.003585653
648,768,89,0.004560768,0.000867681,0.003693087
648,768,90,0.006901964,0.003343623,0.003558341
648,768,91,0.004709719,0.0012771,0.003432619
648,768,92,0.004197357,0.000935696,0.003261661
648,768,93,0.005856816,0.002355239,0.003501577
648,768,94,0.004280268,0.000891711,0.003388557
648,768,95,0.004568757,0.001043752,0.003525005
648,768,96,0.007011136,0.003491462,0.003519674
648,768,97,0.005496702,0.001854332,0.00364237
648,768,98,0.004877595,0.001168506,0.003709089
648,768,99,0.004058097,0.000606928,0.003451169
648,768,100,0.006582618,0.00320118,0.003381438
648,768,101,0.004639221,0.00130561,0.003333611
648,768,102,0.005377672,0.002131123,0.003246549
648,768,103,0.007867083,0.004610702,0.003256381
648,768,104,0.00447741,0.001195488,0.003281922
648,768,105,0.004493027,0.001055149,0.003437878
648,768,106,0.004010146,0.000550707,0.003459439
648,768,107,0.005229599,0.001807126,0.003422473
648,768,108,0.004756474,0.001289076,0.003467398
648,768,109,0.00452239,0.000958587,0.003563803
648,768,110,0.006260249,0.003080193,0.003180056
649,768,1,0.76740834,0.643062075,0.124346265
649,768,2,0.021607404,0.018545898,0.003061506
649,768,3,0.003715796,0.000605225,0.003110571
649,768,4,0.020175846,0.017145955,0.003029891
649,768,5,0.003871409,0.000755056,0.003116353
649,768,6,0.003685657,0.000525018,0.003160639
649,768,7,0.003577189,0.000402529,0.00317466
649,768,8,0.00346715,0.000362423,0.003104727
649,768,9,0.003553633,0.000386741,0.003166892
649,768,10,0.020900207,0.017853861,0.003046346
649,768,11,0.004559923,0.001500631,0.003059292
649,768,12,0.004187907,0.001039643,0.003148264
649,768,13,0.0186728,0.01538528,0.00328752
649,768,14,0.004719125,0.001442499,0.003276626
649,768,15,0.004480256,0.001070205,0.003410051
649,768,16,0.004382059,0.001026822,0.003355237
649,768,17,0.004469773,0.001277301,0.003192472
649,768,18,0.004444247,0.001247719,0.003196528
649,768,19,0.004344876,0.001141774,0.003203102
649,768,20,0.004458975,0.00125042,0.003208555
649,768,21,0.004611492,0.001294386,0.003317106
649,768,22,0.004355279,0.001154262,0.003201017
649,768,23,0.00451341,0.001213903,0.003299507
649,768,24,0.004480601,0.001163969,0.003316632
649,768,25,0.004769717,0.001322393,0.003447324
649,768,26,0.004526901,0.001078881,0.00344802
649,768,27,0.004576451,0.001083932,0.003492519
649,768,28,0.004806009,0.001195289,0.00361072
649,768,29,0.004096721,0.000644016,0.003452705
649,768,30,0.004427475,0.000990848,0.003436627
649,768,31,0.004258074,0.000772728,0.003485346
649,768,32,0.00413389,0.000668698,0.003465192
649,768,33,0.00412727,0.000729751,0.003397519
649,768,34,0.008699881,0.005364824,0.003335057
649,768,35,0.005489729,0.002059974,0.003429755
649,768,36,0.005834356,0.002278575,0.003555781
649,768,37,0.005506983,0.002047904,0.003459079
649,768,38,0.005615213,0.002047468,0.003567745
649,768,39,0.006017933,0.002375603,0.00364233
649,768,40,0.005675457,0.001933462,0.003741995
649,768,41,0.005523006,0.001709147,0.003813859
649,768,42,0.005124007,0.001456205,0.003667802
649,768,43,0.005132345,0.001382867,0.003749478
649,768,44,0.005176182,0.001242044,0.003934138
649,768,45,0.004749135,0.000762693,0.003986442
649,768,46,0.004830141,0.000788735,0.004041406
649,768,47,0.004609318,0.000593377,0.004015941
649,768,48,0.004884065,0.000878644,0.004005421
649,768,49,0.004982542,0.001053604,0.003928938
649,768,50,0.004894508,0.001004956,0.003889552
649,768,51,0.00485916,0.001016435,0.003842725
649,768,52,0.00477284,0.000834829,0.003938011
649,768,53,0.005185933,0.001298709,0.003887224
649,768,54,0.00504945,0.001162176,0.003887274
649,768,55,0.004822002,0.00088664,0.003935362
649,768,56,0.00508209,0.001131195,0.003950895
649,768,57,0.004816468,0.000809327,0.004007141
649,768,58,0.004883696,0.000772162,0.004111534
649,768,59,0.004804348,0.000773695,0.004030653
649,768,60,0.004747238,0.000761259,0.003985979
649,768,61,0.004746178,0.000754237,0.003991941
649,768,62,0.004794987,0.000729706,0.004065281
649,768,63,0.004696875,0.000648167,0.004048708
649,768,64,0.004637387,0.000616881,0.004020506
649,768,65,0.004660454,0.000622302,0.004038152
649,768,66,0.004576687,0.000583097,0.00399359
649,768,67,0.004500802,0.000603635,0.003897167
649,768,68,0.004583996,0.000624597,0.003959399
649,768,69,0.004553597,0.000628456,0.003925141
649,768,70,0.004596312,0.000641105,0.003955207
649,768,71,0.004588274,0.000650008,0.003938266
649,768,72,0.004511042,0.000650325,0.003860717
649,768,73,0.004651807,0.000781964,0.003869843
649,768,74,0.004694102,0.000781121,0.003912981
649,768,75,0.004481989,0.000618645,0.003863344
649,768,76,0.004890195,0.001049093,0.003841102
649,768,77,0.004442002,0.000631341,0.003810661
649,768,78,0.004363072,0.000649691,0.003713381
649,768,79,0.004366393,0.000749814,0.003616579
649,768,80,0.004756527,0.001127291,0.003629236
649,768,81,0.00455947,0.000948861,0.003610609
649,768,82,0.004752781,0.001187925,0.003564856
649,768,83,0.004904834,0.00138063,0.003524204
649,768,84,0.00444719,0.00103033,0.00341686
649,768,85,0.004343341,0.000940027,0.003403314
649,768,86,0.004605477,0.0011717,0.003433777
649,768,87,0.004536135,0.00102032,0.003515815
649,768,88,0.004424365,0.00085068,0.003573685
649,768,89,0.007301239,0.003708745,0.003592494
649,768,90,0.004765104,0.001062158,0.003702946
649,768,91,0.004099161,0.000648609,0.003450552
649,768,92,0.004912268,0.001646767,0.003265501
649,768,93,0.00471708,0.001232084,0.003484996
649,768,94,0.004487849,0.001055711,0.003432138
649,768,95,0.006610082,0.0031416,0.003468482
649,768,96,0.005646106,0.001959433,0.003686673
649,768,97,0.005262784,0.001424711,0.003838073
649,768,98,0.004411937,0.000584028,0.003827909
649,768,99,0.005968587,0.002519248,0.003449339
649,768,100,0.004595244,0.001056335,0.003538909
649,768,101,0.00408943,0.000701269,0.003388161
649,768,102,0.004159496,0.000817104,0.003342392
649,768,103,0.005233036,0.002078966,0.00315407
649,768,104,0.008291635,0.004940082,0.003351553
649,768,105,0.004752718,0.001301014,0.003451704
649,768,106,0.005399861,0.002121818,0.003278043
649,768,107,0.004684141,0.001298906,0.003385235
649,768,108,0.004333761,0.000800296,0.003533465
649,768,109,0.004213807,0.000756065,0.003457742
649,768,110,0.004359205,0.00083913,0.003520075
650,768,1,0.765572907,0.641819832,0.123753075
650,768,2,0.005120539,0.002009627,0.003110912
650,768,3,0.039013501,0.035974867,0.003038634
650,768,4,0.003797765,0.000666999,0.003130766
650,768,5,0.003665883,0.000489437,0.003176446
650,768,6,0.003444626,0.000311881,0.003132745
650,768,7,0.003555847,0.000391829,0.003164018
650,768,8,0.003480025,0.000373911,0.003106114
650,768,9,0.003538757,0.000378234,0.003160523
650,768,10,0.003495788,0.000384108,0.00311168
650,768,11,0.020438472,0.017367868,0.003070604
650,768,12,0.020860751,0.017648441,0.00321231
650,768,13,0.004714473,0.001341091,0.003373382
650,768,14,0.004238133,0.000895,0.003343133
650,768,15,0.004554847,0.001186844,0.003368003
650,768,16,0.004524033,0.00119215,0.003331883
650,768,17,0.004223476,0.000902426,0.00332105
650,768,18,0.004178545,0.000941088,0.003237457
650,768,19,0.004574703,0.001309894,0.003264809
650,768,20,0.004314352,0.001025926,0.003288426
650,768,21,0.004342312,0.001039784,0.003302528
650,768,22,0.004437298,0.001137844,0.003299454
650,768,23,0.004338372,0.001064878,0.003273494
650,768,24,0.004808812,0.001455505,0.003353307
650,768,25,0.004602568,0.001243469,0.003359099
650,768,26,0.004608196,0.001201728,0.003406468
650,768,27,0.004766927,0.001309346,0.003457581
650,768,28,0.004485706,0.001008585,0.003477121
650,768,29,0.004358594,0.000826831,0.003531763
650,768,30,0.004213451,0.000710641,0.00350281
650,768,31,0.004307339,0.000801619,0.00350572
650,768,32,0.004201584,0.00075975,0.003441834
650,768,33,0.008833954,0.005463501,0.003370453
650,768,34,0.0053317,0.001900949,0.003430751
650,768,35,0.005750957,0.002360657,0.0033903
650,768,36,0.005627975,0.002091112,0.003536863
650,768,37,0.005542049,0.002043518,0.003498531
650,768,38,0.005710944,0.002152803,0.003558141
650,768,39,0.005543841,0.00195093,0.003592911
650,768,40,0.005497837,0.001856956,0.003640881
650,768,41,0.005250509,0.001561764,0.003688745
650,768,42,0.005183427,0.001397788,0.003785639
650,768,43,0.005005362,0.001072056,0.003933306
650,768,44,0.004697491,0.000752949,0.003944542
650,768,45,0.004880172,0.000955433,0.003924739
650,768,46,0.004628491,0.000696545,0.003931946
650,768,47,0.004795186,0.001008103,0.003787083
650,768,48,0.005021922,0.001181475,0.003840447
650,768,49,0.005005474,0.001135971,0.003869503
650,768,50,0.00487779,0.001038176,0.003839614
650,768,51,0.004716059,0.000836765,0.003879294
650,768,52,0.005151996,0.001320563,0.003831433
650,768,53,0.005083464,0.001243656,0.003839808
650,768,54,0.004793806,0.000813203,0.003980603
650,768,55,0.004973888,0.000936402,0.004037486
650,768,56,0.004806699,0.000824721,0.003981978
650,768,57,0.004673731,0.000714328,0.003959403
650,768,58,0.004861889,0.000827176,0.004034713
650,768,59,0.004654876,0.000680695,0.003974181
650,768,60,0.004719695,0.000689913,0.004029782
650,768,61,0.004687747,0.000658567,0.00402918
650,768,62,0.004600268,0.000641258,0.00395901
650,768,63,0.004617005,0.000653219,0.003963786
650,768,64,0.004627153,0.000699189,0.003927964
650,768,65,0.004729909,0.000749478,0.003980431
650,768,66,0.004543492,0.000602833,0.003940659
650,768,67,0.004510903,0.000647221,0.003863682
650,768,68,0.004731772,0.000859186,0.003872586
650,768,69,0.004808606,0.000943849,0.003864757
650,768,70,0.004434301,0.000664185,0.003770116
650,768,71,0.004790024,0.000914127,0.003875897
650,768,72,0.00474319,0.000923607,0.003819583
650,768,73,0.004676167,0.000777125,0.003899042
650,768,74,0.004464384,0.000691174,0.00377321
650,768,75,0.004978836,0.001138894,0.003839942
650,768,76,0.004361123,0.000578114,0.003783009
650,768,77,0.00452215,0.000763089,0.003759061
650,768,78,0.004366438,0.000627422,0.003739016
650,768,79,0.004619342,0.000993831,0.003625511
650,768,80,0.004859717,0.001142237,0.00371748
650,768,81,0.004726484,0.000992232,0.003734252
650,768,82,0.004642689,0.000999349,0.00364334
650,768,83,0.004623944,0.001114464,0.00350948
650,768,84,0.004553391,0.000944506,0.003608885
650,768,85,0.00421568,0.00081576,0.00339992
650,768,86,0.004659244,0.001115275,0.003543969
650,768,87,0.00455396,0.001067618,0.003486342
650,768,88,0.007453525,0.003864371,0.003589154
650,768,89,0.004651611,0.001022036,0.003629575
650,768,90,0.00413585,0.000494304,0.003641546
650,768,91,0.004057053,0.000654344,0.003402709
650,768,92,0.004747893,0.00143476,0.003313133
650,768,93,0.005448591,0.002012451,0.00343614
650,768,94,0.006409655,0.003002165,0.00340749
650,768,95,0.004612698,0.001040607,0.003572091
650,768,96,0.004935353,0.001303655,0.003631698
650,768,97,0.005161425,0.001346585,0.00381484
650,768,98,0.004265526,0.000526439,0.003739087
650,768,99,0.003975653,0.000523007,0.003452646
650,768,100,0.005742534,0.002411078,0.003331456
650,768,101,0.004828417,0.00141879,0.003409627
650,768,102,0.004095932,0.000682497,0.003413435
650,768,103,0.004122752,0.000817806,0.003304946
650,768,104,0.005295945,0.001996157,0.003299788
650,768,105,0.008058245,0.004830719,0.003227526
650,768,106,0.006809064,0.003500613,0.003308451
650,768,107,0.004580677,0.001108733,0.003471944
650,768,108,0.004099983,0.000666544,0.003433439
650,768,109,0.004280736,0.00079638,0.003484356
650,768,110,0.004159796,0.000713259,0.003446537
651,768,1,0.760587213,0.636819334,0.123767879
651,768,2,0.008229728,0.005124622,0.003105106
651,768,3,0.014540014,0.011489767,0.003050247
651,768,4,0.029515989,0.026466938,0.003049051
651,768,5,0.003881774,0.000734041,0.003147733
651,768,6,0.003651961,0.000500371,0.00315159
651,768,7,0.003566171,0.00036966,0.003196511
651,768,8,0.003487777,0.000342359,0.003145418
651,768,9,0.003547516,0.000359036,0.00318848
651,768,10,0.003501922,0.000372391,0.003129531
651,768,11,0.038017297,0.034836777,0.00318052
651,768,12,0.004626388,0.001381024,0.003245364
651,768,13,0.004267552,0.000859528,0.003408024
651,768,14,0.004384259,0.001028105,0.003356154
651,768,15,0.004668057,0.001201025,0.003467032
651,768,16,0.004129959,0.000773735,0.003356224
651,768,17,0.004211688,0.000929155,0.003282533
651,768,18,0.00420813,0.000908533,0.003299597
651,768,19,0.004256311,0.000969771,0.00328654
651,768,20,0.004412882,0.001082312,0.00333057
651,768,21,0.004608106,0.00120397,0.003404136
651,768,22,0.004171238,0.000874994,0.003296244
651,768,23,0.004537754,0.001229659,0.003308095
651,768,24,0.004555011,0.00130638,0.003248631
651,768,25,0.004768827,0.001370957,0.00339787
651,768,26,0.004665071,0.001252359,0.003412712
651,768,27,0.004559161,0.001156565,0.003402596
651,768,28,0.004597981,0.001043708,0.003554273
651,768,29,0.00423864,0.000632096,0.003606544
651,768,30,0.004264808,0.000761811,0.003502997
651,768,31,0.004199601,0.000676944,0.003522657
651,768,32,0.009153743,0.005722324,0.003431419
651,768,33,0.005249487,0.001852625,0.003396862
651,768,34,0.005792325,0.002343142,0.003449183
651,768,35,0.005530138,0.002052316,0.003477822
651,768,36,0.005607007,0.002024173,0.003582834
651,768,37,0.00557266,0.002023045,0.003549615
651,768,38,0.00541161,0.001901116,0.003510494
651,768,39,0.005529465,0.001868504,0.003660961
651,768,40,0.005229816,0.001477544,0.003752272
651,768,41,0.005084349,0.001207699,0.00387665
651,768,42,0.004828958,0.001020904,0.003808054
651,768,43,0.004759221,0.000860256,0.003898965
651,768,44,0.004895411,0.000962886,0.003932525
651,768,45,0.004634467,0.00075382,0.003880647
651,768,46,0.004905928,0.001037536,0.003868392
651,768,47,0.004902007,0.001043333,0.003858674
651,768,48,0.004957801,0.001121424,0.003836377
651,768,49,0.004931279,0.001044594,0.003886685
651,768,50,0.004728073,0.000843303,0.00388477
651,768,51,0.005113185,0.001230692,0.003882493
651,768,52,0.005009844,0.001066704,0.00394314
651,768,53,0.004772842,0.000815413,0.003957429
651,768,54,0.00491066,0.000838319,0.004072341
651,768,55,0.00468053,0.000696384,0.003984146
651,768,56,0.004890923,0.000671568,0.004219355
651,768,57,0.004730436,0.000616498,0.004113938
651,768,58,0.004682504,0.000574898,0.004107606
651,768,59,0.004646358,0.000575709,0.004070649
651,768,60,0.004781242,0.000726627,0.004054615
651,768,61,0.004636495,0.000529622,0.004106873
651,768,62,0.004629173,0.000573015,0.004056158
651,768,63,0.004662949,0.000628883,0.004034066
651,768,64,0.004723034,0.000666205,0.004056829
651,768,65,0.004577047,0.000541146,0.004035901
651,768,66,0.004634779,0.000687021,0.003947758
651,768,67,0.004704182,0.000749229,0.003954953
651,768,68,0.004858017,0.000903497,0.00395452
651,768,69,0.004513449,0.000603642,0.003909807
651,768,70,0.004692734,0.000742779,0.003949955
651,768,71,0.004753037,0.000833948,0.003919089
651,768,72,0.00462377,0.000710037,0.003913733
651,768,73,0.004590079,0.000709401,0.003880678
651,768,74,0.004883253,0.001005562,0.003877691
651,768,75,0.004462312,0.000572539,0.003889773
651,768,76,0.00450809,0.000659682,0.003848408
651,768,77,0.004353009,0.000589604,0.003763405
651,768,78,0.004574912,0.000789352,0.00378556
651,768,79,0.004403595,0.000642329,0.003761266
651,768,80,0.004826166,0.001059805,0.003766361
651,768,81,0.004582203,0.000834864,0.003747339
651,768,82,0.004738515,0.00101298,0.003725535
651,768,83,0.00436269,0.000848136,0.003514554
651,768,84,0.004572616,0.000974714,0.003597902
651,768,85,0.004424907,0.000997721,0.003427186
651,768,86,0.004408096,0.000900558,0.003507538
651,768,87,0.008259845,0.004714606,0.003545239
651,768,88,0.004590792,0.000893697,0.003697095
651,768,89,0.004042254,0.00035148,0.003690774
651,768,90,0.004178434,0.000495718,0.003682716
651,768,91,0.004098594,0.00067653,0.003422064
651,768,92,0.006096804,0.002892792,0.003204012
651,768,93,0.00496104,0.001559072,0.003401968
651,768,94,0.004390358,0.000900672,0.003489686
651,768,95,0.004746045,0.001190216,0.003555829
651,768,96,0.005124711,0.001449038,0.003675673
651,768,97,0.00533616,0.001613948,0.003722212
651,768,98,0.004519385,0.000753312,0.003766073
651,768,99,0.003999689,0.000538338,0.003461351
651,768,100,0.004063591,0.000650961,0.00341263
651,768,101,0.00551574,0.002135897,0.003379843
651,768,102,0.004743293,0.001280043,0.00346325
651,768,103,0.004255621,0.000877745,0.003377876
651,768,104,0.003897179,0.000513184,0.003383995
651,768,105,0.005836772,0.002494328,0.003342444
651,768,106,0.009479805,0.006112578,0.003367227
651,768,107,0.005192465,0.001742279,0.003450186
651,768,108,0.004436704,0.000962927,0.003473777
651,768,109,0.004233103,0.000710185,0.003522918
651,768,110,0.004208011,0.000732979,0.003475032
652,768,1,0.761634411,0.637987472,0.123646939
652,768,2,0.003829741,0.000481461,0.00334828
652,768,3,0.016176442,0.013105917,0.003070525
652,768,4,0.028763307,0.025685751,0.003077556
652,768,5,0.005851989,0.002776104,0.003075885
652,768,6,0.003980081,0.00077894,0.003201141
652,768,7,0.00361195,0.000462476,0.003149474
652,768,8,0.003563117,0.000392906,0.003170211
652,768,9,0.003644656,0.000442265,0.003202391
652,768,10,0.038165864,0.035028061,0.003137803
652,768,11,0.004655612,0.00143346,0.003222152
652,768,12,0.004114629,0.000752748,0.003361881
652,768,13,0.004389627,0.000975704,0.003413923
652,768,14,0.004504831,0.001111449,0.003393382
652,768,15,0.004228714,0.00080693,0.003421784
652,768,16,0.004299518,0.000919739,0.003379779
652,768,17,0.003940623,0.000584115,0.003356508
652,768,18,0.004072219,0.000790778,0.003281441
652,768,19,0.004328461,0.001068363,0.003260098
652,768,20,0.00470423,0.001411338,0.003292892
652,768,21,0.004455602,0.001037269,0.003418333
652,768,22,0.004257153,0.00087701,0.003380143
652,768,23,0.004298501,0.001072668,0.003225833
652,768,24,0.004780871,0.001445296,0.003335575
652,768,25,0.004525606,0.001177432,0.003348174
652,768,26,0.004606376,0.001263977,0.003342399
652,768,27,0.004538968,0.001205386,0.003333582
652,768,28,0.004602282,0.001139728,0.003462554
652,768,29,0.004377147,0.000843505,0.003533642
652,768,30,0.004304325,0.000717204,0.003587121
652,768,31,0.009213421,0.005807123,0.003406298
652,768,32,0.005230483,0.001905164,0.003325319
652,768,33,0.005909073,0.002540355,0.003368718
652,768,34,0.005521143,0.002020409,0.003500734
652,768,35,0.005493281,0.001885681,0.0036076
652,768,36,0.00557523,0.00197436,0.00360087
652,768,37,0.005430392,0.001832661,0.003597731
652,768,38,0.00537023,0.001754529,0.003615701
652,768,39,0.005139231,0.001271125,0.003868106
652,768,40,0.00500754,0.001082549,0.003924991
652,768,41,0.004835511,0.001011746,0.003823765
652,768,42,0.004658395,0.000847795,0.0038106
652,768,43,0.004895578,0.001036128,0.00385945
652,768,44,0.004612786,0.000783914,0.003828872
652,768,45,0.00501447,0.001202654,0.003811816
652,768,46,0.004866638,0.001042608,0.00382403
652,768,47,0.004950358,0.001123287,0.003827071
652,768,48,0.004894252,0.001048865,0.003845387
652,768,49,0.004762276,0.000822067,0.003940209
652,768,50,0.005055053,0.001067805,0.003987248
652,768,51,0.004994741,0.000956445,0.004038296
652,768,52,0.00478049,0.000697515,0.004082975
652,768,53,0.004768271,0.000643185,0.004125086
652,768,54,0.004696773,0.000581539,0.004115234
652,768,55,0.004680124,0.00057013,0.004109994
652,768,56,0.004784957,0.000644693,0.004140264
652,768,57,0.004633768,0.000463435,0.004170333
652,768,58,0.004761426,0.000683804,0.004077622
652,768,59,0.00492178,0.000750314,0.004171466
652,768,60,0.004646814,0.000525297,0.004121517
652,768,61,0.004675335,0.000566274,0.004109061
652,768,62,0.004674029,0.000545733,0.004128296
652,768,63,0.004685488,0.000591073,0.004094415
652,768,64,0.004623922,0.000596659,0.004027263
652,768,65,0.004597313,0.00055457,0.004042743
652,768,66,0.00476469,0.000719844,0.004044846
652,768,67,0.004859451,0.000775029,0.004084422
652,768,68,0.004523937,0.000580079,0.003943858
652,768,69,0.004747818,0.000725507,0.004022311
652,768,70,0.004723935,0.000748656,0.003975279
652,768,71,0.004634971,0.000621014,0.004013957
652,768,72,0.004640667,0.000725041,0.003915626
652,768,73,0.00491758,0.000819128,0.004098452
652,768,74,0.004419178,0.000482032,0.003937146
652,768,75,0.004573959,0.000562725,0.004011234
652,768,76,0.004446737,0.000545651,0.003901086
652,768,77,0.004425292,0.00054979,0.003875502
652,768,78,0.004436175,0.000655923,0.003780252
652,768,79,0.004673326,0.000870076,0.00380325
652,768,80,0.00483499,0.001016024,0.003818966
652,768,81,0.004686077,0.000787829,0.003898248
652,768,82,0.004621647,0.000805933,0.003815714
652,768,83,0.00423395,0.00057045,0.0036635
652,768,84,0.004891569,0.001226522,0.003665047
652,768,85,0.004065861,0.000528692,0.003537169
652,768,86,0.006425432,0.002895738,0.003529694
652,768,87,0.004618166,0.0008656,0.003752566
652,768,88,0.005000668,0.001313644,0.003687024
652,768,89,0.004594335,0.000887417,0.003706918
652,768,90,0.004189748,0.000494003,0.003695745
652,768,91,0.006941411,0.003681145,0.003260266
652,768,92,0.00476645,0.001385846,0.003380604
652,768,93,0.004038409,0.000562877,0.003475532
652,768,94,0.004383751,0.000791801,0.00359195
652,768,95,0.004196393,0.000613216,0.003583177
652,768,96,0.004907001,0.001299941,0.00360706
652,768,97,0.005897947,0.001957848,0.003940099
652,768,98,0.004412845,0.00057454,0.003838305
652,768,99,0.003945419,0.000431836,0.003513583
652,768,100,0.004186983,0.00071971,0.003467273
652,768,101,0.004333125,0.000733972,0.003599153
652,768,102,0.005178752,0.00161717,0.003561582
652,768,103,0.004569874,0.001137105,0.003432769
652,768,104,0.004016004,0.000601693,0.003414311
652,768,105,0.006527926,0.003168668,0.003359258
652,768,106,0.005597998,0.002293224,0.003304774
652,768,107,0.007499844,0.004016493,0.003483351
652,768,108,0.005022968,0.001594872,0.003428096
652,768,109,0.004611011,0.001047538,0.003563473
652,768,110,0.004133723,0.000607046,0.003526677
653,768,1,0.761749808,0.637653131,0.124096677
653,768,2,0.005210255,0.002041668,0.003168587
653,768,3,0.040075452,0.037052296,0.003023156
653,768,4,0.003840277,0.000733475,0.003106802
653,768,5,0.003446791,0.000319081,0.00312771
653,768,6,0.005101015,0.002080918,0.003020097
653,768,7,0.004049663,0.000929368,0.003120295
653,768,8,0.003640668,0.00049121,0.003149458
653,768,9,0.03860437,0.035486426,0.003117944
653,768,10,0.004610325,0.001392958,0.003217367
653,768,11,0.00411051,0.000826589,0.003283921
653,768,12,0.004296025,0.000980677,0.003315348
653,768,13,0.004335323,0.00094974,0.003385583
653,768,14,0.004489553,0.001096342,0.003393211
653,768,15,0.004268092,0.000874482,0.00339361
653,768,16,0.003836812,0.000570012,0.0032668
653,768,17,0.003837288,0.000592094,0.003245194
653,768,18,0.004137201,0.000940666,0.003196535
653,768,19,0.004478053,0.001247532,0.003230521
653,768,20,0.004369265,0.001150602,0.003218663
653,768,21,0.004476961,0.001149004,0.003327957
653,768,22,0.004226335,0.00090951,0.003316825
653,768,23,0.004278783,0.001047214,0.003231569
653,768,24,0.004462068,0.001156849,0.003305219
653,768,25,0.004477755,0.001077544,0.003400211
653,768,26,0.004620347,0.001252468,0.003367879
653,768,27,0.004625454,0.001269031,0.003356423
653,768,28,0.00455962,0.001065935,0.003493685
653,768,29,0.004318728,0.000718824,0.003599904
653,768,30,0.010102038,0.006775869,0.003326169
653,768,31,0.00536676,0.002042729,0.003324031
653,768,32,0.005951171,0.002598192,0.003352979
653,768,33,0.005396275,0.001851245,0.00354503
653,768,34,0.005443181,0.002064674,0.003378507
653,768,35,0.005536541,0.002045544,0.003490997
653,768,36,0.005519078,0.001983917,0.003535161
653,768,37,0.005373962,0.00179462,0.003579342
653,768,38,0.004817973,0.001101271,0.003716702
653,768,39,0.004987377,0.001158221,0.003829156
653,768,40,0.004798913,0.001035327,0.003763586
653,768,41,0.004755635,0.000948307,0.003807328
653,768,42,0.004898544,0.001156442,0.003742102
653,768,43,0.004510225,0.000754611,0.003755614
653,768,44,0.004850637,0.001120247,0.00373039
653,768,45,0.004961305,0.00114619,0.003815115
653,768,46,0.00483103,0.001006279,0.003824751
653,768,47,0.004981347,0.001172575,0.003808772
653,768,48,0.004765491,0.000847553,0.003917938
653,768,49,0.004811019,0.000893244,0.003917775
653,768,50,0.005115686,0.00111414,0.004001546
653,768,51,0.00464464,0.000730615,0.003914025
653,768,52,0.004792322,0.000780274,0.004012048
653,768,53,0.00458143,0.000604596,0.003976834
653,768,54,0.004811229,0.00079621,0.004015019
653,768,55,0.004814514,0.00077836,0.004036154
653,768,56,0.004723747,0.00063339,0.004090357
653,768,57,0.00484222,0.00068553,0.00415669
653,768,58,0.004813889,0.000706631,0.004107258
653,768,59,0.004680711,0.000564203,0.004116508
653,768,60,0.004699321,0.000610619,0.004088702
653,768,61,0.004686631,0.000591026,0.004095605
653,768,62,0.004703411,0.00063543,0.004067981
653,768,63,0.004615917,0.000620412,0.003995505
653,768,64,0.004606336,0.000612649,0.003993687
653,768,65,0.004722081,0.00073004,0.003992041
653,768,66,0.004712946,0.000763566,0.00394938
653,768,67,0.004803987,0.00082845,0.003975537
653,768,68,0.004625917,0.000712745,0.003913172
653,768,69,0.004840456,0.000812241,0.004028215
653,768,70,0.004551095,0.000691963,0.003859132
653,768,71,0.004677191,0.000805772,0.003871419
653,768,72,0.004712578,0.000823946,0.003888632
653,768,73,0.004474128,0.000571012,0.003903116
653,768,74,0.004573662,0.000694055,0.003879607
653,768,75,0.004553899,0.000654137,0.003899762
653,768,76,0.004394361,0.000556348,0.003838013
653,768,77,0.004278063,0.0005871,0.003690963
653,768,78,0.004572986,0.000892771,0.003680215
653,768,79,0.004800712,0.001064418,0.003736294
653,768,80,0.004646506,0.00097163,0.003674876
653,768,81,0.004684519,0.00082811,0.003856409
653,768,82,0.004576707,0.000824319,0.003752388
653,768,83,0.005296248,0.001763323,0.003532925
653,768,84,0.004152968,0.000535972,0.003616996
653,768,85,0.006250122,0.002842947,0.003407175
653,768,86,0.004581845,0.000980548,0.003601297
653,768,87,0.00424603,0.000549557,0.003696473
653,768,88,0.004183269,0.000541176,0.003642093
653,768,89,0.004442008,0.000695218,0.00374679
653,768,90,0.004446946,0.000727451,0.003719495
653,768,91,0.004032413,0.000611228,0.003421185
653,768,92,0.006667061,0.003476919,0.003190142
653,768,93,0.004955967,0.001577027,0.00337894
653,768,94,0.004415137,0.000922669,0.003492468
653,768,95,0.004307123,0.000763886,0.003543237
653,768,96,0.005731316,0.002164405,0.003566911
653,768,97,0.005265399,0.001533566,0.003731833
653,768,98,0.004608034,0.000842233,0.003765801
653,768,99,0.003963201,0.000510756,0.003452445
653,768,100,0.004429001,0.000987682,0.003441319
653,768,101,0.004333342,0.000856146,0.003477196
653,768,102,0.004200952,0.000713541,0.003487411
653,768,103,0.004404755,0.00102483,0.003379925
653,768,104,0.004390537,0.001091295,0.003299242
653,768,105,0.003961384,0.000717823,0.003243561
653,768,106,0.007139005,0.003836092,0.003302913
653,768,107,0.006488485,0.003205216,0.003283269
653,768,108,0.006301397,0.003019753,0.003281644
653,768,109,0.005203722,0.001819908,0.003383814
653,768,110,0.004461567,0.000986836,0.003474731
654,768,1,0.763674582,0.639538125,0.124136457
654,768,2,0.003775223,0.000535013,0.00324021
654,768,3,0.006734364,0.0037117,0.003022664
654,768,4,0.036080157,0.033052194,0.003027963
654,768,5,0.00397131,0.000830832,0.003140478
654,768,6,0.003493643,0.000377804,0.003115839
654,768,7,0.004888073,0.001858615,0.003029458
654,768,8,0.039761538,0.036676682,0.003084856
654,768,9,0.004367436,0.001267569,0.003099867
654,768,10,0.004266886,0.001032661,0.003234225
654,768,11,0.004255828,0.000985144,0.003270684
654,768,12,0.004353115,0.000974642,0.003378473
654,768,13,0.00447317,0.001090697,0.003382473
654,768,14,0.00426527,0.000812194,0.003453076
654,768,15,0.003905656,0.000447832,0.003457824
654,768,16,0.003768306,0.000443856,0.00332445
654,768,17,0.003703869,0.000476578,0.003227291
654,768,18,0.004000814,0.000801467,0.003199347
654,768,19,0.004286869,0.001037859,0.00324901
654,768,20,0.004548858,0.001212579,0.003336279
654,768,21,0.004449854,0.001084884,0.00336497
654,768,22,0.004049929,0.00072648,0.003323449
654,768,23,0.004281731,0.001047861,0.00323387
654,768,24,0.004544556,0.001307107,0.003237449
654,768,25,0.004535765,0.001212877,0.003322888
654,768,26,0.004555234,0.001240716,0.003314518
654,768,27,0.004624652,0.001249847,0.003374805
654,768,28,0.004459334,0.000995924,0.00346341
654,768,29,0.010967754,0.007631464,0.00333629
654,768,30,0.005461165,0.002075451,0.003385714
654,768,31,0.005937653,0.00256237,0.003375283
654,768,32,0.005220872,0.001865815,0.003355057
654,768,33,0.005673098,0.002241489,0.003431609
654,768,34,0.005438432,0.002007635,0.003430797
654,768,35,0.005461787,0.001918052,0.003543735
654,768,36,0.005348388,0.001648564,0.003699824
654,768,37,0.004696773,0.001019611,0.003677162
654,768,38,0.004757178,0.001112131,0.003645047
654,768,39,0.004811218,0.001099793,0.003711425
654,768,40,0.004787915,0.001035569,0.003752346
654,768,41,0.004938777,0.001134087,0.00380469
654,768,42,0.004440927,0.000664584,0.003776343
654,768,43,0.004698871,0.000889126,0.003809745
654,768,44,0.004969221,0.001115655,0.003853566
654,768,45,0.004739217,0.000847216,0.003892001
654,768,46,0.00460647,0.000782455,0.003824015
654,768,47,0.004846123,0.000971153,0.00387497
654,768,48,0.004841612,0.000793639,0.004047973
654,768,49,0.004754557,0.000704484,0.004050073
654,768,50,0.004734869,0.000651809,0.00408306
654,768,51,0.004592843,0.000652874,0.003939969
654,768,52,0.004641465,0.000621945,0.00401952
654,768,53,0.004701283,0.00067269,0.004028593
654,768,54,0.004636501,0.000610864,0.004025637
654,768,55,0.00468785,0.000640915,0.004046935
654,768,56,0.004917119,0.000774516,0.004142603
654,768,57,0.004571194,0.000507796,0.004063398
654,768,58,0.004819706,0.000688141,0.004131565
654,768,59,0.004837424,0.00075008,0.004087344
654,768,60,0.0046977,0.00059985,0.00409785
654,768,61,0.004604331,0.000583947,0.004020384
654,768,62,0.004756491,0.000657919,0.004098572
654,768,63,0.004640753,0.000643426,0.003997327
654,768,64,0.004682455,0.000725092,0.003957363
654,768,65,0.004591635,0.000564095,0.00402754
654,768,66,0.004764036,0.000767141,0.003996895
654,768,67,0.004675424,0.000770845,0.003904579
654,768,68,0.004701216,0.000813947,0.003887269
654,768,69,0.004654799,0.000768299,0.0038865
654,768,70,0.004714789,0.000822189,0.0038926
654,768,71,0.004516372,0.000704468,0.003811904
654,768,72,0.004772288,0.00087892,0.003893368
654,768,73,0.004722272,0.000843454,0.003878818
654,768,74,0.004409529,0.000561326,0.003848203
654,768,75,0.004593903,0.000710754,0.003883149
654,768,76,0.004414605,0.000605585,0.00380902
654,768,77,0.004423737,0.000678625,0.003745112
654,768,78,0.004484473,0.000783567,0.003700906
654,768,79,0.004828738,0.001123769,0.003704969
654,768,80,0.004606758,0.000857125,0.003749633
654,768,81,0.005657612,0.00207712,0.003580492
654,768,82,0.005528377,0.00209315,0.003435227
654,768,83,0.004087223,0.00069489,0.003392333
654,768,84,0.006333533,0.003003352,0.003330181
654,768,85,0.00445766,0.000921848,0.003535812
654,768,86,0.004199697,0.000603689,0.003596008
654,768,87,0.004290669,0.000656718,0.003633951
654,768,88,0.004382133,0.00060757,0.003774563
654,768,89,0.004235091,0.00049662,0.003738471
654,768,90,0.004175799,0.000530803,0.003644996
654,768,91,0.003963148,0.000516666,0.003446482
654,768,92,0.005324061,0.002099982,0.003224079
654,768,93,0.005485939,0.002066897,0.003419042
654,768,94,0.004862534,0.001444944,0.00341759
654,768,95,0.004341635,0.000839215,0.00350242
654,768,96,0.004678279,0.001212497,0.003465782
654,768,97,0.005463989,0.001945954,0.003518035
654,768,98,0.005223363,0.001510939,0.003712424
654,768,99,0.004223801,0.000797533,0.003426268
654,768,100,0.0041842,0.00076566,0.00341854
654,768,101,0.004387808,0.000867066,0.003520742
654,768,102,0.004255331,0.000736532,0.003518799
654,768,103,0.004027995,0.000680573,0.003347422
654,768,104,0.004451042,0.001175184,0.003275858
654,768,105,0.007086279,0.003750216,0.003336063
654,768,106,0.007219003,0.00394961,0.003269393
654,768,107,0.005614719,0.002272354,0.003342365
654,768,108,0.004424253,0.001046782,0.003377471
654,768,109,0.004401119,0.001067544,0.003333575
654,768,110,0.005044051,0.001615919,0.003428132
655,768,1,0.762779659,0.638186591,0.124593068
655,768,2,0.004394081,0.001107225,0.003286856
655,768,3,0.027603328,0.024571274,0.003032054
655,768,4,0.006206914,0.003188553,0.003018361
655,768,5,0.012446017,0.009417413,0.003028604
655,768,6,0.004054713,0.001016235,0.003038478
655,768,7,0.041560643,0.038503594,0.003057049
655,768,8,0.004305428,0.001132988,0.00317244
655,768,9,0.00423922,0.001139666,0.003099554
655,768,10,0.004240323,0.001026076,0.003214247
655,768,11,0.004359678,0.001036936,0.003322742
655,768,12,0.004404825,0.000972855,0.00343197
655,768,13,0.004215545,0.00079479,0.003420755
655,768,14,0.00386284,0.000430371,0.003432469
655,768,15,0.003988994,0.000506343,0.003482651
655,768,16,0.003696755,0.000418434,0.003278321
655,768,17,0.003778226,0.000518988,0.003259238
655,768,18,0.004115132,0.000908141,0.003206991
655,768,19,0.004231521,0.001002778,0.003228743
655,768,20,0.004389889,0.00111888,0.003271009
655,768,21,0.00441854,0.00106091,0.00335763
655,768,22,0.004151481,0.000824054,0.003327427
655,768,23,0.004320711,0.001092931,0.00322778
655,768,24,0.004536277,0.00131027,0.003226007
655,768,25,0.004529696,0.001227513,0.003302183
655,768,26,0.004573345,0.001251197,0.003322148
655,768,27,0.004546998,0.001193442,0.003353556
655,768,28,0.01135307,0.007981657,0.003371413
655,768,29,0.005605691,0.002161244,0.003444447
655,768,30,0.005743331,0.002441477,0.003301854
655,768,31,0.00546589,0.002150142,0.003315748
655,768,32,0.00567928,0.002347084,0.003332196
655,768,33,0.00544736,0.001969974,0.003477386
655,768,34,0.005316954,0.001821531,0.003495423
655,768,35,0.005165999,0.001327137,0.003838862
655,768,36,0.004718643,0.001072431,0.003646212
655,768,37,0.004814591,0.001163949,0.003650642
655,768,38,0.004703657,0.001113425,0.003590232
655,768,39,0.004782063,0.001067904,0.003714159
655,768,40,0.00479946,0.000953424,0.003846036
655,768,41,0.004452375,0.000677806,0.003774569
655,768,42,0.004728419,0.000905845,0.003822574
655,768,43,0.004912861,0.000885685,0.004027176
655,768,44,0.00465719,0.000693159,0.003964031
655,768,45,0.004721291,0.000713544,0.004007747
655,768,46,0.004778782,0.000793698,0.003985084
655,768,47,0.004686723,0.000646536,0.004040187
655,768,48,0.004679986,0.000643727,0.004036259
655,768,49,0.004730643,0.00062332,0.004107323
655,768,50,0.004680399,0.000555691,0.004124708
655,768,51,0.004547465,0.00056212,0.003985345
655,768,52,0.004579006,0.000549867,0.004029139
655,768,53,0.004632272,0.000545153,0.004087119
655,768,54,0.004623003,0.000541868,0.004081135
655,768,55,0.004692546,0.000525402,0.004167144
655,768,56,0.004637946,0.000528406,0.00410954
655,768,57,0.004715336,0.000528905,0.004186431
655,768,58,0.004679228,0.000500454,0.004178774
655,768,59,0.004668837,0.000495291,0.004173546
655,768,60,0.004649306,0.000523718,0.004125588
655,768,61,0.004715007,0.000507777,0.00420723
655,768,62,0.004703767,0.000528371,0.004175396
655,768,63,0.004722031,0.000560918,0.004161113
655,768,64,0.004640528,0.000573374,0.004067154
655,768,65,0.004725105,0.000592978,0.004132127
655,768,66,0.00459932,0.000558947,0.004040373
655,768,67,0.004720148,0.000617451,0.004102697
655,768,68,0.004649896,0.000574098,0.004075798
655,768,69,0.004728446,0.000590756,0.00413769
655,768,70,0.004637702,0.00058705,0.004050652
655,768,71,0.004717426,0.00057979,0.004137636
655,768,72,0.004638088,0.000557975,0.004080113
655,768,73,0.00466067,0.000569442,0.004091228
655,768,74,0.004565584,0.000538354,0.00402723
655,768,75,0.004637211,0.000581891,0.00405532
655,768,76,0.004505984,0.000587304,0.00391868
655,768,77,0.004415328,0.000560248,0.00385508
655,768,78,0.004326695,0.000530526,0.003796169
655,768,79,0.004409554,0.00062353,0.003786024
655,768,80,0.004835488,0.001044872,0.003790616
655,768,81,0.004577413,0.00078593,0.003791483
655,768,82,0.005202542,0.001503338,0.003699204
655,768,83,0.008589297,0.005141898,0.003447399
655,768,84,0.004111314,0.00070622,0.003405094
655,768,85,0.004201836,0.000719239,0.003482597
655,768,86,0.004343817,0.00073207,0.003611747
655,768,87,0.004245143,0.000548365,0.003696778
655,768,88,0.004309586,0.000623833,0.003685753
655,768,89,0.004253869,0.000489354,0.003764515
655,768,90,0.004094035,0.000466311,0.003627724
655,768,91,0.005605774,0.002398678,0.003207096
655,768,92,0.005246737,0.002005022,0.003241715
655,768,93,0.004977399,0.001475645,0.003501754
655,768,94,0.004228908,0.00067946,0.003549448
655,768,95,0.004687834,0.001076493,0.003611341
655,768,96,0.004690109,0.00094855,0.003741559
655,768,97,0.0047955,0.00094001,0.00385549
655,768,98,0.004517706,0.00080271,0.003714996
655,768,99,0.004325099,0.000840086,0.003485013
655,768,100,0.004219341,0.000774799,0.003444542
655,768,101,0.004295711,0.000854655,0.003441056
655,768,102,0.00444388,0.000937916,0.003505964
655,768,103,0.004548251,0.001149767,0.003398484
655,768,104,0.007618415,0.004339595,0.00327882
655,768,105,0.007031546,0.003818417,0.003213129
655,768,106,0.005279359,0.001947157,0.003332202
655,768,107,0.004532688,0.001004367,0.003528321
655,768,108,0.004199657,0.000818256,0.003381401
655,768,109,0.004511873,0.001062105,0.003449768
655,768,110,0.006924867,0.003572049,0.003352818
656,768,1,0.761360172,0.637570953,0.123789219
656,768,2,0.030292536,0.027253033,0.003039503
656,768,3,0.006151687,0.00312038,0.003031307
656,768,4,0.003751652,0.000629725,0.003121927
656,768,5,0.003572777,0.000425277,0.0031475
656,768,6,0.050666767,0.047602926,0.003063841
656,768,7,0.004168844,0.001038614,0.00313023
656,768,8,0.004314667,0.001116106,0.003198561
656,768,9,0.004129545,0.001035524,0.003094021
656,768,10,0.004335124,0.001180691,0.003154433
656,768,11,0.004361501,0.001037894,0.003323607
656,768,12,0.004202265,0.00079311,0.003409155
656,768,13,0.003834898,0.000459255,0.003375643
656,768,14,0.00394773,0.000523026,0.003424704
656,768,15,0.003842745,0.000452914,0.003389831
656,768,16,0.003693593,0.00040829,0.003285303
656,768,17,0.003728269,0.000505004,0.003223265
656,768,18,0.004091797,0.000901334,0.003190463
656,768,19,0.004211717,0.001023861,0.003187856
656,768,20,0.004296161,0.001025354,0.003270807
656,768,21,0.004261432,0.000894289,0.003367143
656,768,22,0.004056682,0.000707592,0.00334909
656,768,23,0.003917701,0.000658709,0.003258992
656,768,24,0.004250695,0.000898074,0.003352621
656,768,25,0.004577161,0.00121689,0.003360271
656,768,26,0.004588354,0.001178193,0.003410161
656,768,27,0.013107681,0.00967477,0.003432911
656,768,28,0.005519674,0.00214694,0.003372734
656,768,29,0.00576004,0.002389715,0.003370325
656,768,30,0.005687408,0.00235301,0.003334398
656,768,31,0.005661959,0.00214444,0.003517519
656,768,32,0.005390226,0.001849262,0.003540964
656,768,33,0.005184105,0.001750695,0.00343341
656,768,34,0.004866769,0.001405225,0.003461544
656,768,35,0.004852282,0.001299394,0.003552888
656,768,36,0.004873039,0.001230072,0.003642967
656,768,37,0.004762512,0.0011238,0.003638712
656,768,38,0.00468842,0.000969695,0.003718725
656,768,39,0.004613398,0.000871577,0.003741821
656,768,40,0.004564486,0.000739188,0.003825298
656,768,41,0.004652719,0.000883375,0.003769344
656,768,42,0.004676738,0.000694318,0.00398242
656,768,43,0.00450736,0.000698564,0.003808796
656,768,44,0.004879518,0.000823358,0.00405616
656,768,45,0.004878988,0.000828348,0.00405064
656,768,46,0.004640338,0.000562685,0.004077653
656,768,47,0.004588221,0.000524259,0.004063962
656,768,48,0.004646216,0.000540999,0.004105217
656,768,49,0.004541906,0.000572805,0.003969101
656,768,50,0.004799625,0.000613318,0.004186307
656,768,51,0.004465143,0.000479791,0.003985352
656,768,52,0.004727854,0.000607981,0.004119873
656,768,53,0.004487959,0.000460997,0.004026962
656,768,54,0.004800113,0.000583061,0.004217052
656,768,55,0.004484657,0.000434829,0.004049828
656,768,56,0.004860989,0.00066664,0.004194349
656,768,57,0.004541912,0.000479354,0.004062558
656,768,58,0.004613789,0.000477273,0.004136516
656,768,59,0.004588695,0.000477607,0.004111088
656,768,60,0.004690262,0.000609272,0.00408099
656,768,61,0.00453926,0.000507249,0.004032011
656,768,62,0.004834457,0.000678062,0.004156395
656,768,63,0.004538174,0.000545005,0.003993169
656,768,64,0.004702669,0.000634144,0.004068525
656,768,65,0.004574235,0.000546055,0.00402818
656,768,66,0.004586843,0.000568237,0.004018606
656,768,67,0.004554029,0.000660296,0.003893733
656,768,68,0.004748473,0.000765357,0.003983116
656,768,69,0.004463418,0.000612004,0.003851414
656,768,70,0.004762251,0.000870366,0.003891885
656,768,71,0.004527196,0.000687838,0.003839358
656,768,72,0.004705994,0.000846551,0.003859443
656,768,73,0.004608899,0.000768081,0.003840818
656,768,74,0.004661118,0.000782218,0.0038789
656,768,75,0.004546465,0.000746392,0.003800073
656,768,76,0.004680349,0.000792504,0.003887845
656,768,77,0.004305135,0.00058085,0.003724285
656,768,78,0.004496725,0.000693424,0.003803301
656,768,79,0.005099613,0.001428012,0.003671601
656,768,80,0.004855676,0.001069945,0.003785731
656,768,81,0.004772207,0.001003719,0.003768488
656,768,82,0.00478079,0.001020272,0.003760518
656,768,83,0.004472001,0.000925029,0.003546972
656,768,84,0.007662142,0.00433175,0.003330392
656,768,85,0.004374463,0.000882855,0.003491608
656,768,86,0.004181511,0.000596367,0.003585144
656,768,87,0.004270779,0.000701111,0.003569668
656,768,88,0.004667127,0.000891614,0.003775513
656,768,89,0.004282787,0.000661516,0.003621271
656,768,90,0.006406651,0.002954554,0.003452097
656,768,91,0.005205449,0.001948356,0.003257093
656,768,92,0.004700432,0.001161684,0.003538748
656,768,93,0.004184925,0.000783724,0.003401201
656,768,94,0.004660641,0.00113249,0.003528151
656,768,95,0.004513539,0.001032823,0.003480716
656,768,96,0.004772481,0.000964982,0.003807499
656,768,97,0.004637561,0.000852225,0.003785336
656,768,98,0.004584562,0.000779914,0.003804648
656,768,99,0.00397862,0.000502536,0.003476084
656,768,100,0.004482024,0.000956677,0.003525347
656,768,101,0.004214655,0.000744725,0.00346993
656,768,102,0.004232772,0.000727229,0.003505543
656,768,103,0.008349986,0.005165347,0.003184639
656,768,104,0.004625055,0.001468097,0.003156958
656,768,105,0.004567297,0.001279043,0.003288254
656,768,106,0.005843966,0.002456125,0.003387841
656,768,107,0.005445236,0.002035345,0.003409891
656,768,108,0.004781053,0.001325704,0.003455349
656,768,109,0.007058122,0.003746332,0.00331179
656,768,110,0.005044045,0.001931209,0.003112836
657,768,1,0.759332338,0.635828978,0.12350336
657,768,2,0.005365177,0.0022081,0.003157077
657,768,3,0.030148515,0.027112378,0.003036137
657,768,4,0.006066158,0.003035984,0.003030174
657,768,5,0.004641149,0.001619894,0.003021255
657,768,6,0.004037915,0.00093938,0.003098535
657,768,7,0.049912411,0.046839923,0.003072488
657,768,8,0.004289723,0.001135993,0.00315373
657,768,9,0.00433358,0.001115952,0.003217628
657,768,10,0.004254712,0.001028826,0.003225886
657,768,11,0.004189625,0.00086852,0.003321105
657,768,12,0.004088931,0.000713319,0.003375612
657,768,13,0.004131955,0.000773899,0.003358056
657,768,14,0.003916853,0.00050416,0.003412693
657,768,15,0.003928507,0.000489452,0.003439055
657,768,16,0.003685565,0.000400026,0.003285539
657,768,17,0.003789471,0.000502022,0.003287449
657,768,18,0.004037775,0.000820576,0.003217199
657,768,19,0.004196198,0.000966871,0.003229327
657,768,20,0.004354554,0.001105461,0.003249093
657,768,21,0.004265124,0.000932522,0.003332602
657,768,22,0.003933362,0.000682788,0.003250574
657,768,23,0.003975346,0.000755374,0.003219972
657,768,24,0.004220616,0.000862186,0.00335843
657,768,25,0.003955537,0.000552814,0.003402723
657,768,26,0.014194308,0.010769278,0.00342503
657,768,27,0.005737154,0.002311179,0.003425975
657,768,28,0.005644728,0.002328133,0.003316595
657,768,29,0.005608632,0.002241544,0.003367088
657,768,30,0.005387829,0.001979742,0.003408087
657,768,31,0.00570942,0.002241188,0.003468232
657,768,32,0.005406418,0.001984448,0.00342197
657,768,33,0.004733447,0.001238793,0.003494654
657,768,34,0.004589598,0.001111159,0.003478439
657,768,35,0.004992705,0.001376994,0.003615711
657,768,36,0.004544988,0.000961207,0.003583781
657,768,37,0.004490239,0.000937143,0.003553096
657,768,38,0.004707191,0.00104008,0.003667111
657,768,39,0.004844206,0.001076728,0.003767478
657,768,40,0.004397757,0.000671423,0.003726334
657,768,41,0.004793479,0.000995572,0.003797907
657,768,42,0.004749263,0.000862953,0.00388631
657,768,43,0.004798066,0.00085681,0.003941256
657,768,44,0.004729324,0.000848202,0.003881122
657,768,45,0.004888155,0.000880808,0.004007347
657,768,46,0.004618764,0.000656731,0.003962033
657,768,47,0.00451763,0.000560374,0.003957256
657,768,48,0.004541154,0.000556205,0.003984949
657,768,49,0.004545493,0.000524453,0.00402104
657,768,50,0.004761344,0.000769779,0.003991565
657,768,51,0.004679712,0.000638085,0.004041627
657,768,52,0.004462215,0.000465026,0.003997189
657,768,53,0.004710252,0.000653843,0.004056409
657,768,54,0.004446727,0.000451426,0.003995301
657,768,55,0.00467717,0.000633487,0.004043683
657,768,56,0.004498043,0.000437645,0.004060398
657,768,57,0.00464636,0.000553315,0.004093045
657,768,58,0.00448443,0.000464659,0.004019771
657,768,59,0.004642542,0.000534934,0.004107608
657,768,60,0.004550598,0.000514076,0.004036522
657,768,61,0.004681136,0.000540382,0.004140754
657,768,62,0.004666134,0.00054377,0.004122364
657,768,63,0.004623118,0.000546694,0.004076424
657,768,64,0.004539974,0.000527463,0.004012511
657,768,65,0.004698973,0.000656727,0.004042246
657,768,66,0.004454825,0.000525301,0.003929524
657,768,67,0.004549467,0.000663733,0.003885734
657,768,68,0.004597911,0.00073329,0.003864621
657,768,69,0.004751894,0.000843112,0.003908782
657,768,70,0.004370407,0.000564408,0.003805999
657,768,71,0.00480174,0.000926783,0.003874957
657,768,72,0.004534037,0.000707643,0.003826394
657,768,73,0.004594053,0.000803535,0.003790518
657,768,74,0.004627971,0.000864174,0.003763797
657,768,75,0.004760832,0.000863411,0.003897421
657,768,76,0.004438105,0.000677891,0.003760214
657,768,77,0.004661982,0.000878989,0.003782993
657,768,78,0.004679282,0.000963654,0.003715628
657,768,79,0.005212545,0.00151029,0.003702255
657,768,80,0.005034997,0.001345859,0.003689138
657,768,81,0.004516772,0.000794974,0.003721798
657,768,82,0.004907183,0.001226714,0.003680469
657,768,83,0.004497213,0.000920779,0.003576434
657,768,84,0.004507807,0.001004776,0.003503031
657,768,85,0.006938504,0.003533305,0.003405199
657,768,86,0.004426962,0.0008225,0.003604462
657,768,87,0.004298657,0.000608353,0.003690304
657,768,88,0.004206715,0.000552269,0.003654446
657,768,89,0.007560746,0.004043223,0.003517523
657,768,90,0.005214028,0.001909262,0.003304766
657,768,91,0.004180049,0.000780933,0.003399116
657,768,92,0.004440111,0.000955781,0.00348433
657,768,93,0.004201083,0.000809159,0.003391924
657,768,94,0.004475413,0.000929114,0.003546299
657,768,95,0.004560766,0.001006777,0.003553989
657,768,96,0.004821571,0.001123382,0.003698189
657,768,97,0.005011729,0.001143397,0.003868332
657,768,98,0.004154866,0.000411361,0.003743505
657,768,99,0.004347067,0.000848327,0.00349874
657,768,100,0.004117355,0.000661802,0.003455553
657,768,101,0.004457364,0.000999311,0.003458053
657,768,102,0.008405728,0.005145586,0.003260142
657,768,103,0.004791054,0.001531185,0.003259869
657,768,104,0.00447099,0.001176047,0.003294943
657,768,105,0.004119145,0.000864883,0.003254262
657,768,106,0.004438363,0.00108938,0.003348983
657,768,107,0.007604706,0.004180151,0.003424555
657,768,108,0.004036599,0.000579733,0.003456866
657,768,109,0.004938304,0.001575847,0.003362457
657,768,110,0.00576472,0.002448586,0.003316134
658,768,1,0.759645907,0.636247292,0.123398615
658,768,2,0.005600112,0.002449412,0.0031507
658,768,3,0.029417577,0.026347203,0.003070374
658,768,4,0.007773518,0.004750948,0.00302257
658,768,5,0.003987193,0.000871681,0.003115512
658,768,6,0.036934569,0.033902452,0.003032117
658,768,7,0.004160875,0.001110255,0.00305062
658,768,8,0.015740319,0.012673971,0.003066348
658,768,9,0.004347345,0.001147694,0.003199651
658,768,10,0.004249076,0.001055737,0.003193339
658,768,11,0.004246768,0.000965771,0.003280997
658,768,12,0.004036102,0.000695353,0.003340749
658,768,13,0.004148721,0.000702313,0.003446408
658,768,14,0.004115499,0.000663014,0.003452485
658,768,15,0.003883069,0.00042684,0.003456229
658,768,16,0.003840577,0.000528032,0.003312545
658,768,17,0.003750667,0.000545279,0.003205388
658,768,18,0.004083176,0.000884739,0.003198437
658,768,19,0.00422538,0.000972203,0.003253177
658,768,20,0.004451535,0.001120213,0.003331322
658,768,21,0.004229452,0.000910331,0.003319121
658,768,22,0.003827088,0.000559875,0.003267213
658,768,23,0.004099761,0.000884728,0.003215033
658,768,24,0.004122158,0.000791879,0.003330279
658,768,25,0.014417091,0.011055594,0.003361497
658,768,26,0.00563718,0.002286392,0.003350788
658,768,27,0.005416431,0.002113412,0.003303019
658,768,28,0.005940388,0.002580805,0.003359583
658,768,29,0.005231745,0.001786201,0.003445544
658,768,30,0.005637811,0.002319932,0.003317879
658,768,31,0.005187449,0.001871231,0.003316218
658,768,32,0.005090803,0.001439104,0.003651699
658,768,33,0.004558799,0.001104704,0.003454095
658,768,34,0.004844359,0.001364304,0.003480055
658,768,35,0.004693873,0.0011118,0.003582073
658,768,36,0.004743948,0.001114355,0.003629593
658,768,37,0.004626045,0.001038755,0.00358729
658,768,38,0.004740676,0.00096503,0.003775646
658,768,39,0.00424233,0.000590815,0.003651515
658,768,40,0.004677754,0.000828778,0.003848976
658,768,41,0.004455548,0.000698117,0.003757431
658,768,42,0.004757002,0.000839793,0.003917209
658,768,43,0.004669756,0.000699422,0.003970334
658,768,44,0.004524795,0.000529081,0.003995714
658,768,45,0.004556239,0.000561559,0.00399468
658,768,46,0.004585032,0.000646082,0.00393895
658,768,47,0.004613952,0.000657835,0.003956117
658,768,48,0.004583743,0.00056553,0.004018213
658,768,49,0.00458336,0.000628493,0.003954867
658,768,50,0.004598646,0.000564944,0.004033702
658,768,51,0.004735574,0.000751698,0.003983876
658,768,52,0.004729984,0.000626452,0.004103532
658,768,53,0.004479247,0.000466891,0.004012356
658,768,54,0.004702605,0.000568182,0.004134423
658,768,55,0.004618718,0.000510376,0.004108342
658,768,56,0.004738695,0.00051654,0.004222155
658,768,57,0.004621443,0.000495587,0.004125856
658,768,58,0.004605717,0.000489017,0.0041167
658,768,59,0.004584704,0.00048983,0.004094874
658,768,60,0.004530153,0.00049466,0.004035493
658,768,61,0.00458273,0.000542302,0.004040428
658,768,62,0.004549363,0.000559584,0.003989779
658,768,63,0.004562847,0.000559433,0.004003414
658,768,64,0.004557422,0.000561302,0.00399612
658,768,65,0.004579932,0.000605094,0.003974838
658,768,66,0.004624211,0.000620271,0.00400394
658,768,67,0.004504012,0.000600991,0.003903021
658,768,68,0.004572416,0.000626644,0.003945772
658,768,69,0.004535258,0.00062395,0.003911308
658,768,70,0.004621802,0.000666947,0.003954855
658,768,71,0.004586044,0.000607724,0.00397832
658,768,72,0.004520918,0.000686435,0.003834483
658,768,73,0.004601013,0.000692896,0.003908117
658,768,74,0.004489534,0.000657973,0.003831561
658,768,75,0.004555707,0.000710795,0.003844912
658,768,76,0.004770322,0.000902906,0.003867416
658,768,77,0.0051185,0.00135763,0.00376087
658,768,78,0.004663021,0.000947624,0.003715397
658,768,79,0.005222472,0.001522869,0.003699603
658,768,80,0.004918587,0.001095681,0.003822906
658,768,81,0.004891217,0.001078504,0.003812713
658,768,82,0.004474043,0.000697274,0.003776769
658,768,83,0.00458082,0.001020364,0.003560456
658,768,84,0.004480415,0.000937389,0.003543026
658,768,85,0.004354757,0.000947467,0.00340729
658,768,86,0.006381156,0.002860871,0.003520285
658,768,87,0.004503696,0.000821386,0.00368231
658,768,88,0.004335194,0.000666072,0.003669122
658,768,89,0.004370753,0.000716835,0.003653918
658,768,90,0.007209079,0.003778092,0.003430987
658,768,91,0.005214256,0.001999398,0.003214858
658,768,92,0.004549198,0.001078507,0.003470691
658,768,93,0.004233498,0.000782116,0.003451382
658,768,94,0.005153307,0.00157286,0.003580447
658,768,95,0.004921392,0.001442048,0.003479344
658,768,96,0.004538223,0.000869131,0.003669092
658,768,97,0.004733503,0.000917064,0.003816439
658,768,98,0.004739958,0.000957672,0.003782286
658,768,99,0.00396905,0.000525543,0.003443507
658,768,100,0.004421613,0.001065012,0.003356601
658,768,101,0.00838184,0.005005781,0.003376059
658,768,102,0.004941618,0.001591839,0.003349779
658,768,103,0.004500443,0.00112411,0.003376333
658,768,104,0.003991278,0.000709347,0.003281931
658,768,105,0.004234726,0.000917172,0.003317554
658,768,106,0.004322904,0.000974254,0.00334865
658,768,107,0.005500679,0.00222017,0.003280509
658,768,108,0.005338485,0.002025154,0.003313331
658,768,109,0.004343703,0.000849984,0.003493719
658,768,110,0.004879992,0.001491442,0.00338855
659,768,1,0.760270099,0.636345374,0.123924725
659,768,2,0.004551223,0.001403634,0.003147589
659,768,3,0.034410339,0.031379312,0.003031027
659,768,4,0.003854414,0.000695532,0.003158882
659,768,5,0.016943772,0.013915901,0.003027871
659,768,6,0.004017347,0.0008509,0.003166447
659,768,7,0.022837094,0.01980295,0.003034144
659,768,8,0.004276459,0.001118794,0.003157665
659,768,9,0.015747392,0.012651695,0.003095697
659,768,10,0.004349783,0.001127565,0.003222218
659,768,11,0.00438046,0.001119019,0.003261441
659,768,12,0.004171872,0.000800847,0.003371025
659,768,13,0.003890281,0.000487983,0.003402298
659,768,14,0.004106771,0.000698523,0.003408248
659,768,15,0.004155733,0.000708638,0.003447095
659,768,16,0.003745084,0.00044633,0.003298754
659,768,17,0.003939789,0.000695306,0.003244483
659,768,18,0.004061142,0.000848556,0.003212586
659,768,19,0.004358599,0.001099047,0.003259552
659,768,20,0.004644744,0.0012296,0.003415144
659,768,21,0.00412979,0.00078312,0.00334667
659,768,22,0.004251553,0.000919123,0.00333243
659,768,23,0.004121588,0.00083213,0.003289458
659,768,24,0.014426655,0.011163595,0.00326306
659,768,25,0.005412103,0.002190673,0.00322143
659,768,26,0.005393228,0.002094875,0.003298353
659,768,27,0.005849895,0.002464512,0.003385383
659,768,28,0.00522354,0.001724103,0.003499437
659,768,29,0.00546624,0.0022023,0.00326394
659,768,30,0.005305265,0.002001881,0.003303384
659,768,31,0.004954854,0.00148462,0.003470234
659,768,32,0.004649023,0.001189108,0.003459915
659,768,33,0.004831092,0.001353812,0.00347728
659,768,34,0.004797298,0.001222786,0.003574512
659,768,35,0.004539744,0.001023947,0.003515797
659,768,36,0.004805082,0.001190694,0.003614388
659,768,37,0.004662737,0.000981964,0.003680773
659,768,38,0.004449086,0.000712202,0.003736884
659,768,39,0.004527276,0.000637673,0.003889603
659,768,40,0.004379233,0.000577098,0.003802135
659,768,41,0.004719778,0.000847672,0.003872106
659,768,42,0.004673537,0.000752589,0.003920948
659,768,43,0.004438408,0.000495538,0.00394287
659,768,44,0.004388997,0.000509526,0.003879471
659,768,45,0.004631341,0.000687294,0.003944047
659,768,46,0.004540372,0.000642331,0.003898041
659,768,47,0.004573013,0.000624164,0.003948849
659,768,48,0.004769015,0.00073003,0.004038985
659,768,49,0.004516763,0.000539245,0.003977518
659,768,50,0.004506777,0.000504419,0.004002358
659,768,51,0.004602579,0.000622544,0.003980035
659,768,52,0.004606119,0.000608501,0.003997618
659,768,53,0.00464116,0.000591609,0.004049551
659,768,54,0.004557466,0.000498432,0.004059034
659,768,55,0.004592137,0.000582153,0.004009984
659,768,56,0.004617963,0.000528271,0.004089692
659,768,57,0.004544442,0.0005259,0.004018542
659,768,58,0.00461371,0.000534625,0.004079085
659,768,59,0.004606982,0.000563431,0.004043551
659,768,60,0.004668587,0.000561157,0.00410743
659,768,61,0.00467959,0.000546658,0.004132932
659,768,62,0.004634592,0.000566197,0.004068395
659,768,63,0.00455286,0.000531247,0.004021613
659,768,64,0.004528997,0.000547727,0.00398127
659,768,65,0.004663896,0.000581279,0.004082617
659,768,66,0.004576791,0.000558493,0.004018298
659,768,67,0.004536567,0.000589492,0.003947075
659,768,68,0.004531312,0.000571378,0.003959934
659,768,69,0.004464472,0.000621037,0.003843435
659,768,70,0.004510109,0.000608434,0.003901675
659,768,71,0.004477819,0.00062806,0.003849759
659,768,72,0.004499826,0.000686756,0.00381307
659,768,73,0.004524216,0.000652765,0.003871451
659,768,74,0.004410052,0.000673538,0.003736514
659,768,75,0.004918253,0.00107335,0.003844903
659,768,76,0.005785742,0.001972146,0.003813596
659,768,77,0.004410269,0.00066849,0.003741779
659,768,78,0.004567955,0.000868653,0.003699302
659,768,79,0.005189187,0.001544085,0.003645102
659,768,80,0.004867242,0.001220998,0.003646244
659,768,81,0.004777287,0.001047865,0.003729422
659,768,82,0.004579447,0.000878147,0.0037013
659,768,83,0.004783684,0.0012724,0.003511284
659,768,84,0.004602097,0.001067068,0.003535029
659,768,85,0.004405913,0.000912649,0.003493264
659,768,86,0.004435903,0.000920557,0.003515346
659,768,87,0.005230136,0.001756212,0.003473924
659,768,88,0.004612478,0.000923409,0.003689069
659,768,89,0.004726876,0.001086778,0.003640098
659,768,90,0.004780569,0.001137771,0.003642798
659,768,91,0.00613646,0.002947268,0.003189192
659,768,92,0.005695627,0.00240811,0.003287517
659,768,93,0.005576269,0.002231397,0.003344872
659,768,94,0.00514087,0.001618786,0.003522084
659,768,95,0.004267397,0.000859167,0.00340823
659,768,96,0.004550692,0.000917114,0.003633578
659,768,97,0.005194168,0.00138663,0.003807538
659,768,98,0.004347247,0.000590981,0.003756266
659,768,99,0.004396678,0.00085806,0.003538618
659,768,100,0.00823674,0.004937837,0.003298903
659,768,101,0.004797087,0.001421503,0.003375584
659,768,102,0.004473368,0.001225179,0.003248189
659,768,103,0.004320704,0.000925141,0.003395563
659,768,104,0.004105377,0.000754488,0.003350889
659,768,105,0.004093411,0.000789868,0.003303543
659,768,106,0.005786773,0.002502483,0.00328429
659,768,107,0.004859318,0.001487902,0.003371416
659,768,108,0.004457028,0.001048375,0.003408653
659,768,109,0.005177317,0.001790188,0.003387129
659,768,110,0.004820977,0.001310126,0.003510851
660,768,1,0.761519045,0.637864656,0.123654389
660,768,2,0.006342794,0.00322109,0.003121704
660,768,3,0.013638959,0.010614347,0.003024612
660,768,4,0.035342252,0.032303572,0.00303868
660,768,5,0.003888326,0.000783913,0.003104413
660,768,6,0.003577712,0.000443717,0.003133995
660,768,7,0.019344818,0.016313356,0.003031462
660,768,8,0.006841468,0.003795852,0.003045616
660,768,9,0.00449121,0.001297934,0.003193276
660,768,10,0.015562038,0.012452469,0.003109569
660,768,11,0.004357521,0.001188051,0.00316947
660,768,12,0.004401848,0.001049342,0.003352506
660,768,13,0.004083216,0.000652831,0.003430385
660,768,14,0.003906637,0.000505088,0.003401549
660,768,15,0.004102598,0.000654836,0.003447762
660,768,16,0.004015878,0.000675438,0.00334044
660,768,17,0.003819054,0.000514351,0.003304703
660,768,18,0.004195401,0.0009283,0.003267101
660,768,19,0.004238319,0.001029878,0.003208441
660,768,20,0.004542962,0.001200402,0.00334256
660,768,21,0.004216485,0.000870269,0.003346216
660,768,22,0.004122384,0.000856741,0.003265643
660,768,23,0.015581936,0.012402134,0.003179802
660,768,24,0.00544743,0.002132682,0.003314748
660,768,25,0.00529233,0.001903053,0.003389277
660,768,26,0.005723852,0.002179672,0.00354418
660,768,27,0.004960238,0.001615807,0.003344431
660,768,28,0.00562215,0.002267972,0.003354178
660,768,29,0.005230729,0.001933837,0.003296892
660,768,30,0.004756367,0.001280984,0.003475383
660,768,31,0.004621591,0.001208005,0.003413586
660,768,32,0.004743492,0.001235279,0.003508213
660,768,33,0.004803542,0.001226678,0.003576864
660,768,34,0.004507808,0.000875579,0.003632229
660,768,35,0.004636728,0.000979514,0.003657214
660,768,36,0.004328863,0.000697188,0.003631675
660,768,37,0.004893363,0.001165408,0.003727955
660,768,38,0.004307897,0.00050385,0.003804047
660,768,39,0.004541114,0.000616031,0.003925083
660,768,40,0.00444754,0.000592457,0.003855083
660,768,41,0.004711112,0.000822841,0.003888271
660,768,42,0.004388401,0.000548224,0.003840177
660,768,43,0.004623288,0.000683755,0.003939533
660,768,44,0.004562586,0.00060033,0.003962256
660,768,45,0.004801093,0.00073173,0.004069363
660,768,46,0.004431295,0.000460909,0.003970386
660,768,47,0.004685979,0.000674221,0.004011758
660,768,48,0.004643436,0.000631553,0.004011883
660,768,49,0.004420184,0.000460888,0.003959296
660,768,50,0.004667241,0.000658387,0.004008854
660,768,51,0.004658933,0.000640732,0.004018201
660,768,52,0.00453679,0.000545278,0.003991512
660,768,53,0.004573101,0.000548989,0.004024112
660,768,54,0.004600731,0.00055343,0.004047301
660,768,55,0.00456992,0.000540663,0.004029257
660,768,56,0.004597522,0.000480931,0.004116591
660,768,57,0.004554212,0.000483238,0.004070974
660,768,58,0.004612196,0.000501361,0.004110835
660,768,59,0.004562712,0.0004913,0.004071412
660,768,60,0.004633599,0.000523492,0.004110107
660,768,61,0.004638082,0.000514321,0.004123761
660,768,62,0.004637835,0.000537486,0.004100349
660,768,63,0.004637653,0.000524302,0.004113351
660,768,64,0.004620513,0.00053067,0.004089843
660,768,65,0.004600077,0.00055067,0.004049407
660,768,66,0.004571825,0.000543431,0.004028394
660,768,67,0.004507493,0.000556882,0.003950611
660,768,68,0.004491265,0.000570517,0.003920748
660,768,69,0.004502511,0.000565827,0.003936684
660,768,70,0.004489986,0.000622183,0.003867803
660,768,71,0.004454219,0.00058997,0.003864249
660,768,72,0.004430927,0.000672839,0.003758088
660,768,73,0.004514603,0.000654763,0.00385984
660,768,74,0.00443593,0.00071899,0.00371694
660,768,75,0.005189166,0.001351676,0.00383749
660,768,76,0.004468734,0.000630337,0.003838397
660,768,77,0.00507097,0.001272763,0.003798207
660,768,78,0.004820973,0.001053868,0.003767105
660,768,79,0.005097718,0.00139105,0.003706668
660,768,80,0.004938478,0.00124629,0.003692188
660,768,81,0.004813908,0.000985124,0.003828784
660,768,82,0.004551371,0.000810226,0.003741145
660,768,83,0.004756877,0.00117361,0.003583267
660,768,84,0.00450225,0.000895569,0.003606681
660,768,85,0.004531203,0.001015013,0.00351619
660,768,86,0.004380063,0.000852344,0.003527719
660,768,87,0.004432854,0.000906661,0.003526193
660,768,88,0.006241458,0.002641047,0.003600411
660,768,89,0.004686422,0.000994293,0.003692129
660,768,90,0.004404509,0.000721513,0.003682996
660,768,91,0.004072088,0.000640997,0.003431091
660,768,92,0.009044639,0.005607358,0.003437281
660,768,93,0.004725174,0.001269908,0.003455266
660,768,94,0.004498096,0.000925623,0.003572473
660,768,95,0.004456432,0.001043638,0.003412794
660,768,96,0.0045974,0.001026305,0.003571095
660,768,97,0.005070654,0.001304779,0.003765875
660,768,98,0.004752176,0.001036904,0.003715272
660,768,99,0.004937772,0.001402172,0.0035356
660,768,100,0.004351082,0.000855925,0.003495157
660,768,101,0.006721599,0.00327915,0.003442449
660,768,102,0.004793914,0.001403109,0.003390805
660,768,103,0.004638384,0.00129753,0.003340854
660,768,104,0.004916906,0.001555931,0.003360975
660,768,105,0.005596715,0.002239614,0.003357101
660,768,106,0.004938554,0.001477885,0.003460669
660,768,107,0.004407594,0.000834642,0.003572952
660,768,108,0.00506886,0.00169482,0.00337404
660,768,109,0.004539097,0.001024857,0.00351424
660,768,110,0.004882201,0.001489649,0.003392552
661,768,1,0.759234994,0.635948946,0.123286048
661,768,2,0.00874199,0.005605425,0.003136565
661,768,3,0.045628935,0.04259914,0.003029795
661,768,4,0.003811128,0.000672305,0.003138823
661,768,5,0.003535201,0.000365044,0.003170157
661,768,6,0.019233717,0.016208333,0.003025384
661,768,7,0.004610455,0.001568023,0.003042432
661,768,8,0.004248673,0.001066785,0.003181888
661,768,9,0.00507165,0.002024576,0.003047074
661,768,10,0.004391855,0.001228767,0.003163088
661,768,11,0.015832424,0.012680716,0.003151708
661,768,12,0.004784001,0.001408008,0.003375993
661,768,13,0.003919726,0.000541207,0.003378519
661,768,14,0.004216326,0.000795017,0.003421309
661,768,15,0.004186569,0.000720591,0.003465978
661,768,16,0.003942061,0.000611423,0.003330638
661,768,17,0.00407567,0.000825285,0.003250385
661,768,18,0.004078744,0.000891355,0.003187389
661,768,19,0.004249797,0.001055248,0.003194549
661,768,20,0.004595392,0.001374468,0.003220924
661,768,21,0.004447198,0.001092061,0.003355137
661,768,22,0.015770523,0.012470538,0.003299985
661,768,23,0.005404832,0.002051381,0.003353451
661,768,24,0.005266425,0.001903904,0.003362521
661,768,25,0.005192122,0.001784394,0.003407728
661,768,26,0.005286014,0.001939272,0.003346742
661,768,27,0.00539034,0.002027417,0.003362923
661,768,28,0.005337772,0.001974279,0.003363493
661,768,29,0.004616014,0.00117414,0.003441874
661,768,30,0.004537889,0.001113256,0.003424633
661,768,31,0.004729789,0.001218847,0.003510942
661,768,32,0.004431444,0.000981364,0.00345008
661,768,33,0.004884558,0.001378654,0.003505904
661,768,34,0.004591116,0.000950027,0.003641089
661,768,35,0.004472857,0.000860983,0.003611874
661,768,36,0.004576445,0.000892674,0.003683771
661,768,37,0.004426155,0.000784106,0.003642049
661,768,38,0.004562337,0.000785953,0.003776384
661,768,39,0.004472411,0.000724417,0.003747994
661,768,40,0.004305282,0.000576466,0.003728816
661,768,41,0.004571102,0.000782547,0.003788555
661,768,42,0.004560619,0.000648918,0.003911701
661,768,43,0.004588513,0.000681768,0.003906745
661,768,44,0.004559667,0.000574635,0.003985032
661,768,45,0.004578993,0.000634897,0.003944096
661,768,46,0.004510963,0.000563995,0.003946968
661,768,47,0.004539778,0.000580406,0.003959372
661,768,48,0.004633589,0.000642532,0.003991057
661,768,49,0.004492645,0.00052538,0.003967265
661,768,50,0.004437815,0.000481067,0.003956748
661,768,51,0.004586028,0.000626658,0.00395937
661,768,52,0.004533664,0.000616419,0.003917245
661,768,53,0.004765619,0.000725888,0.004039731
661,768,54,0.004442936,0.000495707,0.003947229
661,768,55,0.004714664,0.00071456,0.004000104
661,768,56,0.004456291,0.000513037,0.003943254
661,768,57,0.00456673,0.000571089,0.003995641
661,768,58,0.004570606,0.000587976,0.00398263
661,768,59,0.004616982,0.00061025,0.004006732
661,768,60,0.004645834,0.000658957,0.003986877
661,768,61,0.004638362,0.000616486,0.004021876
661,768,62,0.004574205,0.000605564,0.003968641
661,768,63,0.004604312,0.000611534,0.003992778
661,768,64,0.004566098,0.000636362,0.003929736
661,768,65,0.004652205,0.000681713,0.003970492
661,768,66,0.004567358,0.000661901,0.003905457
661,768,67,0.004607737,0.000686634,0.003921103
661,768,68,0.004485374,0.000598739,0.003886635
661,768,69,0.004542616,0.000665206,0.00387741
661,768,70,0.00467708,0.000827412,0.003849668
661,768,71,0.004654459,0.000706524,0.003947935
661,768,72,0.004526674,0.000714099,0.003812575
661,768,73,0.004657858,0.00076719,0.003890668
661,768,74,0.004849128,0.000964708,0.00388442
661,768,75,0.004552306,0.000600129,0.003952177
661,768,76,0.004579866,0.000757642,0.003822224
661,768,77,0.004525699,0.000676879,0.00384882
661,768,78,0.0049196,0.001186785,0.003732815
661,768,79,0.005261336,0.00151478,0.003746556
661,768,80,0.004956266,0.001314871,0.003641395
661,768,81,0.004841579,0.001049254,0.003792325
661,768,82,0.004744909,0.001062804,0.003682105
661,768,83,0.004545112,0.001076739,0.003468373
661,768,84,0.004821559,0.00140657,0.003414989
661,768,85,0.004601625,0.001079954,0.003521671
661,768,86,0.004368922,0.00086545,0.003503472
661,768,87,0.005492729,0.001956336,0.003536393
661,768,88,0.005096986,0.00142194,0.003675046
661,768,89,0.004627241,0.000940425,0.003686816
661,768,90,0.004674976,0.001009371,0.003665605
661,768,91,0.00823878,0.004967589,0.003271191
661,768,92,0.005208874,0.001773538,0.003435336
661,768,93,0.004312307,0.000853014,0.003459293
661,768,94,0.00452695,0.001048005,0.003478945
661,768,95,0.004426897,0.000995275,0.003431622
661,768,96,0.004515486,0.001045932,0.003469554
661,768,97,0.005514994,0.001934343,0.003580651
661,768,98,0.004863668,0.001309719,0.003553949
661,768,99,0.004664483,0.001138233,0.00352625
661,768,100,0.006042851,0.002707133,0.003335718
661,768,101,0.005310918,0.001938891,0.003372027
661,768,102,0.004741492,0.001427254,0.003314238
661,768,103,0.005163257,0.001794559,0.003368698
661,768,104,0.005109442,0.001805894,0.003303548
661,768,105,0.005041544,0.001792106,0.003249438
661,768,106,0.004372111,0.001049284,0.003322827
661,768,107,0.005093272,0.00183526,0.003258012
661,768,108,0.004557212,0.001207537,0.003349675
661,768,109,0.004645328,0.001222208,0.00342312
661,768,110,0.005603229,0.002498105,0.003105124
662,768,1,0.76467555,0.639285787,0.125389763
662,768,2,0.003792093,0.000590668,0.003201425
662,768,3,0.035077868,0.03203816,0.003039708
662,768,4,0.013325446,0.010278237,0.003047209
662,768,5,0.020096467,0.017046599,0.003049868
662,768,6,0.004362466,0.001214723,0.003147743
662,768,7,0.004044847,0.000899946,0.003144901
662,768,8,0.004137818,0.000985092,0.003152726
662,768,9,0.003966294,0.000798173,0.003168121
662,768,10,0.004585339,0.001356781,0.003228558
662,768,11,0.00428346,0.001084129,0.003199331
662,768,12,0.015823718,0.012581857,0.003241861
662,768,13,0.00457166,0.001273636,0.003298024
662,768,14,0.004140503,0.000771786,0.003368717
662,768,15,0.004138187,0.000728556,0.003409631
662,768,16,0.004111924,0.000758254,0.00335367
662,768,17,0.003993142,0.000705983,0.003287159
662,768,18,0.004259468,0.001012454,0.003247014
662,768,19,0.004188262,0.000986021,0.003202241
662,768,20,0.004817526,0.001355585,0.003461941
662,768,21,0.016515657,0.013250211,0.003265446
662,768,22,0.005580773,0.002281357,0.003299416
662,768,23,0.005290501,0.002050133,0.003240368
662,768,24,0.005020105,0.001801188,0.003218917
662,768,25,0.005247272,0.001936491,0.003310781
662,768,26,0.005285991,0.001937258,0.003348733
662,768,27,0.00521684,0.001719542,0.003497298
662,768,28,0.004604913,0.001072455,0.003532458
662,768,29,0.004449095,0.001065992,0.003383103
662,768,30,0.004738429,0.001193269,0.00354516
662,768,31,0.004543088,0.001016611,0.003526477
662,768,32,0.004698223,0.001137057,0.003561166
662,768,33,0.004742004,0.001097155,0.003644849
662,768,34,0.004518277,0.000807469,0.003710808
662,768,35,0.004465181,0.000741018,0.003724163
662,768,36,0.004413646,0.000754708,0.003658938
662,768,37,0.004628158,0.000841363,0.003786795
662,768,38,0.004394643,0.000568148,0.003826495
662,768,39,0.0043904,0.000589161,0.003801239
662,768,40,0.004365998,0.000538692,0.003827306
662,768,41,0.00435533,0.000544974,0.003810356
662,768,42,0.004394953,0.000508391,0.003886562
662,768,43,0.004379092,0.000513859,0.003865233
662,768,44,0.004610825,0.000708431,0.003902394
662,768,45,0.004563144,0.00066775,0.003895394
662,768,46,0.004643902,0.000701895,0.003942007
662,768,47,0.004480766,0.000589448,0.003891318
662,768,48,0.004793326,0.000779153,0.004014173
662,768,49,0.004462256,0.00050469,0.003957566
662,768,50,0.004602118,0.0005772,0.004024918
662,768,51,0.004574746,0.000589049,0.003985697
662,768,52,0.004522855,0.000605492,0.003917363
662,768,53,0.004564599,0.000585928,0.003978671
662,768,54,0.004686921,0.000715784,0.003971137
662,768,55,0.004582784,0.00056051,0.004022274
662,768,56,0.004514001,0.000509858,0.004004143
662,768,57,0.004585497,0.00055904,0.004026457
662,768,58,0.004597693,0.00055023,0.004047463
662,768,59,0.004686336,0.000575233,0.004111103
662,768,60,0.00454742,0.000557739,0.003989681
662,768,61,0.004636651,0.00057847,0.004058181
662,768,62,0.004565335,0.000589597,0.003975738
662,768,63,0.004619431,0.000578468,0.004040963
662,768,64,0.004560369,0.000589229,0.00397114
662,768,65,0.004709523,0.000678126,0.004031397
662,768,66,0.004550055,0.000569907,0.003980148
662,768,67,0.004646336,0.000684824,0.003961512
662,768,68,0.004683817,0.000744092,0.003939725
662,768,69,0.004897272,0.000907408,0.003989864
662,768,70,0.004549108,0.000565983,0.003983125
662,768,71,0.004638191,0.000686953,0.003951238
662,768,72,0.00456999,0.000647815,0.003922175
662,768,73,0.004847067,0.000892725,0.003954342
662,768,74,0.004401678,0.000606237,0.003795441
662,768,75,0.00480866,0.000873194,0.003935466
662,768,76,0.00447465,0.000617911,0.003856739
662,768,77,0.004391271,0.00055386,0.003837411
662,768,78,0.004249234,0.000552773,0.003696461
662,768,79,0.005477092,0.001774022,0.00370307
662,768,80,0.004529943,0.000815107,0.003714836
662,768,81,0.004960542,0.001229983,0.003730559
662,768,82,0.00546275,0.001696412,0.003766338
662,768,83,0.004780961,0.001219143,0.003561818
662,768,84,0.004566514,0.001048756,0.003517758
662,768,85,0.00457202,0.001031319,0.003540701
662,768,86,0.005636315,0.002155121,0.003481194
662,768,87,0.004966368,0.001303087,0.003663281
662,768,88,0.004776982,0.001084581,0.003692401
662,768,89,0.004369192,0.00064671,0.003722482
662,768,90,0.004539793,0.000874384,0.003665409
662,768,91,0.004609877,0.001349487,0.00326039
662,768,92,0.007873619,0.004368088,0.003505531
662,768,93,0.004812162,0.001336892,0.00347527
662,768,94,0.004535975,0.000978221,0.003557754
662,768,95,0.004435813,0.000925775,0.003510038
662,768,96,0.00603489,0.00251661,0.00351828
662,768,97,0.00518304,0.001565053,0.003617987
662,768,98,0.004224677,0.000745934,0.003478743
662,768,99,0.006516204,0.003179113,0.003337091
662,768,100,0.00510438,0.001819782,0.003284598
662,768,101,0.004723442,0.001316606,0.003406836
662,768,102,0.004294939,0.000976459,0.00331848
662,768,103,0.006057662,0.002913745,0.003143917
662,768,104,0.00480085,0.001613359,0.003187491
662,768,105,0.004891411,0.001500839,0.003390572
662,768,106,0.0050334,0.001805475,0.003227925
662,768,107,0.004377591,0.001075198,0.003302393
662,768,108,0.00465607,0.001298642,0.003357428
662,768,109,0.005834569,0.00248547,0.003349099
662,768,110,0.004739516,0.001677294,0.003062222
663,768,1,0.759180287,0.635586254,0.123594033
663,768,2,0.00882413,0.005697463,0.003126667
663,768,3,0.020335368,0.017311712,0.003023656
663,768,4,0.045361519,0.042327084,0.003034435
663,768,5,0.003968285,0.000937212,0.003031073
663,768,6,0.004003117,0.000894743,0.003108374
663,768,7,0.004008736,0.000903626,0.00310511
663,768,8,0.004088208,0.000964165,0.003124043
663,768,9,0.00401624,0.000885371,0.003130869
663,768,10,0.004181234,0.000971118,0.003210116
663,768,11,0.004100503,0.000885362,0.003215141
663,768,12,0.004053707,0.000837101,0.003216606
663,768,13,0.015630408,0.012316847,0.003313561
663,768,14,0.004583908,0.001218885,0.003365023
663,768,15,0.004196838,0.000764947,0.003431891
663,768,16,0.003972438,0.000650561,0.003321877
663,768,17,0.004213903,0.000983914,0.003229989
663,768,18,0.004112954,0.00093798,0.003174974
663,768,19,0.004340083,0.001113,0.003227083
663,768,20,0.01786237,0.014705506,0.003156864
663,768,21,0.005939907,0.002779751,0.003160156
663,768,22,0.005367739,0.002178101,0.003189638
663,768,23,0.004958694,0.001719358,0.003239336
663,768,24,0.004986907,0.001695099,0.003291808
663,768,25,0.005291783,0.001818572,0.003473211
663,768,26,0.004876569,0.001463783,0.003412786
663,768,27,0.004525384,0.001042477,0.003482907
663,768,28,0.004441352,0.000959835,0.003481517
663,768,29,0.004489118,0.001048321,0.003440797
663,768,30,0.004632851,0.001113738,0.003519113
663,768,31,0.00481368,0.00114782,0.00366586
663,768,32,0.004284133,0.0007055,0.003578633
663,768,33,0.004655463,0.00108363,0.003571833
663,768,34,0.004430004,0.000802482,0.003627522
663,768,35,0.004609074,0.000947198,0.003661876
663,768,36,0.004394307,0.000728719,0.003665588
663,768,37,0.004540263,0.000827587,0.003712676
663,768,38,0.004353357,0.000557754,0.003795603
663,768,39,0.004385944,0.000605878,0.003780066
663,768,40,0.004360068,0.000528762,0.003831306
663,768,41,0.004278724,0.000506958,0.003771766
663,768,42,0.004351982,0.000546317,0.003805665
663,768,43,0.004418021,0.000520157,0.003897864
663,768,44,0.004526547,0.000643062,0.003883485
663,768,45,0.00465669,0.00073196,0.00392473
663,768,46,0.004530932,0.000629625,0.003901307
663,768,47,0.004518747,0.000602345,0.003916402
663,768,48,0.004760535,0.000748869,0.004011666
663,768,49,0.004551598,0.000591976,0.003959622
663,768,50,0.004539911,0.000539247,0.004000664
663,768,51,0.004430628,0.000559457,0.003871171
663,768,52,0.004713794,0.000740772,0.003973022
663,768,53,0.004481793,0.000543856,0.003937937
663,768,54,0.004620521,0.000680513,0.003940008
663,768,55,0.004776514,0.00076255,0.004013964
663,768,56,0.004491227,0.000543517,0.00394771
663,768,57,0.004537489,0.000580912,0.003956577
663,768,58,0.00464455,0.000660182,0.003984368
663,768,59,0.004653816,0.00071648,0.003937336
663,768,60,0.004642228,0.000674293,0.003967935
663,768,61,0.004899607,0.000850758,0.004048849
663,768,62,0.004684134,0.000695491,0.003988643
663,768,63,0.004645283,0.000689167,0.003956116
663,768,64,0.004737023,0.000757446,0.003979577
663,768,65,0.004563594,0.00060511,0.003958484
663,768,66,0.004770026,0.000864448,0.003905578
663,768,67,0.004694537,0.000800163,0.003894374
663,768,68,0.004842405,0.000888101,0.003954304
663,768,69,0.004540683,0.000653879,0.003886804
663,768,70,0.004691125,0.000847014,0.003844111
663,768,71,0.004640429,0.000755474,0.003884955
663,768,72,0.004747196,0.000830874,0.003916322
663,768,73,0.004454985,0.000647103,0.003807882
663,768,74,0.004787274,0.00093234,0.003854934
663,768,75,0.004369664,0.000603426,0.003766238
663,768,76,0.004604307,0.000826376,0.003777931
663,768,77,0.00434516,0.000657702,0.003687458
663,768,78,0.004594811,0.000905079,0.003689732
663,768,79,0.004722692,0.001020775,0.003701917
663,768,80,0.00495703,0.001272051,0.003684979
663,768,81,0.004674112,0.000925575,0.003748537
663,768,82,0.005331699,0.00166941,0.003662289
663,768,83,0.004950056,0.001485465,0.003464591
663,768,84,0.00453263,0.001057459,0.003475171
663,768,85,0.006014751,0.002625004,0.003389747
663,768,86,0.004851057,0.001277947,0.00357311
663,768,87,0.004458682,0.000795659,0.003663023
663,768,88,0.004728231,0.001041684,0.003686547
663,768,89,0.004775062,0.001152896,0.003622166
663,768,90,0.004816824,0.00132563,0.003491194
663,768,91,0.005434873,0.002240029,0.003194844
663,768,92,0.005562597,0.00218124,0.003381357
663,768,93,0.004505068,0.001041925,0.003463143
663,768,94,0.005018107,0.001499501,0.003518606
663,768,95,0.006234763,0.002867217,0.003367546
663,768,96,0.005679748,0.002175337,0.003504411
663,768,97,0.004696368,0.001136604,0.003559764
663,768,98,0.006488126,0.003089343,0.003398783
663,768,99,0.005254882,0.00181424,0.003440642
663,768,100,0.004625938,0.00115636,0.003469578
663,768,101,0.003914361,0.000557225,0.003357136
663,768,102,0.004209347,0.000933421,0.003275926
663,768,103,0.00447844,0.00108922,0.00338922
663,768,104,0.007056055,0.003853378,0.003202677
663,768,105,0.005349697,0.002096014,0.003253683
663,768,106,0.004469845,0.001090219,0.003379626
663,768,107,0.004423024,0.001196708,0.003226316
663,768,108,0.005844362,0.002467599,0.003376763
663,768,109,0.005063401,0.001690343,0.003373058
663,768,110,0.003878886,0.000736092,0.003142794
664,768,1,0.759246089,0.635730412,0.123515677
664,768,2,0.025946644,0.022804396,0.003142248
664,768,3,0.045294879,0.042261565,0.003033314
664,768,4,0.003877873,0.000837168,0.003040705
664,768,5,0.003784516,0.00063362,0.003150896
664,768,6,0.003880145,0.000717222,0.003162923
664,768,7,0.003961912,0.000797234,0.003164678
664,768,8,0.004048581,0.00088364,0.003164941
664,768,9,0.004049402,0.000880661,0.003168741
664,768,10,0.00406956,0.000888047,0.003181513
664,768,11,0.004090753,0.000966739,0.003124014
664,768,12,0.004134206,0.000994758,0.003139448
664,768,13,0.004069574,0.000875686,0.003193888
664,768,14,0.014814387,0.011476077,0.00333831
664,768,15,0.004510169,0.001187968,0.003322201
664,768,16,0.004342713,0.000939695,0.003403018
664,768,17,0.003763537,0.000518108,0.003245429
664,768,18,0.004266044,0.001022034,0.00324401
664,768,19,0.019421899,0.016150787,0.003271112
664,768,20,0.006025789,0.002794775,0.003231014
664,768,21,0.005403749,0.002011576,0.003392173
664,768,22,0.004945966,0.001610978,0.003334988
664,768,23,0.004856756,0.001425969,0.003430787
664,768,24,0.004976417,0.00151832,0.003458097
664,768,25,0.004803815,0.00128008,0.003523735
664,768,26,0.00433456,0.000842308,0.003492252
664,768,27,0.004486499,0.000908064,0.003578435
664,768,28,0.004306276,0.000839564,0.003466712
664,768,29,0.004637776,0.001117699,0.003520077
664,768,30,0.00452244,0.001011531,0.003510909
664,768,31,0.004661016,0.001116584,0.003544432
664,768,32,0.004406429,0.000868605,0.003537824
664,768,33,0.004664372,0.001058159,0.003606213
664,768,34,0.004539928,0.000849183,0.003690745
664,768,35,0.004557179,0.00085844,0.003698739
664,768,36,0.004348726,0.000701281,0.003647445
664,768,37,0.00451534,0.00079387,0.00372147
664,768,38,0.004435544,0.000636674,0.00379887
664,768,39,0.004289111,0.000435487,0.003853624
664,768,40,0.004320553,0.000507733,0.00381282
664,768,41,0.004323164,0.000477429,0.003845735
664,768,42,0.004373227,0.000489327,0.0038839
664,768,43,0.00452313,0.000478631,0.004044499
664,768,44,0.004451922,0.000498297,0.003953625
664,768,45,0.004839845,0.000752424,0.004087421
664,768,46,0.004416574,0.000475029,0.003941545
664,768,47,0.004726709,0.000662757,0.004063952
664,768,48,0.004592205,0.000523117,0.004069088
664,768,49,0.004540012,0.000487754,0.004052258
664,768,50,0.004499647,0.000445545,0.004054102
664,768,51,0.004499754,0.000462677,0.004037077
664,768,52,0.004508013,0.000487143,0.00402087
664,768,53,0.004693461,0.000583789,0.004109672
664,768,54,0.004569714,0.000569625,0.004000089
664,768,55,0.004783267,0.000664297,0.00411897
664,768,56,0.004563685,0.000502001,0.004061684
664,768,57,0.004630841,0.000566435,0.004064406
664,768,58,0.004693776,0.000665334,0.004028442
664,768,59,0.004676371,0.000568733,0.004107638
664,768,60,0.004842351,0.000771532,0.004070819
664,768,61,0.004703359,0.00063804,0.004065319
664,768,62,0.004665696,0.000608736,0.00405696
664,768,63,0.004732337,0.000633774,0.004098563
664,768,64,0.004551645,0.000521501,0.004030144
664,768,65,0.004893261,0.00079765,0.004095611
664,768,66,0.004709866,0.000696697,0.004013169
664,768,67,0.004741099,0.000761683,0.003979416
664,768,68,0.004621371,0.000644588,0.003976783
664,768,69,0.0047372,0.000741689,0.003995511
664,768,70,0.004640679,0.000740089,0.00390059
664,768,71,0.004663646,0.000736592,0.003927054
664,768,72,0.004610883,0.000709916,0.003900967
664,768,73,0.004692357,0.00070218,0.003990177
664,768,74,0.004392291,0.000519183,0.003873108
664,768,75,0.004707003,0.000704344,0.004002659
664,768,76,0.004376037,0.000536097,0.00383994
664,768,77,0.004627952,0.00081808,0.003809872
664,768,78,0.004302961,0.000626652,0.003676309
664,768,79,0.004283985,0.000486601,0.003797384
664,768,80,0.004925771,0.001120424,0.003805347
664,768,81,0.005430227,0.001685232,0.003744995
664,768,82,0.005184579,0.001640415,0.003544164
664,768,83,0.004638336,0.001174157,0.003464179
664,768,84,0.006012272,0.002693454,0.003318818
664,768,85,0.004852905,0.001303579,0.003549326
664,768,86,0.004689461,0.001088905,0.003600556
664,768,87,0.004601073,0.001066406,0.003534667
664,768,88,0.0049075,0.001292469,0.003615031
664,768,89,0.005116799,0.001482642,0.003634157
664,768,90,0.004986734,0.001445459,0.003541275
664,768,91,0.005335767,0.002077355,0.003258412
664,768,92,0.004931126,0.001386926,0.0035442
664,768,93,0.004182279,0.000715973,0.003466306
664,768,94,0.006774824,0.003326827,0.003447997
664,768,95,0.006163575,0.002421744,0.003741831
664,768,96,0.004678897,0.000888622,0.003790275
664,768,97,0.006429653,0.002740895,0.003688758
664,768,98,0.005275975,0.001844223,0.003431752
664,768,99,0.004683952,0.001297371,0.003386581
664,768,100,0.00417474,0.000711568,0.003463172
664,768,101,0.003821532,0.000471555,0.003349977
664,768,102,0.004367282,0.001079695,0.003287587
664,768,103,0.007427207,0.004106073,0.003321134
664,768,104,0.005404984,0.002037767,0.003367217
664,768,105,0.004439388,0.000983607,0.003455781
664,768,106,0.004607463,0.001136346,0.003471117
664,768,107,0.005498155,0.002094805,0.00340335
664,768,108,0.005004479,0.001605142,0.003399337
664,768,109,0.004303279,0.000864563,0.003438716
664,768,110,0.00642216,0.00339725,0.00302491
665,768,1,0.762306512,0.638024806,0.124281706
665,768,2,0.003783767,0.000495479,0.003288288
665,768,3,0.024540046,0.02149239,0.003047656
665,768,4,0.043184089,0.040151379,0.00303271
665,768,5,0.004070795,0.000965685,0.00310511
665,768,6,0.003840641,0.000723845,0.003116796
665,768,7,0.004019851,0.00090505,0.003114801
665,768,8,0.004030271,0.000903335,0.003126936
665,768,9,0.004031349,0.000893123,0.003138226
665,768,10,0.004197286,0.000987503,0.003209783
665,768,11,0.004132715,0.00091585,0.003216865
665,768,12,0.00412802,0.000912955,0.003215065
665,768,13,0.004043919,0.000824374,0.003219545
665,768,14,0.00411938,0.000842571,0.003276809
665,768,15,0.014395941,0.011013766,0.003382175
665,768,16,0.004522336,0.00111647,0.003405866
665,768,17,0.004249612,0.000958019,0.003291593
665,768,18,0.018865852,0.015615311,0.003250541
665,768,19,0.005857268,0.002611736,0.003245532
665,768,20,0.005845161,0.002517499,0.003327662
665,768,21,0.004866644,0.001515664,0.00335098
665,768,22,0.004800246,0.001460529,0.003339717
665,768,23,0.004652417,0.001247985,0.003404432
665,768,24,0.005042719,0.001532595,0.003510124
665,768,25,0.004922239,0.001314333,0.003607906
665,768,26,0.004237383,0.000694061,0.003543322
665,768,27,0.004401199,0.000870389,0.00353081
665,768,28,0.004407424,0.000880303,0.003527121
665,768,29,0.004480342,0.000951538,0.003528804
665,768,30,0.004796562,0.001236187,0.003560375
665,768,31,0.00466332,0.000941842,0.003721478
665,768,32,0.004348442,0.00070714,0.003641302
665,768,33,0.004520651,0.000804515,0.003716136
665,768,34,0.004535182,0.000843857,0.003691325
665,768,35,0.004318762,0.000664564,0.003654198
665,768,36,0.004520812,0.000780492,0.00374032
665,768,37,0.004512159,0.000759846,0.003752313
665,768,38,0.004626925,0.000696935,0.00392999
665,768,39,0.004482063,0.000493287,0.003988776
665,768,40,0.00435914,0.0005169,0.00384224
665,768,41,0.004321825,0.000482451,0.003839374
665,768,42,0.004576005,0.000670135,0.00390587
665,768,43,0.004466661,0.000575836,0.003890825
665,768,44,0.004625948,0.000670093,0.003955855
665,768,45,0.004626758,0.000655568,0.00397119
665,768,46,0.004534738,0.000563297,0.003971441
665,768,47,0.004575507,0.000544667,0.00403084
665,768,48,0.004530735,0.000487193,0.004043542
665,768,49,0.004526861,0.000468856,0.004058005
665,768,50,0.004596558,0.000539612,0.004056946
665,768,51,0.004604688,0.000545834,0.004058854
665,768,52,0.004621113,0.000594545,0.004026568
665,768,53,0.004603691,0.000525346,0.004078345
665,768,54,0.004693656,0.000543361,0.004150295
665,768,55,0.004702422,0.000551675,0.004150747
665,768,56,0.004673982,0.000514223,0.004159759
665,768,57,0.004754058,0.000611092,0.004142966
665,768,58,0.004641445,0.000546427,0.004095018
665,768,59,0.00480172,0.000649604,0.004152116
665,768,60,0.004755981,0.000657214,0.004098767
665,768,61,0.004626379,0.00056127,0.004065109
665,768,62,0.004716653,0.000660534,0.004056119
665,768,63,0.00464919,0.000683649,0.003965541
665,768,64,0.004773661,0.000751916,0.004021745
665,768,65,0.004767164,0.000774098,0.003993066
665,768,66,0.004775338,0.000771972,0.004003366
665,768,67,0.00465376,0.000692701,0.003961059
665,768,68,0.0047415,0.000681215,0.004060285
665,768,69,0.00466085,0.000607899,0.004052951
665,768,70,0.004679839,0.00071974,0.003960099
665,768,71,0.004613828,0.000635422,0.003978406
665,768,72,0.004607367,0.000592093,0.004015274
665,768,73,0.004541517,0.000573886,0.003967631
665,768,74,0.004613466,0.000634511,0.003978955
665,768,75,0.004486929,0.000549629,0.0039373
665,768,76,0.004631725,0.000714036,0.003917689
665,768,77,0.004420931,0.000644212,0.003776719
665,768,78,0.004268777,0.000557079,0.003711698
665,768,79,0.004354555,0.000593175,0.00376138
665,768,80,0.005415029,0.001834055,0.003580974
665,768,81,0.005436807,0.001961674,0.003475133
665,768,82,0.004764446,0.00124188,0.003522566
665,768,83,0.006013255,0.002681655,0.0033316
665,768,84,0.004775445,0.001404693,0.003370752
665,768,85,0.004699158,0.001170493,0.003528665
665,768,86,0.004516893,0.0010053,0.003511593
665,768,87,0.004351284,0.000838778,0.003512506
665,768,88,0.005669505,0.002173754,0.003495751
665,768,89,0.005328322,0.001793714,0.003534608
665,768,90,0.004634198,0.00121849,0.003415708
665,768,91,0.004468488,0.001072253,0.003396235
665,768,92,0.004803466,0.001308373,0.003495093
665,768,93,0.006677065,0.00325325,0.003423815
665,768,94,0.005539789,0.002055351,0.003484438
665,768,95,0.005204499,0.001431847,0.003772652
665,768,96,0.005032848,0.00113992,0.003892928
665,768,97,0.00603253,0.002331846,0.003700684
665,768,98,0.004664858,0.001097839,0.003567019
665,768,99,0.004640667,0.001188245,0.003452422
665,768,100,0.004608527,0.001160956,0.003447571
665,768,101,0.004616959,0.001233898,0.003383061
665,768,102,0.007375255,0.004037648,0.003337607
665,768,103,0.005177695,0.001787678,0.003390017
665,768,104,0.004461331,0.001016659,0.003444672
665,768,105,0.004406637,0.00096024,0.003446397
665,768,106,0.006015367,0.002676424,0.003338943
665,768,107,0.00469815,0.001293498,0.003404652
665,768,108,0.004444405,0.001065075,0.00337933
665,768,109,0.004422719,0.000994302,0.003428417
665,768,110,0.005804636,0.002779067,0.003025569
666,768,1,0.760263354,0.636478866,0.123784488
666,768,2,0.005508601,0.002247506,0.003261095
666,768,3,0.00619291,0.003120936,0.003071974
666,768,4,0.021951984,0.018871363,0.003080621
666,768,5,0.043269302,0.040181419,0.003087883
666,768,6,0.004232503,0.001056865,0.003175638
666,768,7,0.003993012,0.000818183,0.003174829
666,768,8,0.004106366,0.000905814,0.003200552
666,768,9,0.004097293,0.000895715,0.003201578
666,768,10,0.004014785,0.000805915,0.00320887
666,768,11,0.004129107,0.000928597,0.00320051
666,768,12,0.004221079,0.001008172,0.003212907
666,768,13,0.004125695,0.000837222,0.003288473
666,768,14,0.004187871,0.000845853,0.003342018
666,768,15,0.004044334,0.000607718,0.003436616
666,768,16,0.014027313,0.01062387,0.003403443
666,768,17,0.020084488,0.016769152,0.003315336
666,768,18,0.005133483,0.001819777,0.003313706
666,768,19,0.005603046,0.002307905,0.003295141
666,768,20,0.005157049,0.001803034,0.003354015
666,768,21,0.005057337,0.001614565,0.003442772
666,768,22,0.00459382,0.001119254,0.003474566
666,768,23,0.004835795,0.001286894,0.003548901
666,768,24,0.00477907,0.001213359,0.003565711
666,768,25,0.004884908,0.00135642,0.003528488
666,768,26,0.004352935,0.000780389,0.003572546
666,768,27,0.004461928,0.000865535,0.003596393
666,768,28,0.004349051,0.000764043,0.003585008
666,768,29,0.00463073,0.001033265,0.003597465
666,768,30,0.00450677,0.000930806,0.003575964
666,768,31,0.004712601,0.001048117,0.003664484
666,768,32,0.004420749,0.000794746,0.003626003
666,768,33,0.004590444,0.000891436,0.003699008
666,768,34,0.004548612,0.0008238,0.003724812
666,768,35,0.004567925,0.000808863,0.003759062
666,768,36,0.00434478,0.000540728,0.003804052
666,768,37,0.004578556,0.000752024,0.003826532
666,768,38,0.004455722,0.00047372,0.003982002
666,768,39,0.004443447,0.000487224,0.003956223
666,768,40,0.004378097,0.000497406,0.003880691
666,768,41,0.004472774,0.000612932,0.003859842
666,768,42,0.004615793,0.000687193,0.0039286
666,768,43,0.004534569,0.00057099,0.003963579
666,768,44,0.00454192,0.000549722,0.003992198
666,768,45,0.00458425,0.000527536,0.004056714
666,768,46,0.004555837,0.000543948,0.004011889
666,768,47,0.004599807,0.00051063,0.004089177
666,768,48,0.004596574,0.000508969,0.004087605
666,768,49,0.0046078,0.000586258,0.004021542
666,768,50,0.004601446,0.00061199,0.003989456
666,768,51,0.004557319,0.000580636,0.003976683
666,768,52,0.004590881,0.000542389,0.004048492
666,768,53,0.004623284,0.000603097,0.004020187
666,768,54,0.004676644,0.000619577,0.004057067
666,768,55,0.004666267,0.000615498,0.004050769
666,768,56,0.004733519,0.000651947,0.004081572
666,768,57,0.004778495,0.000648205,0.00413029
666,768,58,0.004727653,0.00063383,0.004093823
666,768,59,0.004748136,0.000640149,0.004107987
666,768,60,0.004677667,0.000640603,0.004037064
666,768,61,0.004722895,0.000640476,0.004082419
666,768,62,0.00472477,0.000652118,0.004072652
666,768,63,0.004768722,0.000678955,0.004089767
666,768,64,0.004762409,0.000672543,0.004089866
666,768,65,0.004762043,0.000713145,0.004048898
666,768,66,0.004676238,0.000679774,0.003996464
666,768,67,0.004684515,0.000665952,0.004018563
666,768,68,0.004674965,0.000691148,0.003983817
666,768,69,0.004719425,0.00070956,0.004009865
666,768,70,0.004577273,0.000669508,0.003907765
666,768,71,0.004543382,0.00067822,0.003865162
666,768,72,0.004614169,0.000679179,0.00393499
666,768,73,0.004612739,0.000715118,0.003897621
666,768,74,0.004592003,0.000688171,0.003903832
666,768,75,0.00459712,0.000649773,0.003947347
666,768,76,0.004522968,0.000638954,0.003884014
666,768,77,0.004391918,0.000624882,0.003767036
666,768,78,0.00429034,0.000637515,0.003652825
666,768,79,0.005139309,0.001568817,0.003570492
666,768,80,0.005715488,0.002129695,0.003585793
666,768,81,0.004716666,0.001109016,0.00360765
666,768,82,0.005966791,0.00253482,0.003431971
666,768,83,0.004927741,0.001360629,0.003567112
666,768,84,0.004505061,0.001038022,0.003467039
666,768,85,0.004527906,0.000991295,0.003536611
666,768,86,0.004432709,0.000826954,0.003605755
666,768,87,0.005525284,0.001997555,0.003527729
666,768,88,0.005644867,0.001931228,0.003713639
666,768,89,0.004789132,0.001014271,0.003774861
666,768,90,0.004011105,0.000470737,0.003540368
666,768,91,0.004396436,0.001037949,0.003358487
666,768,92,0.007007074,0.003584054,0.00342302
666,768,93,0.005533837,0.001985532,0.003548305
666,768,94,0.004852299,0.001300385,0.003551914
666,768,95,0.005026858,0.001310054,0.003716804
666,768,96,0.00488602,0.000939453,0.003946567
666,768,97,0.004322787,0.000417266,0.003905521
666,768,98,0.005390894,0.00180787,0.003583024
666,768,99,0.004271614,0.000770311,0.003501303
666,768,100,0.00656934,0.003109292,0.003460048
666,768,101,0.004583528,0.00112754,0.003455988
666,768,102,0.006099005,0.002670767,0.003428238
666,768,103,0.005426268,0.001958259,0.003468009
666,768,104,0.004828862,0.001417185,0.003411677
666,768,105,0.004508428,0.001039309,0.003469119
666,768,106,0.004261731,0.00067627,0.003585461
666,768,107,0.005389748,0.001793282,0.003596466
666,768,108,0.004737662,0.00120141,0.003536252
666,768,109,0.006522378,0.003377549,0.003144829
666,768,110,0.004495957,0.001404478,0.003091479
667,768,1,0.759272306,0.635715262,0.123557044
667,768,2,0.005607632,0.002385838,0.003221794
667,768,3,0.025022569,0.021945996,0.003076573
667,768,4,0.004264637,0.001066333,0.003198304
667,768,5,0.003875501,0.00067255,0.003202951
667,768,6,0.042504863,0.039439635,0.003065228
667,768,7,0.004381393,0.001305877,0.003075516
667,768,8,0.004220287,0.000991857,0.00322843
667,768,9,0.004032967,0.000819992,0.003212975
667,768,10,0.00403457,0.000821508,0.003213062
667,768,11,0.004148203,0.000928354,0.003219849
667,768,12,0.004030493,0.000802135,0.003228358
667,768,13,0.004148632,0.000915754,0.003232878
667,768,14,0.004282967,0.001014798,0.003268169
667,768,15,0.004048501,0.000704677,0.003343824
667,768,16,0.03083436,0.027680314,0.003154046
667,768,17,0.004791156,0.001591318,0.003199838
667,768,18,0.004803774,0.001576591,0.003227183
667,768,19,0.005022512,0.001692136,0.003330376
667,768,20,0.005252653,0.00192723,0.003325423
667,768,21,0.004803389,0.001354176,0.003449213
667,768,22,0.004663431,0.001186852,0.003476579
667,768,23,0.004710158,0.001177842,0.003532316
667,768,24,0.00488943,0.001356756,0.003532674
667,768,25,0.004909921,0.001274251,0.00363567
667,768,26,0.004202728,0.000659286,0.003543442
667,768,27,0.004464782,0.000849427,0.003615355
667,768,28,0.004267264,0.000751122,0.003516142
667,768,29,0.004459978,0.000954484,0.003505494
667,768,30,0.004669412,0.001138565,0.003530847
667,768,31,0.004643584,0.000980597,0.003662987
667,768,32,0.004395656,0.000807838,0.003587818
667,768,33,0.004565864,0.000920792,0.003645072
667,768,34,0.004490975,0.000837547,0.003653428
667,768,35,0.004477722,0.000783251,0.003694471
667,768,36,0.0042851,0.000613023,0.003672077
667,768,37,0.004487931,0.000795205,0.003692726
667,768,38,0.004571974,0.000698128,0.003873846
667,768,39,0.004422434,0.000595719,0.003826715
667,768,40,0.004490786,0.00056027,0.003930516
667,768,41,0.004392305,0.00052327,0.003869035
667,768,42,0.004687685,0.000687215,0.00400047
667,768,43,0.004595098,0.00056113,0.004033968
667,768,44,0.004494493,0.000502433,0.00399206
667,768,45,0.004531866,0.000444505,0.004087361
667,768,46,0.004566748,0.00050652,0.004060228
667,768,47,0.004648955,0.000520096,0.004128859
667,768,48,0.004514787,0.000421908,0.004092879
667,768,49,0.004569353,0.000463865,0.004105488
667,768,50,0.004813464,0.000676208,0.004137256
667,768,51,0.004628674,0.000501096,0.004127578
667,768,52,0.004854843,0.000795346,0.004059497
667,768,53,0.00468527,0.000641534,0.004043736
667,768,54,0.004616501,0.000648762,0.003967739
667,768,55,0.0047647,0.000686861,0.004077839
667,768,56,0.004660673,0.000675657,0.003985016
667,768,57,0.004747118,0.000733301,0.004013817
667,768,58,0.004587392,0.000656621,0.003930771
667,768,59,0.004676984,0.000651938,0.004025046
667,768,60,0.004644034,0.000606869,0.004037165
667,768,61,0.004630099,0.000632802,0.003997297
667,768,62,0.004639841,0.000597252,0.004042589
667,768,63,0.004662261,0.000632183,0.004030078
667,768,64,0.004627957,0.00067748,0.003950477
667,768,65,0.004723915,0.000708312,0.004015603
667,768,66,0.004640089,0.000692886,0.003947203
667,768,67,0.00474312,0.000798507,0.003944613
667,768,68,0.004674246,0.000712625,0.003961621
667,768,69,0.004685764,0.000684954,0.00400081
667,768,70,0.00471925,0.00079956,0.00391969
667,768,71,0.004526351,0.00062062,0.003905731
667,768,72,0.004620482,0.000652516,0.003967966
667,768,73,0.004602967,0.000671443,0.003931524
667,768,74,0.00456725,0.000627626,0.003939624
667,768,75,0.004605165,0.000630075,0.00397509
667,768,76,0.004535907,0.000644503,0.003891404
667,768,77,0.004486692,0.000645978,0.003840714
667,768,78,0.005464619,0.001915013,0.003549606
667,768,79,0.005585791,0.001987757,0.003598034
667,768,80,0.005309073,0.001610866,0.003698207
667,768,81,0.005868377,0.002105239,0.003763138
667,768,82,0.004808631,0.001150388,0.003658243
667,768,83,0.004599633,0.000995269,0.003604364
667,768,84,0.004542011,0.000999186,0.003542825
667,768,85,0.004332125,0.00079943,0.003532695
667,768,86,0.005048082,0.001445349,0.003602733
667,768,87,0.005977209,0.002281728,0.003695481
667,768,88,0.004891116,0.00119843,0.003692686
667,768,89,0.004414694,0.000638759,0.003775935
667,768,90,0.003960262,0.000535476,0.003424786
667,768,91,0.004294411,0.000956095,0.003338316
667,768,92,0.00513352,0.001632549,0.003500971
667,768,93,0.005802897,0.002375546,0.003427351
667,768,94,0.005896934,0.002362542,0.003534392
667,768,95,0.005073361,0.001234216,0.003839145
667,768,96,0.00491351,0.000951775,0.003961735
667,768,97,0.004359548,0.00052305,0.003836498
667,768,98,0.005574718,0.002092388,0.00348233
667,768,99,0.00696358,0.003516952,0.003446628
667,768,100,0.004820187,0.001262427,0.00355776
667,768,101,0.005804488,0.002527715,0.003276773
667,768,102,0.005363231,0.002072459,0.003290772
667,768,103,0.004348181,0.000921892,0.003426289
667,768,104,0.004964011,0.001588665,0.003375346
667,768,105,0.004359488,0.000833047,0.003526441
667,768,106,0.004467518,0.000826421,0.003641097
667,768,107,0.003997872,0.000380094,0.003617778
667,768,108,0.008730003,0.005309087,0.003420916
667,768,109,0.003960962,0.00077791,0.003183052
667,768,110,0.004450531,0.001378772,0.003071759
668,768,1,0.761620967,0.63770765,0.123913317
668,768,2,0.004275807,0.001041166,0.003234641
668,768,3,0.025045971,0.021991992,0.003053979
668,768,4,0.00381853,0.000703002,0.003115528
668,768,5,0.039192312,0.036158518,0.003033794
668,768,6,0.004186854,0.001029867,0.003156987
668,768,7,0.005972993,0.002947883,0.00302511
668,768,8,0.004724757,0.001595905,0.003128852
668,768,9,0.004027401,0.000897828,0.003129573
668,768,10,0.00404274,0.000908439,0.003134301
668,768,11,0.004293916,0.001077985,0.003215931
668,768,12,0.004121472,0.000915541,0.003205931
668,768,13,0.004023854,0.000833133,0.003190721
668,768,14,0.004134903,0.000893322,0.003241581
668,768,15,0.004073038,0.000749877,0.003323161
668,768,16,0.003948921,0.000560806,0.003388115
668,768,17,0.03102821,0.027806487,0.003221723
668,768,18,0.005035837,0.001778072,0.003257765
668,768,19,0.005670062,0.002456134,0.003213928
668,768,20,0.005315878,0.002021731,0.003294147
668,768,21,0.004863808,0.001556952,0.003306856
668,768,22,0.004590622,0.001188102,0.00340252
668,768,23,0.004667118,0.001292978,0.00337414
668,768,24,0.005234327,0.001789413,0.003444914
668,768,25,0.004671161,0.001176142,0.003495019
668,768,26,0.004253075,0.000761123,0.003491952
668,768,27,0.004484923,0.00094627,0.003538653
668,768,28,0.004338623,0.00084044,0.003498183
668,768,29,0.004630432,0.001111963,0.003518469
668,768,30,0.004506197,0.001020719,0.003485478
668,768,31,0.004667813,0.00103717,0.003630643
668,768,32,0.004453465,0.00089489,0.003558575
668,768,33,0.004642745,0.000970598,0.003672147
668,768,34,0.00437594,0.000703519,0.003672421
668,768,35,0.004491583,0.000815537,0.003676046
668,768,36,0.004393132,0.000758225,0.003634907
668,768,37,0.004431944,0.000740657,0.003691287
668,768,38,0.004456061,0.000630816,0.003825245
668,768,39,0.004437904,0.000620629,0.003817275
668,768,40,0.00434743,0.00054455,0.00380288
668,768,41,0.004353884,0.000508856,0.003845028
668,768,42,0.00443055,0.000526451,0.003904099
668,768,43,0.004577723,0.000625582,0.003952141
668,768,44,0.00453541,0.000592611,0.003942799
668,768,45,0.004744435,0.000750205,0.00399423
668,768,46,0.004565815,0.000572865,0.00399295
668,768,47,0.004608658,0.000657665,0.003950993
668,768,48,0.004713577,0.000636516,0.004077061
668,768,49,0.004499861,0.000474451,0.00402541
668,768,50,0.004572187,0.000454117,0.00411807
668,768,51,0.004888852,0.000990772,0.00389808
668,768,52,0.004622195,0.000623082,0.003999113
668,768,53,0.00463119,0.000693564,0.003937626
668,768,54,0.004673186,0.00068318,0.003990006
668,768,55,0.00463043,0.000615472,0.004014958
668,768,56,0.004664574,0.000621247,0.004043327
668,768,57,0.004662511,0.000679081,0.00398343
668,768,58,0.004687058,0.000652437,0.004034621
668,768,59,0.004615994,0.00059111,0.004024884
668,768,60,0.004668745,0.000571923,0.004096822
668,768,61,0.004658202,0.000589462,0.00406874
668,768,62,0.004664027,0.000598781,0.004065246
668,768,63,0.004628806,0.00058325,0.004045556
668,768,64,0.004609045,0.000564553,0.004044492
668,768,65,0.00464178,0.000595331,0.004046449
668,768,66,0.004650809,0.000640765,0.004010044
668,768,67,0.004670647,0.000646068,0.004024579
668,768,68,0.004570201,0.000656256,0.003913945
668,768,69,0.004746108,0.000806394,0.003939714
668,768,70,0.004636477,0.000756888,0.003879589
668,768,71,0.004734445,0.000825278,0.003909167
668,768,72,0.004523467,0.000644973,0.003878494
668,768,73,0.004619745,0.000717999,0.003901746
668,768,74,0.004579098,0.000724009,0.003855089
668,768,75,0.004582395,0.000683906,0.003898489
668,768,76,0.004622865,0.000770882,0.003851983
668,768,77,0.00606859,0.002503471,0.003565119
668,768,78,0.005835767,0.002330121,0.003505646
668,768,79,0.005034734,0.001536336,0.003498398
668,768,80,0.005979359,0.002242917,0.003736442
668,768,81,0.004753369,0.001065594,0.003687775
668,768,82,0.004583368,0.001058138,0.00352523
668,768,83,0.004607707,0.001058138,0.003549569
668,768,84,0.004461417,0.001011514,0.003449903
668,768,85,0.004971083,0.001474994,0.003496089
668,768,86,0.005714259,0.002199201,0.003515058
668,768,87,0.005344836,0.001649052,0.003695784
668,768,88,0.004491821,0.000799346,0.003692475
668,768,89,0.004264446,0.000620633,0.003643813
668,768,90,0.003802141,0.000500413,0.003301728
668,768,91,0.004581708,0.001272073,0.003309635
668,768,92,0.004693999,0.001261462,0.003432537
668,768,93,0.00725343,0.003845293,0.003408137
668,768,94,0.004931116,0.001464548,0.003466568
668,768,95,0.004854195,0.001290824,0.003563371
668,768,96,0.004725385,0.000919268,0.003806117
668,768,97,0.005732659,0.002086246,0.003646413
668,768,98,0.005202595,0.001787291,0.003415304
668,768,99,0.004176459,0.000737138,0.003439321
668,768,100,0.00562187,0.002268186,0.003353684
668,768,101,0.007002343,0.003827939,0.003174404
668,768,102,0.004826441,0.001520489,0.003305952
668,768,103,0.004605749,0.001271554,0.003334195
668,768,104,0.004930107,0.001646673,0.003283434
668,768,105,0.004430867,0.000914835,0.003516032
668,768,106,0.004508956,0.000996615,0.003512341
668,768,107,0.00557654,0.002269457,0.003307083
668,768,108,0.006357295,0.003048171,0.003309124
668,768,109,0.004421296,0.001247301,0.003173995
668,768,110,0.004410792,0.001303725,0.003107067
669,768,1,0.761727701,0.637516123,0.124211578
669,768,2,0.025998409,0.022969499,0.00302891
669,768,3,0.003722025,0.000592841,0.003129184
669,768,4,0.039275331,0.03623673,0.003038601
669,768,5,0.003888816,0.000859012,0.003029804
669,768,6,0.003842859,0.000718846,0.003124013
669,768,7,0.003767807,0.000618998,0.003148809
669,768,8,0.005446148,0.002410118,0.00303603
669,768,9,0.004748809,0.001602062,0.003146747
669,768,10,0.004144042,0.001006806,0.003137236
669,768,11,0.004151102,0.001004781,0.003146321
669,768,12,0.004152146,0.000994164,0.003157982
669,768,13,0.004232044,0.001015964,0.00321608
669,768,14,0.004179999,0.000924321,0.003255678
669,768,15,0.004007105,0.000676779,0.003330326
669,768,16,0.004082682,0.000696566,0.003386116
669,768,17,0.003809291,0.000443371,0.00336592
669,768,18,0.031806216,0.028521013,0.003285203
669,768,19,0.005772524,0.002537166,0.003235358
669,768,20,0.005457335,0.002178677,0.003278658
669,768,21,0.004912729,0.001583325,0.003329404
669,768,22,0.004822999,0.001456557,0.003366442
669,768,23,0.004636743,0.001228831,0.003407912
669,768,24,0.004950506,0.001466855,0.003483651
669,768,25,0.004768918,0.001334989,0.003433929
669,768,26,0.004419659,0.000888683,0.003530976
669,768,27,0.00445075,0.000965042,0.003485708
669,768,28,0.004500542,0.000964441,0.003536101
669,768,29,0.004413521,0.000938384,0.003475137
669,768,30,0.004643007,0.001142882,0.003500125
669,768,31,0.004719043,0.001141557,0.003577486
669,768,32,0.004592545,0.001008205,0.00358434
669,768,33,0.00444983,0.000878382,0.003571448
669,768,34,0.004562537,0.00089512,0.003667417
669,768,35,0.004495378,0.000779749,0.003715629
669,768,36,0.004524086,0.000826315,0.003697771
669,768,37,0.004512248,0.000790396,0.003721852
669,768,38,0.00458383,0.000763835,0.003819995
669,768,39,0.004317082,0.000462074,0.003855008
669,768,40,0.004311113,0.000503494,0.003807619
669,768,41,0.00438341,0.000559669,0.003823741
669,768,42,0.004521577,0.000565836,0.003955741
669,768,43,0.004444793,0.000504427,0.003940366
669,768,44,0.004572738,0.000577906,0.003994832
669,768,45,0.004521751,0.000544282,0.003977469
669,768,46,0.004568264,0.0005538,0.004014464
669,768,47,0.004475721,0.000462062,0.004013659
669,768,48,0.004610449,0.000570408,0.004040041
669,768,49,0.004452396,0.000480977,0.003971419
669,768,50,0.004559509,0.000466848,0.004092661
669,768,51,0.00468656,0.000679978,0.004006582
669,768,52,0.004750409,0.000752499,0.00399791
669,768,53,0.004556208,0.000582332,0.003973876
669,768,54,0.004682364,0.000648467,0.004033897
669,768,55,0.004644073,0.000618159,0.004025914
669,768,56,0.004571002,0.000547538,0.004023464
669,768,57,0.004734936,0.000683014,0.004051922
669,768,58,0.004553347,0.000606517,0.00394683
669,768,59,0.0047365,0.000774866,0.003961634
669,768,60,0.004533653,0.000569119,0.003964534
669,768,61,0.004675879,0.000710841,0.003965038
669,768,62,0.004665722,0.000693027,0.003972695
669,768,63,0.004706514,0.000724316,0.003982198
669,768,64,0.004563689,0.000633407,0.003930282
669,768,65,0.004634583,0.000622107,0.004012476
669,768,66,0.004602207,0.000644534,0.003957673
669,768,67,0.004658846,0.000753216,0.00390563
669,768,68,0.00463338,0.000731365,0.003902015
669,768,69,0.004594593,0.000691381,0.003903212
669,768,70,0.004636883,0.000771872,0.003865011
669,768,71,0.004604302,0.000770106,0.003834196
669,768,72,0.004845846,0.000939637,0.003906209
669,768,73,0.004381253,0.000567147,0.003814106
669,768,74,0.004722826,0.000873298,0.003849528
669,768,75,0.005536527,0.001802336,0.003734191
669,768,76,0.006328256,0.002684743,0.003643513
669,768,77,0.004971446,0.001371342,0.003600104
669,768,78,0.005142553,0.001530672,0.003611881
669,768,79,0.004729129,0.001012639,0.00371649
669,768,80,0.004981655,0.001251896,0.003729759
669,768,81,0.005293621,0.001591228,0.003702393
669,768,82,0.004737061,0.00116524,0.003571821
669,768,83,0.00439333,0.000907407,0.003485923
669,768,84,0.005885676,0.00245707,0.003428606
669,768,85,0.00570193,0.002176008,0.003525922
669,768,86,0.00493112,0.001304263,0.003626857
669,768,87,0.004708703,0.001042162,0.003666541
669,768,88,0.004408559,0.000713928,0.003694631
669,768,89,0.004408734,0.00073457,0.003674164
669,768,90,0.003802506,0.000480728,0.003321778
669,768,91,0.004424557,0.00115078,0.003273777
669,768,92,0.007747112,0.004394712,0.0033524
669,768,93,0.004796225,0.001265454,0.003530771
669,768,94,0.004478448,0.000934243,0.003544205
669,768,95,0.004597556,0.000949888,0.003647668
669,768,96,0.006386242,0.002764871,0.003621371
669,768,97,0.004413188,0.000760275,0.003652913
669,768,98,0.004933504,0.001473581,0.003459923
669,768,99,0.004294188,0.000822669,0.003471519
669,768,100,0.004072329,0.000592126,0.003480203
669,768,101,0.004870188,0.001637731,0.003232457
669,768,102,0.007791331,0.004461767,0.003329564
669,768,103,0.004780478,0.001462914,0.003317564
669,768,104,0.00495757,0.001644439,0.003313131
669,768,105,0.004390971,0.001018761,0.00337221
669,768,106,0.004640815,0.001097378,0.003543437
669,768,107,0.008555582,0.005189429,0.003366153
669,768,108,0.004664205,0.001283184,0.003381021
669,768,109,0.003745795,0.000619741,0.003126054
669,768,110,0.00460313,0.001546263,0.003056867
670,768,1,0.763264699,0.638593419,0.12467128
670,768,2,0.003764538,0.000520953,0.003243585
670,768,3,0.060466601,0.057433658,0.003032943
670,768,4,0.003797119,0.000660729,0.00313639
670,768,5,0.003484566,0.000377398,0.003107168
670,768,6,0.00373868,0.000623666,0.003115014
670,768,7,0.003682499,0.000526747,0.003155752
670,768,8,0.003962481,0.000811416,0.003151065
670,768,9,0.00499452,0.001953173,0.003041347
670,768,10,0.004774478,0.001717545,0.003056933
670,768,11,0.004375544,0.001188954,0.00318659
670,768,12,0.004120613,0.000937301,0.003183312
670,768,13,0.004086656,0.000909727,0.003176929
670,768,14,0.004341491,0.001108707,0.003232784
670,768,15,0.00408485,0.000753536,0.003331314
670,768,16,0.003906504,0.00054348,0.003363024
670,768,17,0.003998803,0.00059175,0.003407053
670,768,18,0.003887691,0.00041402,0.003473671
670,768,19,0.032897106,0.029606319,0.003290787
670,768,20,0.006022505,0.002765602,0.003256903
670,768,21,0.005190395,0.001825387,0.003365008
670,768,22,0.004576268,0.001252396,0.003323872
670,768,23,0.005072061,0.001568188,0.003503873
670,768,24,0.004997822,0.001432684,0.003565138
670,768,25,0.004936918,0.001328133,0.003608785
670,768,26,0.00429971,0.000780276,0.003519434
670,768,27,0.00445428,0.000865349,0.003588931
670,768,28,0.004479957,0.000965448,0.003514509
670,768,29,0.004655284,0.001107304,0.00354798
670,768,30,0.004562567,0.001035887,0.00352668
670,768,31,0.004698273,0.001108101,0.003590172
670,768,32,0.004628264,0.001037666,0.003590598
670,768,33,0.004625802,0.001041562,0.00358424
670,768,34,0.004652717,0.00086252,0.003790197
670,768,35,0.004423371,0.000802074,0.003621297
670,768,36,0.004540523,0.000805971,0.003734552
670,768,37,0.004354315,0.000673848,0.003680467
670,768,38,0.004436633,0.000676013,0.00376062
670,768,39,0.004510464,0.000585216,0.003925248
670,768,40,0.00439124,0.000584842,0.003806398
670,768,41,0.004415229,0.000601657,0.003813572
670,768,42,0.004435067,0.000591174,0.003843893
670,768,43,0.004564112,0.000587299,0.003976813
670,768,44,0.004480746,0.000594047,0.003886699
670,768,45,0.004560095,0.000560541,0.003999554
670,768,46,0.004484921,0.000587187,0.003897734
670,768,47,0.004521286,0.000498182,0.004023104
670,768,48,0.004484346,0.000465786,0.00401856
670,768,49,0.004498402,0.000464365,0.004034037
670,768,50,0.004571506,0.000465959,0.004105547
670,768,51,0.004601762,0.000442965,0.004158797
670,768,52,0.004555225,0.000490757,0.004064468
670,768,53,0.004609402,0.000480646,0.004128756
670,768,54,0.004625662,0.000468796,0.004156866
670,768,55,0.00460674,0.000464806,0.004141934
670,768,56,0.00464277,0.000468016,0.004174754
670,768,57,0.004600356,0.000477511,0.004122845
670,768,58,0.004636939,0.000492274,0.004144665
670,768,59,0.004702699,0.00048186,0.004220839
670,768,60,0.004667328,0.000527152,0.004140176
670,768,61,0.004622351,0.000550233,0.004072118
670,768,62,0.004684757,0.000525158,0.004159599
670,768,63,0.004666611,0.000535446,0.004131165
670,768,64,0.004692282,0.000549326,0.004142956
670,768,65,0.004656301,0.000551629,0.004104672
670,768,66,0.004652582,0.000529197,0.004123385
670,768,67,0.004607861,0.000557029,0.004050832
670,768,68,0.004685001,0.000561728,0.004123273
670,768,69,0.004601118,0.000577536,0.004023582
670,768,70,0.004647772,0.000573893,0.004073879
670,768,71,0.004602374,0.000576308,0.004026066
670,768,72,0.004653941,0.000561078,0.004092863
670,768,73,0.004601814,0.000560843,0.004040971
670,768,74,0.004895262,0.000838313,0.004056949
670,768,75,0.004590186,0.000638322,0.003951864
670,768,76,0.004708966,0.000760502,0.003948464
670,768,77,0.006136962,0.002438001,0.003698961
670,768,78,0.005623462,0.00197397,0.003649492
670,768,79,0.005374247,0.001670756,0.003703491
670,768,80,0.004548987,0.000841609,0.003707378
670,768,81,0.004512886,0.000754619,0.003758267
670,768,82,0.005077573,0.001544261,0.003533312
670,768,83,0.006599265,0.003182517,0.003416748
670,768,84,0.005822312,0.002332426,0.003489886
670,768,85,0.005132131,0.001487918,0.003644213
670,768,86,0.004297119,0.00070552,0.003591599
670,768,87,0.004729871,0.00096327,0.003766601
670,768,88,0.004342966,0.000657021,0.003685945
670,768,89,0.004315292,0.000593144,0.003722148
670,768,90,0.003820537,0.000477072,0.003343465
670,768,91,0.008242421,0.004783045,0.003459376
670,768,92,0.004480166,0.001069101,0.003411065
670,768,93,0.00463208,0.001047475,0.003584605
670,768,94,0.004341636,0.000890155,0.003451481
670,768,95,0.004701373,0.001039112,0.003662261
670,768,96,0.00465671,0.000949094,0.003707616
670,768,97,0.00556994,0.001829249,0.003740691
670,768,98,0.005207619,0.001719312,0.003488307
670,768,99,0.004157316,0.000694244,0.003463072
670,768,100,0.004108771,0.00059935,0.003509421
670,768,101,0.00390531,0.000491103,0.003414207
670,768,102,0.006916352,0.00360078,0.003315572
670,768,103,0.005817578,0.002487531,0.003330047
670,768,104,0.005417357,0.0021034,0.003313957
670,768,105,0.004449733,0.001039817,0.003409916
670,768,106,0.009849554,0.006480393,0.003369161
670,768,107,0.004685953,0.001199853,0.0034861
670,768,108,0.004007748,0.000498695,0.003509053
670,768,109,0.003564645,0.000383681,0.003180964
670,768,110,0.004336184,0.001299567,0.003036617
671,768,1,0.624896305,0.499311479,0.125584826
671,768,2,0.14178789,0.13859195,0.00319594
671,768,3,0.003691474,0.000541589,0.003149885
671,768,4,0.060374966,0.057346648,0.003028318
671,768,5,0.003946504,0.000839135,0.003107369
671,768,6,0.003578749,0.000423375,0.003155374
671,768,7,0.00376334,0.000591787,0.003171553
671,768,8,0.00389432,0.000778346,0.003115974
671,768,9,0.003985711,0.000864616,0.003121095
671,768,10,0.005059075,0.002012244,0.003046831
671,768,11,0.004704703,0.001627696,0.003077007
671,768,12,0.004440353,0.001229761,0.003210592
671,768,13,0.004034577,0.000811315,0.003223262
671,768,14,0.004198544,0.00098841,0.003210134
671,768,15,0.00421059,0.00089592,0.00331467
671,768,16,0.004055765,0.000671326,0.003384439
671,768,17,0.0037804,0.000407906,0.003372494
671,768,18,0.004065315,0.000640397,0.003424918
671,768,19,0.003895042,0.000475558,0.003419484
671,768,20,0.03385854,0.030711642,0.003146898
671,768,21,0.005360885,0.002189563,0.003171322
671,768,22,0.00508944,0.001890004,0.003199436
671,768,23,0.005060802,0.001752344,0.003308458
671,768,24,0.005547871,0.001992997,0.003554874
671,768,25,0.00432465,0.000869568,0.003455082
671,768,26,0.004756924,0.001242866,0.003514058
671,768,27,0.004306804,0.000782572,0.003524232
671,768,28,0.004557532,0.001056885,0.003500647
671,768,29,0.004561279,0.001053583,0.003507696
671,768,30,0.004820371,0.001221396,0.003598975
671,768,31,0.00466249,0.001046986,0.003615504
671,768,32,0.004474908,0.000886771,0.003588137
671,768,33,0.004645877,0.000956702,0.003689175
671,768,34,0.004487327,0.000875724,0.003611603
671,768,35,0.00466408,0.000990268,0.003673812
671,768,36,0.004328142,0.000699495,0.003628647
671,768,37,0.004657609,0.000885394,0.003772215
671,768,38,0.004362894,0.000601253,0.003761641
671,768,39,0.004438875,0.000530579,0.003908296
671,768,40,0.00441067,0.000622451,0.003788219
671,768,41,0.0043575,0.000536688,0.003820812
671,768,42,0.004444313,0.00059192,0.003852393
671,768,43,0.004544369,0.000647885,0.003896484
671,768,44,0.004514365,0.000616224,0.003898141
671,768,45,0.004580557,0.000591491,0.003989066
671,768,46,0.004518672,0.000590963,0.003927709
671,768,47,0.004439713,0.000518378,0.003921335
671,768,48,0.004623849,0.000621103,0.004002746
671,768,49,0.004466695,0.000467163,0.003999532
671,768,50,0.004515997,0.000445326,0.004070671
671,768,51,0.004549582,0.000560205,0.003989377
671,768,52,0.004518173,0.000561333,0.00395684
671,768,53,0.00455672,0.000570684,0.003986036
671,768,54,0.004663597,0.00068823,0.003975367
671,768,55,0.004557674,0.000559839,0.003997835
671,768,56,0.004727356,0.000691274,0.004036082
671,768,57,0.00463644,0.000570666,0.004065774
671,768,58,0.004614239,0.000572575,0.004041664
671,768,59,0.004581473,0.000582439,0.003999034
671,768,60,0.004718116,0.000682739,0.004035377
671,768,61,0.004680507,0.000644435,0.004036072
671,768,62,0.004629186,0.000564414,0.004064772
671,768,63,0.004665247,0.000672473,0.003992774
671,768,64,0.004681817,0.000632844,0.004048973
671,768,65,0.004722868,0.000659038,0.00406383
671,768,66,0.004583711,0.000612048,0.003971663
671,768,67,0.004640368,0.000672773,0.003967595
671,768,68,0.004532135,0.00061317,0.003918965
671,768,69,0.00475258,0.000820379,0.003932201
671,768,70,0.004515897,0.000610247,0.00390565
671,768,71,0.004620226,0.000738368,0.003881858
671,768,72,0.004618592,0.000771998,0.003846594
671,768,73,0.005375472,0.001516629,0.003858843
671,768,74,0.00506746,0.00123099,0.00383647
671,768,75,0.004300976,0.000447972,0.003853004
671,768,76,0.004300894,0.000513424,0.00378747
671,768,77,0.004320415,0.000579794,0.003740621
671,768,78,0.006022193,0.00253496,0.003487233
671,768,79,0.005528298,0.002079975,0.003448323
671,768,80,0.005412872,0.001945458,0.003467414
671,768,81,0.004498769,0.000996904,0.003501865
671,768,82,0.004473606,0.001064664,0.003408942
671,768,83,0.005181274,0.001841654,0.00333962
671,768,84,0.007118003,0.003718929,0.003399074
671,768,85,0.005688652,0.002111309,0.003577343
671,768,86,0.004809444,0.00121064,0.003598804
671,768,87,0.004794963,0.001017543,0.00377742
671,768,88,0.004210008,0.000497766,0.003712242
671,768,89,0.004513155,0.000843866,0.003669289
671,768,90,0.007788835,0.00455446,0.003234375
671,768,91,0.005174382,0.001706798,0.003467584
671,768,92,0.004132589,0.000675511,0.003457078
671,768,93,0.004481478,0.00086189,0.003619588
671,768,94,0.004223715,0.000809604,0.003414111
671,768,95,0.004626486,0.001056601,0.003569885
671,768,96,0.004626638,0.000897357,0.003729281
671,768,97,0.004245292,0.000492961,0.003752331
671,768,98,0.005165543,0.001753343,0.0034122
671,768,99,0.00528829,0.001882885,0.003405405
671,768,100,0.003983263,0.000595013,0.00338825
671,768,101,0.00720071,0.003955803,0.003244907
671,768,102,0.004596156,0.001358778,0.003237378
671,768,103,0.004172577,0.000855788,0.003316789
671,768,104,0.005719916,0.002456974,0.003262942
671,768,105,0.005011844,0.001581089,0.003430755
671,768,106,0.004258453,0.000830059,0.003428394
671,768,107,0.009413906,0.006049149,0.003364757
671,768,108,0.004609554,0.001254692,0.003354862
671,768,109,0.003796,0.000657802,0.003138198
671,768,110,0.004364701,0.001302259,0.003062442
672,768,1,0.631433845,0.505447299,0.125986546
672,768,2,0.1304834,0.127419936,0.003063464
672,768,3,0.005580738,0.002481249,0.003099489
672,768,4,0.003765928,0.00061043,0.003155498
672,768,5,0.010013236,0.006996946,0.00301629
672,768,6,0.056885273,0.053849259,0.003036014
672,768,7,0.004196212,0.001170728,0.003025484
672,768,8,0.004133466,0.000954407,0.003179059
672,768,9,0.00401887,0.000835989,0.003182881
672,768,10,0.004148728,0.000976359,0.003172369
672,768,11,0.004068007,0.00088727,0.003180737
672,768,12,0.004147489,0.000969398,0.003178091
672,768,13,0.004293175,0.001079963,0.003213212
672,768,14,0.004029299,0.000834496,0.003194803
672,768,15,0.004137786,0.000851445,0.003286341
672,768,16,0.003990825,0.000674922,0.003315903
672,768,17,0.003919368,0.00048611,0.003433258
672,768,18,0.00406373,0.000523127,0.003540603
672,768,19,0.0040285,0.000409058,0.003619442
672,768,20,0.003917459,0.000399826,0.003517633
672,768,21,0.003978899,0.000443764,0.003535135
672,768,22,0.004050548,0.000457201,0.003593347
672,768,23,0.013132259,0.009505106,0.003627153
672,768,24,0.005068495,0.001520157,0.003548338
672,768,25,0.004952037,0.001599992,0.003352045
672,768,26,0.005010995,0.001757987,0.003253008
672,768,27,0.005112842,0.001874335,0.003238507
672,768,28,0.004735762,0.001390508,0.003345254
672,768,29,0.005243972,0.001955986,0.003287986
672,768,30,0.004652341,0.001275887,0.003376454
672,768,31,0.004648219,0.00119922,0.003448999
672,768,32,0.004551526,0.001114276,0.00343725
672,768,33,0.004510832,0.001109353,0.003401479
672,768,34,0.004434791,0.001080841,0.00335395
672,768,35,0.004761148,0.001380001,0.003381147
672,768,36,0.004736859,0.001318621,0.003418238
672,768,37,0.004553526,0.001177897,0.003375629
672,768,38,0.004460406,0.001065174,0.003395232
672,768,39,0.004593504,0.001177234,0.00341627
672,768,40,0.004344144,0.000952053,0.003392091
672,768,41,0.004442521,0.001036823,0.003405698
672,768,42,0.00453706,0.001071264,0.003465796
672,768,43,0.004454419,0.001103203,0.003351216
672,768,44,0.005012338,0.001709257,0.003303081
672,768,45,0.005716247,0.002395383,0.003320864
672,768,46,0.005723285,0.002363823,0.003359462
672,768,47,0.005677536,0.002297365,0.003380171
672,768,48,0.005788254,0.002455764,0.00333249
672,768,49,0.006016214,0.002619407,0.003396807
672,768,50,0.00603965,0.00251892,0.00352073
672,768,51,0.005560586,0.00211539,0.003445196
672,768,52,0.005700421,0.00226835,0.003432071
672,768,53,0.005499014,0.002002644,0.00349637
672,768,54,0.005481094,0.00193285,0.003548244
672,768,55,0.005307027,0.001622282,0.003684745
672,768,56,0.0049749,0.001161351,0.003813549
672,768,57,0.004976328,0.001214104,0.003762224
672,768,58,0.004673784,0.00092245,0.003751334
672,768,59,0.004783507,0.000893396,0.003890111
672,768,60,0.004750568,0.000945474,0.003805094
672,768,61,0.004765729,0.001079151,0.003686578
672,768,62,0.00489403,0.001257925,0.003636105
672,768,63,0.00468768,0.00105781,0.00362987
672,768,64,0.005017641,0.001461063,0.003556578
672,768,65,0.004574427,0.000933495,0.003640932
672,768,66,0.004991917,0.001360412,0.003631505
672,768,67,0.004834737,0.001167128,0.003667609
672,768,68,0.004988688,0.001326109,0.003662579
672,768,69,0.004908791,0.001159922,0.003748869
672,768,70,0.004797917,0.001136363,0.003661554
672,768,71,0.005378362,0.001513585,0.003864777
672,768,72,0.004486131,0.000801477,0.003684654
672,768,73,0.004690167,0.000939744,0.003750423
672,768,74,0.004750657,0.000950388,0.003800269
672,768,75,0.004906284,0.001038013,0.003868271
672,768,76,0.004394218,0.00062336,0.003770858
672,768,77,0.004912948,0.001081068,0.00383188
672,768,78,0.004599598,0.000707602,0.003891996
672,768,79,0.004430907,0.000718052,0.003712855
672,768,80,0.00488453,0.000985944,0.003898586
672,768,81,0.004575654,0.000778592,0.003797062
672,768,82,0.004515054,0.000970179,0.003544875
672,768,83,0.004713376,0.001093347,0.003620029
672,768,84,0.004850634,0.001393463,0.003457171
672,768,85,0.004788059,0.001268914,0.003519145
672,768,86,0.004539545,0.00100734,0.003532205
672,768,87,0.004562464,0.000998905,0.003563559
672,768,88,0.004719326,0.00120482,0.003514506
672,768,89,0.004747413,0.001083104,0.003664309
672,768,90,0.005707607,0.002265011,0.003442596
672,768,91,0.004825595,0.001110514,0.003715081
672,768,92,0.004031552,0.00056883,0.003462722
672,768,93,0.004539757,0.00111843,0.003421327
672,768,94,0.004763155,0.001331317,0.003431838
672,768,95,0.004445586,0.000705924,0.003739662
672,768,96,0.004942563,0.001340661,0.003601902
672,768,97,0.004411614,0.000781601,0.003630013
672,768,98,0.004091429,0.000662773,0.003428656
672,768,99,0.004358419,0.000866516,0.003491903
672,768,100,0.005921404,0.00243903,0.003482374
672,768,101,0.005554156,0.002077398,0.003476758
672,768,102,0.006926858,0.000948166,0.005978692
672,768,103,0.005088993,0.00113251,0.003956483
672,768,104,0.005340164,0.001895307,0.003444857
672,768,105,0.004536913,0.001115509,0.003421404
672,768,106,0.003909426,0.00055257,0.003356856
672,768,107,0.004078513,0.00072501,0.003353503
672,768,108,0.004245083,0.000931884,0.003313199
672,768,109,0.004640512,0.001342747,0.003297765
672,768,110,0.006203097,0.002980743,0.003222354
673,768,1,0.758574606,0.63462711,0.123947496
673,768,2,0.005589905,0.002482649,0.003107256
673,768,3,0.003724513,0.000517098,0.003207415
673,768,4,0.010192497,0.007157166,0.003035331
673,768,5,0.056775517,0.053750124,0.003025393
673,768,6,0.004000879,0.000971367,0.003029512
673,768,7,0.003929461,0.000802329,0.003127132
673,768,8,0.004066721,0.000927222,0.003139499
673,768,9,0.004079974,0.000925964,0.00315401
673,768,10,0.00405895,0.000910308,0.003148642
673,768,11,0.00412839,0.000971825,0.003156565
673,768,12,0.00417132,0.001010363,0.003160957
673,768,13,0.004143263,0.000918128,0.003225135
673,768,14,0.004125204,0.000905015,0.003220189
673,768,15,0.004111442,0.000825063,0.003286379
673,768,16,0.003952119,0.000599028,0.003353091
673,768,17,0.003922224,0.000447044,0.00347518
673,768,18,0.003891909,0.000439471,0.003452438
673,768,19,0.003948831,0.000440488,0.003508343
673,768,20,0.003934048,0.000438299,0.003495749
673,768,21,0.004010923,0.000476297,0.003534626
673,768,22,0.012877427,0.009336901,0.003540526
673,768,23,0.005332877,0.001763335,0.003569542
673,768,24,0.00507091,0.001652533,0.003418377
673,768,25,0.005008059,0.001651779,0.00335628
673,768,26,0.004945959,0.001496674,0.003449285
673,768,27,0.004683421,0.001341289,0.003342132
673,768,28,0.005100788,0.001785135,0.003315653
673,768,29,0.004715444,0.001380956,0.003334488
673,768,30,0.004843725,0.001416301,0.003427424
673,768,31,0.004425351,0.001014712,0.003410639
673,768,32,0.004433952,0.001043768,0.003390184
673,768,33,0.004409349,0.001054327,0.003355022
673,768,34,0.004763128,0.001375842,0.003387286
673,768,35,0.004689947,0.001257188,0.003432759
673,768,36,0.004569912,0.001192396,0.003377516
673,768,37,0.004505632,0.001076548,0.003429084
673,768,38,0.004517067,0.001121237,0.00339583
673,768,39,0.00440524,0.000994286,0.003410954
673,768,40,0.004456717,0.001114771,0.003341946
673,768,41,0.00455564,0.001119929,0.003435711
673,768,42,0.004498574,0.001171998,0.003326576
673,768,43,0.005260097,0.001971739,0.003288358
673,768,44,0.005701828,0.002376426,0.003325402
673,768,45,0.005448701,0.00211483,0.003333871
673,768,46,0.00569576,0.002430407,0.003265353
673,768,47,0.005967893,0.002643765,0.003324128
673,768,48,0.006150167,0.002644862,0.003505305
673,768,49,0.0056675,0.002238947,0.003428553
673,768,50,0.005753468,0.00230002,0.003453448
673,768,51,0.005645828,0.002186525,0.003459303
673,768,52,0.005677344,0.002032109,0.003645235
673,768,53,0.005177381,0.001543898,0.003633483
673,768,54,0.00524673,0.001611874,0.003634856
673,768,55,0.004903535,0.001204994,0.003698541
673,768,56,0.004903775,0.001230307,0.003673468
673,768,57,0.00468741,0.001060788,0.003626622
673,768,58,0.004752946,0.001080909,0.003672037
673,768,59,0.005014516,0.001302706,0.00371181
673,768,60,0.004798006,0.001121513,0.003676493
673,768,61,0.004964198,0.00133608,0.003628118
673,768,62,0.004710516,0.001098743,0.003611773
673,768,63,0.005013527,0.001389447,0.00362408
673,768,64,0.00455993,0.00096922,0.00359071
673,768,65,0.00500598,0.001398804,0.003607176
673,768,66,0.004862988,0.001202274,0.003660714
673,768,67,0.005013156,0.001268756,0.0037444
673,768,68,0.004831782,0.00114737,0.003684412
673,768,69,0.004901076,0.001155437,0.003745639
673,768,70,0.005138065,0.001345467,0.003792598
673,768,71,0.004716314,0.000915272,0.003801042
673,768,72,0.004599445,0.000819785,0.00377966
673,768,73,0.004695024,0.000840684,0.00385434
673,768,74,0.004855468,0.000989772,0.003865696
673,768,75,0.00448398,0.000658055,0.003825925
673,768,76,0.004849399,0.000995027,0.003854372
673,768,77,0.004553315,0.000684639,0.003868676
673,768,78,0.004651843,0.000803184,0.003848659
673,768,79,0.004637692,0.000753433,0.003884259
673,768,80,0.004694293,0.000799753,0.00389454
673,768,81,0.004568168,0.00070319,0.003864978
673,768,82,0.004556544,0.00084655,0.003709994
673,768,83,0.004555215,0.000902434,0.003652781
673,768,84,0.004718354,0.001175557,0.003542797
673,768,85,0.004482105,0.000957527,0.003524578
673,768,86,0.004641003,0.001106124,0.003534879
673,768,87,0.004522019,0.000937207,0.003584812
673,768,88,0.004443913,0.000932662,0.003511251
673,768,89,0.004551786,0.000887706,0.00366408
673,768,90,0.004423124,0.000904517,0.003518607
673,768,91,0.005799148,0.002230261,0.003568887
673,768,92,0.005594239,0.002203378,0.003390861
673,768,93,0.004311448,0.000950622,0.003360826
673,768,94,0.004282698,0.000841309,0.003441389
673,768,95,0.004300051,0.000597183,0.003702868
673,768,96,0.004615781,0.000924088,0.003691693
673,768,97,0.00474102,0.001129028,0.003611992
673,768,98,0.004181274,0.00072315,0.003458124
673,768,99,0.006466413,0.003157921,0.003308492
673,768,100,0.005601287,0.00208154,0.003519747
673,768,101,0.004449718,0.00095359,0.003496128
673,768,102,0.004274194,0.000827261,0.003446933
673,768,103,0.008385665,0.002203267,0.006182398
673,768,104,0.004798802,0.001171507,0.003627295
673,768,105,0.003964122,0.00046888,0.003495242
673,768,106,0.00375784,0.000463413,0.003294427
673,768,107,0.004189721,0.000798205,0.003391516
673,768,108,0.004731445,0.001428526,0.003302919
673,768,109,0.006636433,0.00338626,0.003250173
673,768,110,0.004489121,0.001217119,0.003272002
674,768,1,0.75873825,0.634785277,0.123952973
674,768,2,0.003629934,0.000482842,0.003147092
674,768,3,0.009169162,0.006066645,0.003102517
674,768,4,0.060029357,0.057000616,0.003028741
674,768,5,0.003969424,0.000809528,0.003159896
674,768,6,0.003584837,0.000486087,0.00309875
674,768,7,0.003858562,0.000744443,0.003114119
674,768,8,0.004001265,0.000868291,0.003132974
674,768,9,0.003985084,0.000838799,0.003146285
674,768,10,0.004052514,0.000921214,0.0031313
674,768,11,0.004088087,0.000946421,0.003141666
674,768,12,0.004166212,0.000992754,0.003173458
674,768,13,0.004060307,0.000863178,0.003197129
674,768,14,0.004160568,0.00088745,0.003273118
674,768,15,0.004082622,0.000737685,0.003344937
674,768,16,0.00392723,0.000586609,0.003340621
674,768,17,0.003790423,0.000397739,0.003392684
674,768,18,0.003885,0.00044179,0.00344321
674,768,19,0.003956525,0.000461595,0.00349493
674,768,20,0.004098898,0.000464959,0.003633939
674,768,21,0.013262658,0.009767058,0.0034956
674,768,22,0.005199959,0.001603077,0.003596882
674,768,23,0.005193526,0.001522888,0.003670638
674,768,24,0.004644213,0.001144526,0.003499687
674,768,25,0.004781788,0.001301058,0.00348073
674,768,26,0.005009018,0.001594954,0.003414064
674,768,27,0.004847188,0.00143049,0.003416698
674,768,28,0.004672683,0.001231053,0.00344163
674,768,29,0.004764247,0.001306913,0.003457334
674,768,30,0.004670667,0.001304562,0.003366105
674,768,31,0.004380513,0.000905276,0.003475237
674,768,32,0.004547837,0.001157715,0.003390122
674,768,33,0.004574371,0.001126262,0.003448109
674,768,34,0.004563531,0.001158235,0.003405296
674,768,35,0.004473723,0.001051152,0.003422571
674,768,36,0.004676095,0.001270849,0.003405246
674,768,37,0.004546001,0.001097014,0.003448987
674,768,38,0.004590058,0.001169984,0.003420074
674,768,39,0.004440289,0.001016388,0.003423901
674,768,40,0.004546387,0.001120293,0.003426094
674,768,41,0.004499597,0.001113944,0.003385653
674,768,42,0.005449056,0.002174635,0.003274421
674,768,43,0.005730536,0.002392495,0.003338041
674,768,44,0.005022767,0.001700543,0.003322224
674,768,45,0.006009686,0.002678833,0.003330853
674,768,46,0.005916444,0.002618223,0.003298221
674,768,47,0.006263591,0.002742861,0.00352073
674,768,48,0.005612494,0.002206486,0.003406008
674,768,49,0.005587902,0.002141599,0.003446303
674,768,50,0.00581163,0.002298711,0.003512919
674,768,51,0.005308108,0.001633912,0.003674196
674,768,52,0.005314029,0.001765649,0.00354838
674,768,53,0.005200001,0.001568811,0.00363119
674,768,54,0.004863484,0.001237514,0.00362597
674,768,55,0.005120234,0.001310212,0.003810022
674,768,56,0.00455153,0.000800451,0.003751079
674,768,57,0.004940327,0.001191992,0.003748335
674,768,58,0.005050082,0.00131749,0.003732592
674,768,59,0.004873753,0.001130179,0.003743574
674,768,60,0.004964786,0.001272541,0.003692245
674,768,61,0.004734195,0.001009317,0.003724878
674,768,62,0.004955237,0.001255359,0.003699878
674,768,63,0.004604758,0.000916775,0.003687983
674,768,64,0.004982591,0.00135497,0.003627621
674,768,65,0.004865365,0.00104952,0.003815845
674,768,66,0.004910079,0.001099944,0.003810135
674,768,67,0.00497753,0.001040198,0.003937332
674,768,68,0.004822874,0.000901617,0.003921257
674,768,69,0.005079222,0.001227185,0.003852037
674,768,70,0.004701312,0.000897376,0.003803936
674,768,71,0.004640122,0.000739125,0.003900997
674,768,72,0.004659097,0.000843403,0.003815694
674,768,73,0.004788182,0.000873148,0.003915034
674,768,74,0.004526888,0.000653547,0.003873341
674,768,75,0.004835298,0.000902341,0.003932957
674,768,76,0.004521557,0.000574963,0.003946594
674,768,77,0.004643755,0.000749098,0.003894657
674,768,78,0.004649959,0.000722075,0.003927884
674,768,79,0.004662908,0.000731965,0.003930943
674,768,80,0.004589148,0.000761117,0.003828031
674,768,81,0.004765814,0.000898559,0.003867255
674,768,82,0.004579223,0.000814878,0.003764345
674,768,83,0.004494844,0.000747704,0.00374714
674,768,84,0.004492656,0.000899673,0.003592983
674,768,85,0.004662756,0.001004044,0.003658712
674,768,86,0.004611537,0.000941456,0.003670081
674,768,87,0.004405289,0.000760555,0.003644734
674,768,88,0.004362898,0.000801775,0.003561123
674,768,89,0.004540412,0.000881431,0.003658981
674,768,90,0.004324375,0.000829024,0.003495351
674,768,91,0.007531939,0.003618226,0.003913713
674,768,92,0.004401147,0.000821633,0.003579514
674,768,93,0.004188096,0.00070341,0.003484686
674,768,94,0.00406909,0.000709502,0.003359588
674,768,95,0.004371123,0.000685706,0.003685417
674,768,96,0.004440073,0.000771138,0.003668935
674,768,97,0.004746535,0.001012605,0.00373393
674,768,98,0.006824938,0.003302103,0.003522835
674,768,99,0.005346592,0.001699907,0.003646685
674,768,100,0.00449016,0.000807063,0.003683097
674,768,101,0.004311942,0.000643712,0.00366823
674,768,102,0.00404878,0.000505074,0.003543706
674,768,103,0.007057733,0.003659004,0.003398729
674,768,104,0.004891152,0.001326616,0.003564536
674,768,105,0.004623793,0.001057229,0.003566564
674,768,106,0.004509912,0.001199903,0.003310009
674,768,107,0.004283063,0.00094377,0.003339293
674,768,108,0.007358533,0.004072483,0.00328605
674,768,109,0.00407843,0.0006223,0.00345613
674,768,110,0.006387682,0.003178092,0.00320959
675,768,1,0.756969285,0.633434475,0.12353481
675,768,2,0.011227617,0.008122989,0.003104628
675,768,3,0.003732493,0.000547114,0.003185379
675,768,4,0.0035394,0.000380164,0.003159236
675,768,5,0.059321256,0.056288991,0.003032265
675,768,6,0.003987715,0.000954891,0.003032824
675,768,7,0.003889185,0.000755876,0.003133309
675,768,8,0.004061141,0.00092029,0.003140851
675,768,9,0.004061349,0.000920018,0.003141331
675,768,10,0.004116351,0.000965247,0.003151104
675,768,11,0.004072838,0.000925478,0.00314736
675,768,12,0.004216089,0.001046783,0.003169306
675,768,13,0.004056606,0.000887311,0.003169295
675,768,14,0.004162432,0.000890371,0.003272061
675,768,15,0.004127089,0.000795379,0.00333171
675,768,16,0.003858303,0.000545848,0.003312455
675,768,17,0.003858186,0.000460967,0.003397219
675,768,18,0.003942341,0.000454132,0.003488209
675,768,19,0.003937194,0.000443042,0.003494152
675,768,20,0.013690706,0.010125634,0.003565072
675,768,21,0.004938984,0.001461998,0.003476986
675,768,22,0.005261558,0.001634065,0.003627493
675,768,23,0.004801278,0.001142826,0.003658452
675,768,24,0.004512084,0.001112504,0.00339958
675,768,25,0.004582533,0.00113543,0.003447103
675,768,26,0.004961185,0.001625268,0.003335917
675,768,27,0.004431774,0.001062784,0.00336899
675,768,28,0.004725022,0.001317178,0.003407844
675,768,29,0.004856974,0.001579417,0.003277557
675,768,30,0.004597332,0.001169379,0.003427953
675,768,31,0.004574712,0.001138327,0.003436385
675,768,32,0.004696514,0.001275085,0.003421429
675,768,33,0.004423932,0.001027967,0.003395965
675,768,34,0.004558143,0.00116526,0.003392883
675,768,35,0.004538625,0.001172691,0.003365934
675,768,36,0.004671412,0.001286711,0.003384701
675,768,37,0.004617332,0.001167022,0.00345031
675,768,38,0.004545345,0.001130257,0.003415088
675,768,39,0.004461769,0.001030998,0.003430771
675,768,40,0.004552606,0.001189221,0.003363385
675,768,41,0.005704964,0.002348602,0.003356362
675,768,42,0.005262818,0.001939076,0.003323742
675,768,43,0.005521821,0.002165524,0.003356297
675,768,44,0.005822698,0.002515419,0.003307279
675,768,45,0.005905414,0.002530704,0.00337471
675,768,46,0.006194012,0.002837147,0.003356865
675,768,47,0.005702866,0.002333461,0.003369405
675,768,48,0.005561709,0.002182058,0.003379651
675,768,49,0.005530951,0.001997621,0.00353333
675,768,50,0.005477217,0.001852822,0.003624395
675,768,51,0.00526326,0.001718041,0.003545219
675,768,52,0.004961462,0.001431635,0.003529827
675,768,53,0.004871323,0.001281339,0.003589984
675,768,54,0.005101162,0.001549139,0.003552023
675,768,55,0.004818358,0.001122078,0.00369628
675,768,56,0.00498135,0.001343929,0.003637421
675,768,57,0.005096131,0.001359445,0.003736686
675,768,58,0.004936032,0.001229069,0.003706963
675,768,59,0.004867857,0.001076405,0.003791452
675,768,60,0.00484118,0.001084753,0.003756427
675,768,61,0.004702877,0.00098922,0.003713657
675,768,62,0.00474697,0.001040384,0.003706586
675,768,63,0.005191736,0.001412305,0.003779431
675,768,64,0.004686398,0.000848082,0.003838316
675,768,65,0.004910926,0.001044219,0.003866707
675,768,66,0.004910022,0.001042075,0.003867947
675,768,67,0.004824152,0.000952434,0.003871718
675,768,68,0.005099346,0.001244168,0.003855178
675,768,69,0.004735164,0.000933306,0.003801858
675,768,70,0.00456664,0.000822414,0.003744226
675,768,71,0.00470549,0.000866812,0.003838678
675,768,72,0.004777247,0.001040648,0.003736599
675,768,73,0.004508521,0.000685772,0.003822749
675,768,74,0.00481021,0.001018173,0.003792037
675,768,75,0.00449376,0.000593533,0.003900227
675,768,76,0.004665902,0.000891397,0.003774505
675,768,77,0.004655737,0.000732656,0.003923081
675,768,78,0.004684722,0.000882846,0.003801876
675,768,79,0.004659289,0.000779039,0.00388025
675,768,80,0.004726027,0.000974813,0.003751214
675,768,81,0.004709392,0.000923762,0.00378563
675,768,82,0.00449535,0.000824137,0.003671213
675,768,83,0.004421649,0.000705564,0.003716085
675,768,84,0.004229632,0.00060426,0.003625372
675,768,85,0.004652045,0.000973316,0.003678729
675,768,86,0.004400308,0.00078287,0.003617438
675,768,87,0.004629023,0.00085939,0.003769633
675,768,88,0.004561575,0.001058123,0.003503452
675,768,89,0.004551986,0.000888271,0.003663715
675,768,90,0.007325617,0.003670741,0.003654876
675,768,91,0.004798556,0.001143668,0.003654888
675,768,92,0.004210351,0.000737612,0.003472739
675,768,93,0.00422622,0.000666082,0.003560138
675,768,94,0.003973261,0.000574321,0.00339894
675,768,95,0.004523225,0.000835247,0.003687978
675,768,96,0.004658358,0.001105776,0.003552582
675,768,97,0.007033674,0.003545693,0.003487981
675,768,98,0.005241466,0.001836903,0.003404563
675,768,99,0.004452691,0.000836578,0.003616113
675,768,100,0.004311127,0.00061542,0.003695707
675,768,101,0.004149895,0.000644097,0.003505798
675,768,102,0.006991564,0.003737233,0.003254331
675,768,103,0.004452358,0.001057056,0.003395302
675,768,104,0.005180926,0.001650489,0.003530437
675,768,105,0.004752123,0.001388089,0.003364034
675,768,106,0.004110461,0.000775684,0.003334777
675,768,107,0.007584106,0.003290784,0.004293322
675,768,108,0.003842956,0.000468594,0.003374362
675,768,109,0.00642248,0.003230771,0.003191709
675,768,110,0.010594299,0.007535372,0.003058927
676,768,1,0.757744078,0.634087885,0.123656193
676,768,2,0.005836295,0.00264393,0.003192365
676,768,3,0.007988528,0.00480398,0.003184548
676,768,4,0.023136731,0.020009984,0.003126747
676,768,5,0.003965409,0.000692316,0.003273093
676,768,6,0.039563147,0.036425029,0.003138118
676,768,7,0.004336844,0.00107064,0.003266204
676,768,8,0.003953806,0.00067239,0.003281416
676,768,9,0.003980747,0.000691,0.003289747
676,768,10,0.004153173,0.000877293,0.00327588
676,768,11,0.004083112,0.000802423,0.003280689
676,768,12,0.004212761,0.000930424,0.003282337
676,768,13,0.00408756,0.000791529,0.003296031
676,768,14,0.004090776,0.000793315,0.003297461
676,768,15,0.004118166,0.000758675,0.003359491
676,768,16,0.00398681,0.000592182,0.003394628
676,768,17,0.003998626,0.000458516,0.00354011
676,768,18,0.00397985,0.000408203,0.003571647
676,768,19,0.013966959,0.010368783,0.003598176
676,768,20,0.005008059,0.001352125,0.003655934
676,768,21,0.00509664,0.001328977,0.003767663
676,768,22,0.004801554,0.001006193,0.003795361
676,768,23,0.004785534,0.001003965,0.003781569
676,768,24,0.004246446,0.000715468,0.003530978
676,768,25,0.004515056,0.000979079,0.003535977
676,768,26,0.004508552,0.001023135,0.003485417
676,768,27,0.0047459,0.001280175,0.003465725
676,768,28,0.00473271,0.001256687,0.003476023
676,768,29,0.00473236,0.001315362,0.003416998
676,768,30,0.004798578,0.001330509,0.003468069
676,768,31,0.004716965,0.001152178,0.003564787
676,768,32,0.004339583,0.000843504,0.003496079
676,768,33,0.004591739,0.001021933,0.003569806
676,768,34,0.004470639,0.000973587,0.003497052
676,768,35,0.004618955,0.001080516,0.003538439
676,768,36,0.004550904,0.001033717,0.003517187
676,768,37,0.004585575,0.001048335,0.00353724
676,768,38,0.00454385,0.000993445,0.003550405
676,768,39,0.004458187,0.000934307,0.00352388
676,768,40,0.006036055,0.002624373,0.003411682
676,768,41,0.005480551,0.002018375,0.003462176
676,768,42,0.005374077,0.001969869,0.003404208
676,768,43,0.005819546,0.002376359,0.003443187
676,768,44,0.005932523,0.002437963,0.00349456
676,768,45,0.005890418,0.002456183,0.003434235
676,768,46,0.005809075,0.00240216,0.003406915
676,768,47,0.005722719,0.00217458,0.003548139
676,768,48,0.00538164,0.001795902,0.003585738
676,768,49,0.005539652,0.001854947,0.003684705
676,768,50,0.005188503,0.001597841,0.003590662
676,768,51,0.004965028,0.001336234,0.003628794
676,768,52,0.004795245,0.001083391,0.003711854
676,768,53,0.004968781,0.00129954,0.003669241
676,768,54,0.004833862,0.001140068,0.003693794
676,768,55,0.005264783,0.001429667,0.003835116
676,768,56,0.005048377,0.001217738,0.003830639
676,768,57,0.004961473,0.001058889,0.003902584
676,768,58,0.0048076,0.000877693,0.003929907
676,768,59,0.004886739,0.000914492,0.003972247
676,768,60,0.004742365,0.000865239,0.003877126
676,768,61,0.004736607,0.000828243,0.003908364
676,768,62,0.005188091,0.001219444,0.003968647
676,768,63,0.004540673,0.000585323,0.00395535
676,768,64,0.005015585,0.001026247,0.003989338
676,768,65,0.004860235,0.000939306,0.003920929
676,768,66,0.004808267,0.000923062,0.003885205
676,768,67,0.005103973,0.00119685,0.003907123
676,768,68,0.00482557,0.001010589,0.003814981
676,768,69,0.004547854,0.000674935,0.003872919
676,768,70,0.004625507,0.000744822,0.003880685
676,768,71,0.004939094,0.001041406,0.003897688
676,768,72,0.004404507,0.000640581,0.003763926
676,768,73,0.004805124,0.000900839,0.003904285
676,768,74,0.004424283,0.000622901,0.003801382
676,768,75,0.004772719,0.000811678,0.003961041
676,768,76,0.004501681,0.000641399,0.003860282
676,768,77,0.004790302,0.000859286,0.003931016
676,768,78,0.004624543,0.000758133,0.00386641
676,768,79,0.004817563,0.000803905,0.004013658
676,768,80,0.004662785,0.000749152,0.003913633
676,768,81,0.004654153,0.000782098,0.003872055
676,768,82,0.00435408,0.000552392,0.003801688
676,768,83,0.004300176,0.000557743,0.003742433
676,768,84,0.004253861,0.000552387,0.003701474
676,768,85,0.004623242,0.000964118,0.003659124
676,768,86,0.004627231,0.00089316,0.003734071
676,768,87,0.004781275,0.001016133,0.003765142
676,768,88,0.004364388,0.000711127,0.003653261
676,768,89,0.007225146,0.00093643,0.006288716
676,768,90,0.005019555,0.001242879,0.003776676
676,768,91,0.004458092,0.000636886,0.003821206
676,768,92,0.004129125,0.00052567,0.003603455
676,768,93,0.004147735,0.000482169,0.003665566
676,768,94,0.004175011,0.000672871,0.00350214
676,768,95,0.004789374,0.001006469,0.003782905
676,768,96,0.007144978,0.00345069,0.003694288
676,768,97,0.005328923,0.001802697,0.003526226
676,768,98,0.004234227,0.000686277,0.00354795
676,768,99,0.004230541,0.000490722,0.003739819
676,768,100,0.004307015,0.000618048,0.003688967
676,768,101,0.006541862,0.002984351,0.003557511
676,768,102,0.00454288,0.001184976,0.003357904
676,768,103,0.005563795,0.002090272,0.003473523
676,768,104,0.004899399,0.001352796,0.003546603
676,768,105,0.004189223,0.000703817,0.003485406
676,768,106,0.006437782,0.003022467,0.003415315
676,768,107,0.004976506,0.001616513,0.003359993
676,768,108,0.00650576,0.003143691,0.003362069
676,768,109,0.010248142,0.006946402,0.00330174
676,768,110,0.004575673,0.001353399,0.003222274
677,768,1,0.75705798,0.633390689,0.123667291
677,768,2,0.007349296,0.004164027,0.003185269
677,768,3,0.003726001,0.000470361,0.00325564
677,768,4,0.026977158,0.023885037,0.003092121
677,768,5,0.003781989,0.000586172,0.003195817
677,768,6,0.003815665,0.000601067,0.003214598
677,768,7,0.038896021,0.035800889,0.003095132
677,768,8,0.004431794,0.001329049,0.003102745
677,768,9,0.004094426,0.000899742,0.003194684
677,768,10,0.004045826,0.000853991,0.003191835
677,768,11,0.004157016,0.000926134,0.003230882
677,768,12,0.004151978,0.000864045,0.003287933
677,768,13,0.004153501,0.000848311,0.00330519
677,768,14,0.004137373,0.000809995,0.003327378
677,768,15,0.004119833,0.000735727,0.003384106
677,768,16,0.004016158,0.000599423,0.003416735
677,768,17,0.003983645,0.000460159,0.003523486
677,768,18,0.014513658,0.011003565,0.003510093
677,768,19,0.004986718,0.001402194,0.003584524
677,768,20,0.004938007,0.001319201,0.003618806
677,768,21,0.00484888,0.000956986,0.003891894
677,768,22,0.004749142,0.000844349,0.003904793
677,768,23,0.004531286,0.000834157,0.003697129
677,768,24,0.004455314,0.000871928,0.003583386
677,768,25,0.004260565,0.000822557,0.003438008
677,768,26,0.004654373,0.001219063,0.00343531
677,768,27,0.004779127,0.001398093,0.003381034
677,768,28,0.004623183,0.001175646,0.003447537
677,768,29,0.004783842,0.001421442,0.0033624
677,768,30,0.004807209,0.001304699,0.00350251
677,768,31,0.004381188,0.000906296,0.003474892
677,768,32,0.004438083,0.000939622,0.003498461
677,768,33,0.004364044,0.000869146,0.003494898
677,768,34,0.00454522,0.001023751,0.003521469
677,768,35,0.004449848,0.000970875,0.003478973
677,768,36,0.004526296,0.001043174,0.003483122
677,768,37,0.004524423,0.001063213,0.00346121
677,768,38,0.004593784,0.00109209,0.003501694
677,768,39,0.006555562,0.003168143,0.003387419
677,768,40,0.005288506,0.001931615,0.003356891
677,768,41,0.005545618,0.002199392,0.003346226
677,768,42,0.005770531,0.002401264,0.003369267
677,768,43,0.005840327,0.002370809,0.003469518
677,768,44,0.006084176,0.002760781,0.003323395
677,768,45,0.005877158,0.002449353,0.003427805
677,768,46,0.005680936,0.002170283,0.003510653
677,768,47,0.005036221,0.00153794,0.003498281
677,768,48,0.005441838,0.001938915,0.003502923
677,768,49,0.00539414,0.001870479,0.003523661
677,768,50,0.004870366,0.001328914,0.003541452
677,768,51,0.004800101,0.00120024,0.003599861
677,768,52,0.005083929,0.00145653,0.003627399
677,768,53,0.004789517,0.001155299,0.003634218
677,768,54,0.005159188,0.001481991,0.003677197
677,768,55,0.005163271,0.001199627,0.003963644
677,768,56,0.00492145,0.000999133,0.003922317
677,768,57,0.004695304,0.000756636,0.003938668
677,768,58,0.004825776,0.000905242,0.003920534
677,768,59,0.004821629,0.000956438,0.003865191
677,768,60,0.004773431,0.000858973,0.003914458
677,768,61,0.005053805,0.00121182,0.003841985
677,768,62,0.00463295,0.000816544,0.003816406
677,768,63,0.004973846,0.001144043,0.003829803
677,768,64,0.004968741,0.001164659,0.003804082
677,768,65,0.004819977,0.000981944,0.003838033
677,768,66,0.005076469,0.001309404,0.003767065
677,768,67,0.004865201,0.001072462,0.003792739
677,768,68,0.004535992,0.000798345,0.003737647
677,768,69,0.004586809,0.000838105,0.003748704
677,768,70,0.004907241,0.001111441,0.0037958
677,768,71,0.0044132,0.000695082,0.003718118
677,768,72,0.004815416,0.001008123,0.003807293
677,768,73,0.004454302,0.000716471,0.003737831
677,768,74,0.004659017,0.000805185,0.003853832
677,768,75,0.004600878,0.000767456,0.003833422
677,768,76,0.00470264,0.000853432,0.003849208
677,768,77,0.004659274,0.000739267,0.003920007
677,768,78,0.004693304,0.000708106,0.003985198
677,768,79,0.004624002,0.000718193,0.003905809
677,768,80,0.004597819,0.000693638,0.003904181
677,768,81,0.004505165,0.000702674,0.003802491
677,768,82,0.004328482,0.000589882,0.0037386
677,768,83,0.004299999,0.000630575,0.003669424
677,768,84,0.004501388,0.000901796,0.003599592
677,768,85,0.004685995,0.001042086,0.003643909
677,768,86,0.00484196,0.001152426,0.003689534
677,768,87,0.004451988,0.000713344,0.003738644
677,768,88,0.004638113,0.000943607,0.003694506
677,768,89,0.004559328,0.00068662,0.003872708
677,768,90,0.006152357,0.002436041,0.003716316
677,768,91,0.004803846,0.001084767,0.003719079
677,768,92,0.00457234,0.000927401,0.003644939
677,768,93,0.004756638,0.001116611,0.003640027
677,768,94,0.004470557,0.00076732,0.003703237
677,768,95,0.00710032,0.000666706,0.006433614
677,768,96,0.005660357,0.001123286,0.004537071
677,768,97,0.00417492,0.000637311,0.003537609
677,768,98,0.004079602,0.000597119,0.003482483
677,768,99,0.004324386,0.000566275,0.003758111
677,768,100,0.005186819,0.001476675,0.003710144
677,768,101,0.004628441,0.001077776,0.003550665
677,768,102,0.007088552,0.003654352,0.0034342
677,768,103,0.0048115,0.001294734,0.003516766
677,768,104,0.004216731,0.000684611,0.00353212
677,768,105,0.006591381,0.003277225,0.003314156
677,768,106,0.004967366,0.001624055,0.003343311
677,768,107,0.006311789,0.002993118,0.003318671
677,768,108,0.009825736,0.006571833,0.003253903
677,768,109,0.004837393,0.001535297,0.003302096
677,768,110,0.004328497,0.001113041,0.003215456
678,768,1,0.760369947,0.635728368,0.124641579
678,768,2,0.003697466,0.000474195,0.003223271
678,768,3,0.003683738,0.000476881,0.003206857
678,768,4,0.027692155,0.024642668,0.003049487
678,768,5,0.003995576,0.000814993,0.003180583
678,768,6,0.004002002,0.000819043,0.003182959
678,768,7,0.003653069,0.000549105,0.003103964
678,768,8,0.038025271,0.034982387,0.003042884
678,768,9,0.004607581,0.001561523,0.003046058
678,768,10,0.004117231,0.000955464,0.003161767
678,768,11,0.004089938,0.000908832,0.003181106
678,768,12,0.004135238,0.000962547,0.003172691
678,768,13,0.004124014,0.00092917,0.003194844
678,768,14,0.004127856,0.000885982,0.003241874
678,768,15,0.004109387,0.00083849,0.003270897
678,768,16,0.004004018,0.000720143,0.003283875
678,768,17,0.015364152,0.011922214,0.003441938
678,768,18,0.0049089,0.001430529,0.003478371
678,768,19,0.004916037,0.00133655,0.003579487
678,768,20,0.004493176,0.000888457,0.003604719
678,768,21,0.004825582,0.001109983,0.003715599
678,768,22,0.00472318,0.001070254,0.003652926
678,768,23,0.004398403,0.000817211,0.003581192
678,768,24,0.004149168,0.000747094,0.003402074
678,768,25,0.004379413,0.001054546,0.003324867
678,768,26,0.004765388,0.001460925,0.003304463
678,768,27,0.004617779,0.001368704,0.003249075
678,768,28,0.004645384,0.001294294,0.00335109
678,768,29,0.00465827,0.001327695,0.003330575
678,768,30,0.004559668,0.001119161,0.003440507
678,768,31,0.004501244,0.001090924,0.00341032
678,768,32,0.004356395,0.000958753,0.003397642
678,768,33,0.004631249,0.001240909,0.00339034
678,768,34,0.004483002,0.001046177,0.003436825
678,768,35,0.004740978,0.00133515,0.003405828
678,768,36,0.004504479,0.001154491,0.003349988
678,768,37,0.004628979,0.001190784,0.003438195
678,768,38,0.006578295,0.003258439,0.003319856
678,768,39,0.005284398,0.001997625,0.003286773
678,768,40,0.005733446,0.002404733,0.003328713
678,768,41,0.005731808,0.002399949,0.003331859
678,768,42,0.005844865,0.002504106,0.003340759
678,768,43,0.006202792,0.002882233,0.003320559
678,768,44,0.005856899,0.002437255,0.003419644
678,768,45,0.005340239,0.00191134,0.003428899
678,768,46,0.005132447,0.001666611,0.003465836
678,768,47,0.005454681,0.002154949,0.003299732
678,768,48,0.005340977,0.001884207,0.00345677
678,768,49,0.00494558,0.001418026,0.003527554
678,768,50,0.004724933,0.001151447,0.003573486
678,768,51,0.005065099,0.001408886,0.003656213
678,768,52,0.004898126,0.001241693,0.003656433
678,768,53,0.005110493,0.001279713,0.00383078
678,768,54,0.004993594,0.00112887,0.003864724
678,768,55,0.004826731,0.000939615,0.003887116
678,768,56,0.004714666,0.000870772,0.003843894
678,768,57,0.004824394,0.000990154,0.00383424
678,768,58,0.004739145,0.000902098,0.003837047
678,768,59,0.004902061,0.001175037,0.003727024
678,768,60,0.00500943,0.001377103,0.003632327
678,768,61,0.004789705,0.001128857,0.003660848
678,768,62,0.004957342,0.001302885,0.003654457
678,768,63,0.00500499,0.001356748,0.003648242
678,768,64,0.00484638,0.001150593,0.003695787
678,768,65,0.005140124,0.001437939,0.003702185
678,768,66,0.004826646,0.001066051,0.003760595
678,768,67,0.004572593,0.000865136,0.003707457
678,768,68,0.004560247,0.000838888,0.003721359
678,768,69,0.00486222,0.001122812,0.003739408
678,768,70,0.004439523,0.000722959,0.003716564
678,768,71,0.004702788,0.000998598,0.00370419
678,768,72,0.0044642,0.000800773,0.003663427
678,768,73,0.004664786,0.0010121,0.003652686
678,768,74,0.004596819,0.000834079,0.00376274
678,768,75,0.004678375,0.000943822,0.003734553
678,768,76,0.004579612,0.000821815,0.003757797
678,768,77,0.004512059,0.000729776,0.003782283
678,768,78,0.004661739,0.00080883,0.003852909
678,768,79,0.004582847,0.000718384,0.003864463
678,768,80,0.004486907,0.000744903,0.003742004
678,768,81,0.004324441,0.000693584,0.003630857
678,768,82,0.004254494,0.000627249,0.003627245
678,768,83,0.004553984,0.00101973,0.003534254
678,768,84,0.004638288,0.001240011,0.003398277
678,768,85,0.004891594,0.001421158,0.003470436
678,768,86,0.004667479,0.00107885,0.003588629
678,768,87,0.004615277,0.001030024,0.003585253
678,768,88,0.00446476,0.000819719,0.003645041
678,768,89,0.004461757,0.000812561,0.003649196
678,768,90,0.00459726,0.000940985,0.003656275
678,768,91,0.006918944,0.003413982,0.003504962
678,768,92,0.004687383,0.001269311,0.003418072
678,768,93,0.004435127,0.000954791,0.003480336
678,768,94,0.004216991,0.000483828,0.003733163
678,768,95,0.005396528,0.001673052,0.003723476
678,768,96,0.005466491,0.001753342,0.003713149
678,768,97,0.005199618,0.001689365,0.003510253
678,768,98,0.004141428,0.000706868,0.00343456
678,768,99,0.00551145,0.002000129,0.003511321
678,768,100,0.00524856,0.001800904,0.003447656
678,768,101,0.007378101,0.004116521,0.00326158
678,768,102,0.004722313,0.001304401,0.003417912
678,768,103,0.004183255,0.000676558,0.003506697
678,768,104,0.00659113,0.000491486,0.006099644
678,768,105,0.005103664,0.001130477,0.003973187
678,768,106,0.006049974,0.002820067,0.003229907
678,768,107,0.004912674,0.001558266,0.003354408
678,768,108,0.004038178,0.000582733,0.003455445
678,768,109,0.008563645,0.005366416,0.003197229
678,768,110,0.004607995,0.001463399,0.003144596
679,768,1,0.756975824,0.633759093,0.123216731
679,768,2,0.00690128,0.003793692,0.003107588
679,768,3,0.02830223,0.025275277,0.003026953
679,768,4,0.003892083,0.0007819,0.003110183
679,768,5,0.003937457,0.000828283,0.003109174
679,768,6,0.003757137,0.000620964,0.003136173
679,768,7,0.018711788,0.015684109,0.003027679
679,768,8,0.004247809,0.001121128,0.003126681
679,768,9,0.0220354,0.01898845,0.00304695
679,768,10,0.004538141,0.001483558,0.003054583
679,768,11,0.004241623,0.001022099,0.003219524
679,768,12,0.004123718,0.000914522,0.003209196
679,768,13,0.004124911,0.000887332,0.003237579
679,768,14,0.004079551,0.000831482,0.003248069
679,768,15,0.004201388,0.000930321,0.003271067
679,768,16,0.016084746,0.012624627,0.003460119
679,768,17,0.004897629,0.001385321,0.003512308
679,768,18,0.004848992,0.001242223,0.003606769
679,768,19,0.004435561,0.000861986,0.003573575
679,768,20,0.004727374,0.001146411,0.003580963
679,768,21,0.004784133,0.00116343,0.003620703
679,768,22,0.004313552,0.000718385,0.003595167
679,768,23,0.004157882,0.000717694,0.003440188
679,768,24,0.004444499,0.000961608,0.003482891
679,768,25,0.00468268,0.001281409,0.003401271
679,768,26,0.004465974,0.001111249,0.003354725
679,768,27,0.004685424,0.001336966,0.003348458
679,768,28,0.004386877,0.001068881,0.003317996
679,768,29,0.004784225,0.001471881,0.003312344
679,768,30,0.004648008,0.001206888,0.00344112
679,768,31,0.004318904,0.000898989,0.003419915
679,768,32,0.004426184,0.001041293,0.003384891
679,768,33,0.004554488,0.001198312,0.003356176
679,768,34,0.004677114,0.001223713,0.003453401
679,768,35,0.004539159,0.001217892,0.003321267
679,768,36,0.004558361,0.001250437,0.003307924
679,768,37,0.006722159,0.003392904,0.003329255
679,768,38,0.005370347,0.002011104,0.003359243
679,768,39,0.005830986,0.00251523,0.003315756
679,768,40,0.005777376,0.002398481,0.003378895
679,768,41,0.005767078,0.002466196,0.003300882
679,768,42,0.006334834,0.002940742,0.003394092
679,768,43,0.005648182,0.002286648,0.003361534
679,768,44,0.005164919,0.001804855,0.003360064
679,768,45,0.005451433,0.002077671,0.003373762
679,768,46,0.005575817,0.002146868,0.003428949
679,768,47,0.005033368,0.001602965,0.003430403
679,768,48,0.004847495,0.001372946,0.003474549
679,768,49,0.004857428,0.001204879,0.003652549
679,768,50,0.004847739,0.001187117,0.003660622
679,768,51,0.004994733,0.001236056,0.003758677
679,768,52,0.005028863,0.001219266,0.003809597
679,768,53,0.004825027,0.001139387,0.00368564
679,768,54,0.004704396,0.000983085,0.003721311
679,768,55,0.004845725,0.001146339,0.003699386
679,768,56,0.004892785,0.001259005,0.00363378
679,768,57,0.004839233,0.001215214,0.003624019
679,768,58,0.004982775,0.001308426,0.003674349
679,768,59,0.005032421,0.001439663,0.003592758
679,768,60,0.004858724,0.001248294,0.00361043
679,768,61,0.004932855,0.001371312,0.003561543
679,768,62,0.005113794,0.00127597,0.003837824
679,768,63,0.004848549,0.001127988,0.003720561
679,768,64,0.005108814,0.001284628,0.003824186
679,768,65,0.004829307,0.000994604,0.003834703
679,768,66,0.004607302,0.000839509,0.003767793
679,768,67,0.004571821,0.000789176,0.003782645
679,768,68,0.004772693,0.000947929,0.003824764
679,768,69,0.004410156,0.000634124,0.003776032
679,768,70,0.004689457,0.000832956,0.003856501
679,768,71,0.004564965,0.00074748,0.003817485
679,768,72,0.004729763,0.000863423,0.00386634
679,768,73,0.004529984,0.000675585,0.003854399
679,768,74,0.004703484,0.00086985,0.003833634
679,768,75,0.004519695,0.000666524,0.003853171
679,768,76,0.004534617,0.000689286,0.003845331
679,768,77,0.004542546,0.000689118,0.003853428
679,768,78,0.00455958,0.000719308,0.003840272
679,768,79,0.004560286,0.000723708,0.003836578
679,768,80,0.004504186,0.000690873,0.003813313
679,768,81,0.004318157,0.00072361,0.003594547
679,768,82,0.004320005,0.000691057,0.003628948
679,768,83,0.004553288,0.001011018,0.00354227
679,768,84,0.0047573,0.001404058,0.003353242
679,768,85,0.004634353,0.001100451,0.003533902
679,768,86,0.004805408,0.001220079,0.003585329
679,768,87,0.004434791,0.000729678,0.003705113
679,768,88,0.004350436,0.00075232,0.003598116
679,768,89,0.004586023,0.000945548,0.003640475
679,768,90,0.007452106,0.003878951,0.003573155
679,768,91,0.004812112,0.001422455,0.003389657
679,768,92,0.004335086,0.000859599,0.003475487
679,768,93,0.004033348,0.000465724,0.003567624
679,768,94,0.004730734,0.000933718,0.003797016
679,768,95,0.005437946,0.00183736,0.003600586
679,768,96,0.005241568,0.001526023,0.003715545
679,768,97,0.004271998,0.000789254,0.003482744
679,768,98,0.005612317,0.002303826,0.003308491
679,768,99,0.005556394,0.002087502,0.003468892
679,768,100,0.007937018,0.004483367,0.003453651
679,768,101,0.004619118,0.001340326,0.003278792
679,768,102,0.004058085,0.000650512,0.003407573
679,768,103,0.003968436,0.000422659,0.003545777
679,768,104,0.005664657,0.002201701,0.003462956
679,768,105,0.007839207,0.004505811,0.003333396
679,768,106,0.004363508,0.001111609,0.003251899
679,768,107,0.004190092,0.000828042,0.00336205
679,768,108,0.004103228,0.000666506,0.003436722
679,768,109,0.004584417,0.001316466,0.003267951
679,768,110,0.007845786,0.004771045,0.003074741
680,768,1,0.756949094,0.633700334,0.12324876
680,768,2,0.03207541,0.029057305,0.003018105
680,768,3,0.003722278,0.000593914,0.003128364
680,768,4,0.004027688,0.000901115,0.003126573
680,768,5,0.003685286,0.000540964,0.003144322
680,768,6,0.018849912,0.01582362,0.003026292
680,768,7,0.00419778,0.001043446,0.003154334
680,768,8,0.003468248,0.000364232,0.003104016
680,768,9,0.003610961,0.00047942,0.003131541
680,768,10,0.021377304,0.018335653,0.003041651
680,768,11,0.004606193,0.001540176,0.003066017
680,768,12,0.004171266,0.0011084,0.003062866
680,768,13,0.004195863,0.001117429,0.003078434
680,768,14,0.00421063,0.001025145,0.003185485
680,768,15,0.017402026,0.014038718,0.003363308
680,768,16,0.004897939,0.001447824,0.003450115
680,768,17,0.004737245,0.001173573,0.003563672
680,768,18,0.004461981,0.000900848,0.003561133
680,768,19,0.004755127,0.00124001,0.003515117
680,768,20,0.004674487,0.001057239,0.003617248
680,768,21,0.004317387,0.000735689,0.003581698
680,768,22,0.004371757,0.000763662,0.003608095
680,768,23,0.004139609,0.000613162,0.003526447
680,768,24,0.004330946,0.00089897,0.003431976
680,768,25,0.004535355,0.001196311,0.003339044
680,768,26,0.004458273,0.001132732,0.003325541
680,768,27,0.004609332,0.001299643,0.003309689
680,768,28,0.00466806,0.001288338,0.003379722
680,768,29,0.004460466,0.001136722,0.003323744
680,768,30,0.004600368,0.001160548,0.00343982
680,768,31,0.004244626,0.000867794,0.003376832
680,768,32,0.004439046,0.001056772,0.003382274
680,768,33,0.004231759,0.000767935,0.003463824
680,768,34,0.004077502,0.000617893,0.003459609
680,768,35,0.004425432,0.001039243,0.003386189
680,768,36,0.008185354,0.004857742,0.003327612
680,768,37,0.00552949,0.002182841,0.003346649
680,768,38,0.005823921,0.002536506,0.003287415
680,768,39,0.005553193,0.002219662,0.003333531
680,768,40,0.005842812,0.00256244,0.003280372
680,768,41,0.006473709,0.003139825,0.003333884
680,768,42,0.005624931,0.002309168,0.003315763
680,768,43,0.005243304,0.001969021,0.003274283
680,768,44,0.005396304,0.002085167,0.003311137
680,768,45,0.00565188,0.002265561,0.003386319
680,768,46,0.005117385,0.001564552,0.003552833
680,768,47,0.004783353,0.001205113,0.00357824
680,768,48,0.004766604,0.001088438,0.003678166
680,768,49,0.004820784,0.001175971,0.003644813
680,768,50,0.004835806,0.001210344,0.003625462
680,768,51,0.004714688,0.001029847,0.003684841
680,768,52,0.004978997,0.001424939,0.003554058
680,768,53,0.004653966,0.000988793,0.003665173
680,768,54,0.005016225,0.001407256,0.003608969
680,768,55,0.005003714,0.001344915,0.003658799
680,768,56,0.005035229,0.001406917,0.003628312
680,768,57,0.004842893,0.00124039,0.003602503
680,768,58,0.00509621,0.001509096,0.003587114
680,768,59,0.004875353,0.00121782,0.003657533
680,768,60,0.004974287,0.00126627,0.003708017
680,768,61,0.004954901,0.001223611,0.00373129
680,768,62,0.00492123,0.001149076,0.003772154
680,768,63,0.005000804,0.001167406,0.003833398
680,768,64,0.00481962,0.000971575,0.003848045
680,768,65,0.004621015,0.000788668,0.003832347
680,768,66,0.004625508,0.000818205,0.003807303
680,768,67,0.004681923,0.000842163,0.00383976
680,768,68,0.004498658,0.000738019,0.003760639
680,768,69,0.004657369,0.000785298,0.003872071
680,768,70,0.004582515,0.000783151,0.003799364
680,768,71,0.004630317,0.000766735,0.003863582
680,768,72,0.004621125,0.000755251,0.003865874
680,768,73,0.004691367,0.000849607,0.00384176
680,768,74,0.004500709,0.000651086,0.003849623
680,768,75,0.004536905,0.000713464,0.003823441
680,768,76,0.004555784,0.000726117,0.003829667
680,768,77,0.004570793,0.00068418,0.003886613
680,768,78,0.004433349,0.000617878,0.003815471
680,768,79,0.004695126,0.000751963,0.003943163
680,768,80,0.00443564,0.000706575,0.003729065
680,768,81,0.004347086,0.000799477,0.003547609
680,768,82,0.004454266,0.000911728,0.003542538
680,768,83,0.004355662,0.000872198,0.003483464
680,768,84,0.004254963,0.00081262,0.003442343
680,768,85,0.00496654,0.001462187,0.003504353
680,768,86,0.004393909,0.000840286,0.003553623
680,768,87,0.004816682,0.001131481,0.003685201
680,768,88,0.00451456,0.00088017,0.00363439
680,768,89,0.007927089,0.004451948,0.003475141
680,768,90,0.005041549,0.001356512,0.003685037
680,768,91,0.004197387,0.000721662,0.003475725
680,768,92,0.003932432,0.000541413,0.003391019
680,768,93,0.003967541,0.000475083,0.003492458
680,768,94,0.006239766,0.002625267,0.003614499
680,768,95,0.005104763,0.00168648,0.003418283
680,768,96,0.004490816,0.00089493,0.003595886
680,768,97,0.005385818,0.001996611,0.003389207
680,768,98,0.005759473,0.002100166,0.003659307
680,768,99,0.007701718,0.001211776,0.006489942
680,768,100,0.005051916,0.001207559,0.003844357
680,768,101,0.003884483,0.00045217,0.003432313
680,768,102,0.003907335,0.000526715,0.00338062
680,768,103,0.004741083,0.001292246,0.003448837
680,768,104,0.007627161,0.004384964,0.003242197
680,768,105,0.004661108,0.001220531,0.003440577
680,768,106,0.00438299,0.001055297,0.003327693
680,768,107,0.004038945,0.000695236,0.003343709
680,768,108,0.005234605,0.001903278,0.003331327
680,768,109,0.004625281,0.00140488,0.003220401
680,768,110,0.004525003,0.001315772,0.003209231
681,768,1,0.756992784,0.633055577,0.123937207
681,768,2,0.013735007,0.010634815,0.003100192
681,768,3,0.021521021,0.018491352,0.003029669
681,768,4,0.003774437,0.00066426,0.003110177
681,768,5,0.020073352,0.017043141,0.003030211
681,768,6,0.003942128,0.000912067,0.003030061
681,768,7,0.003706517,0.000570825,0.003135692
681,768,8,0.003529874,0.000436568,0.003093306
681,768,9,0.003553152,0.000435787,0.003117365
681,768,10,0.003537276,0.000367818,0.003169458
681,768,11,0.020821292,0.017759436,0.003061856
681,768,12,0.004647363,0.001598778,0.003048585
681,768,13,0.004183472,0.001104977,0.003078495
681,768,14,0.01890616,0.015572726,0.003333434
681,768,15,0.004873044,0.001501916,0.003371128
681,768,16,0.004612831,0.001140568,0.003472263
681,768,17,0.004549474,0.000981338,0.003568136
681,768,18,0.004786578,0.001171586,0.003614992
681,768,19,0.004562407,0.001037163,0.003525244
681,768,20,0.004376626,0.000755792,0.003620834
681,768,21,0.00429954,0.000681126,0.003618414
681,768,22,0.004230497,0.0006941,0.003536397
681,768,23,0.004129998,0.000623133,0.003506865
681,768,24,0.004427319,0.000951534,0.003475785
681,768,25,0.004410036,0.001008399,0.003401637
681,768,26,0.004706616,0.001369152,0.003337464
681,768,27,0.00454146,0.001185279,0.003356181
681,768,28,0.004565866,0.001245232,0.003320634
681,768,29,0.00487854,0.001486419,0.003392121
681,768,30,0.004143411,0.00072592,0.003417491
681,768,31,0.004454061,0.001018727,0.003435334
681,768,32,0.004256016,0.000831604,0.003424412
681,768,33,0.004117481,0.00068959,0.003427891
681,768,34,0.00414096,0.000703324,0.003437636
681,768,35,0.008611379,0.005291696,0.003319683
681,768,36,0.005507153,0.00217181,0.003335343
681,768,37,0.005780137,0.002463641,0.003316496
681,768,38,0.005502631,0.002221061,0.00328157
681,768,39,0.005708091,0.002345502,0.003362589
681,768,40,0.006000404,0.00265942,0.003340984
681,768,41,0.005655556,0.002311936,0.00334362
681,768,42,0.005546176,0.002242165,0.003304011
681,768,43,0.005129649,0.001831012,0.003298637
681,768,44,0.005187177,0.001828494,0.003358683
681,768,45,0.005287315,0.001813337,0.003473978
681,768,46,0.004931233,0.001279697,0.003651536
681,768,47,0.004824433,0.001169471,0.003654962
681,768,48,0.004663872,0.000955844,0.003708028
681,768,49,0.004759325,0.001151469,0.003607856
681,768,50,0.00492437,0.001379365,0.003545005
681,768,51,0.004948455,0.001410732,0.003537723
681,768,52,0.004940287,0.001322929,0.003617358
681,768,53,0.004815604,0.001186899,0.003628705
681,768,54,0.005246844,0.00157228,0.003674564
681,768,55,0.004968479,0.001355679,0.0036128
681,768,56,0.004851635,0.001190138,0.003661497
681,768,57,0.005195642,0.001441049,0.003754593
681,768,58,0.004902279,0.00108537,0.003816909
681,768,59,0.004953069,0.00108761,0.003865459
681,768,60,0.004781495,0.000948686,0.003832809
681,768,61,0.004736163,0.000923282,0.003812881
681,768,62,0.004836537,0.000949122,0.003887415
681,768,63,0.004721294,0.000887333,0.003833961
681,768,64,0.004745653,0.000836437,0.003909216
681,768,65,0.004617473,0.000725656,0.003891817
681,768,66,0.004651282,0.00074861,0.003902672
681,768,67,0.004628107,0.000679481,0.003948626
681,768,68,0.004414652,0.000563104,0.003851548
681,768,69,0.004607006,0.000749051,0.003857955
681,768,70,0.004475417,0.000709789,0.003765628
681,768,71,0.004617232,0.000812926,0.003804306
681,768,72,0.004567879,0.000798874,0.003769005
681,768,73,0.004532542,0.000731243,0.003801299
681,768,74,0.00473836,0.000889112,0.003849248
681,768,75,0.004624675,0.000813073,0.003811602
681,768,76,0.004583467,0.000745797,0.00383767
681,768,77,0.005050588,0.001115601,0.003934987
681,768,78,0.004563429,0.000618034,0.003945395
681,768,79,0.004659095,0.000631661,0.004027434
681,768,80,0.004531019,0.000603699,0.00392732
681,768,81,0.004382457,0.00068947,0.003692987
681,768,82,0.004343759,0.000653632,0.003690127
681,768,83,0.004313354,0.000825281,0.003488073
681,768,84,0.004687229,0.001240936,0.003446293
681,768,85,0.00445026,0.001033624,0.003416636
681,768,86,0.004965224,0.001458165,0.003507059
681,768,87,0.004470969,0.000922008,0.003548961
681,768,88,0.008214503,0.004619546,0.003594957
681,768,89,0.004774581,0.001028451,0.00374613
681,768,90,0.004379607,0.000464187,0.00391542
681,768,91,0.003953677,0.00050091,0.003452767
681,768,92,0.003936236,0.000551279,0.003384957
681,768,93,0.006122027,0.002724535,0.003397492
681,768,94,0.005337631,0.001750515,0.003587116
681,768,95,0.004283049,0.000714676,0.003568373
681,768,96,0.004466397,0.000921174,0.003545223
681,768,97,0.005569255,0.002077363,0.003491892
681,768,98,0.005407114,0.00176411,0.003643004
681,768,99,0.00449807,0.000773143,0.003724927
681,768,100,0.006487318,0.003075921,0.003411397
681,768,101,0.004653396,0.001367997,0.003285399
681,768,102,0.004063853,0.000665608,0.003398245
681,768,103,0.003975232,0.000429571,0.003545661
681,768,104,0.005106374,0.001667303,0.003439071
681,768,105,0.007631503,0.004302454,0.003329049
681,768,106,0.004791031,0.001435934,0.003355097
681,768,107,0.005273898,0.002019827,0.003254071
681,768,108,0.004718301,0.001428774,0.003289527
681,768,109,0.004298164,0.001030561,0.003267603
681,768,110,0.004249468,0.000956851,0.003292617
682,768,1,0.765784813,0.640887463,0.12489735
682,768,2,0.003749537,0.000521525,0.003228012
682,768,3,0.004371815,0.001338322,0.003033493
682,768,4,0.038989628,0.035959389,0.003030239
682,768,5,0.00390861,0.000778412,0.003130198
682,768,6,0.003682578,0.000511918,0.00317066
682,768,7,0.003481773,0.000370607,0.003111166
682,768,8,0.00355445,0.000396854,0.003157596
682,768,9,0.003478945,0.000375414,0.003103531
682,768,10,0.003524379,0.00037721,0.003147169
682,768,11,0.003478915,0.00037351,0.003105405
682,768,12,0.020422685,0.017346633,0.003076052
682,768,13,0.020976105,0.017756503,0.003219602
682,768,14,0.004817074,0.001509427,0.003307647
682,768,15,0.004565568,0.001087637,0.003477931
682,768,16,0.004489268,0.001060536,0.003428732
682,768,17,0.004718473,0.001197744,0.003520729
682,768,18,0.004656517,0.001092281,0.003564236
682,768,19,0.004271218,0.000735965,0.003535253
682,768,20,0.004303965,0.000613213,0.003690752
682,768,21,0.004165465,0.000574802,0.003590663
682,768,22,0.004293233,0.00066815,0.003625083
682,768,23,0.004092129,0.000612433,0.003479696
682,768,24,0.00424224,0.000780656,0.003461584
682,768,25,0.004766039,0.00134849,0.003417549
682,768,26,0.004520132,0.001171952,0.00334818
682,768,27,0.004661762,0.001251172,0.00341059
682,768,28,0.004794887,0.001362917,0.00343197
682,768,29,0.004443057,0.001054423,0.003388634
682,768,30,0.004445106,0.000990492,0.003454614
682,768,31,0.004122015,0.000742699,0.003379316
682,768,32,0.004338822,0.000951912,0.00338691
682,768,33,0.004157159,0.000793653,0.003363506
682,768,34,0.008774985,0.005491255,0.00328373
682,768,35,0.00530875,0.002058031,0.003250719
682,768,36,0.005768677,0.002455784,0.003312893
682,768,37,0.005745364,0.002379631,0.003365733
682,768,38,0.005478788,0.002168035,0.003310753
682,768,39,0.005701967,0.002380845,0.003321122
682,768,40,0.005507087,0.002241949,0.003265138
682,768,41,0.005528597,0.002267966,0.003260631
682,768,42,0.005343179,0.002015797,0.003327382
682,768,43,0.005320598,0.001811292,0.003509306
682,768,44,0.004997456,0.001489598,0.003507858
682,768,45,0.004755578,0.001198149,0.003557429
682,768,46,0.004797758,0.001298687,0.003499071
682,768,47,0.004693374,0.001134104,0.00355927
682,768,48,0.004825039,0.001224976,0.003600063
682,768,49,0.004953432,0.001500746,0.003452686
682,768,50,0.005054363,0.001579285,0.003475078
682,768,51,0.004934648,0.001406245,0.003528403
682,768,52,0.004803233,0.001221429,0.003581804
682,768,53,0.005144832,0.001553003,0.003591829
682,768,54,0.005212312,0.001491884,0.003720428
682,768,55,0.004772624,0.001073796,0.003698828
682,768,56,0.00510216,0.001326681,0.003775479
682,768,57,0.004803769,0.000994716,0.003809053
682,768,58,0.00467515,0.000883928,0.003791222
682,768,59,0.004782918,0.001079189,0.003703729
682,768,60,0.004743053,0.000944565,0.003798488
682,768,61,0.004710339,0.000921197,0.003789142
682,768,62,0.004647775,0.000898207,0.003749568
682,768,63,0.004593613,0.000859041,0.003734572
682,768,64,0.004752234,0.000887366,0.003864868
682,768,65,0.004551397,0.000755688,0.003795709
682,768,66,0.004766548,0.00090419,0.003862358
682,768,67,0.004445029,0.000691065,0.003753964
682,768,68,0.004583137,0.000783906,0.003799231
682,768,69,0.004706211,0.000914565,0.003791646
682,768,70,0.004868323,0.001037017,0.003831306
682,768,71,0.004363697,0.000557747,0.00380595
682,768,72,0.00478406,0.001007496,0.003776564
682,768,73,0.004788007,0.000979535,0.003808472
682,768,74,0.004657684,0.000903584,0.0037541
682,768,75,0.004570089,0.000759829,0.00381026
682,768,76,0.00499451,0.001147243,0.003847267
682,768,77,0.004499365,0.000609878,0.003889487
682,768,78,0.004588905,0.000628423,0.003960482
682,768,79,0.004422695,0.000548865,0.00387383
682,768,80,0.00456421,0.000671533,0.003892677
682,768,81,0.004321066,0.000709754,0.003611312
682,768,82,0.004821877,0.001149445,0.003672432
682,768,83,0.004531049,0.000943277,0.003587772
682,768,84,0.00457975,0.001019155,0.003560595
682,768,85,0.005055089,0.001444732,0.003610357
682,768,86,0.004440672,0.000834431,0.003606241
682,768,87,0.008202153,0.004705181,0.003496972
682,768,88,0.004650252,0.001141568,0.003508684
682,768,89,0.004143421,0.000501947,0.003641474
682,768,90,0.004260658,0.000528793,0.003731865
682,768,91,0.004168864,0.000651993,0.003516871
682,768,92,0.006146433,0.002662796,0.003483637
682,768,93,0.005104984,0.001373979,0.003731005
682,768,94,0.004337321,0.000564682,0.003772639
682,768,95,0.004355571,0.000770795,0.003584776
682,768,96,0.00457297,0.001003314,0.003569656
682,768,97,0.004836078,0.001378464,0.003457614
682,768,98,0.00532283,0.00169028,0.00363255
682,768,99,0.004345769,0.000654806,0.003690963
682,768,100,0.004052679,0.000481785,0.003570894
682,768,101,0.006060429,0.002798574,0.003261855
682,768,102,0.004775005,0.001364543,0.003410462
682,768,103,0.004172099,0.000625293,0.003546806
682,768,104,0.003994753,0.000507053,0.0034877
682,768,105,0.004950742,0.001576798,0.003373944
682,768,106,0.009097985,0.005050385,0.0040476
682,768,107,0.005332378,0.002085448,0.00324693
682,768,108,0.004569638,0.001310073,0.003259565
682,768,109,0.004097938,0.000854073,0.003243865
682,768,110,0.004320014,0.001026732,0.003293282
683,768,1,0.763695015,0.639688989,0.124006026
683,768,2,0.005327934,0.002189477,0.003138457
683,768,3,0.003725238,0.000591366,0.003133872
683,768,4,0.013775079,0.010752294,0.003022785
683,768,5,0.02951544,0.026489278,0.003026162
683,768,6,0.004029768,0.000918778,0.00311099
683,768,7,0.003653854,0.000523384,0.00313047
683,768,8,0.003502462,0.000396339,0.003106123
683,768,9,0.003495104,0.000378346,0.003116758
683,768,10,0.003574696,0.000412772,0.003161924
683,768,11,0.003458445,0.000337769,0.003120676
683,768,12,0.038164917,0.034980846,0.003184071
683,768,13,0.004678196,0.001447695,0.003230501
683,768,14,0.004488291,0.001030824,0.003457467
683,768,15,0.004529248,0.001044354,0.003484894
683,768,16,0.004626128,0.001153877,0.003472251
683,768,17,0.004670384,0.001112645,0.003557739
683,768,18,0.004310058,0.000736552,0.003573506
683,768,19,0.004021427,0.000473912,0.003547515
683,768,20,0.004256127,0.000663908,0.003592219
683,768,21,0.0043006,0.000608664,0.003691936
683,768,22,0.004315414,0.000738152,0.003577262
683,768,23,0.00411693,0.000675667,0.003441263
683,768,24,0.004485963,0.00097052,0.003515443
683,768,25,0.004405389,0.000997926,0.003407463
683,768,26,0.00473809,0.001367356,0.003370734
683,768,27,0.004779973,0.001291027,0.003488946
683,768,28,0.004414691,0.001066934,0.003347757
683,768,29,0.004691055,0.001258354,0.003432701
683,768,30,0.004317502,0.000821992,0.00349551
683,768,31,0.004135035,0.000759022,0.003376013
683,768,32,0.004297802,0.000846464,0.003451338
683,768,33,0.008983346,0.005707238,0.003276108
683,768,34,0.00522917,0.001947049,0.003282121
683,768,35,0.00591678,0.002572981,0.003343799
683,768,36,0.005501048,0.002191071,0.003309977
683,768,37,0.005568466,0.002286362,0.003282104
683,768,38,0.005590188,0.002262042,0.003328146
683,768,39,0.005477049,0.002136823,0.003340226
683,768,40,0.005516668,0.002225566,0.003291102
683,768,41,0.005351769,0.001934839,0.00341693
683,768,42,0.005077127,0.001658958,0.003418169
683,768,43,0.004870967,0.001396664,0.003474303
683,768,44,0.004707299,0.001270348,0.003436951
683,768,45,0.004910919,0.001467855,0.003443064
683,768,46,0.004601721,0.001225373,0.003376348
683,768,47,0.005012993,0.00157681,0.003436183
683,768,48,0.004976086,0.001465886,0.0035102
683,768,49,0.004949187,0.001459197,0.00348999
683,768,50,0.005039365,0.001448928,0.003590437
683,768,51,0.004714813,0.001152959,0.003561854
683,768,52,0.005185675,0.001575467,0.003610208
683,768,53,0.005044709,0.00142548,0.003619229
683,768,54,0.004878345,0.001167746,0.003710599
683,768,55,0.00505072,0.001195601,0.003855119
683,768,56,0.004540988,0.00083222,0.003708768
683,768,57,0.004960615,0.001184119,0.003776496
683,768,58,0.00466971,0.000934936,0.003734774
683,768,59,0.004773551,0.000934086,0.003839465
683,768,60,0.004623828,0.000799695,0.003824133
683,768,61,0.004795948,0.000946636,0.003849312
683,768,62,0.004669734,0.000787265,0.003882469
683,768,63,0.004541183,0.000749749,0.003791434
683,768,64,0.004713907,0.000867453,0.003846454
683,768,65,0.004725773,0.000870024,0.003855749
683,768,66,0.004615555,0.000723107,0.003892448
683,768,67,0.004639874,0.000753481,0.003886393
683,768,68,0.004630787,0.000836239,0.003794548
683,768,69,0.004976128,0.001099908,0.00387622
683,768,70,0.0043716,0.000614305,0.003757295
683,768,71,0.004726524,0.000953451,0.003773073
683,768,72,0.004754215,0.000960194,0.003794021
683,768,73,0.004702459,0.00090152,0.003800939
683,768,74,0.004564512,0.000745984,0.003818528
683,768,75,0.00500353,0.001117483,0.003886047
683,768,76,0.004405278,0.00055801,0.003847268
683,768,77,0.004581339,0.000680529,0.00390081
683,768,78,0.004477132,0.000624245,0.003852887
683,768,79,0.004676041,0.000771675,0.003904366
683,768,80,0.004486572,0.000522808,0.003963764
683,768,81,0.004334211,0.000558851,0.00377536
683,768,82,0.004530755,0.000825078,0.003705677
683,768,83,0.004980011,0.001318602,0.003661409
683,768,84,0.005278105,0.0017023,0.003575805
683,768,85,0.00438944,0.000683931,0.003705509
683,768,86,0.008096858,0.00285178,0.005245078
683,768,87,0.004795903,0.00116302,0.003632883
683,768,88,0.004084363,0.000521616,0.003562747
683,768,89,0.004169236,0.000475802,0.003693434
683,768,90,0.004369473,0.000428381,0.003941092
683,768,91,0.006227225,0.002841998,0.003385227
683,768,92,0.004803817,0.001407828,0.003395989
683,768,93,0.00435565,0.000549749,0.003805901
683,768,94,0.004234747,0.000440606,0.003794141
683,768,95,0.004058019,0.000433729,0.00362429
683,768,96,0.004209338,0.000573318,0.00363602
683,768,97,0.004800356,0.001225145,0.003575211
683,768,98,0.005408635,0.001756229,0.003652406
683,768,99,0.004628398,0.000897149,0.003731249
683,768,100,0.004014537,0.000439556,0.003574981
683,768,101,0.003941245,0.000473574,0.003467671
683,768,102,0.005621897,0.002287006,0.003334891
683,768,103,0.004897803,0.001417264,0.003480539
683,768,104,0.004167766,0.000669747,0.003498019
683,768,105,0.003862041,0.000496161,0.00336588
683,768,106,0.005319759,0.002034737,0.003285022
683,768,107,0.009499662,0.006183702,0.00331596
683,768,108,0.005118297,0.001847691,0.003270606
683,768,109,0.004456435,0.001168234,0.003288201
683,768,110,0.004273078,0.000949648,0.00332343
684,768,1,0.758561377,0.63432556,0.124235817
684,768,2,0.008564381,0.005424149,0.003140232
684,768,3,0.00523564,0.002169276,0.003066364
684,768,4,0.012494981,0.009472453,0.003022528
684,768,5,0.028763037,0.02573768,0.003025357
684,768,6,0.005842816,0.002809444,0.003033372
684,768,7,0.004093597,0.000939541,0.003154056
684,768,8,0.003583942,0.000483133,0.003100809
684,768,9,0.003567873,0.000434529,0.003133344
684,768,10,0.003605962,0.000505607,0.003100355
684,768,11,0.038232355,0.035126369,0.003105986
684,768,12,0.004721167,0.001584093,0.003137074
684,768,13,0.004311619,0.000943484,0.003368135
684,768,14,0.004552515,0.001110831,0.003441684
684,768,15,0.004517471,0.000995287,0.003522184
684,768,16,0.004653714,0.001095021,0.003558693
684,768,17,0.00433723,0.000782103,0.003555127
684,768,18,0.004049188,0.000483613,0.003565575
684,768,19,0.004169575,0.000594577,0.003574998
684,768,20,0.004217875,0.000590263,0.003627612
684,768,21,0.004335429,0.000666272,0.003669157
684,768,22,0.004317337,0.000760054,0.003557283
684,768,23,0.004147643,0.000690718,0.003456925
684,768,24,0.004163716,0.000755396,0.00340832
684,768,25,0.004779803,0.001389639,0.003390164
684,768,26,0.004511177,0.001128998,0.003382179
684,768,27,0.004599967,0.001225971,0.003373996
684,768,28,0.004568378,0.001152517,0.003415861
684,768,29,0.004516837,0.001183364,0.003333473
684,768,30,0.004493241,0.001038755,0.003454486
684,768,31,0.004251656,0.00086288,0.003388776
684,768,32,0.009129602,0.005837401,0.003292201
684,768,33,0.005299967,0.001971079,0.003328888
684,768,34,0.005877926,0.002577633,0.003300293
684,768,35,0.005587645,0.002230338,0.003357307
684,768,36,0.005428378,0.002088826,0.003339552
684,768,37,0.005587805,0.002278283,0.003309522
684,768,38,0.005484284,0.002138679,0.003345605
684,768,39,0.005329883,0.002023695,0.003306188
684,768,40,0.005282437,0.001827731,0.003454706
684,768,41,0.004967937,0.001557938,0.003409999
684,768,42,0.004836411,0.001422016,0.003414395
684,768,43,0.004710472,0.001276269,0.003434203
684,768,44,0.004862711,0.001493969,0.003368742
684,768,45,0.004686879,0.001228692,0.003458187
684,768,46,0.005015325,0.001600897,0.003414428
684,768,47,0.004974292,0.001440361,0.003533931
684,768,48,0.004921825,0.001412322,0.003509503
684,768,49,0.005009156,0.001435847,0.003573309
684,768,50,0.004752469,0.001173234,0.003579235
684,768,51,0.005123924,0.001505559,0.003618365
684,768,52,0.005039349,0.001365945,0.003673404
684,768,53,0.004836444,0.001115099,0.003721345
684,768,54,0.004775825,0.001018621,0.003757204
684,768,55,0.004733516,0.000919719,0.003813797
684,768,56,0.004642118,0.000874191,0.003767927
684,768,57,0.004920698,0.001006912,0.003913786
684,768,58,0.004518148,0.000727385,0.003790763
684,768,59,0.004789688,0.000962556,0.003827132
684,768,60,0.004791589,0.001093307,0.003698282
684,768,61,0.004703286,0.000959202,0.003744084
684,768,62,0.004688796,0.000921374,0.003767422
684,768,63,0.004730298,0.000921092,0.003809206
684,768,64,0.004675234,0.000870324,0.00380491
684,768,65,0.004620135,0.000820588,0.003799547
684,768,66,0.004596865,0.00080355,0.003793315
684,768,67,0.004792572,0.00097642,0.003816152
684,768,68,0.004813074,0.001052404,0.00376067
684,768,69,0.004612601,0.000758981,0.00385362
684,768,70,0.00471589,0.000899572,0.003816318
684,768,71,0.004698745,0.000897801,0.003800944
684,768,72,0.004708129,0.00084072,0.003867409
684,768,73,0.004647296,0.000769067,0.003878229
684,768,74,0.004930334,0.00103966,0.003890674
684,768,75,0.004456646,0.000666158,0.003790488
684,768,76,0.00457931,0.000650863,0.003928447
684,768,77,0.004533029,0.000666228,0.003866801
684,768,78,0.004529978,0.000613146,0.003916832
684,768,79,0.00447152,0.000620965,0.003850555
684,768,80,0.004490641,0.000525785,0.003964856
684,768,81,0.004617707,0.0008051,0.003812607
684,768,82,0.005035317,0.001372582,0.003662735
684,768,83,0.005433662,0.001972702,0.00346096
684,768,84,0.004188617,0.00067717,0.003511447
684,768,85,0.00655627,0.00301829,0.00353798
684,768,86,0.004267632,0.000747875,0.003519757
684,768,87,0.005224535,0.001563012,0.003661523
684,768,88,0.00442323,0.000843538,0.003579692
684,768,89,0.004338997,0.000510962,0.003828035
684,768,90,0.006980185,0.000433996,0.006546189
684,768,91,0.005014086,0.001245638,0.003768448
684,768,92,0.003987244,0.000566903,0.003420341
684,768,93,0.004254615,0.000460208,0.003794407
684,768,94,0.004196874,0.000511351,0.003685523
684,768,95,0.004190133,0.000509189,0.003680944
684,768,96,0.004098213,0.000562482,0.003535731
684,768,97,0.00411351,0.000617163,0.003496347
684,768,98,0.005942477,0.002360878,0.003581599
684,768,99,0.004593806,0.000830913,0.003762893
684,768,100,0.003992326,0.000436885,0.003555441
684,768,101,0.004030188,0.000537031,0.003493157
684,768,102,0.004074279,0.000675654,0.003398625
684,768,103,0.00510946,0.001779264,0.003330196
684,768,104,0.004763209,0.001288819,0.00347439
684,768,105,0.004123434,0.000696381,0.003427053
684,768,106,0.006250953,0.002871907,0.003379046
684,768,107,0.005502501,0.002223304,0.003279197
684,768,108,0.007549226,0.004255636,0.00329359
684,768,109,0.004889421,0.001691722,0.003197699
684,768,110,0.004632605,0.001415664,0.003216941
685,768,1,0.759047941,0.635004906,0.124043035
685,768,2,0.005974109,0.002876095,0.003098014
685,768,3,0.005288991,0.002188098,0.003100893
685,768,4,0.0398944,0.036868091,0.003026309
685,768,5,0.003903899,0.000811533,0.003092366
685,768,6,0.003513145,0.000353651,0.003159494
685,768,7,0.004989502,0.001973157,0.003016345
685,768,8,0.004078235,0.001064338,0.003013897
685,768,9,0.003694859,0.000536798,0.003158061
685,768,10,0.03860483,0.035494265,0.003110565
685,768,11,0.004818416,0.001509569,0.003308847
685,768,12,0.004151115,0.000782484,0.003368631
685,768,13,0.004474992,0.001056585,0.003418407
685,768,14,0.00447297,0.000947355,0.003525615
685,768,15,0.004684039,0.001112893,0.003571146
685,768,16,0.004248668,0.000682123,0.003566545
685,768,17,0.004078953,0.000483115,0.003595838
685,768,18,0.004146388,0.000482371,0.003664017
685,768,19,0.004157014,0.000590604,0.00356641
685,768,20,0.004245558,0.000594166,0.003651392
685,768,21,0.004491685,0.000604025,0.00388766
685,768,22,0.004154663,0.000501953,0.00365271
685,768,23,0.003962009,0.000519665,0.003442344
685,768,24,0.003991355,0.000586408,0.003404947
685,768,25,0.00446035,0.000975859,0.003484491
685,768,26,0.004408837,0.000975356,0.003433481
685,768,27,0.00467851,0.00118681,0.0034917
685,768,28,0.004545881,0.001124825,0.003421056
685,768,29,0.004579853,0.001146499,0.003433354
685,768,30,0.004370126,0.000885717,0.003484409
685,768,31,0.01003057,0.006677427,0.003353143
685,768,32,0.005427031,0.002021431,0.0034056
685,768,33,0.005813233,0.002524629,0.003288604
685,768,34,0.005459601,0.002096751,0.00336285
685,768,35,0.00543575,0.0020869,0.00334885
685,768,36,0.005581645,0.002220658,0.003360987
685,768,37,0.005474128,0.002136399,0.003337729
685,768,38,0.005402539,0.002046441,0.003356098
685,768,39,0.004887361,0.001460772,0.003426589
685,768,40,0.005008207,0.00154653,0.003461677
685,768,41,0.004745701,0.001334861,0.00341084
685,768,42,0.004759263,0.001404949,0.003354314
685,768,43,0.004923574,0.001582812,0.003340762
685,768,44,0.004582476,0.001156541,0.003425935
685,768,45,0.004976167,0.001443005,0.003533162
685,768,46,0.004980157,0.001437846,0.003542311
685,768,47,0.005035294,0.001307165,0.003728129
685,768,48,0.004977552,0.001272463,0.003705089
685,768,49,0.004679896,0.001051324,0.003628572
685,768,50,0.004895793,0.00117606,0.003719733
685,768,51,0.005161568,0.001395578,0.00376599
685,768,52,0.004629008,0.000828016,0.003800992
685,768,53,0.004810562,0.00099939,0.003811172
685,768,54,0.004540192,0.000778021,0.003762171
685,768,55,0.004762583,0.00102113,0.003741453
685,768,56,0.004890396,0.001069932,0.003820464
685,768,57,0.004865287,0.000884158,0.003981129
685,768,58,0.004740206,0.000892009,0.003848197
685,768,59,0.004743004,0.000986689,0.003756315
685,768,60,0.004612646,0.000930252,0.003682394
685,768,61,0.004776999,0.001028421,0.003748578
685,768,62,0.004674228,0.000915638,0.00375859
685,768,63,0.004663594,0.000947179,0.003716415
685,768,64,0.004652639,0.000898624,0.003754015
685,768,65,0.004605621,0.000837055,0.003768566
685,768,66,0.004678777,0.000972361,0.003706416
685,768,67,0.004726436,0.001004709,0.003721727
685,768,68,0.004774161,0.00112023,0.003653931
685,768,69,0.004697552,0.000960649,0.003736903
685,768,70,0.004864951,0.001108095,0.003756856
685,768,71,0.004603276,0.000797292,0.003805984
685,768,72,0.004640615,0.000856032,0.003784583
685,768,73,0.00466475,0.000912417,0.003752333
685,768,74,0.004566896,0.000714794,0.003852102
685,768,75,0.004487648,0.000695768,0.00379188
685,768,76,0.004606076,0.000743278,0.003862798
685,768,77,0.004530003,0.000628395,0.003901608
685,768,78,0.004467362,0.000633809,0.003833553
685,768,79,0.004449316,0.000631053,0.003818263
685,768,80,0.004533251,0.000679632,0.003853619
685,768,81,0.005759991,0.002114857,0.003645134
685,768,82,0.005605659,0.002142573,0.003463086
685,768,83,0.004161549,0.000710398,0.003451151
685,768,84,0.006436797,0.002857461,0.003579336
685,768,85,0.004377247,0.00074027,0.003636977
685,768,86,0.004189903,0.000605268,0.003584635
685,768,87,0.004206142,0.000498215,0.003707927
685,768,88,0.004330096,0.000696647,0.003633449
685,768,89,0.004432402,0.000657757,0.003774645
685,768,90,0.004434349,0.000592941,0.003841408
685,768,91,0.006869263,0.003438086,0.003431177
685,768,92,0.004814712,0.001345707,0.003469005
685,768,93,0.004260261,0.000499888,0.003760373
685,768,94,0.004291336,0.000534124,0.003757212
685,768,95,0.00415938,0.00047707,0.00368231
685,768,96,0.004165198,0.00052564,0.003639558
685,768,97,0.004914086,0.00131578,0.003598306
685,768,98,0.005250735,0.00167133,0.003579405
685,768,99,0.004745655,0.001029836,0.003715819
685,768,100,0.004012834,0.000484147,0.003528687
685,768,101,0.004056048,0.000637666,0.003418382
685,768,102,0.004309622,0.000906539,0.003403083
685,768,103,0.004228471,0.000813031,0.00341544
685,768,104,0.004418948,0.000980595,0.003438353
685,768,105,0.004457677,0.001041811,0.003415866
685,768,106,0.004241016,0.000878984,0.003362032
685,768,107,0.008543139,0.004452719,0.00409042
685,768,108,0.004658415,0.001305945,0.00335247
685,768,109,0.006165407,0.002963767,0.00320164
685,768,110,0.005289969,0.00200625,0.003283719
686,768,1,0.758905408,0.634703255,0.124202153
686,768,2,0.008015668,0.00491401,0.003101658
686,768,3,0.006381248,0.003353294,0.003027954
686,768,4,0.004133226,0.000926089,0.003207137
686,768,5,0.03593033,0.032908041,0.003022289
686,768,6,0.004102408,0.000947672,0.003154736
686,768,7,0.003518335,0.000410946,0.003107389
686,768,8,0.004777916,0.001753131,0.003024785
686,768,9,0.039790036,0.036690921,0.003099115
686,768,10,0.00438304,0.001261125,0.003121915
686,768,11,0.004375786,0.001149413,0.003226373
686,768,12,0.004450688,0.001117165,0.003333523
686,768,13,0.004421918,0.001035471,0.003386447
686,768,14,0.004637181,0.001148782,0.003488399
686,768,15,0.004243088,0.000779126,0.003463962
686,768,16,0.004110938,0.000591158,0.00351978
686,768,17,0.004084877,0.000583694,0.003501183
686,768,18,0.004189486,0.000664084,0.003525402
686,768,19,0.004235484,0.000687081,0.003548403
686,768,20,0.004188043,0.000585065,0.003602978
686,768,21,0.004342272,0.000684208,0.003658064
686,768,22,0.004144394,0.000646927,0.003497467
686,768,23,0.004170891,0.000736827,0.003434064
686,768,24,0.003848927,0.000468791,0.003380136
686,768,25,0.004065022,0.00061808,0.003446942
686,768,26,0.004422823,0.001028984,0.003393839
686,768,27,0.004583249,0.001159634,0.003423615
686,768,28,0.004581013,0.001196729,0.003384284
686,768,29,0.004493328,0.001075553,0.003417775
686,768,30,0.010906691,0.007619432,0.003287259
686,768,31,0.005444349,0.002161925,0.003282424
686,768,32,0.005876389,0.002615781,0.003260608
686,768,33,0.005293971,0.00202704,0.003266931
686,768,34,0.005695834,0.002388214,0.00330762
686,768,35,0.005432911,0.002178606,0.003254305
686,768,36,0.005447258,0.002146097,0.003301161
686,768,37,0.005356278,0.002039101,0.003317177
686,768,38,0.004677873,0.001357364,0.003320509
686,768,39,0.004791739,0.001470478,0.003321261
686,768,40,0.004827283,0.001545675,0.003281608
686,768,41,0.004782519,0.001512876,0.003269643
686,768,42,0.004956304,0.001682118,0.003274186
686,768,43,0.004531962,0.001163944,0.003368018
686,768,44,0.004816178,0.0013773,0.003438878
686,768,45,0.005009303,0.00152857,0.003480733
686,768,46,0.004708379,0.001282588,0.003425791
686,768,47,0.004690429,0.001150267,0.003540162
686,768,48,0.004864538,0.001340367,0.003524171
686,768,49,0.004876706,0.001353798,0.003522908
686,768,50,0.004762019,0.001195421,0.003566598
686,768,51,0.004769481,0.001181231,0.00358825
686,768,52,0.00466225,0.001004301,0.003657949
686,768,53,0.004641758,0.000991822,0.003649936
686,768,54,0.004729328,0.001044172,0.003685156
686,768,55,0.004692247,0.000961265,0.003730982
686,768,56,0.004718818,0.000955609,0.003763209
686,768,57,0.004884403,0.001104888,0.003779515
686,768,58,0.004617401,0.000834966,0.003782435
686,768,59,0.004809358,0.001009638,0.00379972
686,768,60,0.00478146,0.001031928,0.003749532
686,768,61,0.004692668,0.000970703,0.003721965
686,768,62,0.004633738,0.000870074,0.003763664
686,768,63,0.004729869,0.001031622,0.003698247
686,768,64,0.004659625,0.000930117,0.003729508
686,768,65,0.00468183,0.000967666,0.003714164
686,768,66,0.004613468,0.000873714,0.003739754
686,768,67,0.004792749,0.001031954,0.003760795
686,768,68,0.004605139,0.000915239,0.0036899
686,768,69,0.004762522,0.001020134,0.003742388
686,768,70,0.004725325,0.0009366,0.003788725
686,768,71,0.004670849,0.00094363,0.003727219
686,768,72,0.004549443,0.000849305,0.003700138
686,768,73,0.004739771,0.000956311,0.00378346
686,768,74,0.004686391,0.00095258,0.003733811
686,768,75,0.004508425,0.000714644,0.003793781
686,768,76,0.004514152,0.000776985,0.003737167
686,768,77,0.004593155,0.00077745,0.003815705
686,768,78,0.004531787,0.000694926,0.003836861
686,768,79,0.00456419,0.000684639,0.003879551
686,768,80,0.006475663,0.000666137,0.005809526
686,768,81,0.006050042,0.001444591,0.004605451
686,768,82,0.004186516,0.000705752,0.003480764
686,768,83,0.006328647,0.002853903,0.003474744
686,768,84,0.004325154,0.000777954,0.0035472
686,768,85,0.004130402,0.000573823,0.003556579
686,768,86,0.004204317,0.000700689,0.003503628
686,768,87,0.004258753,0.000646408,0.003612345
686,768,88,0.004254908,0.000639981,0.003614927
686,768,89,0.004246154,0.000616871,0.003629283
686,768,90,0.004161306,0.000477488,0.003683818
686,768,91,0.003943444,0.000524694,0.00341875
686,768,92,0.006668752,0.003167189,0.003501563
686,768,93,0.004998849,0.001303977,0.003694872
686,768,94,0.004228313,0.000594272,0.003634041
686,768,95,0.004169543,0.000695521,0.003474022
686,768,96,0.004289316,0.000722165,0.003567151
686,768,97,0.004093809,0.000602067,0.003491742
686,768,98,0.005256125,0.001770951,0.003485174
686,768,99,0.005288574,0.001740656,0.003547918
686,768,100,0.0043278,0.000801176,0.003526624
686,768,101,0.00399317,0.000572201,0.003420969
686,768,102,0.004276316,0.00087869,0.003397626
686,768,103,0.004199776,0.000852493,0.003347283
686,768,104,0.004149364,0.00067288,0.003476484
686,768,105,0.004480731,0.000978552,0.003502179
686,768,106,0.007122551,0.003859451,0.0032631
686,768,107,0.006904108,0.003677147,0.003226961
686,768,108,0.005659445,0.002407737,0.003251708
686,768,109,0.004420373,0.001181248,0.003239125
686,768,110,0.004441814,0.001165136,0.003276678
687,768,1,0.757009463,0.633402258,0.123607205
687,768,2,0.013224555,0.010056381,0.003168174
687,768,3,0.003575152,0.000379618,0.003195534
687,768,4,0.02416806,0.021081979,0.003086081
687,768,5,0.006270408,0.003188038,0.00308237
687,768,6,0.012391538,0.009312382,0.003079156
687,768,7,0.004116138,0.00103478,0.003081358
687,768,8,0.041552834,0.038409972,0.003142862
687,768,9,0.004360474,0.001160578,0.003199896
687,768,10,0.004350047,0.001041991,0.003308056
687,768,11,0.004298372,0.000948019,0.003350353
687,768,12,0.004449996,0.00101939,0.003430606
687,768,13,0.004491982,0.00102359,0.003468392
687,768,14,0.004261662,0.000790476,0.003471186
687,768,15,0.004045395,0.000492477,0.003552918
687,768,16,0.004092915,0.000497095,0.00359582
687,768,17,0.004190023,0.000485576,0.003704447
687,768,18,0.00421294,0.000509533,0.003703407
687,768,19,0.004185935,0.0004905,0.003695435
687,768,20,0.004207581,0.000510295,0.003697286
687,768,21,0.004370237,0.000495657,0.00387458
687,768,22,0.0041847,0.000480876,0.003703824
687,768,23,0.003968085,0.000459607,0.003508478
687,768,24,0.003901446,0.000492584,0.003408862
687,768,25,0.004009225,0.000538522,0.003470703
687,768,26,0.004489213,0.001062449,0.003426764
687,768,27,0.004598988,0.001144632,0.003454356
687,768,28,0.004465811,0.001072548,0.003393263
687,768,29,0.011406083,0.008017257,0.003388826
687,768,30,0.005542456,0.00220599,0.003336466
687,768,31,0.005793613,0.002398759,0.003394854
687,768,32,0.005503439,0.002171397,0.003332042
687,768,33,0.005636119,0.002297434,0.003338685
687,768,34,0.005431733,0.002094182,0.003337551
687,768,35,0.005291225,0.001936208,0.003355017
687,768,36,0.005182413,0.001812446,0.003369967
687,768,37,0.004834734,0.0013901,0.003444634
687,768,38,0.004756141,0.001386819,0.003369322
687,768,39,0.004825479,0.001377928,0.003447551
687,768,40,0.00463916,0.001310539,0.003328621
687,768,41,0.004950482,0.001515486,0.003434996
687,768,42,0.004473491,0.000989828,0.003483663
687,768,43,0.004798786,0.001282973,0.003515813
687,768,44,0.004994158,0.001417388,0.00357677
687,768,45,0.004629563,0.001108077,0.003521486
687,768,46,0.004736806,0.001183288,0.003553518
687,768,47,0.004887238,0.001232457,0.003654781
687,768,48,0.004641442,0.001028016,0.003613426
687,768,49,0.004699065,0.001072554,0.003626511
687,768,50,0.004837959,0.001086293,0.003751666
687,768,51,0.004850712,0.00094204,0.003908672
687,768,52,0.004377127,0.000631823,0.003745304
687,768,53,0.004668997,0.000842638,0.003826359
687,768,54,0.004548204,0.000802956,0.003745248
687,768,55,0.004637879,0.000866573,0.003771306
687,768,56,0.004687747,0.000901829,0.003785918
687,768,57,0.004618566,0.000870112,0.003748454
687,768,58,0.004718825,0.000962751,0.003756074
687,768,59,0.004679827,0.000901045,0.003778782
687,768,60,0.004670085,0.000899516,0.003770569
687,768,61,0.004664158,0.000870713,0.003793445
687,768,62,0.004733519,0.000929297,0.003804222
687,768,63,0.004745328,0.000904324,0.003841004
687,768,64,0.004693239,0.000899465,0.003793774
687,768,65,0.004714431,0.000836258,0.003878173
687,768,66,0.004719059,0.000873854,0.003845205
687,768,67,0.004654564,0.000767441,0.003887123
687,768,68,0.004643255,0.000807168,0.003836087
687,768,69,0.004661853,0.000832563,0.00382929
687,768,70,0.004758287,0.000923768,0.003834519
687,768,71,0.004605083,0.000772305,0.003832778
687,768,72,0.004708983,0.000876144,0.003832839
687,768,73,0.004676783,0.00081503,0.003861753
687,768,74,0.004607979,0.00079024,0.003817739
687,768,75,0.004618318,0.000754125,0.003864193
687,768,76,0.004668554,0.000768902,0.003899652
687,768,77,0.00463796,0.000669405,0.003968555
687,768,78,0.004552495,0.00058879,0.003963705
687,768,79,0.004585584,0.00059005,0.003995534
687,768,80,0.004388735,0.000460371,0.003928364
687,768,81,0.00599901,0.002351416,0.003647594
687,768,82,0.008833822,0.004083555,0.004750267
687,768,83,0.004289592,0.000663223,0.003626369
687,768,84,0.004089953,0.000435553,0.0036544
687,768,85,0.004196227,0.000524995,0.003671232
687,768,86,0.004176678,0.00054471,0.003631968
687,768,87,0.004300464,0.000539776,0.003760688
687,768,88,0.004201598,0.000533367,0.003668231
687,768,89,0.004131929,0.000468278,0.003663651
687,768,90,0.0041843,0.000453143,0.003731157
687,768,91,0.004078668,0.000465917,0.003612751
687,768,92,0.005207295,0.001632356,0.003574939
687,768,93,0.00526585,0.001616442,0.003649408
687,768,94,0.005116216,0.001407407,0.003708809
687,768,95,0.004142424,0.000565528,0.003576896
687,768,96,0.004506184,0.000899712,0.003606472
687,768,97,0.004624706,0.001037394,0.003587312
687,768,98,0.00482741,0.001249386,0.003578024
687,768,99,0.004634558,0.000945777,0.003688781
687,768,100,0.004433225,0.000872067,0.003561158
687,768,101,0.00403627,0.000540272,0.003495998
687,768,102,0.004074904,0.000633746,0.003441158
687,768,103,0.004379367,0.00098224,0.003397127
687,768,104,0.004749565,0.001160841,0.003588724
687,768,105,0.007688235,0.004388411,0.003299824
687,768,106,0.006580974,0.003373983,0.003206991
687,768,107,0.00537347,0.002058052,0.003315418
687,768,108,0.004559594,0.001226359,0.003333235
687,768,109,0.004177118,0.000871022,0.003306096
687,768,110,0.005588174,0.00225889,0.003329284
688,768,1,0.756859621,0.633269868,0.123589753
688,768,2,0.007660868,0.004553815,0.003107053
688,768,3,0.030144654,0.027123592,0.003021062
688,768,4,0.006172945,0.003141861,0.003031084
688,768,5,0.003822172,0.000699397,0.003122775
688,768,6,0.003515159,0.000420315,0.003094844
688,768,7,0.050705462,0.0476256,0.003079862
688,768,8,0.004179053,0.00108773,0.003091323
688,768,9,0.004304843,0.001206357,0.003098486
688,768,10,0.00419069,0.001049233,0.003141457
688,768,11,0.004372619,0.001175395,0.003197224
688,768,12,0.004516999,0.00118634,0.003330659
688,768,13,0.004284671,0.000871467,0.003413204
688,768,14,0.003968942,0.000517823,0.003451119
688,768,15,0.004051811,0.000534185,0.003517626
688,768,16,0.004058035,0.000501543,0.003556492
688,768,17,0.004107023,0.000512241,0.003594782
688,768,18,0.00413011,0.000517379,0.003612731
688,768,19,0.004063675,0.000486797,0.003576878
688,768,20,0.00418807,0.000522709,0.003665361
688,768,21,0.004241389,0.000509557,0.003731832
688,768,22,0.004074976,0.00044814,0.003626836
688,768,23,0.00392639,0.000444472,0.003481918
688,768,24,0.003923051,0.000470102,0.003452949
688,768,25,0.003865517,0.000419491,0.003446026
688,768,26,0.004080031,0.000634484,0.003445547
688,768,27,0.004546288,0.001155986,0.003390302
688,768,28,0.0131032,0.009774218,0.003328982
688,768,29,0.005467484,0.002135543,0.003331941
688,768,30,0.005888219,0.002502403,0.003385816
688,768,31,0.005617607,0.002258782,0.003358825
688,768,32,0.005623681,0.00231639,0.003307291
688,768,33,0.005348065,0.002035131,0.003312934
688,768,34,0.005227515,0.001907906,0.003319609
688,768,35,0.004991311,0.001587105,0.003404206
688,768,36,0.004749386,0.00147812,0.003271266
688,768,37,0.004885249,0.001570127,0.003315122
688,768,38,0.004762066,0.001476805,0.003285261
688,768,39,0.004827933,0.001392286,0.003435647
688,768,40,0.004622101,0.001207715,0.003414386
688,768,41,0.004496404,0.001125689,0.003370715
688,768,42,0.004743108,0.001284082,0.003459026
688,768,43,0.004698877,0.001236289,0.003462588
688,768,44,0.004606174,0.001068955,0.003537219
688,768,45,0.004883715,0.001326328,0.003557387
688,768,46,0.00479872,0.001307292,0.003491428
688,768,47,0.004841887,0.001153396,0.003688491
688,768,48,0.004658447,0.000914179,0.003744268
688,768,49,0.004548958,0.000894082,0.003654876
688,768,50,0.004612132,0.00088353,0.003728602
688,768,51,0.004865242,0.001064616,0.003800626
688,768,52,0.004433439,0.000658421,0.003775018
688,768,53,0.004790597,0.000946334,0.003844263
688,768,54,0.004543634,0.000641464,0.00390217
688,768,55,0.00475127,0.000879196,0.003872074
688,768,56,0.004524221,0.000633953,0.003890268
688,768,57,0.004854841,0.000956894,0.003897947
688,768,58,0.004523234,0.000644999,0.003878235
688,768,59,0.004652373,0.000759112,0.003893261
688,768,60,0.00453429,0.000700688,0.003833602
688,768,61,0.004661196,0.000852576,0.00380862
688,768,62,0.004616356,0.00073245,0.003883906
688,768,63,0.004874984,0.000968904,0.00390608
688,768,64,0.004485887,0.000629645,0.003856242
688,768,65,0.004795973,0.000854224,0.003941749
688,768,66,0.004597244,0.000641233,0.003956011
688,768,67,0.004571229,0.000625918,0.003945311
688,768,68,0.004531292,0.000616979,0.003914313
688,768,69,0.004739029,0.000859712,0.003879317
688,768,70,0.004456324,0.000579267,0.003877057
688,768,71,0.004804378,0.000908872,0.003895506
688,768,72,0.004534222,0.000661655,0.003872567
688,768,73,0.004655177,0.000789468,0.003865709
688,768,74,0.004742007,0.000823812,0.003918195
688,768,75,0.004530008,0.000670243,0.003859765
688,768,76,0.004652346,0.000722444,0.003929902
688,768,77,0.004764331,0.000754385,0.004009946
688,768,78,0.004462705,0.00057342,0.003889285
688,768,79,0.004619427,0.000602324,0.004017103
688,768,80,0.004631967,0.000687169,0.003944798
688,768,81,0.004711564,0.000924677,0.003786887
688,768,82,0.005328835,0.001659189,0.003669646
688,768,83,0.008875138,0.005266449,0.003608689
688,768,84,0.004171479,0.00054585,0.003625629
688,768,85,0.004108698,0.000529824,0.003578874
688,768,86,0.004218133,0.000662725,0.003555408
688,768,87,0.004167845,0.000522765,0.00364508
688,768,88,0.004250798,0.000703357,0.003547441
688,768,89,0.004362198,0.00062603,0.003736168
688,768,90,0.004216096,0.000459658,0.003756438
688,768,91,0.005796047,0.002393333,0.003402714
688,768,92,0.00522455,0.001765587,0.003458963
688,768,93,0.005006173,0.00126296,0.003743213
688,768,94,0.004219232,0.000496606,0.003722626
688,768,95,0.004495618,0.000885039,0.003610579
688,768,96,0.004417166,0.000845847,0.003571319
688,768,97,0.00464474,0.001203736,0.003441004
688,768,98,0.00478443,0.001223962,0.003560468
688,768,99,0.004749627,0.001028818,0.003720809
688,768,100,0.00396641,0.000431677,0.003534733
688,768,101,0.004211103,0.000739746,0.003471357
688,768,102,0.004130691,0.000746897,0.003383794
688,768,103,0.004231418,0.000842414,0.003389004
688,768,104,0.008722195,0.005365284,0.003356911
688,768,105,0.004164698,0.000871457,0.003293241
688,768,106,0.004569233,0.001264326,0.003304907
688,768,107,0.005851657,0.0025549,0.003296757
688,768,108,0.005457135,0.002155901,0.003301234
688,768,109,0.006193108,0.002990663,0.003202445
688,768,110,0.005486117,0.002340466,0.003145651
689,768,1,0.75981501,0.63594281,0.1238722
689,768,2,0.005294641,0.002128249,0.003166392
689,768,3,0.003838292,0.000618347,0.003219945
689,768,4,0.029056555,0.025986265,0.00307029
689,768,5,0.00611576,0.003069599,0.003046161
689,768,6,0.004567865,0.001529579,0.003038286
689,768,7,0.004175419,0.001046272,0.003129147
689,768,8,0.049808454,0.04670175,0.003106704
689,768,9,0.004394996,0.001188588,0.003206408
689,768,10,0.0044097,0.001126189,0.003283511
689,768,11,0.004257486,0.00098252,0.003274966
689,768,12,0.00423757,0.000918183,0.003319387
689,768,13,0.004171016,0.000777869,0.003393147
689,768,14,0.004250401,0.000803847,0.003446554
689,768,15,0.003983896,0.000508027,0.003475869
689,768,16,0.004104013,0.000570749,0.003533264
689,768,17,0.004070459,0.000507029,0.00356343
689,768,18,0.004215488,0.000565358,0.00365013
689,768,19,0.004057654,0.000486738,0.003570916
689,768,20,0.00413194,0.00049464,0.0036373
689,768,21,0.00430983,0.000592861,0.003716969
689,768,22,0.004101217,0.000468774,0.003632443
689,768,23,0.003967487,0.000485711,0.003481776
689,768,24,0.003922354,0.000491434,0.00343092
689,768,25,0.003883187,0.000442567,0.00344062
689,768,26,0.003850572,0.000481687,0.003368885
689,768,27,0.013624638,0.010322445,0.003302193
689,768,28,0.00574414,0.002379422,0.003364718
689,768,29,0.005703993,0.002352275,0.003351718
689,768,30,0.005638016,0.002231789,0.003406227
689,768,31,0.005361445,0.001979058,0.003382387
689,768,32,0.005610166,0.002275997,0.003334169
689,768,33,0.005566703,0.002140662,0.003426041
689,768,34,0.004694637,0.001303976,0.003390661
689,768,35,0.00467319,0.001206261,0.003466929
689,768,36,0.004968958,0.001536716,0.003432242
689,768,37,0.004523003,0.001087526,0.003435477
689,768,38,0.004469717,0.001066939,0.003402778
689,768,39,0.004824799,0.001335109,0.00348969
689,768,40,0.004739022,0.001359346,0.003379676
689,768,41,0.004485427,0.000993689,0.003491738
689,768,42,0.0047911,0.001306768,0.003484332
689,768,43,0.004760657,0.001273809,0.003486848
689,768,44,0.004795439,0.001295667,0.003499772
689,768,45,0.004764838,0.001226036,0.003538802
689,768,46,0.004958702,0.001353496,0.003605206
689,768,47,0.004682642,0.00099096,0.003691682
689,768,48,0.004542527,0.000848472,0.003694055
689,768,49,0.004538983,0.000844177,0.003694806
689,768,50,0.004585969,0.000841561,0.003744408
689,768,51,0.00475322,0.001025015,0.003728205
689,768,52,0.004676537,0.000932522,0.003744015
689,768,53,0.004470234,0.000721323,0.003748911
689,768,54,0.004800094,0.000957471,0.003842623
689,768,55,0.00441985,0.000601962,0.003817888
689,768,56,0.004767945,0.000867035,0.00390091
689,768,57,0.004509374,0.000609243,0.003900131
689,768,58,0.004666154,0.000762546,0.003903608
689,768,59,0.00445256,0.000587019,0.003865541
689,768,60,0.00465174,0.000770849,0.003880891
689,768,61,0.004616054,0.000704794,0.00391126
689,768,62,0.004694005,0.000758202,0.003935803
689,768,63,0.004603182,0.00073833,0.003864852
689,768,64,0.004690653,0.000747841,0.003942812
689,768,65,0.004488549,0.000617353,0.003871196
689,768,66,0.004740169,0.00083583,0.003904339
689,768,67,0.00446606,0.000568837,0.003897223
689,768,68,0.004531423,0.00069592,0.003835503
689,768,69,0.00456866,0.000704106,0.003864554
689,768,70,0.004755636,0.000889617,0.003866019
689,768,71,0.004395559,0.000561679,0.00383388
689,768,72,0.004853144,0.000991583,0.003861561
689,768,73,0.004495784,0.00071912,0.003776664
689,768,74,0.004655315,0.000825172,0.003830143
689,768,75,0.004705944,0.000828817,0.003877127
689,768,76,0.004555235,0.000714752,0.003840483
689,768,77,0.004769275,0.000802525,0.00396675
689,768,78,0.004759952,0.000830137,0.003929815
689,768,79,0.004475619,0.000554184,0.003921435
689,768,80,0.005064299,0.001094486,0.003969813
689,768,81,0.004849496,0.001067987,0.003781509
689,768,82,0.004494053,0.000758207,0.003735846
689,768,83,0.004855066,0.001152655,0.003702411
689,768,84,0.008419005,0.004928026,0.003490979
689,768,85,0.00422296,0.000667582,0.003555378
689,768,86,0.004193597,0.000590381,0.003603216
689,768,87,0.004226385,0.000595339,0.003631046
689,768,88,0.004179898,0.000507765,0.003672133
689,768,89,0.004246222,0.000559829,0.003686393
689,768,90,0.006829351,0.003342627,0.003486724
689,768,91,0.005012822,0.001624077,0.003388745
689,768,92,0.004302576,0.000768051,0.003534525
689,768,93,0.004656191,0.000939888,0.003716303
689,768,94,0.004156375,0.000463699,0.003692676
689,768,95,0.004474209,0.000801323,0.003672886
689,768,96,0.004392038,0.000843711,0.003548327
689,768,97,0.004825976,0.001272723,0.003553253
689,768,98,0.005084752,0.001457724,0.003627028
689,768,99,0.004252827,0.000567213,0.003685614
689,768,100,0.004286984,0.000755665,0.003531319
689,768,101,0.004043731,0.000612477,0.003431254
689,768,102,0.004277587,0.000856131,0.003421456
689,768,103,0.009309657,0.005877846,0.003431811
689,768,104,0.004137048,0.000692038,0.00344501
689,768,105,0.004113214,0.000812981,0.003300233
689,768,106,0.004717075,0.001423899,0.003293176
689,768,107,0.004159051,0.000813387,0.003345664
689,768,108,0.009156646,0.005088189,0.004068457
689,768,109,0.003810082,0.000573503,0.003236579
689,768,110,0.003755889,0.000405502,0.003350387
690,768,1,0.761766397,0.637669641,0.124096756
690,768,2,0.003773714,0.000510832,0.003262882
690,768,3,0.003629376,0.00043405,0.003195326
690,768,4,0.028516634,0.025480234,0.0030364
690,768,5,0.007836764,0.004801769,0.003034995
690,768,6,0.004078751,0.000937847,0.003140904
690,768,7,0.03679393,0.033743232,0.003050698
690,768,8,0.004175828,0.001120134,0.003055694
690,768,9,0.01581076,0.012680674,0.003130086
690,768,10,0.004465391,0.001217775,0.003247616
690,768,11,0.004270165,0.001014859,0.003255306
690,768,12,0.004378621,0.000998736,0.003379885
690,768,13,0.004097421,0.000661515,0.003435906
690,768,14,0.004252277,0.000726993,0.003525284
690,768,15,0.004188232,0.000641081,0.003547151
690,768,16,0.004042466,0.000466183,0.003576283
690,768,17,0.004108243,0.00055789,0.003550353
690,768,18,0.004107346,0.000492176,0.00361517
690,768,19,0.004127209,0.000580905,0.003546304
690,768,20,0.004332869,0.000586632,0.003746237
690,768,21,0.004212021,0.00049706,0.003714961
690,768,22,0.004272444,0.00066794,0.003604504
690,768,23,0.003966651,0.000561406,0.003405245
690,768,24,0.003973909,0.000582494,0.003391415
690,768,25,0.004057086,0.000618006,0.00343908
690,768,26,0.013383621,0.010056852,0.003326769
690,768,27,0.005663653,0.002316757,0.003346896
690,768,28,0.005439816,0.00210119,0.003338626
690,768,29,0.005921228,0.002586839,0.003334389
690,768,30,0.005279628,0.00188619,0.003393438
690,768,31,0.005532669,0.002239701,0.003292968
690,768,32,0.005317023,0.001925789,0.003391234
690,768,33,0.005152719,0.001741145,0.003411574
690,768,34,0.004539572,0.001122321,0.003417251
690,768,35,0.004874093,0.001440008,0.003434085
690,768,36,0.004617871,0.001262468,0.003355403
690,768,37,0.004803312,0.001384315,0.003418997
690,768,38,0.004621844,0.001196901,0.003424943
690,768,39,0.004729369,0.001351061,0.003378308
690,768,40,0.004323698,0.000858718,0.00346498
690,768,41,0.004647239,0.001213788,0.003433451
690,768,42,0.004510148,0.001014881,0.003495267
690,768,43,0.004763218,0.001265554,0.003497664
690,768,44,0.004694605,0.001167451,0.003527154
690,768,45,0.004566671,0.00099704,0.003569631
690,768,46,0.004577377,0.001020082,0.003557295
690,768,47,0.004640412,0.001023589,0.003616823
690,768,48,0.004688847,0.001008905,0.003679942
690,768,49,0.004445136,0.000903518,0.003541618
690,768,50,0.004810808,0.001051328,0.00375948
690,768,51,0.004528688,0.000832399,0.003696289
690,768,52,0.004812123,0.001033574,0.003778549
690,768,53,0.004719607,0.000923328,0.003796279
690,768,54,0.004573749,0.000711693,0.003862056
690,768,55,0.004684128,0.000841989,0.003842139
690,768,56,0.004644158,0.000776191,0.003867967
690,768,57,0.004727493,0.000864147,0.003863346
690,768,58,0.004630159,0.000765576,0.003864583
690,768,59,0.004519563,0.000734241,0.003785322
690,768,60,0.00465084,0.000815208,0.003835632
690,768,61,0.004534359,0.00070061,0.003833749
690,768,62,0.004676639,0.0007558,0.003920839
690,768,63,0.004410434,0.000644574,0.00376586
690,768,64,0.004687033,0.000792398,0.003894635
690,768,65,0.004496818,0.000676567,0.003820251
690,768,66,0.004626495,0.000752983,0.003873512
690,768,67,0.004597425,0.00074788,0.003849545
690,768,68,0.004550312,0.000665257,0.003885055
690,768,69,0.004520505,0.000683823,0.003836682
690,768,70,0.004570919,0.000725714,0.003845205
690,768,71,0.004553439,0.000739208,0.003814231
690,768,72,0.004644527,0.000803241,0.003841286
690,768,73,0.004456766,0.000664666,0.0037921
690,768,74,0.004716777,0.000821297,0.00389548
690,768,75,0.004529405,0.000732209,0.003797196
690,768,76,0.00474238,0.000787637,0.003954743
690,768,77,0.004503331,0.000646575,0.003856756
690,768,78,0.005327233,0.001321342,0.004005891
690,768,79,0.004533582,0.000607219,0.003926363
690,768,80,0.005245549,0.001216182,0.004029367
690,768,81,0.004600827,0.000865497,0.00373533
690,768,82,0.004791849,0.001161157,0.003630692
690,768,83,0.004464623,0.000858757,0.003605866
690,768,84,0.004597849,0.000964633,0.003633216
690,768,85,0.007600517,0.004141445,0.003459072
690,768,86,0.004305522,0.000781578,0.003523944
690,768,87,0.004296862,0.000652913,0.003643949
690,768,88,0.004308998,0.000604164,0.003704834
690,768,89,0.004062425,0.000446006,0.003616419
690,768,90,0.004386224,0.000661553,0.003724671
690,768,91,0.006567658,0.003168343,0.003399315
690,768,92,0.005176082,0.001676019,0.003500063
690,768,93,0.004822371,0.00107545,0.003746921
690,768,94,0.004297977,0.000585961,0.003712016
690,768,95,0.004908967,0.001335955,0.003573012
690,768,96,0.004753255,0.001349046,0.003404209
690,768,97,0.004589554,0.001086598,0.003502956
690,768,98,0.004855098,0.0012383,0.003616798
690,768,99,0.004709978,0.00115098,0.003558998
690,768,100,0.00416517,0.000725024,0.003440146
690,768,101,0.004146633,0.00078645,0.003360183
690,768,102,0.00944247,0.006042119,0.003400351
690,768,103,0.004160846,0.000692729,0.003468117
690,768,104,0.00422636,0.00081704,0.00340932
690,768,105,0.004723149,0.00144304,0.003280109
690,768,106,0.004154027,0.000844494,0.003309533
690,768,107,0.003869415,0.000535597,0.003333818
690,768,108,0.005070188,0.00181883,0.003251358
690,768,109,0.007085146,0.00390284,0.003182306
690,768,110,0.003829875,0.000529723,0.003300152
691,768,1,0.75777763,0.634821185,0.122956445
691,768,2,0.008102148,0.004897854,0.003204294
691,768,3,0.003821785,0.00048259,0.003339195
691,768,4,0.032778396,0.029649944,0.003128452
691,768,5,0.003995106,0.000738818,0.003256288
691,768,6,0.016799867,0.013672812,0.003127055
691,768,7,0.004018764,0.00090557,0.003113194
691,768,8,0.02286342,0.01971947,0.00314395
691,768,9,0.004408465,0.001127907,0.003280558
691,768,10,0.015716337,0.01247785,0.003238487
691,768,11,0.004586263,0.001117567,0.003468696
691,768,12,0.004382562,0.000929966,0.003452596
691,768,13,0.00424559,0.000718319,0.003527271
691,768,14,0.003917302,0.000402919,0.003514383
691,768,15,0.004233947,0.000613081,0.003620866
691,768,16,0.004385729,0.000610926,0.003774803
691,768,17,0.004221914,0.000512779,0.003709135
691,768,18,0.004243034,0.000487772,0.003755262
691,768,19,0.004261848,0.00050254,0.003759308
691,768,20,0.004376172,0.000523301,0.003852871
691,768,21,0.004438729,0.000503815,0.003934914
691,768,22,0.004189147,0.000463842,0.003725305
691,768,23,0.004034433,0.000450461,0.003583972
691,768,24,0.003991461,0.000488407,0.003503054
691,768,25,0.013443153,0.01001412,0.003429033
691,768,26,0.005472128,0.002110372,0.003361756
691,768,27,0.005512049,0.002086833,0.003425216
691,768,28,0.005630358,0.002249356,0.003381002
691,768,29,0.005293319,0.001804929,0.00348839
691,768,30,0.005424932,0.002028746,0.003396186
691,768,31,0.005338401,0.001922168,0.003416233
691,768,32,0.004907415,0.001498225,0.00340919
691,768,33,0.004825564,0.001278667,0.003546897
691,768,34,0.004714882,0.001274716,0.003440166
691,768,35,0.004839591,0.001389412,0.003450179
691,768,36,0.004560874,0.001091105,0.003469769
691,768,37,0.00473581,0.001328406,0.003407404
691,768,38,0.004683295,0.001250172,0.003433123
691,768,39,0.004533122,0.001022479,0.003510643
691,768,40,0.004557034,0.001053438,0.003503596
691,768,41,0.004415224,0.000858671,0.003556553
691,768,42,0.004753203,0.001175882,0.003577321
691,768,43,0.004685136,0.001069532,0.003615604
691,768,44,0.004561681,0.000829948,0.003731733
691,768,45,0.004319731,0.000672765,0.003646966
691,768,46,0.004672975,0.001010437,0.003662538
691,768,47,0.004637942,0.000880134,0.003757808
691,768,48,0.004641787,0.000835966,0.003805821
691,768,49,0.004802052,0.000951406,0.003850646
691,768,50,0.004486409,0.000661163,0.003825246
691,768,51,0.004597452,0.000687956,0.003909496
691,768,52,0.00455562,0.00068595,0.00386967
691,768,53,0.004792538,0.000745808,0.00404673
691,768,54,0.004568053,0.000579866,0.003988187
691,768,55,0.0046692,0.000587579,0.004081621
691,768,56,0.004424585,0.000512995,0.00391159
691,768,57,0.004753537,0.000724752,0.004028785
691,768,58,0.004490076,0.000549472,0.003940604
691,768,59,0.004729559,0.000680593,0.004048966
691,768,60,0.004396334,0.000544647,0.003851687
691,768,61,0.004784862,0.000832744,0.003952118
691,768,62,0.004646969,0.0007189,0.003928069
691,768,63,0.00461829,0.000692365,0.003925925
691,768,64,0.004626857,0.000647996,0.003978861
691,768,65,0.0045888,0.000568109,0.004020691
691,768,66,0.004616983,0.000635173,0.00398181
691,768,67,0.00473137,0.000608729,0.004122641
691,768,68,0.004468964,0.000499878,0.003969086
691,768,69,0.004573198,0.000536444,0.004036754
691,768,70,0.004539926,0.00055015,0.003989776
691,768,71,0.004613637,0.000556423,0.004057214
691,768,72,0.004469308,0.000505716,0.003963592
691,768,73,0.004591739,0.000542286,0.004049453
691,768,74,0.004545839,0.000533976,0.004011863
691,768,75,0.004627687,0.000573956,0.004053731
691,768,76,0.004701709,0.000606861,0.004094848
691,768,77,0.005516619,0.001447783,0.004068836
691,768,78,0.004555454,0.000502676,0.004052778
691,768,79,0.004635393,0.000519443,0.00411595
691,768,80,0.004893708,0.000833452,0.004060256
691,768,81,0.004719395,0.000801182,0.003918213
691,768,82,0.00468396,0.000873769,0.003810191
691,768,83,0.004542209,0.000787088,0.003755121
691,768,84,0.004702599,0.001004107,0.003698492
691,768,85,0.004651844,0.00092421,0.003727634
691,768,86,0.006504762,0.002773239,0.003731523
691,768,87,0.004254953,0.000492259,0.003762694
691,768,88,0.004293966,0.000550015,0.003743951
691,768,89,0.004413284,0.000589861,0.003823423
691,768,90,0.004390645,0.000603877,0.003786768
691,768,91,0.00429321,0.000653416,0.003639794
691,768,92,0.006091757,0.002561866,0.003529891
691,768,93,0.00577887,0.002071187,0.003707683
691,768,94,0.005651922,0.001841613,0.003810309
691,768,95,0.005131602,0.001351331,0.003780271
691,768,96,0.004073925,0.000508097,0.003565828
691,768,97,0.004530582,0.000895436,0.003635146
691,768,98,0.005276142,0.001621263,0.003654879
691,768,99,0.004466217,0.000677246,0.003788971
691,768,100,0.004247921,0.000673202,0.003574719
691,768,101,0.00935703,0.005025476,0.004331554
691,768,102,0.004163424,0.000513655,0.003649769
691,768,103,0.004182184,0.000527916,0.003654268
691,768,104,0.004978227,0.001538546,0.003439681
691,768,105,0.004068822,0.000553909,0.003514913
691,768,106,0.003880196,0.000478856,0.00340134
691,768,107,0.005024974,0.001530596,0.003494378
691,768,108,0.004874728,0.001340159,0.003534569
691,768,109,0.004309221,0.000935636,0.003373585
691,768,110,0.005078408,0.001779032,0.003299376
692,768,1,0.762473209,0.638380962,0.124092247
692,768,2,0.003717794,0.000531447,0.003186347
692,768,3,0.004810491,0.001736158,0.003074333
692,768,4,0.01359219,0.010565217,0.003026973
692,768,5,0.0353386,0.032310468,0.003028132
692,768,6,0.003928542,0.000908299,0.003020243
692,768,7,0.003634598,0.000489253,0.003145345
692,768,8,0.019270393,0.016215298,0.003055095
692,768,9,0.006831132,0.003782094,0.003049038
692,768,10,0.004548904,0.001450009,0.003098895
692,768,11,0.015628538,0.012477953,0.003150585
692,768,12,0.004415095,0.001223382,0.003191713
692,768,13,0.004670603,0.00121941,0.003451193
692,768,14,0.004205741,0.000723977,0.003481764
692,768,15,0.004049307,0.000484318,0.003564989
692,768,16,0.004158845,0.000582176,0.003576669
692,768,17,0.004464712,0.00083728,0.003627432
692,768,18,0.004223481,0.000584498,0.003638983
692,768,19,0.004220539,0.000587227,0.003633312
692,768,20,0.004309038,0.000690407,0.003618631
692,768,21,0.004534013,0.000765708,0.003768305
692,768,22,0.004270085,0.000664451,0.003605634
692,768,23,0.003945548,0.000490268,0.00345528
692,768,24,0.014267534,0.011063628,0.003203906
692,768,25,0.005488498,0.002193375,0.003295123
692,768,26,0.005572543,0.00217853,0.003394013
692,768,27,0.005474927,0.002084948,0.003389979
692,768,28,0.004882487,0.0015819,0.003300587
692,768,29,0.005697288,0.002359329,0.003337959
692,768,30,0.005235975,0.001885221,0.003350754
692,768,31,0.004824944,0.001394353,0.003430591
692,768,32,0.004623006,0.001215631,0.003407375
692,768,33,0.00473695,0.001329555,0.003407395
692,768,34,0.004718618,0.001410247,0.003308371
692,768,35,0.004644779,0.001202096,0.003442683
692,768,36,0.004588133,0.001205429,0.003382704
692,768,37,0.004400813,0.000941852,0.003458961
692,768,38,0.00488422,0.001427918,0.003456302
692,768,39,0.004339946,0.000864031,0.003475915
692,768,40,0.004509653,0.001085026,0.003424627
692,768,41,0.004532765,0.001034965,0.0034978
692,768,42,0.004719989,0.001228093,0.003491896
692,768,43,0.004377992,0.000854044,0.003523948
692,768,44,0.004717304,0.0011226,0.003594704
692,768,45,0.004583082,0.000956602,0.00362648
692,768,46,0.004742221,0.001167178,0.003575043
692,768,47,0.004581678,0.000871938,0.00370974
692,768,48,0.004586172,0.00096195,0.003624222
692,768,49,0.004700254,0.00103385,0.003666404
692,768,50,0.004492965,0.000761218,0.003731747
692,768,51,0.004709963,0.00092987,0.003780093
692,768,52,0.004596002,0.0008636,0.003732402
692,768,53,0.004569786,0.000828126,0.00374166
692,768,54,0.004681102,0.000830285,0.003850817
692,768,55,0.004603694,0.000737319,0.003866375
692,768,56,0.004556843,0.000737134,0.003819709
692,768,57,0.004653346,0.000770358,0.003882988
692,768,58,0.004533625,0.000699477,0.003834148
692,768,59,0.00470404,0.000759608,0.003944432
692,768,60,0.004461548,0.000627735,0.003833813
692,768,61,0.004681088,0.000810171,0.003870917
692,768,62,0.004697627,0.000775201,0.003922426
692,768,63,0.004570551,0.000708737,0.003861814
692,768,64,0.004718563,0.000792956,0.003925607
692,768,65,0.004651837,0.000703685,0.003948152
692,768,66,0.004527573,0.00066581,0.003861763
692,768,67,0.004620205,0.000721122,0.003899083
692,768,68,0.004423164,0.000603309,0.003819855
692,768,69,0.004504435,0.000680653,0.003823782
692,768,70,0.004526502,0.000709649,0.003816853
692,768,71,0.004508499,0.00067112,0.003837379
692,768,72,0.004464636,0.000634321,0.003830315
692,768,73,0.004503919,0.000615866,0.003888053
692,768,74,0.004570317,0.000717252,0.003853065
692,768,75,0.004600023,0.000696249,0.003903774
692,768,76,0.00498511,0.001065715,0.003919395
692,768,77,0.004521515,0.000553887,0.003967628
692,768,78,0.005222149,0.001234823,0.003987326
692,768,79,0.00463062,0.000639601,0.003991019
692,768,80,0.005057235,0.001092113,0.003965122
692,768,81,0.004737321,0.00096717,0.003770151
692,768,82,0.004798937,0.001049268,0.003749669
692,768,83,0.004482099,0.000797828,0.003684271
692,768,84,0.004680662,0.001066129,0.003614533
692,768,85,0.004616507,0.000902114,0.003714393
692,768,86,0.004534506,0.000849964,0.003684542
692,768,87,0.006002543,0.002407817,0.003594726
692,768,88,0.004326632,0.000582839,0.003743793
692,768,89,0.004718455,0.001040517,0.003677938
692,768,90,0.004676953,0.000999192,0.003677761
692,768,91,0.004182901,0.000704804,0.003478097
692,768,92,0.004114209,0.000659383,0.003454826
692,768,93,0.009247023,0.005534425,0.003712598
692,768,94,0.004753582,0.001065461,0.003688121
692,768,95,0.004423701,0.000723598,0.003700103
692,768,96,0.004276339,0.000743558,0.003532781
692,768,97,0.004454183,0.001036353,0.00341783
692,768,98,0.005250355,0.001718583,0.003531772
692,768,99,0.004838642,0.001206425,0.003632217
692,768,100,0.004815703,0.001298438,0.003517265
692,768,101,0.004153401,0.000836582,0.003316819
692,768,102,0.00784843,0.004429383,0.003419047
692,768,103,0.006190453,0.002714441,0.003476012
692,768,104,0.003943216,0.000629305,0.003313911
692,768,105,0.003929704,0.000495128,0.003434576
692,768,106,0.004731393,0.001390441,0.003340952
692,768,107,0.004924368,0.001599693,0.003324675
692,768,108,0.004432523,0.00107375,0.003358773
692,768,109,0.004922172,0.00170963,0.003212542
692,768,110,0.004644139,0.001343496,0.003300643
693,768,1,0.760986377,0.63696473,0.124021647
693,768,2,0.00481153,0.001677077,0.003134453
693,768,3,0.005415534,0.002318408,0.003097126
693,768,4,0.045553475,0.042531544,0.003021931
693,768,5,0.003932551,0.000800822,0.003131729
693,768,6,0.003481955,0.000376573,0.003105382
693,768,7,0.019169955,0.016141116,0.003028839
693,768,8,0.004625341,0.001576683,0.003048658
693,768,9,0.004390269,0.001196026,0.003194243
693,768,10,0.00494562,0.001878025,0.003067595
693,768,11,0.004412564,0.001325432,0.003087132
693,768,12,0.015942941,0.01278673,0.003156211
693,768,13,0.005115121,0.001662087,0.003453034
693,768,14,0.003927038,0.000489477,0.003437561
693,768,15,0.004304473,0.000746142,0.003558331
693,768,16,0.004148226,0.000618011,0.003530215
693,768,17,0.003939569,0.000398545,0.003541024
693,768,18,0.004353803,0.000828826,0.003524977
693,768,19,0.004332322,0.000701085,0.003631237
693,768,20,0.004231205,0.000609661,0.003621544
693,768,21,0.004415749,0.000670272,0.003745477
693,768,22,0.004318879,0.000774159,0.00354472
693,768,23,0.015328843,0.012076795,0.003252048
693,768,24,0.005413507,0.002176389,0.003237118
693,768,25,0.005597119,0.002308152,0.003288967
693,768,26,0.005296264,0.001984766,0.003311498
693,768,27,0.005007994,0.001688325,0.003319669
693,768,28,0.005238208,0.001936333,0.003301875
693,768,29,0.005448354,0.002046228,0.003402126
693,768,30,0.004623278,0.001216758,0.00340652
693,768,31,0.004491936,0.00113134,0.003360596
693,768,32,0.004747708,0.001404652,0.003343056
693,768,33,0.004495624,0.001048886,0.003446738
693,768,34,0.004880647,0.001455697,0.00342495
693,768,35,0.004536826,0.001171869,0.003364957
693,768,36,0.004540246,0.001121514,0.003418732
693,768,37,0.004547851,0.001158282,0.003389569
693,768,38,0.00445309,0.00103584,0.00341725
693,768,39,0.004588152,0.001163348,0.003424804
693,768,40,0.00450312,0.001058503,0.003444617
693,768,41,0.004330968,0.000866922,0.003464046
693,768,42,0.004605626,0.001123041,0.003482585
693,768,43,0.004440336,0.001049668,0.003390668
693,768,44,0.004737312,0.001195362,0.00354195
693,768,45,0.004453434,0.001007989,0.003445445
693,768,46,0.004628989,0.001138254,0.003490735
693,768,47,0.004665399,0.001041073,0.003624326
693,768,48,0.004583179,0.00090796,0.003675219
693,768,49,0.004646747,0.000999008,0.003647739
693,768,50,0.004487229,0.000824118,0.003663111
693,768,51,0.004582409,0.000792269,0.00379014
693,768,52,0.004503001,0.000794866,0.003708135
693,768,53,0.004704599,0.000840393,0.003864206
693,768,54,0.004656485,0.000877649,0.003778836
693,768,55,0.004566373,0.000684858,0.003881515
693,768,56,0.004614161,0.000829332,0.003784829
693,768,57,0.004647971,0.000710622,0.003937349
693,768,58,0.004441161,0.000665977,0.003775184
693,768,59,0.004691203,0.000790036,0.003901167
693,768,60,0.004510752,0.000751591,0.003759161
693,768,61,0.004717345,0.000856317,0.003861028
693,768,62,0.004589274,0.000774949,0.003814325
693,768,63,0.004678057,0.000755783,0.003922274
693,768,64,0.004560892,0.000705109,0.003855783
693,768,65,0.004636658,0.000730956,0.003905702
693,768,66,0.004524402,0.000736701,0.003787701
693,768,67,0.004733731,0.000795963,0.003937768
693,768,68,0.004406485,0.000638648,0.003767837
693,768,69,0.00464607,0.000763097,0.003882973
693,768,70,0.004425628,0.00064798,0.003777648
693,768,71,0.004792624,0.000882447,0.003910177
693,768,72,0.004561744,0.000765824,0.00379592
693,768,73,0.004588929,0.000722338,0.003866591
693,768,74,0.004638228,0.00077423,0.003863998
693,768,75,0.004904424,0.000983719,0.003920705
693,768,76,0.004438247,0.000624064,0.003814183
693,768,77,0.004832731,0.000833523,0.003999208
693,768,78,0.00440697,0.000617957,0.003789013
693,768,79,0.004960949,0.000972547,0.003988402
693,768,80,0.005142366,0.001232715,0.003909651
693,768,81,0.004766729,0.001046636,0.003720093
693,768,82,0.004806833,0.001117592,0.003689241
693,768,83,0.004671572,0.001056724,0.003614848
693,768,84,0.004513965,0.000910149,0.003603816
693,768,85,0.004843534,0.001241111,0.003602423
693,768,86,0.004572731,0.001019706,0.003553025
693,768,87,0.00432291,0.000859365,0.003463545
693,768,88,0.005565451,0.002013615,0.003551836
693,768,89,0.005144147,0.001521562,0.003622585
693,768,90,0.004693141,0.000989134,0.003704007
693,768,91,0.004464109,0.000979289,0.00348482
693,768,92,0.008097073,0.004724133,0.00337294
693,768,93,0.005560971,0.00187146,0.003689511
693,768,94,0.004175369,0.000577764,0.003597605
693,768,95,0.004670788,0.000948796,0.003721992
693,768,96,0.004232589,0.00070895,0.003523639
693,768,97,0.00441767,0.000979958,0.003437712
693,768,98,0.005548908,0.002109926,0.003438982
693,768,99,0.004983428,0.001392144,0.003591284
693,768,100,0.004536633,0.001062792,0.003473841
693,768,101,0.0059088,0.002584077,0.003324723
693,768,102,0.008010158,0.003722425,0.004287733
693,768,103,0.004177565,0.00067838,0.003499185
693,768,104,0.003804711,0.000474397,0.003330314
693,768,105,0.004315478,0.000952187,0.003363291
693,768,106,0.00494429,0.001698014,0.003246276
693,768,107,0.004433179,0.001114791,0.003318388
693,768,108,0.005002044,0.001773845,0.003228199
693,768,109,0.004553216,0.001355758,0.003197458
693,768,110,0.004709848,0.001466727,0.003243121
694,768,1,0.759980729,0.636119855,0.123860874
694,768,2,0.007994541,0.004897911,0.00309663
694,768,3,0.020189776,0.017127951,0.003061825
694,768,4,0.018512213,0.015483538,0.003028675
694,768,5,0.013318464,0.010290809,0.003027655
694,768,6,0.020100494,0.017074329,0.003026165
694,768,7,0.004476582,0.001327019,0.003149563
694,768,8,0.004060674,0.000904133,0.003156541
694,768,9,0.004124882,0.00097243,0.003152452
694,768,10,0.003966887,0.000802527,0.00316436
694,768,11,0.004649433,0.001429421,0.003220012
694,768,12,0.004295698,0.001067161,0.003228537
694,768,13,0.015917358,0.01266138,0.003255978
694,768,14,0.004760857,0.001367361,0.003393496
694,768,15,0.004199496,0.000673973,0.003525523
694,768,16,0.004174794,0.000623455,0.003551339
694,768,17,0.004250736,0.000645001,0.003605735
694,768,18,0.004184376,0.000545494,0.003638882
694,768,19,0.004223153,0.000526692,0.003696461
694,768,20,0.004177204,0.00053116,0.003646044
694,768,21,0.004690087,0.000928188,0.003761899
694,768,22,0.016070299,0.012754379,0.00331592
694,768,23,0.005838955,0.00254321,0.003295745
694,768,24,0.005539626,0.002251026,0.0032886
694,768,25,0.005280015,0.001960099,0.003319916
694,768,26,0.004871511,0.001445341,0.00342617
694,768,27,0.004919612,0.001602841,0.003316771
694,768,28,0.0052869,0.001906816,0.003380084
694,768,29,0.004649549,0.001217285,0.003432264
694,768,30,0.004417293,0.001013392,0.003403901
694,768,31,0.004652966,0.001343391,0.003309575
694,768,32,0.004664583,0.001246719,0.003417864
694,768,33,0.004661571,0.001279232,0.003382339
694,768,34,0.004683203,0.001341544,0.003341659
694,768,35,0.004615177,0.001212211,0.003402966
694,768,36,0.004505529,0.001034379,0.00347115
694,768,37,0.004385465,0.000943709,0.003441756
694,768,38,0.004544704,0.001208767,0.003335937
694,768,39,0.004532157,0.001061754,0.003470403
694,768,40,0.004395615,0.000947868,0.003447747
694,768,41,0.00430715,0.000904959,0.003402191
694,768,42,0.004420894,0.000957076,0.003463818
694,768,43,0.004431075,0.000924814,0.003506261
694,768,44,0.004458615,0.000886152,0.003572463
694,768,45,0.0045785,0.001033598,0.003544902
694,768,46,0.004670844,0.001048952,0.003621892
694,768,47,0.004762451,0.001009443,0.003753008
694,768,48,0.004464118,0.000728364,0.003735754
694,768,49,0.004779317,0.001062264,0.003717053
694,768,50,0.004460382,0.00073901,0.003721372
694,768,51,0.004584712,0.000896374,0.003688338
694,768,52,0.004665923,0.000878466,0.003787457
694,768,53,0.004571096,0.000727183,0.003843913
694,768,54,0.00458576,0.000729595,0.003856165
694,768,55,0.00467593,0.000826939,0.003848991
694,768,56,0.004633851,0.000744295,0.003889556
694,768,57,0.004512405,0.000649978,0.003862427
694,768,58,0.004683905,0.000753299,0.003930606
694,768,59,0.004569811,0.000655821,0.00391399
694,768,60,0.004656553,0.000758558,0.003897995
694,768,61,0.004452124,0.000666148,0.003785976
694,768,62,0.004646664,0.000834807,0.003811857
694,768,63,0.004557825,0.000762706,0.003795119
694,768,64,0.004674397,0.00083088,0.003843517
694,768,65,0.00457978,0.000721068,0.003858712
694,768,66,0.004659352,0.000836318,0.003823034
694,768,67,0.004574469,0.000739112,0.003835357
694,768,68,0.004590121,0.000803281,0.00378684
694,768,69,0.004800888,0.000907916,0.003892972
694,768,70,0.004816353,0.000994656,0.003821697
694,768,71,0.004503255,0.000719317,0.003783938
694,768,72,0.004686152,0.000838518,0.003847634
694,768,73,0.004598972,0.000738869,0.003860103
694,768,74,0.004843546,0.000998818,0.003844728
694,768,75,0.004448802,0.000577175,0.003871627
694,768,76,0.004825703,0.000924002,0.003901701
694,768,77,0.004508662,0.000588124,0.003920538
694,768,78,0.004553525,0.000554627,0.003998898
694,768,79,0.00452197,0.000556534,0.003965436
694,768,80,0.004951792,0.001052185,0.003899607
694,768,81,0.004601743,0.000654862,0.003946881
694,768,82,0.00473754,0.001015888,0.003721652
694,768,83,0.0053089,0.00169011,0.00361879
694,768,84,0.004694119,0.001161275,0.003532844
694,768,85,0.004789637,0.001025916,0.003763721
694,768,86,0.004500696,0.000842746,0.00365795
694,768,87,0.00558315,0.001983945,0.003599205
694,768,88,0.005167575,0.001350972,0.003816603
694,768,89,0.004709284,0.000950376,0.003758908
694,768,90,0.004312232,0.000597742,0.00371449
694,768,91,0.004388214,0.000852906,0.003535308
694,768,92,0.004500304,0.001043169,0.003457135
694,768,93,0.008243496,0.004457174,0.003786322
694,768,94,0.004664667,0.00100281,0.003661857
694,768,95,0.004564404,0.000860539,0.003703865
694,768,96,0.004278789,0.000733106,0.003545683
694,768,97,0.005884852,0.002551234,0.003333618
694,768,98,0.005302043,0.001852791,0.003449252
694,768,99,0.00432806,0.000839771,0.003488289
694,768,100,0.006220247,0.002924151,0.003296096
694,768,101,0.005241356,0.001820672,0.003420684
694,768,102,0.004637755,0.001244145,0.00339361
694,768,103,0.005656514,0.002177906,0.003478608
694,768,104,0.004578054,0.001310069,0.003267985
694,768,105,0.004869973,0.001528291,0.003341682
694,768,106,0.004929627,0.001550691,0.003378936
694,768,107,0.005005805,0.001677667,0.003328138
694,768,108,0.00433198,0.001083518,0.003248462
694,768,109,0.004563535,0.001344087,0.003219448
694,768,110,0.005680466,0.002634553,0.003045913
695,768,1,0.763029621,0.638702137,0.124327484
695,768,2,0.022105333,0.019062515,0.003042818
695,768,3,0.003781529,0.00065855,0.003122979
695,768,4,0.003424766,0.000332642,0.003092124
695,768,5,0.04465321,0.041616385,0.003036825
695,768,6,0.00396084,0.000935106,0.003025734
695,768,7,0.004045666,0.000918801,0.003126865
695,768,8,0.004046561,0.000915275,0.003131286
695,768,9,0.00405149,0.000922587,0.003128903
695,768,10,0.004049019,0.00089637,0.003152649
695,768,11,0.0041847,0.001029366,0.003155334
695,768,12,0.004262953,0.000982342,0.003280611
695,768,13,0.003995466,0.000740457,0.003255009
695,768,14,0.015781168,0.01245471,0.003326458
695,768,15,0.004776663,0.001348265,0.003428398
695,768,16,0.004223591,0.000736562,0.003487029
695,768,17,0.004126752,0.00064624,0.003480512
695,768,18,0.004393678,0.000786555,0.003607123
695,768,19,0.004092169,0.000551342,0.003540827
695,768,20,0.004294873,0.000639535,0.003655338
695,768,21,0.017498456,0.014132712,0.003365744
695,768,22,0.006075393,0.002813508,0.003261885
695,768,23,0.00550167,0.002283025,0.003218645
695,768,24,0.005272087,0.001907867,0.00336422
695,768,25,0.004744988,0.001413915,0.003331073
695,768,26,0.004952479,0.001601513,0.003350966
695,768,27,0.00462423,0.001360753,0.003263477
695,768,28,0.004662778,0.001253723,0.003409055
695,768,29,0.004399084,0.00101827,0.003380814
695,768,30,0.004535636,0.001109464,0.003426172
695,768,31,0.004579863,0.001218967,0.003360896
695,768,32,0.004765813,0.001461621,0.003304192
695,768,33,0.004371461,0.000985963,0.003385498
695,768,34,0.004680521,0.001259924,0.003420597
695,768,35,0.004439555,0.001037942,0.003401613
695,768,36,0.004625208,0.001198538,0.00342667
695,768,37,0.004419291,0.000950418,0.003468873
695,768,38,0.004490235,0.001093135,0.0033971
695,768,39,0.004397128,0.000971682,0.003425446
695,768,40,0.004393417,0.000973522,0.003419895
695,768,41,0.004342114,0.000934548,0.003407566
695,768,42,0.004365323,0.000887326,0.003477997
695,768,43,0.004375174,0.000857781,0.003517393
695,768,44,0.004503355,0.00091971,0.003583645
695,768,45,0.004559189,0.000945296,0.003613893
695,768,46,0.004726805,0.001049442,0.003677363
695,768,47,0.004482426,0.000860505,0.003621921
695,768,48,0.004545688,0.000911027,0.003634661
695,768,49,0.004733046,0.001133503,0.003599543
695,768,50,0.004697667,0.000929309,0.003768358
695,768,51,0.004508584,0.000792116,0.003716468
695,768,52,0.004471738,0.000707966,0.003763772
695,768,53,0.004753181,0.000962318,0.003790863
695,768,54,0.004589784,0.000718544,0.00387124
695,768,55,0.004555083,0.000748111,0.003806972
695,768,56,0.004856953,0.000946569,0.003910384
695,768,57,0.004481413,0.000608646,0.003872767
695,768,58,0.004595595,0.00069814,0.003897455
695,768,59,0.004474102,0.000721629,0.003752473
695,768,60,0.004720814,0.000885688,0.003835126
695,768,61,0.004661858,0.000816492,0.003845366
695,768,62,0.004970401,0.001008424,0.003961977
695,768,63,0.004512504,0.000699747,0.003812757
695,768,64,0.004768222,0.000839191,0.003929031
695,768,65,0.00471769,0.000805053,0.003912637
695,768,66,0.004563665,0.000645564,0.003918101
695,768,67,0.004678697,0.000866486,0.003812211
695,768,68,0.004696661,0.000882232,0.003814429
695,768,69,0.004884849,0.00105944,0.003825409
695,768,70,0.004539295,0.000725205,0.00381409
695,768,71,0.004665755,0.000851376,0.003814379
695,768,72,0.004651111,0.000822479,0.003828632
695,768,73,0.004740207,0.000927961,0.003812246
695,768,74,0.004542538,0.000641918,0.00390062
695,768,75,0.004789763,0.000887404,0.003902359
695,768,76,0.004481801,0.000613251,0.00386855
695,768,77,0.004537463,0.000642384,0.003895079
695,768,78,0.004446136,0.000558121,0.003888015
695,768,79,0.004566087,0.000584707,0.00398138
695,768,80,0.004632425,0.000657794,0.003974631
695,768,81,0.004673939,0.000981661,0.003692278
695,768,82,0.004740457,0.000987239,0.003753218
695,768,83,0.00508224,0.001547427,0.003534813
695,768,84,0.004878604,0.001421331,0.003457273
695,768,85,0.004683407,0.001066844,0.003616563
695,768,86,0.006064111,0.002435529,0.003628582
695,768,87,0.004860805,0.001196144,0.003664661
695,768,88,0.004423751,0.000781585,0.003642166
695,768,89,0.004743123,0.00107866,0.003664463
695,768,90,0.004882386,0.001140907,0.003741479
695,768,91,0.004563325,0.001080428,0.003482897
695,768,92,0.005414702,0.001942273,0.003472429
695,768,93,0.005799139,0.002113247,0.003685892
695,768,94,0.004501516,0.000851011,0.003650505
695,768,95,0.004942314,0.001310963,0.003631351
695,768,96,0.006065013,0.002669982,0.003395031
695,768,97,0.005672604,0.002263284,0.00340932
695,768,98,0.004927636,0.001311789,0.003615847
695,768,99,0.006200963,0.002830374,0.003370589
695,768,100,0.005070147,0.00184999,0.003220157
695,768,101,0.004722282,0.001411362,0.00331092
695,768,102,0.00428439,0.000721863,0.003562527
695,768,103,0.003976571,0.000550269,0.003426302
695,768,104,0.004644975,0.001264314,0.003380661
695,768,105,0.006649604,0.003440048,0.003209556
695,768,106,0.005458856,0.002201856,0.003257
695,768,107,0.004580062,0.001181212,0.00339885
695,768,108,0.004338246,0.001067533,0.003270713
695,768,109,0.005644914,0.002481553,0.003163361
695,768,110,0.004905243,0.001870767,0.003034476
696,768,1,0.781918963,0.654163614,0.127755349
696,768,2,0.003674855,0.000516813,0.003158042
696,768,3,0.003554734,0.000445705,0.003109029
696,768,4,0.044572854,0.041538627,0.003034227
696,768,5,0.003956941,0.000865266,0.003091675
696,768,6,0.003849256,0.000647671,0.003201585
696,768,7,0.003805116,0.000669219,0.003135897
696,768,8,0.003982532,0.000836623,0.003145909
696,768,9,0.004119845,0.000887021,0.003232824
696,768,10,0.004084923,0.000815879,0.003269044
696,768,11,0.004087722,0.000794943,0.003292779
696,768,12,0.004147039,0.000805614,0.003341425
696,768,13,0.004218945,0.000779319,0.003439626
696,768,14,0.004074329,0.000653316,0.003421013
696,768,15,0.014650048,0.011537678,0.00311237
696,768,16,0.004629305,0.001546279,0.003083026
696,768,17,0.004317638,0.001148036,0.003169602
696,768,18,0.004143442,0.001005105,0.003138337
696,768,19,0.004342665,0.001231782,0.003110883
696,768,20,0.019008998,0.015618261,0.003390737
696,768,21,0.006241044,0.002675985,0.003565059
696,768,22,0.005562769,0.001811181,0.003751588
696,768,23,0.005090851,0.001169184,0.003921667
696,768,24,0.00479275,0.000914128,0.003878622
696,768,25,0.004986718,0.001103655,0.003883063
696,768,26,0.004627615,0.000909204,0.003718411
696,768,27,0.004317843,0.000596133,0.00372171
696,768,28,0.004375083,0.000762136,0.003612947
696,768,29,0.004288611,0.000691603,0.003597008
696,768,30,0.004610481,0.001029603,0.003580878
696,768,31,0.004522087,0.000943789,0.003578298
696,768,32,0.004640156,0.001090773,0.003549383
696,768,33,0.004421279,0.000844892,0.003576387
696,768,34,0.004630357,0.001080793,0.003549564
696,768,35,0.00454515,0.000994572,0.003550578
696,768,36,0.004570128,0.001016295,0.003553833
696,768,37,0.004350942,0.000773066,0.003577876
696,768,38,0.004484038,0.000951243,0.003532795
696,768,39,0.004417392,0.000897658,0.003519734
696,768,40,0.004253261,0.000804047,0.003449214
696,768,41,0.004263161,0.000854419,0.003408742
696,768,42,0.004425351,0.000919429,0.003505922
696,768,43,0.004338759,0.000855402,0.003483357
696,768,44,0.004504199,0.001042818,0.003461381
696,768,45,0.004434869,0.000990886,0.003443983
696,768,46,0.004753381,0.001370891,0.00338249
696,768,47,0.00451423,0.001041104,0.003473126
696,768,48,0.004696059,0.001244684,0.003451375
696,768,49,0.004745836,0.001155228,0.003590608
696,768,50,0.004414267,0.000917005,0.003497262
696,768,51,0.004563187,0.001018519,0.003544668
696,768,52,0.004468283,0.00094831,0.003519973
696,768,53,0.004574184,0.001003337,0.003570847
696,768,54,0.004700374,0.001110319,0.003590055
696,768,55,0.004611416,0.000989191,0.003622225
696,768,56,0.004743296,0.001144056,0.00359924
696,768,57,0.004578694,0.000968212,0.003610482
696,768,58,0.004579543,0.001024552,0.003554991
696,768,59,0.004748269,0.001122527,0.003625742
696,768,60,0.004689482,0.001061271,0.003628211
696,768,61,0.004854139,0.001209068,0.003645071
696,768,62,0.004641038,0.001037123,0.003603915
696,768,63,0.004720448,0.001095694,0.003624754
696,768,64,0.004708821,0.001076957,0.003631864
696,768,65,0.004542438,0.000929135,0.003613303
696,768,66,0.004856484,0.001279424,0.00357706
696,768,67,0.00477079,0.001127651,0.003643139
696,768,68,0.004682828,0.00108652,0.003596308
696,768,69,0.004609219,0.00103256,0.003576659
696,768,70,0.004821711,0.001183991,0.00363772
696,768,71,0.004656425,0.000962369,0.003694056
696,768,72,0.004628379,0.000964097,0.003664282
696,768,73,0.004612098,0.000939543,0.003672555
696,768,74,0.004708999,0.00101776,0.003691239
696,768,75,0.00446892,0.000708227,0.003760693
696,768,76,0.004704473,0.000947401,0.003757072
696,768,77,0.00430577,0.000633163,0.003672607
696,768,78,0.004607412,0.000933149,0.003674263
696,768,79,0.00422471,0.000638327,0.003586383
696,768,80,0.004302261,0.00064663,0.003655631
696,768,81,0.00487366,0.001282764,0.003590896
696,768,82,0.005271862,0.001790614,0.003481248
696,768,83,0.005210731,0.001733411,0.00347732
696,768,84,0.004606236,0.00113248,0.003473756
696,768,85,0.005886577,0.002592306,0.003294271
696,768,86,0.004969246,0.001519458,0.003449788
696,768,87,0.004737067,0.001212042,0.003525025
696,768,88,0.004572222,0.001058927,0.003513295
696,768,89,0.004918442,0.001438401,0.003480041
696,768,90,0.005102736,0.001666516,0.00343622
696,768,91,0.005207123,0.001528329,0.003678794
696,768,92,0.005179818,0.001603249,0.003576569
696,768,93,0.004744222,0.001368742,0.00337548
696,768,94,0.004130725,0.000798845,0.00333188
696,768,95,0.006861495,0.003478413,0.003383082
696,768,96,0.0061484,0.002737247,0.003411153
696,768,97,0.004614723,0.001320783,0.00329394
696,768,98,0.006502769,0.003114132,0.003388637
696,768,99,0.005296514,0.001861555,0.003434959
696,768,100,0.004688228,0.001215263,0.003472965
696,768,101,0.004199956,0.000726709,0.003473247
696,768,102,0.003837469,0.000437595,0.003399874
696,768,103,0.004113733,0.000834587,0.003279146
696,768,104,0.007546238,0.004188265,0.003357973
696,768,105,0.005548972,0.002047898,0.003501074
696,768,106,0.004450942,0.000914672,0.00353627
696,768,107,0.004489363,0.001083991,0.003405372
696,768,108,0.005122031,0.002072702,0.003049329
696,768,109,0.005002341,0.001953938,0.003048403
696,768,110,0.004352141,0.00124884,0.003103301
697,768,1,0.761067925,0.637093034,0.123974891
697,768,2,0.02400136,0.020959548,0.003041812
697,768,3,0.003827863,0.000673143,0.00315472
697,768,4,0.004874565,0.001840373,0.003034192
697,768,5,0.043220379,0.040160207,0.003060172
697,768,6,0.004081704,0.001004252,0.003077452
697,768,7,0.00389757,0.0007622,0.00313537
697,768,8,0.004044933,0.000894769,0.003150164
697,768,9,0.004037741,0.000864045,0.003173696
697,768,10,0.004076394,0.000855517,0.003220877
697,768,11,0.004220185,0.000981812,0.003238373
697,768,12,0.00423783,0.00092691,0.00331092
697,768,13,0.004141108,0.000783687,0.003357421
697,768,14,0.004145856,0.000702188,0.003443668
697,768,15,0.004029293,0.000669113,0.00336018
697,768,16,0.014197565,0.01107516,0.003122405
697,768,17,0.004556126,0.001466649,0.003089477
697,768,18,0.004174122,0.001139646,0.003034476
697,768,19,0.01900042,0.015784539,0.003215881
697,768,20,0.006131549,0.002650125,0.003481424
697,768,21,0.006155603,0.002377337,0.003778266
697,768,22,0.004826974,0.001057647,0.003769327
697,768,23,0.004916698,0.001022607,0.003894091
697,768,24,0.004647775,0.00075834,0.003889435
697,768,25,0.005137898,0.001156944,0.003980954
697,768,26,0.004681496,0.000940036,0.00374146
697,768,27,0.004230548,0.000500607,0.003729941
697,768,28,0.004315422,0.000644641,0.003670781
697,768,29,0.004376578,0.000741933,0.003634645
697,768,30,0.004451188,0.000831464,0.003619724
697,768,31,0.004694824,0.001195338,0.003499486
697,768,32,0.004608556,0.001152877,0.003455679
697,768,33,0.004430256,0.000891784,0.003538472
697,768,34,0.004565187,0.000999646,0.003565541
697,768,35,0.004622373,0.00096521,0.003657163
697,768,36,0.004251897,0.000657674,0.003594223
697,768,37,0.004446737,0.000933675,0.003513062
697,768,38,0.00453048,0.000993026,0.003537454
697,768,39,0.004632665,0.001098068,0.003534597
697,768,40,0.004425515,0.000965926,0.003459589
697,768,41,0.004340902,0.000872855,0.003468047
697,768,42,0.004396588,0.000868596,0.003527992
697,768,43,0.004519574,0.00102426,0.003495314
697,768,44,0.004407857,0.000979995,0.003427862
697,768,45,0.00466943,0.001189218,0.003480212
697,768,46,0.004623169,0.00116598,0.003457189
697,768,47,0.004489149,0.001052922,0.003436227
697,768,48,0.00465893,0.00113566,0.00352327
697,768,49,0.004608215,0.001031941,0.003576274
697,768,50,0.004459148,0.000926891,0.003532257
697,768,51,0.004573197,0.001065062,0.003508135
697,768,52,0.004690233,0.001098391,0.003591842
697,768,53,0.004637277,0.001029092,0.003608185
697,768,54,0.004593904,0.000985164,0.00360874
697,768,55,0.004744372,0.001085267,0.003659105
697,768,56,0.00465765,0.001060057,0.003597593
697,768,57,0.004688506,0.0010895,0.003599006
697,768,58,0.004759257,0.001161102,0.003598155
697,768,59,0.004645194,0.001041599,0.003603595
697,768,60,0.004791952,0.001202738,0.003589214
697,768,61,0.004770297,0.001167633,0.003602664
697,768,62,0.004619873,0.001017973,0.0036019
697,768,63,0.00472376,0.001132926,0.003590834
697,768,64,0.00467252,0.001069265,0.003603255
697,768,65,0.004839371,0.001177833,0.003661538
697,768,66,0.004623438,0.001079738,0.0035437
697,768,67,0.004819085,0.001249316,0.003569769
697,768,68,0.004681212,0.001081008,0.003600204
697,768,69,0.004797355,0.001183663,0.003613692
697,768,70,0.004591117,0.001022734,0.003568383
697,768,71,0.004772761,0.001138315,0.003634446
697,768,72,0.004609697,0.000934115,0.003675582
697,768,73,0.004519167,0.000916017,0.00360315
697,768,74,0.004628911,0.000931088,0.003697823
697,768,75,0.004707369,0.000913141,0.003794228
697,768,76,0.004482353,0.00069059,0.003791763
697,768,77,0.004553176,0.000855058,0.003698118
697,768,78,0.004325247,0.000719722,0.003605525
697,768,79,0.004155827,0.000663522,0.003492305
697,768,80,0.004461133,0.000802091,0.003659042
697,768,81,0.005198163,0.001767734,0.003430429
697,768,82,0.005515301,0.002081315,0.003433986
697,768,83,0.00466959,0.001282439,0.003387151
697,768,84,0.006028715,0.002632972,0.003395743
697,768,85,0.004762089,0.001330751,0.003431338
697,768,86,0.004801822,0.001272093,0.003529729
697,768,87,0.004510005,0.000986104,0.003523901
697,768,88,0.004314885,0.000795587,0.003519298
697,768,89,0.005581902,0.002255817,0.003326085
697,768,90,0.005425228,0.001995739,0.003429489
697,768,91,0.004988248,0.001302784,0.003685464
697,768,92,0.004228445,0.000596745,0.0036317
697,768,93,0.004717033,0.001213872,0.003503161
697,768,94,0.006545144,0.003198247,0.003346897
697,768,95,0.005595533,0.002141381,0.003454152
697,768,96,0.005222719,0.001754943,0.003467776
697,768,97,0.004921727,0.001572892,0.003348835
697,768,98,0.006077374,0.002708539,0.003368835
697,768,99,0.004808449,0.00127131,0.003537139
697,768,100,0.004758358,0.001087905,0.003670453
697,768,101,0.004443964,0.000961819,0.003482145
697,768,102,0.004585614,0.001145861,0.003439753
697,768,103,0.007162579,0.003896056,0.003266523
697,768,104,0.005367492,0.001913708,0.003453784
697,768,105,0.004529935,0.001016048,0.003513887
697,768,106,0.004370481,0.000882107,0.003488374
697,768,107,0.005747638,0.002527402,0.003220236
697,768,108,0.004538387,0.001472914,0.003065473
697,768,109,0.004415251,0.001377638,0.003037613
697,768,110,0.004395821,0.001373553,0.003022268
698,768,1,0.758264956,0.635539384,0.122725572
698,768,2,0.006047405,0.002960966,0.003086439
698,768,3,0.023910471,0.020866517,0.003043954
698,768,4,0.005750971,0.002689532,0.003061439
698,768,5,0.003962571,0.000837728,0.003124843
698,768,6,0.042405527,0.039341516,0.003064011
698,768,7,0.004328501,0.001164745,0.003163756
698,768,8,0.003996989,0.000822074,0.003174915
698,768,9,0.004108855,0.000923911,0.003184944
698,768,10,0.004133223,0.000914031,0.003219192
698,768,11,0.004036076,0.000795611,0.003240465
698,768,12,0.004175197,0.000905402,0.003269795
698,768,13,0.004264695,0.00093918,0.003325515
698,768,14,0.004252119,0.000812499,0.00343962
698,768,15,0.004090398,0.000756903,0.003333495
698,768,16,0.004029831,0.00071965,0.003310181
698,768,17,0.013842143,0.010737627,0.003104516
698,768,18,0.020068996,0.016961852,0.003107144
698,768,19,0.005268207,0.002014489,0.003253718
698,768,20,0.005949649,0.002404623,0.003545026
698,768,21,0.005260561,0.001580811,0.00367975
698,768,22,0.005100333,0.001364726,0.003735607
698,768,23,0.00472554,0.000855328,0.003870212
698,768,24,0.004862752,0.000958428,0.003904324
698,768,25,0.004697464,0.000874783,0.003822681
698,768,26,0.004764673,0.001074865,0.003689808
698,768,27,0.004299206,0.000637898,0.003661308
698,768,28,0.004442043,0.000798389,0.003643654
698,768,29,0.004293511,0.000699482,0.003594029
698,768,30,0.004635139,0.001021792,0.003613347
698,768,31,0.004459959,0.000924161,0.003535798
698,768,32,0.004654801,0.001167984,0.003486817
698,768,33,0.004496157,0.00093427,0.003561887
698,768,34,0.004552757,0.001045699,0.003507058
698,768,35,0.004614467,0.001031081,0.003583386
698,768,36,0.004531587,0.000977391,0.003554196
698,768,37,0.004312218,0.000800222,0.003511996
698,768,38,0.004558572,0.001070516,0.003488056
698,768,39,0.004478477,0.000968144,0.003510333
698,768,40,0.004417312,0.000936529,0.003480783
698,768,41,0.00436083,0.000896751,0.003464079
698,768,42,0.004514377,0.001001747,0.00351263
698,768,43,0.004622538,0.001144383,0.003478155
698,768,44,0.004486889,0.001042284,0.003444605
698,768,45,0.004563113,0.001082181,0.003480932
698,768,46,0.004511279,0.001100241,0.003411038
698,768,47,0.004537805,0.001131709,0.003406096
698,768,48,0.004725796,0.001196363,0.003529433
698,768,49,0.004533277,0.001101199,0.003432078
698,768,50,0.004764285,0.001198414,0.003565871
698,768,51,0.004463078,0.001014156,0.003448922
698,768,52,0.004707952,0.00111633,0.003591622
698,768,53,0.004598163,0.001008249,0.003589914
698,768,54,0.004627317,0.001044708,0.003582609
698,768,55,0.004698437,0.001100118,0.003598319
698,768,56,0.004724501,0.00107545,0.003649051
698,768,57,0.004636819,0.001091107,0.003545712
698,768,58,0.00478585,0.001235307,0.003550543
698,768,59,0.004700678,0.001183419,0.003517259
698,768,60,0.004792257,0.001223764,0.003568493
698,768,61,0.004639975,0.00112083,0.003519145
698,768,62,0.004731489,0.001215411,0.003516078
698,768,63,0.004722191,0.001234193,0.003487998
698,768,64,0.004819513,0.001270458,0.003549055
698,768,65,0.00471633,0.001212412,0.003503918
698,768,66,0.004753695,0.001263666,0.003490029
698,768,67,0.004703368,0.001186797,0.003516571
698,768,68,0.004780163,0.001163068,0.003617095
698,768,69,0.004592616,0.001089785,0.003502831
698,768,70,0.00480299,0.001195457,0.003607533
698,768,71,0.004620727,0.000976394,0.003644333
698,768,72,0.004501054,0.000908441,0.003592613
698,768,73,0.004623335,0.001031191,0.003592144
698,768,74,0.004663386,0.001021372,0.003642014
698,768,75,0.004578652,0.000911678,0.003666974
698,768,76,0.004726498,0.000942065,0.003784433
698,768,77,0.00430916,0.00073526,0.0035739
698,768,78,0.004501951,0.000825123,0.003676828
698,768,79,0.004089765,0.000599259,0.003490506
698,768,80,0.005221491,0.00167307,0.003548421
698,768,81,0.005559909,0.002202481,0.003357428
698,768,82,0.004802374,0.00132642,0.003475954
698,768,83,0.005843406,0.002463342,0.003380064
698,768,84,0.004964668,0.001508869,0.003455799
698,768,85,0.004525347,0.001065222,0.003460125
698,768,86,0.004533931,0.001083972,0.003449959
698,768,87,0.004463972,0.000977867,0.003486105
698,768,88,0.00543755,0.002114003,0.003323547
698,768,89,0.005654002,0.002267008,0.003386994
698,768,90,0.005011689,0.001379861,0.003631828
698,768,91,0.004034549,0.000464528,0.003570021
698,768,92,0.00435722,0.00068808,0.00366914
698,768,93,0.006845239,0.003428012,0.003417227
698,768,94,0.005498515,0.002097157,0.003401358
698,768,95,0.00496248,0.00138942,0.00357306
698,768,96,0.005064336,0.001452165,0.003612171
698,768,97,0.00465277,0.0012568,0.00339597
698,768,98,0.004391182,0.000941779,0.003449403
698,768,99,0.005392783,0.001983432,0.003409351
698,768,100,0.00441474,0.000940339,0.003474401
698,768,101,0.006463554,0.0030198,0.003443754
698,768,102,0.004506292,0.001121556,0.003384736
698,768,103,0.005946473,0.002699966,0.003246507
698,768,104,0.005698255,0.002171517,0.003526738
698,768,105,0.004727367,0.001297421,0.003429946
698,768,106,0.004661652,0.001070524,0.003591128
698,768,107,0.004100397,0.000670153,0.003430244
698,768,108,0.005075833,0.001948975,0.003126858
698,768,109,0.004665139,0.001619816,0.003045323
698,768,110,0.006461464,0.003440185,0.003021279
699,768,1,0.758251412,0.635231958,0.123019454
699,768,2,0.007406175,0.004290962,0.003115213
699,768,3,0.025155013,0.02207374,0.003081273
699,768,4,0.00384592,0.000695149,0.003150771
699,768,5,0.003480186,0.000374492,0.003105694
699,768,6,0.003583222,0.000451679,0.003131543
699,768,7,0.042032839,0.038973845,0.003058994
699,768,8,0.004381366,0.001303533,0.003077833
699,768,9,0.004374444,0.001143881,0.003230563
699,768,10,0.004064365,0.000797453,0.003266912
699,768,11,0.004055304,0.00077147,0.003283834
699,768,12,0.004162671,0.000865185,0.003297486
699,768,13,0.00415512,0.000749586,0.003405534
699,768,14,0.00412723,0.000719001,0.003408229
699,768,15,0.004233656,0.000885799,0.003347857
699,768,16,0.003989072,0.000709008,0.003280064
699,768,17,0.030614714,0.027563009,0.003051705
699,768,18,0.004862352,0.001745712,0.00311664
699,768,19,0.004940694,0.001672964,0.00326773
699,768,20,0.005299718,0.001775684,0.003524034
699,768,21,0.005534577,0.001715915,0.003818662
699,768,22,0.004837979,0.000971869,0.00386611
699,768,23,0.004763423,0.000790882,0.003972541
699,768,24,0.004648793,0.000724469,0.003924324
699,768,25,0.005040007,0.000982281,0.004057726
699,768,26,0.004605601,0.00084319,0.003762411
699,768,27,0.004269387,0.000424919,0.003844468
699,768,28,0.004318551,0.000621315,0.003697236
699,768,29,0.004245994,0.00057252,0.003673474
699,768,30,0.004375335,0.000785876,0.003589459
699,768,31,0.004677907,0.001098786,0.003579121
699,768,32,0.004629485,0.001068435,0.00356105
699,768,33,0.004380462,0.000837847,0.003542615
699,768,34,0.004623818,0.001018586,0.003605232
699,768,35,0.004636687,0.000908079,0.003728608
699,768,36,0.004325077,0.000748079,0.003576998
699,768,37,0.004196605,0.000705347,0.003491258
699,768,38,0.004508661,0.001006227,0.003502434
699,768,39,0.004606993,0.001068403,0.00353859
699,768,40,0.004389226,0.000894563,0.003494663
699,768,41,0.004476046,0.000975748,0.003500298
699,768,42,0.004411873,0.000890305,0.003521568
699,768,43,0.004671571,0.001153454,0.003518117
699,768,44,0.004566399,0.001076695,0.003489704
699,768,45,0.004550073,0.000979269,0.003570804
699,768,46,0.004526656,0.000987412,0.003539244
699,768,47,0.004557762,0.001011081,0.003546681
699,768,48,0.0045869,0.001095748,0.003491152
699,768,49,0.004635667,0.001044309,0.003591358
699,768,50,0.004501088,0.000954211,0.003546877
699,768,51,0.004821728,0.00128316,0.003538568
699,768,52,0.004638894,0.001096119,0.003542775
699,768,53,0.004951928,0.001387375,0.003564553
699,768,54,0.004624403,0.001100548,0.003523855
699,768,55,0.004737702,0.001120529,0.003617173
699,768,56,0.004665882,0.001120835,0.003545047
699,768,57,0.004720236,0.001153271,0.003566965
699,768,58,0.004656605,0.0011628,0.003493805
699,768,59,0.00464872,0.001078535,0.003570185
699,768,60,0.004663885,0.001110531,0.003553354
699,768,61,0.004659418,0.001091379,0.003568039
699,768,62,0.004657221,0.001064284,0.003592937
699,768,63,0.004631598,0.001056372,0.003575226
699,768,64,0.004575358,0.001081069,0.003494289
699,768,65,0.004747397,0.001164052,0.003583345
699,768,66,0.004651773,0.001109915,0.003541858
699,768,67,0.004662408,0.001097002,0.003565406
699,768,68,0.004768659,0.001203732,0.003564927
699,768,69,0.004690534,0.001105606,0.003584928
699,768,70,0.004632138,0.001074233,0.003557905
699,768,71,0.004846222,0.001195752,0.00365047
699,768,72,0.00448224,0.000828686,0.003653554
699,768,73,0.004603728,0.000957841,0.003645887
699,768,74,0.004620673,0.000957326,0.003663347
699,768,75,0.004594857,0.000882137,0.00371272
699,768,76,0.004649105,0.00091375,0.003735355
699,768,77,0.004530493,0.000824258,0.003706235
699,768,78,0.004368158,0.00076628,0.003601878
699,768,79,0.005546155,0.001898064,0.003648091
699,768,80,0.005406391,0.001929645,0.003476746
699,768,81,0.005295396,0.001835502,0.003459894
699,768,82,0.005769067,0.002385372,0.003383695
699,768,83,0.004922322,0.001391634,0.003530688
699,768,84,0.004624641,0.001068915,0.003555726
699,768,85,0.004482147,0.001001247,0.0034809
699,768,86,0.004324019,0.00085068,0.003473339
699,768,87,0.005123403,0.001620568,0.003502835
699,768,88,0.005809207,0.002458622,0.003350585
699,768,89,0.005095525,0.001490778,0.003604747
699,768,90,0.00443323,0.000810763,0.003622467
699,768,91,0.004139405,0.000523355,0.00361605
699,768,92,0.00431553,0.00061811,0.00369742
699,768,93,0.004891145,0.001296439,0.003594706
699,768,94,0.005656027,0.002281862,0.003374165
699,768,95,0.005923466,0.00245376,0.003469706
699,768,96,0.005020851,0.001574165,0.003446686
699,768,97,0.004804051,0.001476018,0.003328033
699,768,98,0.004473585,0.001048116,0.003425469
699,768,99,0.005618382,0.00216023,0.003458152
699,768,100,0.006959282,0.003507283,0.003451999
699,768,101,0.004739167,0.001344119,0.003395048
699,768,102,0.005597152,0.002391629,0.003205523
699,768,103,0.005449648,0.002144082,0.003305566
699,768,104,0.00460431,0.001049022,0.003555288
699,768,105,0.004900954,0.001412568,0.003488386
699,768,106,0.004450305,0.000864575,0.00358573
699,768,107,0.004266479,0.00088122,0.003385259
699,768,108,0.003777822,0.000619777,0.003158045
699,768,109,0.008616829,0.00558581,0.003031019
699,768,110,0.00398781,0.000872561,0.003115249
700,768,1,0.762422755,0.639591775,0.12283098
700,768,2,0.025235983,0.022196112,0.003039871
700,768,3,0.003762849,0.000601896,0.003160953
700,768,4,0.003484501,0.000362099,0.003122402
700,768,5,0.003598421,0.000438271,0.00316015
700,768,6,0.038655012,0.035585959,0.003069053
700,768,7,0.004310727,0.001080546,0.003230181
700,768,8,0.005778111,0.00272296,0.003055151
700,768,9,0.004827716,0.001665113,0.003162603
700,768,10,0.004027964,0.000862722,0.003165242
700,768,11,0.004096373,0.000875913,0.00322046
700,768,12,0.004403566,0.001079634,0.003323932
700,768,13,0.004252741,0.000809219,0.003443522
700,768,14,0.003990036,0.00057385,0.003416186
700,768,15,0.004072469,0.000714299,0.00335817
700,768,16,0.003988466,0.00072301,0.003265456
700,768,17,0.003896838,0.000685496,0.003211342
700,768,18,0.030939636,0.027837747,0.003101889
700,768,19,0.00520622,0.001918245,0.003287975
700,768,20,0.005931686,0.002444267,0.003487419
700,768,21,0.005466262,0.001812198,0.003654064
700,768,22,0.004913049,0.001179524,0.003733525
700,768,23,0.004758313,0.000864174,0.003894139
700,768,24,0.00464633,0.000767664,0.003878666
700,768,25,0.005204526,0.001367034,0.003837492
700,768,26,0.004485638,0.000813439,0.003672199
700,768,27,0.004283548,0.000582165,0.003701383
700,768,28,0.004408796,0.000777664,0.003631132
700,768,29,0.004418787,0.000705616,0.003713171
700,768,30,0.004526275,0.000908025,0.00361825
700,768,31,0.004539369,0.000910942,0.003628427
700,768,32,0.004634516,0.00105305,0.003581466
700,768,33,0.00450788,0.000859281,0.003648599
700,768,34,0.004537988,0.000991484,0.003546504
700,768,35,0.004421357,0.000849186,0.003572171
700,768,36,0.004513942,0.00094293,0.003571012
700,768,37,0.004371956,0.000797665,0.003574291
700,768,38,0.004400061,0.000874284,0.003525777
700,768,39,0.004407503,0.000938424,0.003469079
700,768,40,0.004537854,0.000967058,0.003570796
700,768,41,0.004219826,0.000774179,0.003445647
700,768,42,0.004385653,0.000919611,0.003466042
700,768,43,0.004437164,0.000960936,0.003476228
700,768,44,0.004554564,0.001096122,0.003458442
700,768,45,0.004515657,0.001066175,0.003449482
700,768,46,0.004743122,0.001289294,0.003453828
700,768,47,0.004569315,0.001106296,0.003463019
700,768,48,0.004647096,0.001173225,0.003473871
700,768,49,0.004785734,0.00122831,0.003557424
700,768,50,0.004504405,0.000924912,0.003579493
700,768,51,0.004557775,0.000988619,0.003569156
700,768,52,0.004967555,0.001360261,0.003607294
700,768,53,0.004631475,0.001007134,0.003624341
700,768,54,0.004573525,0.001017682,0.003555843
700,768,55,0.004729373,0.001127338,0.003602035
700,768,56,0.004593297,0.001031646,0.003561651
700,768,57,0.004651373,0.001115845,0.003535528
700,768,58,0.004712404,0.001123709,0.003588695
700,768,59,0.004681755,0.001119254,0.003562501
700,768,60,0.004568373,0.001010776,0.003557597
700,768,61,0.004708093,0.001130851,0.003577242
700,768,62,0.004730095,0.001090022,0.003640073
700,768,63,0.004575264,0.001010624,0.00356464
700,768,64,0.004629796,0.001079371,0.003550425
700,768,65,0.004688194,0.001082501,0.003605693
700,768,66,0.004568349,0.000998348,0.003570001
700,768,67,0.004746752,0.001091198,0.003655554
700,768,68,0.004630346,0.001014562,0.003615784
700,768,69,0.004588403,0.000963658,0.003624745
700,768,70,0.00478929,0.0011644,0.00362489
700,768,71,0.004592199,0.000971309,0.00362089
700,768,72,0.004734195,0.001114301,0.003619894
700,768,73,0.00455833,0.000897799,0.003660531
700,768,74,0.004620511,0.000972556,0.003647955
700,768,75,0.004702335,0.000925507,0.003776828
700,768,76,0.004556082,0.000802613,0.003753469
700,768,77,0.004500731,0.000877843,0.003622888
700,768,78,0.006057641,0.002513953,0.003543688
700,768,79,0.005919423,0.002265576,0.003653847
700,768,80,0.004919646,0.001363741,0.003555905
700,768,81,0.005846921,0.002402245,0.003444676
700,768,82,0.004693509,0.001296887,0.003396622
700,768,83,0.004734247,0.001172988,0.003561259
700,768,84,0.00446853,0.001087819,0.003380711
700,768,85,0.004555376,0.001089156,0.00346622
700,768,86,0.004905876,0.001510327,0.003395549
700,768,87,0.005707011,0.002312666,0.003394345
700,768,88,0.00533435,0.001910608,0.003423742
700,768,89,0.004582119,0.001091305,0.003490814
700,768,90,0.004394586,0.000793564,0.003601022
700,768,91,0.004228207,0.000659575,0.003568632
700,768,92,0.004127319,0.000543359,0.00358396
700,768,93,0.004627787,0.001086865,0.003540922
700,768,94,0.007153201,0.003760551,0.00339265
700,768,95,0.005102211,0.001467525,0.003634686
700,768,96,0.004702307,0.001213595,0.003488712
700,768,97,0.004559952,0.001246521,0.003313431
700,768,98,0.005832207,0.002468538,0.003363669
700,768,99,0.005371418,0.001815291,0.003556127
700,768,100,0.004187702,0.00060364,0.003584062
700,768,101,0.005483282,0.002067598,0.003415684
700,768,102,0.006743064,0.003541671,0.003201393
700,768,103,0.00493014,0.001617971,0.003312169
700,768,104,0.004781908,0.0012934,0.003488508
700,768,105,0.004854462,0.001446608,0.003407854
700,768,106,0.004452495,0.001024568,0.003427927
700,768,107,0.004415956,0.00107866,0.003337296
700,768,108,0.005295526,0.002250041,0.003045485
700,768,109,0.006364541,0.003347557,0.003016984
700,768,110,0.004468697,0.00133682,0.003131877
701,768,1,0.784451727,0.656432177,0.12801955
701,768,2,0.003634847,0.000485676,0.003149171
701,768,3,0.003583397,0.000394074,0.003189323
701,768,4,0.003543098,0.000399587,0.003143511
701,768,5,0.038675021,0.035588742,0.003086279
701,768,6,0.004095154,0.000903726,0.003191428
701,768,7,0.003734216,0.00050079,0.003233426
701,768,8,0.003757094,0.000528984,0.00322811
701,768,9,0.005357744,0.00223317,0.003124574
701,768,10,0.004885149,0.0016313,0.003253849
701,768,11,0.004224776,0.000886375,0.003338401
701,768,12,0.004151901,0.000834906,0.003316995
701,768,13,0.004221094,0.000807062,0.003414032
701,768,14,0.004284634,0.000812579,0.003472055
701,768,15,0.004132925,0.000718475,0.00341445
701,768,16,0.003975766,0.0005971,0.003378666
701,768,17,0.003983866,0.000699184,0.003284682
701,768,18,0.003822673,0.000510189,0.003312484
701,768,19,0.031850281,0.028520253,0.003330028
701,768,20,0.006044772,0.002497754,0.003547018
701,768,21,0.005702505,0.001891151,0.003811354
701,768,22,0.004914491,0.001057541,0.00385695
701,768,23,0.004932396,0.000962206,0.00397019
701,768,24,0.004574648,0.000690693,0.003883955
701,768,25,0.005021872,0.001031393,0.003990479
701,768,26,0.004584485,0.000776379,0.003808106
701,768,27,0.004371746,0.000597119,0.003774627
701,768,28,0.004427758,0.000682404,0.003745354
701,768,29,0.004391981,0.000743913,0.003648068
701,768,30,0.00444149,0.000748189,0.003693301
701,768,31,0.004527413,0.000963023,0.00356439
701,768,32,0.004809742,0.001155709,0.003654033
701,768,33,0.004570921,0.000917295,0.003653626
701,768,34,0.004427009,0.000840646,0.003586363
701,768,35,0.0045635,0.000945335,0.003618165
701,768,36,0.004461306,0.00089123,0.003570076
701,768,37,0.004534432,0.000933106,0.003601326
701,768,38,0.00455111,0.000932385,0.003618725
701,768,39,0.004557457,0.000944733,0.003612724
701,768,40,0.004273523,0.000736487,0.003537036
701,768,41,0.004288029,0.000750817,0.003537212
701,768,42,0.004471949,0.000836254,0.003635695
701,768,43,0.004411988,0.000893824,0.003518164
701,768,44,0.004487992,0.000918092,0.0035699
701,768,45,0.004573665,0.001001169,0.003572496
701,768,46,0.00459282,0.000951464,0.003641356
701,768,47,0.00450081,0.000911432,0.003589378
701,768,48,0.00450032,0.00088725,0.00361307
701,768,49,0.004662623,0.001019711,0.003642912
701,768,50,0.004458228,0.000826373,0.003631855
701,768,51,0.004571187,0.000915695,0.003655492
701,768,52,0.00462444,0.001022648,0.003601792
701,768,53,0.004812068,0.001145628,0.00366644
701,768,54,0.00455314,0.000865117,0.003688023
701,768,55,0.004624807,0.000997607,0.0036272
701,768,56,0.004708471,0.001002103,0.003706368
701,768,57,0.004622397,0.000873912,0.003748485
701,768,58,0.004657055,0.000998867,0.003658188
701,768,59,0.004617035,0.000880961,0.003736074
701,768,60,0.004760901,0.001011936,0.003748965
701,768,61,0.004464319,0.000776107,0.003688212
701,768,62,0.004754854,0.00098099,0.003773864
701,768,63,0.004647611,0.000902505,0.003745106
701,768,64,0.004642081,0.000968108,0.003673973
701,768,65,0.004614797,0.000896944,0.003717853
701,768,66,0.004668496,0.000921388,0.003747108
701,768,67,0.004549352,0.000883462,0.00366589
701,768,68,0.004707837,0.000970025,0.003737812
701,768,69,0.00464201,0.00091516,0.00372685
701,768,70,0.004557412,0.000877792,0.00367962
701,768,71,0.004750152,0.000945207,0.003804945
701,768,72,0.004529473,0.000787785,0.003741688
701,768,73,0.004782351,0.001110366,0.003671985
701,768,74,0.004501098,0.000701291,0.003799807
701,768,75,0.00479487,0.000952717,0.003842153
701,768,76,0.005466231,0.001645807,0.003820424
701,768,77,0.006162672,0.002578775,0.003583897
701,768,78,0.005019185,0.001381091,0.003638094
701,768,79,0.005161562,0.001453441,0.003708121
701,768,80,0.004632386,0.001053884,0.003578502
701,768,81,0.004953545,0.001437845,0.0035157
701,768,82,0.005273271,0.001726244,0.003547027
701,768,83,0.004668454,0.001147551,0.003520903
701,768,84,0.004508939,0.00088383,0.003625109
701,768,85,0.005940247,0.002268967,0.00367128
701,768,86,0.005659825,0.00201885,0.003640975
701,768,87,0.00486099,0.001272682,0.003588308
701,768,88,0.004717084,0.001089885,0.003627199
701,768,89,0.004340778,0.000806709,0.003534069
701,768,90,0.004664645,0.000875495,0.00378915
701,768,91,0.004024039,0.000421623,0.003602416
701,768,92,0.004124127,0.000547968,0.003576159
701,768,93,0.007482832,0.004045838,0.003436994
701,768,94,0.004998066,0.001338628,0.003659438
701,768,95,0.004446276,0.000763431,0.003682845
701,768,96,0.004617157,0.000918384,0.003698773
701,768,97,0.006052325,0.002758415,0.00329391
701,768,98,0.004578839,0.001076296,0.003502543
701,768,99,0.005053961,0.001435264,0.003618697
701,768,100,0.004389189,0.00064293,0.003746259
701,768,101,0.004036404,0.000401714,0.00363469
701,768,102,0.004832492,0.001305783,0.003526709
701,768,103,0.007464634,0.004130966,0.003333668
701,768,104,0.004954306,0.001447538,0.003506768
701,768,105,0.004953131,0.001451142,0.003501989
701,768,106,0.004497447,0.00086751,0.003629937
701,768,107,0.004442214,0.001021034,0.00342118
701,768,108,0.008304892,0.005153311,0.003151581
701,768,109,0.004548508,0.001491984,0.003056524
701,768,110,0.00387879,0.000733382,0.003145408
702,768,1,0.761294509,0.637535374,0.123759135
702,768,2,0.026411612,0.023335782,0.00307583
702,768,3,0.003801067,0.000607914,0.003193153
702,768,4,0.039207865,0.036152411,0.003055454
702,768,5,0.003922507,0.000748281,0.003174226
702,768,6,0.003482643,0.000322339,0.003160304
702,768,7,0.00376268,0.000536382,0.003226298
702,768,8,0.003658942,0.00045762,0.003201322
702,768,9,0.00399337,0.000785394,0.003207976
702,768,10,0.004888423,0.001777668,0.003110755
702,768,11,0.004806582,0.001662553,0.003144029
702,768,12,0.004565526,0.00124509,0.003320436
702,768,13,0.004179509,0.000782243,0.003397266
702,768,14,0.004082674,0.000697755,0.003384919
702,768,15,0.004293907,0.000972928,0.003320979
702,768,16,0.004138256,0.000765157,0.003373099
702,768,17,0.003795508,0.000552029,0.003243479
702,768,18,0.003920957,0.000720734,0.003200223
702,768,19,0.003894015,0.000699419,0.003194596
702,768,20,0.033169871,0.029703249,0.003466622
702,768,21,0.006297224,0.00261198,0.003685244
702,768,22,0.00530012,0.001482322,0.003817798
702,768,23,0.004709007,0.000758449,0.003950558
702,768,24,0.004977328,0.001101177,0.003876151
702,768,25,0.00504324,0.001116526,0.003926714
702,768,26,0.004717895,0.00099744,0.003720455
702,768,27,0.004281218,0.000560031,0.003721187
702,768,28,0.004435498,0.000740671,0.003694827
702,768,29,0.004414378,0.000772055,0.003642323
702,768,30,0.004568955,0.001000727,0.003568228
702,768,31,0.004696711,0.001007672,0.003689039
702,768,32,0.004580472,0.001009481,0.003570991
702,768,33,0.00468536,0.001044259,0.003641101
702,768,34,0.004554585,0.00098844,0.003566145
702,768,35,0.004533071,0.001073161,0.00345991
702,768,36,0.00453028,0.000977672,0.003552608
702,768,37,0.004509037,0.000998111,0.003510926
702,768,38,0.004369128,0.00083687,0.003532258
702,768,39,0.004402206,0.000905813,0.003496393
702,768,40,0.004580465,0.00104286,0.003537605
702,768,41,0.004371111,0.000864496,0.003506615
702,768,42,0.004417379,0.000907653,0.003509726
702,768,43,0.004400878,0.000930906,0.003469972
702,768,44,0.004555861,0.00110116,0.003454701
702,768,45,0.004513569,0.00101124,0.003502329
702,768,46,0.004566565,0.00107675,0.003489815
702,768,47,0.004454776,0.000947371,0.003507405
702,768,48,0.004493483,0.001006391,0.003487092
702,768,49,0.004606795,0.001004286,0.003602509
702,768,50,0.004456448,0.000887064,0.003569384
702,768,51,0.004598003,0.001010702,0.003587301
702,768,52,0.004608129,0.001015641,0.003592488
702,768,53,0.004542694,0.000964251,0.003578443
702,768,54,0.004615676,0.00103035,0.003585326
702,768,55,0.004640043,0.001033125,0.003606918
702,768,56,0.004608417,0.000992801,0.003615616
702,768,57,0.004664947,0.001035107,0.00362984
702,768,58,0.004546305,0.000970973,0.003575332
702,768,59,0.004696468,0.001078669,0.003617799
702,768,60,0.004694657,0.001090344,0.003604313
702,768,61,0.004661994,0.001078535,0.003583459
702,768,62,0.004623642,0.001021578,0.003602064
702,768,63,0.004736804,0.001096046,0.003640758
702,768,64,0.004635949,0.001035279,0.00360067
702,768,65,0.004746918,0.001108272,0.003638646
702,768,66,0.004649478,0.001002363,0.003647115
702,768,67,0.004749092,0.001023932,0.00372516
702,768,68,0.004559992,0.000884539,0.003675453
702,768,69,0.004739815,0.001036996,0.003702819
702,768,70,0.004544814,0.000903207,0.003641607
702,768,71,0.004686742,0.000980617,0.003706125
702,768,72,0.004673389,0.000899707,0.003773682
702,768,73,0.004592624,0.000888065,0.003704559
702,768,74,0.004645688,0.000882985,0.003762703
702,768,75,0.004894686,0.001145164,0.003749522
702,768,76,0.004503965,0.000822086,0.003681879
702,768,77,0.004702111,0.001039156,0.003662955
702,768,78,0.006096506,0.002521947,0.003574559
702,768,79,0.005644623,0.001997834,0.003646789
702,768,80,0.005366002,0.001731045,0.003634957
702,768,81,0.004485342,0.000910344,0.003574998
702,768,82,0.004485109,0.000961787,0.003523322
702,768,83,0.005022814,0.001517038,0.003505776
702,768,84,0.006483588,0.003090871,0.003392717
702,768,85,0.005987923,0.002429388,0.003558535
702,768,86,0.00512296,0.001537117,0.003585843
702,768,87,0.004257149,0.000697116,0.003560033
702,768,88,0.004653842,0.001193354,0.003460488
702,768,89,0.004410988,0.000897089,0.003513899
702,768,90,0.00457276,0.000818754,0.003754006
702,768,91,0.004009622,0.000421747,0.003587875
702,768,92,0.007776092,0.004291937,0.003484155
702,768,93,0.004383312,0.000978588,0.003404724
702,768,94,0.004705754,0.001233264,0.00347249
702,768,95,0.004471369,0.00085619,0.003615179
702,768,96,0.004589972,0.001052561,0.003537411
702,768,97,0.004564905,0.001144867,0.003420038
702,768,98,0.005603844,0.002172323,0.003431521
702,768,99,0.005370378,0.001768713,0.003601665
702,768,100,0.004201662,0.000533495,0.003668167
702,768,101,0.004008148,0.000471388,0.00353676
702,768,102,0.003979428,0.000487006,0.003492422
702,768,103,0.006554291,0.003312699,0.003241592
702,768,104,0.006063145,0.002560838,0.003502307
702,768,105,0.005447683,0.001907799,0.003539884
702,768,106,0.004396289,0.000893721,0.003502568
702,768,107,0.009439477,0.006342636,0.003096841
702,768,108,0.004673624,0.001600926,0.003072698
702,768,109,0.004063431,0.000913417,0.003150014
702,768,110,0.003521199,0.000393719,0.00312748
703,768,1,0.627813096,0.50093009,0.126883006
703,768,2,0.136721224,0.133640172,0.003081052
703,768,3,0.026358036,0.023304759,0.003053277
703,768,4,0.003865281,0.000730011,0.00313527
703,768,5,0.039085336,0.036057102,0.003028234
703,768,6,0.003970248,0.000908516,0.003061732
703,768,7,0.003736282,0.000521615,0.003214667
703,768,8,0.003657865,0.000524543,0.003133322
703,768,9,0.003932907,0.00077755,0.003155357
703,768,10,0.003990363,0.000814639,0.003175724
703,768,11,0.00504344,0.001906171,0.003137269
703,768,12,0.004795669,0.001570869,0.0032248
703,768,13,0.004554838,0.00121712,0.003337718
703,768,14,0.004055503,0.000692576,0.003362927
703,768,15,0.004195456,0.000844264,0.003351192
703,768,16,0.004180785,0.000862918,0.003317867
703,768,17,0.004013123,0.00080009,0.003213033
703,768,18,0.003761252,0.000555633,0.003205619
703,768,19,0.004003113,0.000807136,0.003195977
703,768,20,0.003922246,0.000699533,0.003222713
703,768,21,0.034190835,0.03069877,0.003492065
703,768,22,0.00551362,0.001979754,0.003533866
703,768,23,0.005501623,0.001711006,0.003790617
703,768,24,0.004825887,0.001005108,0.003820779
703,768,25,0.005766654,0.001710907,0.004055747
703,768,26,0.004190134,0.000467757,0.003722377
703,768,27,0.004662472,0.000839086,0.003823386
703,768,28,0.004175978,0.000541703,0.003634275
703,768,29,0.004695638,0.000857025,0.003838613
703,768,30,0.004341016,0.000711393,0.003629623
703,768,31,0.004859578,0.001192662,0.003666916
703,768,32,0.004628761,0.000995491,0.00363327
703,768,33,0.00445478,0.000838397,0.003616383
703,768,34,0.004670713,0.001027471,0.003643242
703,768,35,0.004585902,0.000862035,0.003723867
703,768,36,0.00458163,0.00092511,0.00365652
703,768,37,0.004303504,0.000664282,0.003639222
703,768,38,0.004571147,0.001037639,0.003533508
703,768,39,0.004432234,0.000826829,0.003605405
703,768,40,0.004350224,0.000850409,0.003499815
703,768,41,0.004473967,0.000894768,0.003579199
703,768,42,0.004319691,0.00077157,0.003548121
703,768,43,0.004444309,0.00091735,0.003526959
703,768,44,0.004512482,0.00101915,0.003493332
703,768,45,0.004521092,0.001003681,0.003517411
703,768,46,0.004605518,0.00108241,0.003523108
703,768,47,0.004587222,0.000986759,0.003600463
703,768,48,0.004376166,0.00085471,0.003521456
703,768,49,0.004731001,0.001108532,0.003622469
703,768,50,0.004379408,0.000851758,0.00352765
703,768,51,0.00462967,0.001005263,0.003624407
703,768,52,0.004526802,0.000916046,0.003610756
703,768,53,0.00464025,0.000922899,0.003717351
703,768,54,0.00445264,0.000858622,0.003594018
703,768,55,0.004720386,0.001057409,0.003662977
703,768,56,0.004545573,0.000905721,0.003639852
703,768,57,0.004721214,0.001090743,0.003630471
703,768,58,0.004679276,0.001025587,0.003653689
703,768,59,0.004608072,0.000948356,0.003659716
703,768,60,0.004525009,0.000928918,0.003596091
703,768,61,0.004757998,0.001108899,0.003649099
703,768,62,0.004663095,0.001035923,0.003627172
703,768,63,0.004566418,0.000994669,0.003571749
703,768,64,0.004652836,0.001086779,0.003566057
703,768,65,0.004780036,0.001116656,0.00366338
703,768,66,0.004646761,0.001064845,0.003581916
703,768,67,0.004604876,0.00100559,0.003599286
703,768,68,0.004761957,0.00106281,0.003699147
703,768,69,0.00445182,0.000826954,0.003624866
703,768,70,0.004766386,0.001124247,0.003642139
703,768,71,0.004562445,0.000895134,0.003667311
703,768,72,0.004661846,0.000942955,0.003718891
703,768,73,0.004723262,0.000914742,0.00380852
703,768,74,0.005203554,0.001569566,0.003633988
703,768,75,0.005228628,0.001407833,0.003820795
703,768,76,0.004349965,0.000477019,0.003872946
703,768,77,0.00417436,0.000436134,0.003738226
703,768,78,0.004240272,0.00055942,0.003680852
703,768,79,0.005902097,0.002424289,0.003477808
703,768,80,0.005595897,0.002126376,0.003469521
703,768,81,0.005365197,0.001932033,0.003433164
703,768,82,0.004513836,0.000963221,0.003550615
703,768,83,0.004396802,0.000932459,0.003464343
703,768,84,0.005112172,0.001687689,0.003424483
703,768,85,0.007181422,0.003699029,0.003482393
703,768,86,0.005608467,0.002188557,0.00341991
703,768,87,0.004803626,0.001372599,0.003431027
703,768,88,0.004879093,0.0013631,0.003515993
703,768,89,0.004169168,0.000691367,0.003477801
703,768,90,0.004659823,0.001065194,0.003594629
703,768,91,0.007795295,0.004175626,0.003619669
703,768,92,0.004992729,0.001565291,0.003427438
703,768,93,0.004125641,0.000701304,0.003424337
703,768,94,0.004508133,0.00106229,0.003445843
703,768,95,0.004373813,0.000770384,0.003603429
703,768,96,0.004520869,0.00099972,0.003521149
703,768,97,0.004529026,0.001107188,0.003421838
703,768,98,0.004266252,0.00082615,0.003440102
703,768,99,0.00521212,0.001766149,0.003445971
703,768,100,0.005314738,0.00181061,0.003504128
703,768,101,0.004068438,0.000581554,0.003486884
703,768,102,0.006886355,0.003621165,0.00326519
703,768,103,0.004571308,0.001311751,0.003259557
703,768,104,0.004329517,0.000915314,0.003414203
703,768,105,0.005848814,0.002309479,0.003539335
703,768,106,0.005007265,0.001462148,0.003545117
703,768,107,0.004123497,0.000717631,0.003405866
703,768,108,0.009079601,0.006017213,0.003062388
703,768,109,0.004548704,0.001528501,0.003020203
703,768,110,0.003866861,0.000767731,0.00309913
704,768,1,0.630685881,0.505564554,0.125121327
704,768,2,0.133344599,0.130207128,0.003137471
704,768,3,0.003764978,0.000548414,0.003216564
704,768,4,0.006766413,0.003620691,0.003145722
704,768,5,0.003754337,0.00058472,0.003169617
704,768,6,0.006065697,0.002989863,0.003075834
704,768,7,0.05693158,0.053784568,0.003147012
704,768,8,0.00410861,0.000999935,0.003108675
704,768,9,0.004272911,0.001037664,0.003235247
704,768,10,0.004024468,0.000776503,0.003247965
704,768,11,0.004241998,0.000942601,0.003299397
704,768,12,0.004098482,0.000810643,0.003287839
704,768,13,0.004113573,0.000799829,0.003313744
704,768,14,0.004416457,0.001009652,0.003406805
704,768,15,0.00402072,0.000564859,0.003455861
704,768,16,0.004180043,0.000732649,0.003447394
704,768,17,0.003949299,0.000572522,0.003376777
704,768,18,0.003821592,0.000519484,0.003302108
704,768,19,0.004094561,0.000807329,0.003287232
704,768,20,0.003987203,0.000701465,0.003285738
704,768,21,0.003862679,0.000624408,0.003238271
704,768,22,0.004012935,0.000794722,0.003218213
704,768,23,0.004061763,0.000865395,0.003196368
704,768,24,0.013247814,0.009971406,0.003276408
704,768,25,0.005238594,0.001770644,0.00346795
704,768,26,0.004952839,0.001449263,0.003503576
704,768,27,0.00511876,0.001602531,0.003516229
704,768,28,0.005124523,0.001468038,0.003656485
704,768,29,0.004834599,0.001177259,0.00365734
704,768,30,0.005171968,0.00149676,0.003675208
704,768,31,0.004734678,0.001026917,0.003707761
704,768,32,0.004693219,0.000972698,0.003720521
704,768,33,0.004335053,0.000679024,0.003656029
704,768,34,0.004522923,0.000876179,0.003646744
704,768,35,0.004362716,0.000797052,0.003565664
704,768,36,0.004749652,0.001192588,0.003557064
704,768,37,0.004680156,0.001173178,0.003506978
704,768,38,0.004647581,0.001087522,0.003560059
704,768,39,0.00449429,0.000890087,0.003604203
704,768,40,0.004505591,0.000933106,0.003572485
704,768,41,0.004305161,0.000764665,0.003540496
704,768,42,0.004527764,0.000952041,0.003575723
704,768,43,0.004395166,0.000914678,0.003480488
704,768,44,0.00456589,0.00101808,0.00354781
704,768,45,0.005059714,0.001483382,0.003576332
704,768,46,0.005525228,0.002132686,0.003392542
704,768,47,0.005653934,0.002277801,0.003376133
704,768,48,0.005644503,0.002303871,0.003340632
704,768,49,0.005946296,0.002496391,0.003449905
704,768,50,0.006001313,0.002607808,0.003393505
704,768,51,0.00598972,0.00259195,0.00339777
704,768,52,0.005635196,0.002152768,0.003482428
704,768,53,0.005671906,0.00223381,0.003438096
704,768,54,0.00550253,0.002098036,0.003404494
704,768,55,0.005505886,0.002054659,0.003451227
704,768,56,0.005360516,0.001856577,0.003503939
704,768,57,0.005039784,0.001456816,0.003582968
704,768,58,0.004933535,0.00138305,0.003550485
704,768,59,0.004853614,0.001135976,0.003717638
704,768,60,0.004708032,0.001059525,0.003648507
704,768,61,0.004753063,0.001067394,0.003685669
704,768,62,0.004872993,0.0011465,0.003726493
704,768,63,0.004788464,0.001150387,0.003638077
704,768,64,0.004649456,0.001057244,0.003592212
704,768,65,0.005013681,0.001471652,0.003542029
704,768,66,0.004611422,0.000968337,0.003643085
704,768,67,0.005042848,0.001397633,0.003645215
704,768,68,0.004871359,0.001205101,0.003666258
704,768,69,0.004933256,0.001288659,0.003644597
704,768,70,0.004997277,0.001329986,0.003667291
704,768,71,0.004653127,0.001086437,0.00356669
704,768,72,0.00541238,0.001885928,0.003526452
704,768,73,0.004568555,0.000938088,0.003630467
704,768,74,0.004650534,0.001003371,0.003647163
704,768,75,0.004719308,0.00111867,0.003600638
704,768,76,0.00497951,0.001310231,0.003669279
704,768,77,0.004333031,0.000725439,0.003607592
704,768,78,0.004975426,0.001310457,0.003664969
704,768,79,0.004574525,0.000973353,0.003601172
704,768,80,0.004420513,0.000807484,0.003613029
704,768,81,0.004964961,0.00129732,0.003667641
704,768,82,0.00453739,0.000874432,0.003662958
704,768,83,0.004369867,0.000851134,0.003518733
704,768,84,0.004755073,0.001240313,0.00351476
704,768,85,0.0047877,0.001253933,0.003533767
704,768,86,0.004867534,0.00129891,0.003568624
704,768,87,0.004458339,0.000972626,0.003485713
704,768,88,0.004668848,0.001086515,0.003582333
704,768,89,0.004656583,0.00106007,0.003596513
704,768,90,0.004655817,0.001186734,0.003469083
704,768,91,0.005698309,0.002338068,0.003360241
704,768,92,0.005011365,0.001458381,0.003552984
704,768,93,0.004149651,0.000457477,0.003692174
704,768,94,0.004609764,0.001024941,0.003584823
704,768,95,0.0045131,0.001037587,0.003475513
704,768,96,0.004308024,0.000843568,0.003464456
704,768,97,0.004976145,0.001537578,0.003438567
704,768,98,0.004632226,0.000972184,0.003660042
704,768,99,0.003977814,0.000419324,0.00355849
704,768,100,0.004247723,0.000800937,0.003446786
704,768,101,0.005882538,0.002486209,0.003396329
704,768,102,0.005671716,0.00211712,0.003554596
704,768,103,0.007159344,0.003724151,0.003435193
704,768,104,0.004789612,0.00139996,0.003389652
704,768,105,0.00517764,0.001917807,0.003259833
704,768,106,0.004716919,0.001274789,0.00344213
704,768,107,0.004071651,0.000439228,0.003632423
704,768,108,0.004034818,0.000457103,0.003577715
704,768,109,0.004179927,0.000683433,0.003496494
704,768,110,0.004483158,0.001110709,0.003372449
705,768,1,0.760713237,0.637528037,0.1231852
705,768,2,0.003708489,0.000476701,0.003231788
705,768,3,0.006858274,0.003822918,0.003035356
705,768,4,0.003749979,0.000619012,0.003130967
705,768,5,0.006101859,0.003071588,0.003030271
705,768,6,0.056864607,0.05380842,0.003056187
705,768,7,0.004039381,0.000949068,0.003090313
705,768,8,0.003954735,0.000821247,0.003133488
705,768,9,0.004043556,0.000900277,0.003143279
705,768,10,0.004154485,0.000995384,0.003159101
705,768,11,0.004015758,0.000825207,0.003190551
705,768,12,0.004296699,0.001020078,0.003276621
705,768,13,0.004143265,0.000843912,0.003299353
705,768,14,0.004231818,0.000872205,0.003359613
705,768,15,0.004135092,0.000768064,0.003367028
705,768,16,0.004097473,0.00077975,0.003317723
705,768,17,0.003863642,0.00056813,0.003295512
705,768,18,0.003860599,0.0006413,0.003219299
705,768,19,0.003948859,0.000720118,0.003228741
705,768,20,0.00394572,0.000723373,0.003222347
705,768,21,0.003902629,0.000740181,0.003162448
705,768,22,0.003962067,0.00081642,0.003145647
705,768,23,0.01283028,0.009731796,0.003098484
705,768,24,0.005514083,0.002215764,0.003298319
705,768,25,0.005376141,0.001844714,0.003531427
705,768,26,0.005092727,0.00145086,0.003641867
705,768,27,0.004971062,0.001266841,0.003704221
705,768,28,0.004890979,0.001067221,0.003823758
705,768,29,0.005060145,0.001221893,0.003838252
705,768,30,0.004730098,0.00083696,0.003893138
705,768,31,0.004730198,0.000976277,0.003753921
705,768,32,0.004325293,0.00061335,0.003711943
705,768,33,0.004385937,0.000740201,0.003645736
705,768,34,0.004474701,0.000817685,0.003657016
705,768,35,0.004799819,0.001104595,0.003695224
705,768,36,0.004530963,0.000935299,0.003595664
705,768,37,0.004589098,0.000966899,0.003622199
705,768,38,0.004542767,0.000969417,0.00357335
705,768,39,0.004493506,0.000855423,0.003638083
705,768,40,0.004344119,0.000762925,0.003581194
705,768,41,0.004511457,0.00088489,0.003626567
705,768,42,0.004503347,0.000959195,0.003544152
705,768,43,0.00447392,0.000918523,0.003555397
705,768,44,0.005119702,0.001728416,0.003391286
705,768,45,0.00562251,0.002312699,0.003309811
705,768,46,0.005468982,0.002136092,0.00333289
705,768,47,0.005802387,0.002384351,0.003418036
705,768,48,0.005919046,0.002619003,0.003300043
705,768,49,0.006173886,0.002845652,0.003328234
705,768,50,0.005702318,0.002286225,0.003416093
705,768,51,0.0058202,0.002363413,0.003456787
705,768,52,0.005588431,0.002210033,0.003378398
705,768,53,0.005677524,0.002276362,0.003401162
705,768,54,0.005326077,0.001808335,0.003517742
705,768,55,0.005188744,0.001642808,0.003545936
705,768,56,0.004959304,0.001394895,0.003564409
705,768,57,0.004955875,0.001358569,0.003597306
705,768,58,0.004713196,0.001096461,0.003616735
705,768,59,0.00475422,0.001107536,0.003646684
705,768,60,0.004954595,0.001452719,0.003501876
705,768,61,0.00482758,0.001284217,0.003543363
705,768,62,0.005066337,0.001477135,0.003589202
705,768,63,0.004668423,0.001121532,0.003546891
705,768,64,0.004901,0.0014526,0.0034484
705,768,65,0.004704122,0.001140932,0.00356319
705,768,66,0.004957166,0.001502022,0.003455144
705,768,67,0.004859265,0.001324511,0.003534754
705,768,68,0.005016128,0.001537427,0.003478701
705,768,69,0.00480315,0.001295116,0.003508034
705,768,70,0.004969104,0.00139787,0.003571234
705,768,71,0.00504079,0.001563316,0.003477474
705,768,72,0.004824359,0.001218464,0.003605895
705,768,73,0.004615503,0.000966599,0.003648904
705,768,74,0.004703237,0.001027009,0.003676228
705,768,75,0.0048642,0.001199923,0.003664277
705,768,76,0.004459279,0.000835286,0.003623993
705,768,77,0.004850748,0.001206918,0.00364383
705,768,78,0.004641411,0.000959006,0.003682405
705,768,79,0.004515652,0.000907941,0.003607711
705,768,80,0.004679765,0.001101014,0.003578751
705,768,81,0.004781656,0.00104251,0.003739146
705,768,82,0.004498001,0.000882157,0.003615844
705,768,83,0.004483865,0.000960773,0.003523092
705,768,84,0.004524309,0.001056174,0.003468135
705,768,85,0.004677565,0.001211236,0.003466329
705,768,86,0.004575385,0.001044945,0.00353044
705,768,87,0.004561834,0.001121103,0.003440731
705,768,88,0.004573515,0.001048821,0.003524694
705,768,89,0.004472873,0.000923527,0.003549346
705,768,90,0.00446723,0.000990043,0.003477187
705,768,91,0.004390603,0.000947182,0.003443421
705,768,92,0.005869155,0.002484508,0.003384647
705,768,93,0.005758265,0.00220237,0.003555895
705,768,94,0.004589961,0.001021333,0.003568628
705,768,95,0.004266432,0.000740138,0.003526294
705,768,96,0.004073829,0.000622528,0.003451301
705,768,97,0.004400798,0.000931843,0.003468955
705,768,98,0.004895348,0.001309794,0.003585554
705,768,99,0.004096093,0.000562993,0.0035331
705,768,100,0.00622537,0.003029106,0.003196264
705,768,101,0.005607833,0.002319547,0.003288286
705,768,102,0.004628849,0.001146209,0.00348264
705,768,103,0.004487475,0.000899884,0.003587591
705,768,104,0.00839423,0.005023853,0.003370377
705,768,105,0.004303762,0.001126317,0.003177445
705,768,106,0.004114859,0.000769397,0.003345462
705,768,107,0.004045754,0.000447353,0.003598401
705,768,108,0.004219003,0.000649132,0.003569871
705,768,109,0.004665945,0.001106005,0.00355994
705,768,110,0.006473492,0.00328804,0.003185452
706,768,1,0.757930046,0.634688703,0.123241343
706,768,2,0.010239595,0.007151316,0.003088279
706,768,3,0.003646709,0.000511955,0.003134754
706,768,4,0.003534676,0.000411323,0.003123353
706,768,5,0.059395533,0.05634234,0.003053193
706,768,6,0.004026448,0.000960142,0.003066306
706,768,7,0.003713962,0.000500455,0.003213507
706,768,8,0.003775651,0.000647093,0.003128558
706,768,9,0.003973968,0.000828414,0.003145554
706,768,10,0.004078169,0.000900686,0.003177483
706,768,11,0.004030277,0.0008277,0.003202577
706,768,12,0.004222318,0.000922757,0.003299561
706,768,13,0.004151587,0.0008429,0.003308687
706,768,14,0.004149545,0.000792427,0.003357118
706,768,15,0.004160904,0.000788579,0.003372325
706,768,16,0.004003349,0.000677319,0.00332603
706,768,17,0.003872472,0.00058058,0.003291892
706,768,18,0.003809745,0.000564985,0.00324476
706,768,19,0.003899151,0.000658217,0.003240934
706,768,20,0.003907361,0.000679182,0.003228179
706,768,21,0.004051311,0.000876335,0.003174976
706,768,22,0.013131067,0.010099749,0.003031318
706,768,23,0.005314221,0.002233797,0.003080424
706,768,24,0.005357588,0.002130448,0.00322714
706,768,25,0.004930897,0.00138781,0.003543087
706,768,26,0.005044501,0.001217589,0.003826912
706,768,27,0.005000815,0.00117009,0.003830725
706,768,28,0.004982522,0.001025513,0.003957009
706,768,29,0.004602415,0.000707026,0.003895389
706,768,30,0.004865786,0.000873193,0.003992593
706,768,31,0.004427958,0.000694841,0.003733117
706,768,32,0.00441111,0.000642385,0.003768725
706,768,33,0.004515851,0.000829739,0.003686112
706,768,34,0.004508282,0.000828682,0.0036796
706,768,35,0.004485351,0.000862117,0.003623234
706,768,36,0.004553207,0.000860088,0.003693119
706,768,37,0.004616623,0.001041081,0.003575542
706,768,38,0.004567994,0.000975478,0.003592516
706,768,39,0.004622488,0.00096924,0.003653248
706,768,40,0.004445486,0.000781939,0.003663547
706,768,41,0.00443815,0.000883562,0.003554588
706,768,42,0.004547612,0.000969802,0.00357781
706,768,43,0.005281731,0.001871704,0.003410027
706,768,44,0.005676236,0.002341903,0.003334333
706,768,45,0.004995067,0.001677859,0.003317208
706,768,46,0.006146828,0.002687427,0.003459401
706,768,47,0.005820001,0.002493171,0.00332683
706,768,48,0.006133843,0.002821414,0.003312429
706,768,49,0.00577844,0.002366373,0.003412067
706,768,50,0.005543701,0.002205954,0.003337747
706,768,51,0.005812393,0.002439468,0.003372925
706,768,52,0.005363048,0.001941611,0.003421437
706,768,53,0.00539052,0.001905982,0.003484538
706,768,54,0.005287093,0.001726891,0.003560202
706,768,55,0.004859106,0.001294184,0.003564922
706,768,56,0.005166749,0.001543492,0.003623257
706,768,57,0.004590273,0.000950608,0.003639665
706,768,58,0.004977457,0.001356138,0.003621319
706,768,59,0.005010876,0.001482195,0.003528681
706,768,60,0.004815989,0.001293003,0.003522986
706,768,61,0.005004492,0.001526838,0.003477654
706,768,62,0.004691295,0.001170076,0.003521219
706,768,63,0.004911761,0.001450587,0.003461174
706,768,64,0.004677287,0.001194804,0.003482483
706,768,65,0.00488416,0.001498002,0.003386158
706,768,66,0.004958942,0.001440339,0.003518603
706,768,67,0.004886563,0.001437575,0.003448988
706,768,68,0.005079851,0.001471041,0.00360881
706,768,69,0.004803984,0.001195106,0.003608878
706,768,70,0.004957128,0.001410131,0.003546997
706,768,71,0.004946038,0.001257862,0.003688176
706,768,72,0.00457748,0.000937464,0.003640016
706,768,73,0.00473588,0.001019363,0.003716517
706,768,74,0.004714666,0.001021241,0.003693425
706,768,75,0.004613349,0.000917728,0.003695621
706,768,76,0.004817795,0.001128969,0.003688826
706,768,77,0.004638286,0.000845508,0.003792778
706,768,78,0.004420049,0.000826036,0.003594013
706,768,79,0.004616116,0.00100252,0.003613596
706,768,80,0.00466259,0.001097071,0.003565519
706,768,81,0.004613087,0.001031891,0.003581196
706,768,82,0.004756418,0.001171984,0.003584434
706,768,83,0.00459624,0.001000415,0.003595825
706,768,84,0.004377916,0.000857575,0.003520341
706,768,85,0.00457572,0.00103281,0.00354291
706,768,86,0.004500785,0.001074262,0.003426523
706,768,87,0.004613727,0.001227298,0.003386429
706,768,88,0.004439101,0.001003878,0.003435223
706,768,89,0.004479033,0.000980113,0.00349892
706,768,90,0.004479728,0.001063911,0.003415817
706,768,91,0.004390968,0.000927716,0.003463252
706,768,92,0.007567903,0.004006219,0.003561684
706,768,93,0.004543653,0.000921989,0.003621664
706,768,94,0.004307844,0.000661112,0.003646732
706,768,95,0.004128063,0.000625354,0.003502709
706,768,96,0.003922833,0.000560787,0.003362046
706,768,97,0.004535402,0.000988348,0.003547054
706,768,98,0.004840176,0.001261082,0.003579094
706,768,99,0.006578982,0.003206927,0.003372055
706,768,100,0.005300443,0.001996187,0.003304256
706,768,101,0.00453781,0.001221952,0.003315858
706,768,102,0.004457986,0.000946423,0.003511563
706,768,103,0.004038915,0.000454143,0.003584772
706,768,104,0.00682628,0.003505933,0.003320347
706,768,105,0.004926295,0.00166644,0.003259855
706,768,106,0.004703703,0.001295238,0.003408465
706,768,107,0.004597679,0.001119807,0.003477872
706,768,108,0.004440872,0.00090047,0.003540402
706,768,109,0.007178741,0.003874814,0.003303927
706,768,110,0.003904142,0.000710987,0.003193155
707,768,1,0.764894723,0.640417891,0.124476832
707,768,2,0.003655068,0.000484153,0.003170915
707,768,3,0.003528822,0.000405656,0.003123166
707,768,4,0.003551032,0.000390383,0.003160649
707,768,5,0.003495536,0.000391868,0.003103668
707,768,6,0.058879726,0.055820357,0.003059369
707,768,7,0.004061893,0.000975137,0.003086756
707,768,8,0.003867946,0.000728507,0.003139439
707,768,9,0.004054608,0.000913779,0.003140829
707,768,10,0.004081078,0.000907331,0.003173747
707,768,11,0.004207608,0.001007832,0.003199776
707,768,12,0.004090365,0.000832037,0.003258328
707,768,13,0.004256789,0.000964996,0.003291793
707,768,14,0.004161436,0.000783092,0.003378344
707,768,15,0.004154319,0.000782372,0.003371947
707,768,16,0.004079416,0.000776854,0.003302562
707,768,17,0.003798168,0.00049146,0.003306708
707,768,18,0.00378874,0.000559907,0.003228833
707,768,19,0.003967138,0.000746792,0.003220346
707,768,20,0.003980584,0.000761173,0.003219411
707,768,21,0.013514768,0.010493844,0.003020924
707,768,22,0.004956757,0.001925022,0.003031735
707,768,23,0.005298315,0.002202855,0.00309546
707,768,24,0.004912218,0.001761648,0.00315057
707,768,25,0.004695502,0.001304719,0.003390783
707,768,26,0.004929055,0.001174948,0.003754107
707,768,27,0.004967502,0.001239193,0.003728309
707,768,28,0.00459216,0.000688725,0.003903435
707,768,29,0.004618321,0.000774719,0.003843602
707,768,30,0.00492026,0.001043667,0.003876593
707,768,31,0.004379742,0.000693563,0.003686179
707,768,32,0.004678093,0.000931545,0.003746548
707,768,33,0.0045868,0.000991287,0.003595513
707,768,34,0.004458491,0.000820923,0.003637568
707,768,35,0.004433133,0.000902642,0.003530491
707,768,36,0.00452063,0.000949195,0.003571435
707,768,37,0.004648882,0.001129477,0.003519405
707,768,38,0.004654769,0.00114257,0.003512199
707,768,39,0.004552759,0.001038032,0.003514727
707,768,40,0.004442773,0.000877709,0.003565064
707,768,41,0.004535924,0.001046048,0.003489876
707,768,42,0.005585486,0.0022477,0.003337786
707,768,43,0.005290586,0.001951125,0.003339461
707,768,44,0.005442714,0.002073109,0.003369605
707,768,45,0.005893101,0.002539441,0.00335366
707,768,46,0.005832433,0.002512025,0.003320408
707,768,47,0.00610184,0.002788491,0.003313349
707,768,48,0.005876685,0.002488781,0.003387904
707,768,49,0.005497832,0.00219693,0.003300902
707,768,50,0.005501668,0.002178357,0.003323311
707,768,51,0.005581079,0.00219498,0.003386099
707,768,52,0.005247578,0.001834216,0.003413362
707,768,53,0.005113417,0.001600955,0.003512462
707,768,54,0.004965082,0.001343923,0.003621159
707,768,55,0.005014344,0.00151484,0.003499504
707,768,56,0.004957113,0.001340345,0.003616768
707,768,57,0.004915948,0.001407175,0.003508773
707,768,58,0.00502928,0.001502399,0.003526881
707,768,59,0.004808555,0.001412753,0.003395802
707,768,60,0.004901749,0.001503515,0.003398234
707,768,61,0.00495474,0.001456846,0.003497894
707,768,62,0.004664523,0.001175372,0.003489151
707,768,63,0.004715682,0.001276975,0.003438707
707,768,64,0.005164533,0.001746775,0.003417758
707,768,65,0.004807771,0.001275153,0.003532618
707,768,66,0.0049224,0.001342509,0.003579891
707,768,67,0.004956783,0.001329227,0.003627556
707,768,68,0.004842054,0.001214502,0.003627552
707,768,69,0.005116755,0.001495641,0.003621114
707,768,70,0.004676648,0.001049667,0.003626981
707,768,71,0.00461685,0.00101454,0.00360231
707,768,72,0.004808185,0.001069075,0.00373911
707,768,73,0.004818264,0.001130005,0.003688259
707,768,74,0.004423963,0.000695921,0.003728042
707,768,75,0.004837464,0.00113763,0.003699834
707,768,76,0.004572246,0.000784223,0.003788023
707,768,77,0.004628735,0.000922077,0.003706658
707,768,78,0.004652899,0.000902097,0.003750802
707,768,79,0.004590078,0.000957607,0.003632471
707,768,80,0.004570541,0.001049739,0.003520802
707,768,81,0.004774882,0.001236389,0.003538493
707,768,82,0.00461183,0.001050014,0.003561816
707,768,83,0.00440605,0.000934357,0.003471693
707,768,84,0.004487283,0.000974238,0.003513045
707,768,85,0.00422091,0.000718384,0.003502526
707,768,86,0.004621013,0.001136462,0.003484551
707,768,87,0.004375486,0.000921322,0.003454164
707,768,88,0.004661813,0.001208357,0.003453456
707,768,89,0.004604054,0.001167489,0.003436565
707,768,90,0.004537224,0.001123239,0.003413985
707,768,91,0.007242013,0.003819096,0.003422917
707,768,92,0.004949248,0.001386112,0.003563136
707,768,93,0.004395149,0.000899663,0.003495486
707,768,94,0.004182595,0.000603305,0.00357929
707,768,95,0.003896753,0.000455961,0.003440792
707,768,96,0.0042665,0.000898064,0.003368436
707,768,97,0.004651693,0.001322129,0.003329564
707,768,98,0.007201092,0.003830811,0.003370281
707,768,99,0.005126642,0.001817961,0.003308681
707,768,100,0.004487086,0.001074602,0.003412484
707,768,101,0.004286427,0.000884757,0.00340167
707,768,102,0.0042503,0.000731259,0.003519041
707,768,103,0.006825381,0.003490025,0.003335356
707,768,104,0.004503978,0.001106279,0.003397699
707,768,105,0.00495351,0.001805588,0.003147922
707,768,106,0.004771005,0.001552868,0.003218137
707,768,107,0.004480263,0.001049629,0.003430634
707,768,108,0.007451515,0.004057648,0.003393867
707,768,109,0.004023032,0.00057134,0.003451692
707,768,110,0.005883751,0.002821028,0.003062723
708,768,1,0.760121963,0.636661297,0.123460666
708,768,2,0.007968609,0.004888938,0.003079671
708,768,3,0.003742393,0.000609354,0.003133039
708,768,4,0.003572257,0.000383457,0.0031888
708,768,5,0.022428878,0.019391519,0.003037359
708,768,6,0.004001581,0.00087072,0.003130861
708,768,7,0.03958039,0.036479009,0.003101381
708,768,8,0.004350845,0.001203597,0.003147248
708,768,9,0.003958053,0.000795396,0.003162657
708,768,10,0.003985758,0.000805974,0.003179784
708,768,11,0.00420736,0.000989495,0.003217865
708,768,12,0.004163701,0.000921339,0.003242362
708,768,13,0.004198296,0.000926663,0.003271633
708,768,14,0.004222555,0.000852021,0.003370534
708,768,15,0.004109165,0.00071027,0.003398895
708,768,16,0.004021174,0.000681483,0.003339691
708,768,17,0.003990529,0.000677943,0.003312586
708,768,18,0.003896581,0.000662878,0.003233703
708,768,19,0.003968719,0.000737441,0.003231278
708,768,20,0.013812595,0.010769383,0.003043212
708,768,21,0.005024586,0.002003589,0.003020997
708,768,22,0.005114756,0.002049604,0.003065152
708,768,23,0.004966094,0.001754932,0.003211162
708,768,24,0.004794104,0.001539583,0.003254521
708,768,25,0.004468073,0.001083324,0.003384749
708,768,26,0.004618014,0.001108933,0.003509081
708,768,27,0.004581204,0.000918969,0.003662235
708,768,28,0.004717208,0.001079569,0.003637639
708,768,29,0.004777466,0.001143212,0.003634254
708,768,30,0.004810073,0.001041887,0.003768186
708,768,31,0.004728806,0.00107335,0.003655456
708,768,32,0.004782253,0.001104936,0.003677317
708,768,33,0.00424111,0.000644169,0.003596941
708,768,34,0.004502762,0.000990782,0.00351198
708,768,35,0.004441577,0.000953948,0.003487629
708,768,36,0.004610037,0.001102059,0.003507978
708,768,37,0.004521354,0.001067274,0.00345408
708,768,38,0.0046154,0.001094531,0.003520869
708,768,39,0.004497208,0.000990095,0.003507113
708,768,40,0.004474082,0.001009732,0.00346435
708,768,41,0.005893599,0.002543097,0.003350502
708,768,42,0.005625338,0.002157953,0.003467385
708,768,43,0.005225854,0.00182932,0.003396534
708,768,44,0.005816792,0.002495587,0.003321205
708,768,45,0.005951715,0.002608087,0.003343628
708,768,46,0.005946181,0.002528723,0.003417458
708,768,47,0.005708358,0.00239339,0.003314968
708,768,48,0.005770333,0.002449353,0.00332098
708,768,49,0.005444517,0.002040357,0.00340416
708,768,50,0.00551001,0.002094846,0.003415164
708,768,51,0.005427951,0.001864319,0.003563632
708,768,52,0.004900995,0.001400743,0.003500252
708,768,53,0.004732274,0.001231098,0.003501176
708,768,54,0.004855629,0.001499489,0.00335614
708,768,55,0.005045794,0.001538161,0.003507633
708,768,56,0.00509343,0.001704171,0.003389259
708,768,57,0.005054036,0.001653365,0.003400671
708,768,58,0.004997152,0.001594407,0.003402745
708,768,59,0.004859841,0.001372838,0.003487003
708,768,60,0.005014872,0.001440073,0.003574799
708,768,61,0.004592166,0.001079764,0.003512402
708,768,62,0.004804506,0.001262857,0.003541649
708,768,63,0.005105904,0.001575044,0.00353086
708,768,64,0.00464396,0.001030495,0.003613465
708,768,65,0.004995629,0.001402318,0.003593311
708,768,66,0.004901424,0.001302501,0.003598923
708,768,67,0.004845317,0.001214272,0.003631045
708,768,68,0.005067895,0.001466399,0.003601496
708,768,69,0.004941126,0.001292396,0.00364873
708,768,70,0.004437151,0.000878637,0.003558514
708,768,71,0.00468238,0.001017881,0.003664499
708,768,72,0.005023014,0.001393299,0.003629715
708,768,73,0.004364341,0.000706062,0.003658279
708,768,74,0.004766461,0.001133133,0.003633328
708,768,75,0.004550302,0.000830324,0.003719978
708,768,76,0.004711328,0.001022852,0.003688476
708,768,77,0.004625967,0.000843855,0.003782112
708,768,78,0.004602065,0.00096512,0.003636945
708,768,79,0.004608693,0.001046007,0.003562686
708,768,80,0.004727922,0.001263926,0.003463996
708,768,81,0.004705387,0.001172915,0.003532472
708,768,82,0.004476679,0.001041958,0.003434721
708,768,83,0.004511664,0.000982362,0.003529302
708,768,84,0.004135571,0.000677261,0.00345831
708,768,85,0.004311338,0.000833382,0.003477956
708,768,86,0.004644491,0.001132838,0.003511653
708,768,87,0.004547328,0.001096599,0.003450729
708,768,88,0.00478151,0.001399657,0.003381853
708,768,89,0.004478601,0.001037787,0.003440814
708,768,90,0.007500074,0.00406595,0.003434124
708,768,91,0.004671752,0.001294287,0.003377465
708,768,92,0.00474642,0.001104983,0.003641437
708,768,93,0.004086547,0.000517971,0.003568576
708,768,94,0.00404639,0.000554057,0.003492333
708,768,95,0.004182122,0.000659832,0.00352229
708,768,96,0.004609803,0.001243966,0.003365837
708,768,97,0.007302565,0.003786979,0.003515586
708,768,98,0.005262801,0.001763728,0.003499073
708,768,99,0.004115397,0.000759791,0.003355606
708,768,100,0.004321071,0.000885191,0.00343588
708,768,101,0.004178073,0.000795326,0.003382747
708,768,102,0.006712647,0.003209533,0.003503114
708,768,103,0.004497992,0.001103227,0.003394765
708,768,104,0.005538247,0.002231425,0.003306822
708,768,105,0.004674716,0.001485608,0.003189108
708,768,106,0.004320724,0.000948342,0.003372382
708,768,107,0.006691125,0.003214187,0.003476938
708,768,108,0.004857935,0.001489854,0.003368081
708,768,109,0.006192441,0.003009932,0.003182509
708,768,110,0.01005205,0.007026832,0.003025218
709,768,1,0.758212129,0.635049952,0.123162177
709,768,2,0.00519042,0.002081932,0.003108488
709,768,3,0.007969232,0.004863172,0.00310606
709,768,4,0.003774843,0.000615375,0.003159468
709,768,5,0.023105932,0.020032904,0.003073028
709,768,6,0.003856591,0.000714752,0.003141839
709,768,7,0.003849802,0.000717896,0.003131906
709,768,8,0.038834189,0.035743585,0.003090604
709,768,9,0.004445099,0.001349085,0.003096014
709,768,10,0.004248491,0.000999156,0.003249335
709,768,11,0.004091872,0.000801845,0.003290027
709,768,12,0.004121835,0.000823147,0.003298688
709,768,13,0.004159596,0.00084146,0.003318136
709,768,14,0.004211611,0.000826511,0.0033851
709,768,15,0.004147667,0.000763017,0.00338465
709,768,16,0.004122221,0.00076878,0.003353441
709,768,17,0.004013006,0.000683977,0.003329029
709,768,18,0.003906616,0.000671657,0.003234959
709,768,19,0.014383863,0.011308913,0.00307495
709,768,20,0.004965134,0.001908166,0.003056968
709,768,21,0.004931559,0.001875741,0.003055818
709,768,22,0.004917285,0.001785693,0.003131592
709,768,23,0.005007658,0.001620725,0.003386933
709,768,24,0.004689139,0.001133709,0.00355543
709,768,25,0.00445184,0.00091793,0.00353391
709,768,26,0.004289236,0.000700482,0.003588754
709,768,27,0.004735289,0.001096797,0.003638492
709,768,28,0.004828769,0.001123057,0.003705712
709,768,29,0.004605856,0.000966607,0.003639249
709,768,30,0.004885093,0.001155834,0.003729259
709,768,31,0.004681609,0.00105512,0.003626489
709,768,32,0.004399301,0.000727978,0.003671323
709,768,33,0.004284988,0.000736897,0.003548091
709,768,34,0.004368542,0.000797949,0.003570593
709,768,35,0.004473948,0.000970418,0.00350353
709,768,36,0.004520385,0.001007277,0.003513108
709,768,37,0.004383266,0.00092104,0.003462226
709,768,38,0.004646288,0.001109564,0.003536724
709,768,39,0.004484183,0.001035748,0.003448435
709,768,40,0.006504009,0.003126106,0.003377903
709,768,41,0.005314387,0.001876443,0.003437944
709,768,42,0.005548149,0.002125491,0.003422658
709,768,43,0.005701408,0.002394422,0.003306986
709,768,44,0.005823812,0.002506238,0.003317574
709,768,45,0.006161437,0.002800035,0.003361402
709,768,46,0.005861581,0.002549132,0.003312449
709,768,47,0.005589359,0.00227009,0.003319269
709,768,48,0.005115183,0.001725726,0.003389457
709,768,49,0.005512444,0.002101929,0.003410515
709,768,50,0.005364964,0.001984291,0.003380673
709,768,51,0.0049985,0.001495076,0.003503424
709,768,52,0.004810196,0.001318144,0.003492052
709,768,53,0.005047292,0.001601765,0.003445527
709,768,54,0.004859161,0.001374535,0.003484626
709,768,55,0.005192637,0.001658202,0.003534435
709,768,56,0.005254065,0.001667884,0.003586181
709,768,57,0.004870042,0.001254078,0.003615964
709,768,58,0.004795883,0.001133041,0.003662842
709,768,59,0.004708764,0.001134525,0.003574239
709,768,60,0.004805819,0.001221003,0.003584816
709,768,61,0.004826744,0.001129854,0.00369689
709,768,62,0.004991409,0.001420486,0.003570923
709,768,63,0.004636107,0.001023695,0.003612412
709,768,64,0.004990454,0.001375132,0.003615322
709,768,65,0.005065045,0.001474163,0.003590882
709,768,66,0.004844318,0.001177546,0.003666772
709,768,67,0.005039605,0.001497281,0.003542324
709,768,68,0.004961391,0.001322768,0.003638623
709,768,69,0.004509182,0.000892512,0.00361667
709,768,70,0.004587004,0.000984851,0.003602153
709,768,71,0.004863898,0.00124964,0.003614258
709,768,72,0.004423393,0.000825348,0.003598045
709,768,73,0.004830696,0.001213888,0.003616808
709,768,74,0.004425106,0.00083015,0.003594956
709,768,75,0.00468804,0.001039164,0.003648876
709,768,76,0.00470143,0.000964369,0.003737061
709,768,77,0.004783539,0.001064017,0.003719522
709,768,78,0.004501666,0.000915103,0.003586563
709,768,79,0.004654944,0.0010609,0.003594044
709,768,80,0.004517068,0.00100652,0.003510548
709,768,81,0.00465157,0.001110892,0.003540678
709,768,82,0.004439516,0.00092474,0.003514776
709,768,83,0.004388045,0.000855328,0.003532717
709,768,84,0.004200989,0.000765934,0.003435055
709,768,85,0.004524754,0.001021371,0.003503383
709,768,86,0.004629174,0.001188111,0.003441063
709,768,87,0.004834273,0.00137163,0.003462643
709,768,88,0.004504152,0.001032611,0.003471541
709,768,89,0.004637824,0.001210193,0.003427631
709,768,90,0.004495856,0.001073536,0.00342232
709,768,91,0.006120797,0.002662092,0.003458705
709,768,92,0.004953471,0.001376905,0.003576566
709,768,93,0.004540835,0.001007257,0.003533578
709,768,94,0.004690696,0.001265245,0.003425451
709,768,95,0.00455775,0.001039382,0.003518368
709,768,96,0.007274657,0.00383731,0.003437347
709,768,97,0.0054174,0.00203591,0.00338149
709,768,98,0.004248101,0.000758061,0.00349004
709,768,99,0.003997912,0.000582744,0.003415168
709,768,100,0.004370157,0.000931098,0.003439059
709,768,101,0.005174911,0.001714298,0.003460613
709,768,102,0.004711969,0.001149827,0.003562142
709,768,103,0.007097632,0.003694347,0.003403285
709,768,104,0.004613523,0.001362515,0.003251008
709,768,105,0.004210949,0.000876051,0.003334898
709,768,106,0.006723114,0.003301879,0.003421235
709,768,107,0.004977532,0.001512942,0.00346459
709,768,108,0.006147087,0.002833189,0.003313898
709,768,109,0.0095579,0.006445092,0.003112808
709,768,110,0.004805037,0.001724182,0.003080855
710,768,1,0.758687113,0.635837456,0.122849657
710,768,2,0.004880488,0.001795693,0.003084795
710,768,3,0.004587504,0.001537642,0.003049862
710,768,4,0.006437611,0.003392739,0.003044872
710,768,5,0.024028388,0.020994381,0.003034007
710,768,6,0.004103205,0.000954665,0.00314854
710,768,7,0.003958414,0.000834703,0.003123711
710,768,8,0.003678868,0.000530562,0.003148306
710,768,9,0.037949046,0.034884287,0.003064759
710,768,10,0.004681411,0.001502148,0.003179263
710,768,11,0.004124196,0.000909139,0.003215057
710,768,12,0.004147948,0.000923609,0.003224339
710,768,13,0.004240085,0.000916029,0.003324056
710,768,14,0.004120624,0.00076656,0.003354064
710,768,15,0.004252908,0.000842823,0.003410085
710,768,16,0.004041926,0.000678519,0.003363407
710,768,17,0.004012925,0.000657849,0.003355076
710,768,18,0.015119328,0.01201709,0.003102238
710,768,19,0.004834121,0.001786895,0.003047226
710,768,20,0.004960783,0.001857897,0.003102886
710,768,21,0.00471024,0.001424489,0.003285751
710,768,22,0.004770479,0.001527178,0.003243301
710,768,23,0.004871259,0.001528226,0.003343033
710,768,24,0.004529647,0.000991094,0.003538553
710,768,25,0.004163314,0.000627574,0.00353574
710,768,26,0.00436592,0.00089437,0.00347155
710,768,27,0.004907656,0.001310473,0.003597183
710,768,28,0.004683085,0.000994937,0.003688148
710,768,29,0.004595828,0.000978592,0.003617236
710,768,30,0.004679823,0.000986809,0.003693014
710,768,31,0.004518838,0.000864148,0.00365469
710,768,32,0.004459851,0.000822503,0.003637348
710,768,33,0.004317794,0.000717397,0.003600397
710,768,34,0.004630823,0.001071639,0.003559184
710,768,35,0.004394187,0.000862581,0.003531606
710,768,36,0.004748053,0.001289678,0.003458375
710,768,37,0.004534731,0.001011413,0.003523318
710,768,38,0.004597678,0.001123426,0.003474252
710,768,39,0.006437069,0.003044183,0.003392886
710,768,40,0.005374044,0.001888506,0.003485538
710,768,41,0.005681234,0.002344051,0.003337183
710,768,42,0.005720255,0.002380746,0.003339509
710,768,43,0.005915464,0.00246027,0.003455194
710,768,44,0.006079247,0.002771683,0.003307564
710,768,45,0.00586944,0.002528756,0.003340684
710,768,46,0.005291584,0.001997017,0.003294567
710,768,47,0.005195416,0.001856458,0.003338958
710,768,48,0.005584358,0.0021166,0.003467758
710,768,49,0.005279482,0.001912856,0.003366626
710,768,50,0.005002879,0.001545973,0.003456906
710,768,51,0.004849512,0.001316179,0.003533333
710,768,52,0.004984212,0.001508832,0.00347538
710,768,53,0.004931373,0.001424038,0.003507335
710,768,54,0.005163429,0.001590834,0.003572595
710,768,55,0.004975257,0.001398079,0.003577178
710,768,56,0.004731282,0.001254837,0.003476445
710,768,57,0.004823387,0.001274343,0.003549044
710,768,58,0.004783551,0.001202326,0.003581225
710,768,59,0.004802873,0.001192026,0.003610847
710,768,60,0.004791931,0.001274549,0.003517382
710,768,61,0.005180911,0.001551496,0.003629415
710,768,62,0.004707623,0.001180216,0.003527407
710,768,63,0.0050202,0.001452757,0.003567443
710,768,64,0.005007045,0.001467024,0.003540021
710,768,65,0.004828894,0.001309261,0.003519633
710,768,66,0.005036257,0.001562662,0.003473595
710,768,67,0.004963951,0.001426661,0.00353729
710,768,68,0.004499947,0.000990047,0.0035099
710,768,69,0.00464305,0.001059322,0.003583728
710,768,70,0.004888598,0.001349846,0.003538752
710,768,71,0.004387031,0.000840249,0.003546782
710,768,72,0.00482828,0.001183297,0.003644983
710,768,73,0.00438359,0.000794785,0.003588805
710,768,74,0.004732213,0.001169037,0.003563176
710,768,75,0.004679783,0.001032838,0.003646945
710,768,76,0.004655957,0.001012165,0.003643792
710,768,77,0.004634707,0.0009616,0.003673107
710,768,78,0.004345115,0.000781917,0.003563198
710,768,79,0.004714668,0.001172496,0.003542172
710,768,80,0.004575009,0.000991572,0.003583437
710,768,81,0.004436162,0.000935727,0.003500435
710,768,82,0.00418804,0.00073027,0.00345777
710,768,83,0.00432541,0.000856905,0.003468505
710,768,84,0.004434699,0.001027271,0.003407428
710,768,85,0.004648527,0.001201983,0.003446544
710,768,86,0.005003816,0.00154418,0.003459636
710,768,87,0.004762406,0.001226722,0.003535684
710,768,88,0.004516181,0.000986136,0.003530045
710,768,89,0.004424223,0.000940573,0.00348365
710,768,90,0.00440346,0.000990216,0.003413244
710,768,91,0.004650931,0.001258768,0.003392163
710,768,92,0.006978248,0.003476696,0.003501552
710,768,93,0.004729152,0.001292517,0.003436635
710,768,94,0.004528396,0.001100219,0.003428177
710,768,95,0.004155201,0.00063278,0.003522421
710,768,96,0.005370509,0.001810821,0.003559688
710,768,97,0.005496964,0.001940645,0.003556319
710,768,98,0.005084746,0.001635842,0.003448904
710,768,99,0.004103886,0.000732624,0.003371262
710,768,100,0.005514275,0.002123034,0.003391241
710,768,101,0.005384989,0.001836031,0.003548958
710,768,102,0.007386735,0.00406354,0.003323195
710,768,103,0.004662617,0.001362678,0.003299939
710,768,104,0.004077763,0.000747183,0.00333058
710,768,105,0.006690024,0.00344267,0.003247354
710,768,106,0.004888553,0.001595677,0.003292876
710,768,107,0.006105682,0.00276668,0.003339002
710,768,108,0.00484365,0.001555432,0.003288218
710,768,109,0.00395415,0.00075805,0.0031961
710,768,110,0.008340359,0.00532142,0.003018939
711,768,1,0.757840177,0.634585924,0.123254253
711,768,2,0.007081096,0.003997846,0.00308325
711,768,3,0.004674816,0.001596468,0.003078348
711,768,4,0.025782862,0.022751227,0.003031635
711,768,5,0.003976048,0.000789455,0.003186593
711,768,6,0.003844753,0.000747856,0.003096897
711,768,7,0.0037222,0.000629489,0.003092711
711,768,8,0.018714214,0.015697799,0.003016415
711,768,9,0.00426692,0.001234355,0.003032565
711,768,10,0.022019042,0.018934587,0.003084455
711,768,11,0.004586429,0.001459882,0.003126547
711,768,12,0.004413273,0.001154228,0.003259045
711,768,13,0.004165536,0.000869827,0.003295709
711,768,14,0.004153855,0.000781665,0.00337219
711,768,15,0.004098183,0.000697361,0.003400822
711,768,16,0.004180015,0.00080509,0.003374925
711,768,17,0.0158826,0.012807011,0.003075589
711,768,18,0.004844679,0.001791368,0.003053311
711,768,19,0.004824954,0.001771583,0.003053371
711,768,20,0.004579017,0.001462025,0.003116992
711,768,21,0.00461421,0.001574298,0.003039912
711,768,22,0.004860838,0.001778686,0.003082152
711,768,23,0.00450211,0.001199288,0.003302822
711,768,24,0.004372335,0.000841269,0.003531066
711,768,25,0.004476064,0.00091095,0.003565114
711,768,26,0.004660128,0.001162998,0.00349713
711,768,27,0.004658887,0.000969484,0.003689403
711,768,28,0.004640867,0.00096331,0.003677557
711,768,29,0.004357837,0.000708365,0.003649472
711,768,30,0.00472597,0.00111479,0.00361118
711,768,31,0.004621949,0.001048966,0.003572983
711,768,32,0.004320448,0.000767056,0.003553392
711,768,33,0.004370538,0.000813489,0.003557049
711,768,34,0.004527799,0.00102718,0.003500619
711,768,35,0.004611014,0.00123092,0.003380094
711,768,36,0.004522776,0.001151061,0.003371715
711,768,37,0.004650573,0.001206021,0.003444552
711,768,38,0.006647813,0.003181138,0.003466675
711,768,39,0.005475843,0.001920872,0.003554971
711,768,40,0.005692655,0.002305856,0.003386799
711,768,41,0.005669106,0.002338336,0.00333077
711,768,42,0.005923044,0.002494108,0.003428936
711,768,43,0.0061874,0.002893425,0.003293975
711,768,44,0.005610365,0.002294457,0.003315908
711,768,45,0.005293412,0.001898434,0.003394978
711,768,46,0.005510568,0.002119887,0.003390681
711,768,47,0.005463734,0.002118964,0.00334477
711,768,48,0.005170088,0.001761473,0.003408615
711,768,49,0.004816403,0.001395667,0.003420736
711,768,50,0.004870786,0.001417396,0.00345339
711,768,51,0.005005587,0.0014435,0.003562087
711,768,52,0.004913474,0.001414885,0.003498589
711,768,53,0.004955425,0.001489397,0.003466028
711,768,54,0.004968341,0.001397559,0.003570782
711,768,55,0.004658691,0.001090291,0.0035684
711,768,56,0.004803865,0.001281587,0.003522278
711,768,57,0.004983973,0.00139949,0.003584483
711,768,58,0.004865391,0.001309842,0.003555549
711,768,59,0.005093554,0.001466345,0.003627209
711,768,60,0.004961808,0.001363492,0.003598316
711,768,61,0.004941996,0.001295214,0.003646782
711,768,62,0.004771484,0.001245544,0.00352594
711,768,63,0.005087273,0.001657038,0.003430235
711,768,64,0.004954913,0.001437451,0.003517462
711,768,65,0.005039221,0.00154486,0.003494361
711,768,66,0.004943332,0.001383557,0.003559775
711,768,67,0.004513751,0.001028665,0.003485086
711,768,68,0.004658849,0.001115874,0.003542975
711,768,69,0.004807131,0.001205313,0.003601818
711,768,70,0.004390325,0.000830608,0.003559717
711,768,71,0.004714235,0.001105207,0.003609028
711,768,72,0.00464308,0.000991945,0.003651135
711,768,73,0.00470549,0.001053498,0.003651992
711,768,74,0.004447977,0.000860147,0.00358783
711,768,75,0.004777664,0.001138054,0.00363961
711,768,76,0.004609365,0.000930844,0.003678521
711,768,77,0.004512287,0.000787085,0.003725202
711,768,78,0.004438348,0.000898149,0.003540199
711,768,79,0.004550713,0.000934949,0.003615764
711,768,80,0.004550239,0.001003087,0.003547152
711,768,81,0.004436996,0.000931403,0.003505593
711,768,82,0.004235005,0.000841498,0.003393507
711,768,83,0.004360305,0.00089661,0.003463695
711,768,84,0.004435783,0.001058955,0.003376828
711,768,85,0.004832303,0.001452173,0.00338013
711,768,86,0.004535997,0.001145822,0.003390175
711,768,87,0.004864765,0.001472205,0.00339256
711,768,88,0.004520898,0.001042479,0.003478419
711,768,89,0.004360784,0.000875606,0.003485178
711,768,90,0.004547228,0.001080735,0.003466493
711,768,91,0.007336478,0.003993375,0.003343103
711,768,92,0.00500861,0.001558973,0.003449637
711,768,93,0.004534632,0.000962738,0.003571894
711,768,94,0.004021688,0.000545218,0.00347647
711,768,95,0.004524368,0.000982306,0.003542062
711,768,96,0.005295335,0.00184767,0.003447665
711,768,97,0.005396826,0.00188952,0.003507306
711,768,98,0.004282545,0.000720497,0.003562048
711,768,99,0.005330477,0.002084447,0.00324603
711,768,100,0.005554136,0.002297226,0.00325691
711,768,101,0.008197436,0.004692986,0.00350445
711,768,102,0.004698804,0.001300176,0.003398628
711,768,103,0.003985365,0.000537225,0.00344814
711,768,104,0.003784366,0.000495798,0.003288568
711,768,105,0.007088621,0.00380623,0.003282391
711,768,106,0.006501793,0.003029149,0.003472644
711,768,107,0.004387658,0.000863669,0.003523989
711,768,108,0.004081323,0.000632534,0.003448789
711,768,109,0.003887389,0.000691317,0.003196072
711,768,110,0.004582522,0.001383712,0.00319881
712,768,1,0.761668096,0.637645246,0.12402285
712,768,2,0.004663521,0.001577667,0.003085854
712,768,3,0.02579187,0.022751744,0.003040126
712,768,4,0.003779228,0.000672071,0.003107157
712,768,5,0.004022609,0.000908444,0.003114165
712,768,6,0.003669522,0.000529677,0.003139845
712,768,7,0.018838957,0.015813559,0.003025398
712,768,8,0.00423786,0.001114334,0.003123526
712,768,9,0.003510106,0.000408636,0.00310147
712,768,10,0.003575466,0.000448705,0.003126761
712,768,11,0.021418347,0.018325941,0.003092406
712,768,12,0.004684138,0.001538758,0.00314538
712,768,13,0.004463754,0.001191524,0.00327223
712,768,14,0.004276045,0.000863898,0.003412147
712,768,15,0.004221089,0.000786037,0.003435052
712,768,16,0.016958761,0.013861408,0.003097353
712,768,17,0.00487657,0.001764911,0.003111659
712,768,18,0.00469053,0.00164847,0.00304206
712,768,19,0.004445453,0.001401932,0.003043521
712,768,20,0.004730206,0.001704397,0.003025809
712,768,21,0.004749596,0.001706355,0.003043241
712,768,22,0.004404926,0.001251324,0.003153602
712,768,23,0.004485941,0.001229874,0.003256067
712,768,24,0.004459633,0.000847998,0.003611635
712,768,25,0.004342415,0.000710324,0.003632091
712,768,26,0.004523476,0.000909561,0.003613915
712,768,27,0.004565315,0.000822664,0.003742651
712,768,28,0.004742369,0.000972987,0.003769382
712,768,29,0.004478193,0.000848979,0.003629214
712,768,30,0.004440895,0.000807947,0.003632948
712,768,31,0.004659701,0.00110311,0.003556591
712,768,32,0.004241826,0.000656074,0.003585752
712,768,33,0.004279117,0.000755013,0.003524104
712,768,34,0.004165683,0.000729441,0.003436242
712,768,35,0.004144648,0.000676281,0.003468367
712,768,36,0.004437183,0.000934516,0.003502667
712,768,37,0.008273828,0.004828477,0.003445351
712,768,38,0.00529441,0.001910715,0.003383695
712,768,39,0.005750336,0.002369858,0.003380478
712,768,40,0.005696077,0.002288902,0.003407175
712,768,41,0.005786126,0.002321192,0.003464934
712,768,42,0.006299496,0.003002512,0.003296984
712,768,43,0.005714724,0.002340398,0.003374326
712,768,44,0.005356527,0.001874509,0.003482018
712,768,45,0.005294777,0.001947471,0.003347306
712,768,46,0.005636855,0.002352628,0.003284227
712,768,47,0.005109838,0.001791412,0.003318426
712,768,48,0.00480354,0.001433916,0.003369624
712,768,49,0.004838325,0.001463874,0.003374451
712,768,50,0.00484566,0.001361601,0.003484059
712,768,51,0.004962097,0.001375264,0.003586833
712,768,52,0.004598036,0.001109195,0.003488841
712,768,53,0.005051071,0.001454921,0.00359615
712,768,54,0.004732067,0.001024156,0.003707911
712,768,55,0.005124157,0.001452817,0.00367134
712,768,56,0.004955282,0.001337908,0.003617374
712,768,57,0.004890188,0.001351165,0.003539023
712,768,58,0.0048772,0.001342228,0.003534972
712,768,59,0.005011775,0.001603973,0.003407802
712,768,60,0.004914555,0.001420137,0.003494418
712,768,61,0.005004558,0.001516832,0.003487726
712,768,62,0.004980931,0.001471653,0.003509278
712,768,63,0.004889642,0.001375241,0.003514401
712,768,64,0.005014166,0.001553938,0.003460228
712,768,65,0.004869916,0.001283118,0.003586798
712,768,66,0.004674742,0.001095293,0.003579449
712,768,67,0.00458934,0.000986728,0.003602612
712,768,68,0.004723069,0.001105732,0.003617337
712,768,69,0.004480587,0.00090291,0.003577677
712,768,70,0.004690262,0.001069634,0.003620628
712,768,71,0.004496259,0.00089748,0.003598779
712,768,72,0.004701052,0.00105823,0.003642822
712,768,73,0.00461657,0.000997539,0.003619031
712,768,74,0.004628995,0.001085942,0.003543053
712,768,75,0.004655602,0.000993632,0.00366197
712,768,76,0.004501849,0.000893496,0.003608353
712,768,77,0.004543226,0.000911619,0.003631607
712,768,78,0.004601146,0.000997984,0.003603162
712,768,79,0.004397682,0.000836896,0.003560786
712,768,80,0.004694902,0.001078968,0.003615934
712,768,81,0.004365077,0.000842904,0.003522173
712,768,82,0.004391828,0.000927118,0.00346471
712,768,83,0.004374325,0.000887732,0.003486593
712,768,84,0.004209141,0.000803731,0.00340541
712,768,85,0.004322662,0.000878989,0.003443673
712,768,86,0.004875825,0.001566239,0.003309586
712,768,87,0.004589305,0.001018581,0.003570724
712,768,88,0.004764208,0.00121651,0.003547698
712,768,89,0.004461667,0.000966662,0.003495005
712,768,90,0.007835886,0.004467571,0.003368315
712,768,91,0.005110729,0.001671721,0.003439008
712,768,92,0.004515819,0.000903967,0.003611852
712,768,93,0.004073011,0.000464754,0.003608257
712,768,94,0.003936118,0.000481997,0.003454121
712,768,95,0.00578366,0.002504048,0.003279612
712,768,96,0.005104993,0.001785553,0.00331944
712,768,97,0.004559996,0.001114925,0.003445071
712,768,98,0.005267834,0.001904762,0.003363072
712,768,99,0.005773003,0.002448619,0.003324384
712,768,100,0.008132972,0.004639248,0.003493724
712,768,101,0.004817445,0.001313637,0.003503808
712,768,102,0.003866564,0.000389756,0.003476808
712,768,103,0.00383827,0.00041809,0.00342018
712,768,104,0.007241362,0.003969673,0.003271689
712,768,105,0.005152424,0.001690594,0.00346183
712,768,106,0.004645103,0.001161092,0.003484011
712,768,107,0.004389098,0.000901514,0.003487584
712,768,108,0.003980139,0.00054079,0.003439349
712,768,109,0.004915219,0.001797423,0.003117796
712,768,110,0.004583257,0.00144729,0.003135967
713,768,1,0.7631901,0.639051119,0.124138981
713,768,2,0.003726915,0.0005271,0.003199815
713,768,3,0.006981823,0.003892974,0.003088849
713,768,4,0.021590933,0.018497226,0.003093707
713,768,5,0.003939608,0.000699134,0.003240474
713,768,6,0.019863576,0.016789094,0.003074482
713,768,7,0.004002781,0.000852568,0.003150213
713,768,8,0.003703669,0.000555624,0.003148045
713,768,9,0.003545805,0.000345468,0.003200337
713,768,10,0.003515351,0.000356496,0.003158855
713,768,11,0.003638141,0.000430121,0.00320802
713,768,12,0.020902581,0.017719337,0.003183244
713,768,13,0.004669023,0.001452239,0.003216784
713,768,14,0.004647381,0.001269644,0.003377737
713,768,15,0.018411908,0.015235779,0.003176129
713,768,16,0.004707248,0.001560273,0.003146975
713,768,17,0.004789156,0.001540193,0.003248963
713,768,18,0.004510957,0.00128502,0.003225937
713,768,19,0.004667616,0.001593112,0.003074504
713,768,20,0.004707394,0.001528835,0.003178559
713,768,21,0.00434136,0.001166611,0.003174749
713,768,22,0.004504744,0.001219218,0.003285526
713,768,23,0.004218516,0.000909291,0.003309225
713,768,24,0.004391666,0.000811851,0.003579815
713,768,25,0.004446008,0.00077461,0.003671398
713,768,26,0.004458794,0.000784535,0.003674259
713,768,27,0.004803268,0.001032184,0.003771084
713,768,28,0.004463364,0.000793589,0.003669775
713,768,29,0.004606593,0.00090142,0.003705173
713,768,30,0.004785662,0.001136024,0.003649638
713,768,31,0.004200735,0.000589701,0.003611034
713,768,32,0.004276181,0.000681959,0.003594222
713,768,33,0.004306697,0.000721236,0.003585461
713,768,34,0.004137492,0.000584672,0.00355282
713,768,35,0.004063913,0.000516418,0.003547495
713,768,36,0.008668742,0.005152475,0.003516267
713,768,37,0.005308939,0.001900058,0.003408881
713,768,38,0.005771253,0.002388915,0.003382338
713,768,39,0.005727332,0.002201728,0.003525604
713,768,40,0.005594421,0.002173011,0.00342141
713,768,41,0.005818623,0.002422156,0.003396467
713,768,42,0.005693642,0.002286822,0.00340682
713,768,43,0.005579572,0.002140232,0.00343934
713,768,44,0.005155977,0.001695026,0.003460951
713,768,45,0.005050844,0.001699049,0.003351795
713,768,46,0.005271146,0.001966605,0.003304541
713,768,47,0.00491657,0.001588767,0.003327803
713,768,48,0.004991719,0.001509213,0.003482506
713,768,49,0.004583808,0.0012164,0.003367408
713,768,50,0.004835912,0.001314861,0.003521051
713,768,51,0.004969992,0.001461974,0.003508018
713,768,52,0.004922781,0.001468572,0.003454209
713,768,53,0.00504472,0.001467817,0.003576903
713,768,54,0.00483633,0.001242384,0.003593946
713,768,55,0.005273754,0.001734284,0.00353947
713,768,56,0.004979218,0.001402014,0.003577204
713,768,57,0.004880949,0.001329217,0.003551732
713,768,58,0.005059993,0.001558779,0.003501214
713,768,59,0.004969457,0.001456559,0.003512898
713,768,60,0.004926065,0.001436724,0.003489341
713,768,61,0.004843302,0.001278387,0.003564915
713,768,62,0.004727054,0.001204193,0.003522861
713,768,63,0.004808836,0.001279637,0.003529199
713,768,64,0.00466156,0.001191256,0.003470304
713,768,65,0.004878877,0.001274332,0.003604545
713,768,66,0.004576773,0.000987734,0.003589039
713,768,67,0.00465177,0.001080242,0.003571528
713,768,68,0.004651758,0.001037976,0.003613782
713,768,69,0.004459131,0.000851578,0.003607553
713,768,70,0.004613814,0.001008969,0.003604845
713,768,71,0.004448365,0.000837628,0.003610737
713,768,72,0.004720459,0.001029574,0.003690885
713,768,73,0.004507019,0.000852145,0.003654874
713,768,74,0.004563478,0.000924496,0.003638982
713,768,75,0.004728504,0.001049964,0.00367854
713,768,76,0.004633833,0.000956906,0.003676927
713,768,77,0.004619845,0.000945588,0.003674257
713,768,78,0.004882318,0.001306731,0.003575587
713,768,79,0.004598505,0.001038575,0.00355993
713,768,80,0.00465723,0.001054495,0.003602735
713,768,81,0.004565004,0.001009243,0.003555761
713,768,82,0.004260743,0.00081367,0.003447073
713,768,83,0.004399188,0.00088677,0.003512418
713,768,84,0.004218253,0.000767674,0.003450579
713,768,85,0.004721729,0.001252581,0.003469148
713,768,86,0.00434555,0.000929349,0.003416201
713,768,87,0.004988696,0.001573576,0.00341512
713,768,88,0.004672254,0.001111056,0.003561198
713,768,89,0.007972932,0.004603348,0.003369584
713,768,90,0.004771948,0.001345268,0.00342668
713,768,91,0.004627075,0.001025045,0.00360203
713,768,92,0.004075852,0.000511254,0.003564598
713,768,93,0.004095008,0.000511175,0.003583833
713,768,94,0.005879835,0.002406008,0.003473827
713,768,95,0.005071639,0.001713819,0.00335782
713,768,96,0.004425623,0.000934122,0.003491501
713,768,97,0.004529033,0.001012903,0.00351613
713,768,98,0.005555518,0.002011132,0.003544386
713,768,99,0.005168758,0.001836291,0.003332467
713,768,100,0.004621461,0.001173861,0.0034476
713,768,101,0.006586705,0.00310342,0.003483285
713,768,102,0.004824922,0.001385981,0.003438941
713,768,103,0.005557211,0.002232306,0.003324905
713,768,104,0.003822179,0.000491131,0.003331048
713,768,105,0.00542713,0.002091049,0.003336081
713,768,106,0.005535365,0.002165762,0.003369603
713,768,107,0.00488422,0.001434255,0.003449965
713,768,108,0.005178419,0.001828177,0.003350242
713,768,109,0.004470659,0.001350723,0.003119936
713,768,110,0.004405577,0.0011785,0.003227077
714,768,1,0.759526692,0.635941636,0.123585056
714,768,2,0.009428728,0.006383949,0.003044779
714,768,3,0.003772646,0.000632057,0.003140589
714,768,4,0.00429026,0.001256189,0.003034071
714,768,5,0.03897635,0.035952249,0.003024101
714,768,6,0.003882583,0.000854554,0.003028029
714,768,7,0.003736056,0.000607771,0.003128285
714,768,8,0.00344109,0.000350319,0.003090771
714,768,9,0.003628395,0.00050478,0.003123615
714,768,10,0.003451529,0.000341999,0.00310953
714,768,11,0.003566778,0.000418208,0.00314857
714,768,12,0.003508082,0.000341055,0.003167027
714,768,13,0.020673115,0.017473863,0.003199252
714,768,14,0.021071829,0.01786234,0.003209489
714,768,15,0.004553429,0.001340084,0.003213345
714,768,16,0.004462133,0.001364904,0.003097229
714,768,17,0.004632814,0.001447946,0.003184868
714,768,18,0.004842607,0.001542687,0.00329992
714,768,19,0.004400875,0.001289885,0.00311099
714,768,20,0.004344714,0.001167873,0.003176841
714,768,21,0.004346008,0.001164513,0.003181495
714,768,22,0.004264641,0.001031293,0.003233348
714,768,23,0.004236318,0.000991666,0.003244652
714,768,24,0.00441149,0.000904767,0.003506723
714,768,25,0.004443051,0.000668829,0.003774222
714,768,26,0.004817448,0.001042482,0.003774966
714,768,27,0.004600595,0.000734566,0.003866029
714,768,28,0.004623852,0.000758177,0.003865675
714,768,29,0.004733415,0.000965943,0.003767472
714,768,30,0.004307002,0.000649242,0.00365776
714,768,31,0.004340633,0.000780572,0.003560061
714,768,32,0.00432417,0.000691855,0.003632315
714,768,33,0.004178749,0.000629872,0.003548877
714,768,34,0.00399428,0.00056497,0.00342931
714,768,35,0.008872858,0.005476223,0.003396635
714,768,36,0.005217958,0.001883761,0.003334197
714,768,37,0.005887974,0.002410262,0.003477712
714,768,38,0.005688031,0.002205799,0.003482232
714,768,39,0.005637467,0.002208918,0.003428549
714,768,40,0.005406676,0.002013027,0.003393649
714,768,41,0.005489817,0.002092359,0.003397458
714,768,42,0.005556726,0.002134762,0.003421964
714,768,43,0.005362136,0.001977393,0.003384743
714,768,44,0.005269082,0.001911363,0.003357719
714,768,45,0.005074051,0.001658227,0.003415824
714,768,46,0.004667483,0.001302682,0.003364801
714,768,47,0.004838091,0.001438476,0.003399615
714,768,48,0.004731809,0.00129625,0.003435559
714,768,49,0.004850023,0.001368816,0.003481207
714,768,50,0.005102282,0.001497689,0.003604593
714,768,51,0.005103479,0.001558961,0.003544518
714,768,52,0.004852541,0.001339885,0.003512656
714,768,53,0.004888871,0.001327798,0.003561073
714,768,54,0.005069257,0.001550816,0.003518441
714,768,55,0.005171064,0.001735225,0.003435839
714,768,56,0.004812256,0.001307218,0.003505038
714,768,57,0.005159543,0.00165757,0.003501973
714,768,58,0.004782251,0.001295768,0.003486483
714,768,59,0.004546061,0.001094244,0.003451817
714,768,60,0.004852231,0.001368507,0.003483724
714,768,61,0.004828417,0.00127764,0.003550777
714,768,62,0.004815813,0.001178324,0.003637489
714,768,63,0.004521537,0.001002177,0.00351936
714,768,64,0.004595245,0.001059509,0.003535736
714,768,65,0.004793491,0.00117054,0.003622951
714,768,66,0.004570459,0.001010674,0.003559785
714,768,67,0.004782269,0.001175014,0.003607255
714,768,68,0.004373927,0.000816486,0.003557441
714,768,69,0.004619436,0.0010083,0.003611136
714,768,70,0.004711969,0.001118912,0.003593057
714,768,71,0.004935025,0.001300381,0.003634644
714,768,72,0.004357117,0.000713217,0.0036439
714,768,73,0.00483077,0.001142153,0.003688617
714,768,74,0.00473348,0.001087555,0.003645925
714,768,75,0.004614026,0.000944537,0.003669489
714,768,76,0.004574721,0.000899709,0.003675012
714,768,77,0.004991232,0.001330939,0.003660293
714,768,78,0.004341289,0.00082254,0.003518749
714,768,79,0.004635274,0.001097397,0.003537877
714,768,80,0.004500803,0.000914291,0.003586512
714,768,81,0.0046084,0.00103414,0.00357426
714,768,82,0.004130195,0.000689663,0.003440532
714,768,83,0.004945149,0.001432787,0.003512362
714,768,84,0.004518166,0.001019592,0.003498574
714,768,85,0.004476358,0.00105255,0.003423808
714,768,86,0.004946317,0.001592279,0.003354038
714,768,87,0.004663528,0.001145678,0.00351785
714,768,88,0.008094661,0.004665609,0.003429052
714,768,89,0.004707395,0.001178398,0.003528997
714,768,90,0.004123912,0.000591025,0.003532887
714,768,91,0.004433161,0.000796795,0.003636366
714,768,92,0.004237619,0.000683548,0.003554071
714,768,93,0.005964398,0.00254263,0.003421768
714,768,94,0.004945955,0.001533306,0.003412649
714,768,95,0.004439383,0.000942745,0.003496638
714,768,96,0.004367974,0.000872275,0.003495699
714,768,97,0.004589697,0.001046685,0.003543012
714,768,98,0.004761576,0.001303286,0.00345829
714,768,99,0.005217179,0.001867492,0.003349687
714,768,100,0.004370252,0.001010567,0.003359685
714,768,101,0.004182665,0.000674114,0.003508551
714,768,102,0.006178375,0.002858594,0.003319781
714,768,103,0.004899004,0.001464141,0.003434863
714,768,104,0.00528626,0.002120439,0.003165821
714,768,105,0.004055216,0.000675159,0.003380057
714,768,106,0.007550076,0.004151171,0.003398905
714,768,107,0.005159693,0.001677924,0.003481769
714,768,108,0.005080493,0.00176471,0.003315783
714,768,109,0.004349669,0.001193578,0.003156091
714,768,110,0.004039081,0.000981891,0.00305719
715,768,1,0.758826878,0.635757053,0.123069825
715,768,2,0.008074508,0.005026083,0.003048425
715,768,3,0.005342141,0.00228306,0.003059081
715,768,4,0.003801389,0.000682069,0.00311932
715,768,5,0.01367225,0.010630794,0.003041456
715,768,6,0.029526515,0.02649847,0.003028045
715,768,7,0.004132978,0.000978001,0.003154977
715,768,8,0.003544683,0.000446508,0.003098175
715,768,9,0.003573692,0.00042526,0.003148432
715,768,10,0.003512424,0.000408328,0.003104096
715,768,11,0.003534699,0.000364416,0.003170283
715,768,12,0.003499615,0.000349751,0.003149864
715,768,13,0.038603058,0.035382762,0.003220296
715,768,14,0.004344931,0.001187284,0.003157647
715,768,15,0.004475413,0.001262184,0.003213229
715,768,16,0.004391012,0.001300301,0.003090711
715,768,17,0.004616135,0.001545984,0.003070151
715,768,18,0.004646958,0.001612754,0.003034204
715,768,19,0.00440753,0.001277502,0.003130028
715,768,20,0.00404634,0.000912508,0.003133832
715,768,21,0.004261055,0.001095838,0.003165217
715,768,22,0.004523529,0.001208769,0.00331476
715,768,23,0.004301879,0.00100222,0.003299659
715,768,24,0.00427002,0.000802667,0.003467353
715,768,25,0.004598104,0.000982052,0.003616052
715,768,26,0.00452682,0.000771252,0.003755568
715,768,27,0.004886843,0.001029396,0.003857447
715,768,28,0.004672699,0.000836592,0.003836107
715,768,29,0.004455002,0.000647792,0.00380721
715,768,30,0.004487675,0.00084554,0.003642135
715,768,31,0.004331791,0.00068727,0.003644521
715,768,32,0.004137436,0.000580791,0.003556645
715,768,33,0.004192028,0.000678003,0.003514025
715,768,34,0.009013798,0.005650298,0.0033635
715,768,35,0.005206692,0.001844204,0.003362488
715,768,36,0.005796637,0.002402729,0.003393908
715,768,37,0.005533392,0.002131009,0.003402383
715,768,38,0.005849802,0.002418854,0.003430948
715,768,39,0.005282904,0.001872423,0.003410481
715,768,40,0.005452248,0.001995264,0.003456984
715,768,41,0.005426409,0.002110712,0.003315697
715,768,42,0.00534998,0.002048043,0.003301937
715,768,43,0.005045529,0.001744122,0.003301407
715,768,44,0.004814071,0.001518756,0.003295315
715,768,45,0.004800514,0.001430425,0.003370089
715,768,46,0.004943527,0.001521417,0.00342211
715,768,47,0.004687904,0.001224577,0.003463327
715,768,48,0.005041126,0.001598364,0.003442762
715,768,49,0.00503811,0.001532261,0.003505849
715,768,50,0.004874834,0.001394737,0.003480097
715,768,51,0.004966606,0.001587185,0.003379421
715,768,52,0.00476933,0.001388984,0.003380346
715,768,53,0.005115502,0.001743308,0.003372194
715,768,54,0.005104657,0.001703972,0.003400685
715,768,55,0.005053432,0.001480071,0.003573361
715,768,56,0.005056224,0.001482812,0.003573412
715,768,57,0.004541164,0.001023323,0.003517841
715,768,58,0.004828381,0.001376409,0.003451972
715,768,59,0.004742584,0.001175944,0.00356664
715,768,60,0.004895578,0.001256686,0.003638892
715,768,61,0.004514805,0.000977032,0.003537773
715,768,62,0.004808865,0.001249721,0.003559144
715,768,63,0.004587482,0.001036201,0.003551281
715,768,64,0.004596712,0.001074485,0.003522227
715,768,65,0.004716274,0.001153335,0.003562939
715,768,66,0.004755806,0.001142895,0.003612911
715,768,67,0.004595955,0.001056485,0.00353947
715,768,68,0.004672696,0.001068919,0.003603777
715,768,69,0.004551143,0.001004403,0.00354674
715,768,70,0.005045103,0.001469629,0.003575474
715,768,71,0.004306744,0.000741071,0.003565673
715,768,72,0.004878344,0.00120286,0.003675484
715,768,73,0.004619888,0.001054401,0.003565487
715,768,74,0.004774217,0.001182826,0.003591391
715,768,75,0.004551174,0.00093468,0.003616494
715,768,76,0.005066896,0.001422207,0.003644689
715,768,77,0.004328156,0.000766448,0.003561708
715,768,78,0.004540196,0.001004094,0.003536102
715,768,79,0.004399705,0.000914581,0.003485124
715,768,80,0.004854156,0.001229604,0.003624552
715,768,81,0.004338265,0.000828373,0.003509892
715,768,82,0.00443115,0.000906682,0.003524468
715,768,83,0.004372428,0.000929801,0.003442627
715,768,84,0.00499942,0.001576317,0.003423103
715,768,85,0.005256709,0.001840905,0.003415804
715,768,86,0.004451872,0.00099617,0.003455702
715,768,87,0.008345184,0.004916347,0.003428837
715,768,88,0.004511806,0.001117371,0.003394435
715,768,89,0.004092662,0.00063664,0.003456022
715,768,90,0.0042108,0.000762885,0.003447915
715,768,91,0.004566458,0.000915435,0.003651023
715,768,92,0.006161654,0.002704733,0.003456921
715,768,93,0.004712898,0.001253217,0.003459681
715,768,94,0.004329676,0.000847822,0.003481854
715,768,95,0.004157244,0.000692465,0.003464779
715,768,96,0.004135819,0.000644952,0.003490867
715,768,97,0.004291605,0.000767953,0.003523652
715,768,98,0.004648146,0.001236252,0.003411894
715,768,99,0.005262802,0.001966619,0.003296183
715,768,100,0.004753065,0.001388592,0.003364473
715,768,101,0.004093544,0.000575718,0.003517826
715,768,102,0.00397895,0.00043865,0.0035403
715,768,103,0.005747843,0.002395904,0.003351939
715,768,104,0.004765539,0.001540297,0.003225242
715,768,105,0.005363676,0.002098536,0.00326514
715,768,106,0.004329563,0.00073272,0.003596843
715,768,107,0.007326719,0.004033751,0.003292968
715,768,108,0.005539146,0.002280125,0.003259021
715,768,109,0.004949582,0.001876099,0.003073483
715,768,110,0.004496559,0.001363456,0.003133103
716,768,1,0.758977551,0.635766257,0.123211294
716,768,2,0.005780591,0.002638528,0.003142063
716,768,3,0.005457538,0.002425162,0.003032376
716,768,4,0.00627957,0.00321342,0.00306615
716,768,5,0.011434838,0.008394742,0.003040096
716,768,6,0.02873283,0.025714522,0.003018308
716,768,7,0.005921308,0.002891287,0.003030021
716,768,8,0.004190422,0.001067278,0.003123144
716,768,9,0.003611326,0.000438895,0.003172431
716,768,10,0.003464186,0.000339493,0.003124693
716,768,11,0.003691652,0.000520295,0.003171357
716,768,12,0.038780194,0.035560998,0.003219196
716,768,13,0.004463475,0.001175955,0.00328752
716,768,14,0.004260465,0.001076581,0.003183884
716,768,15,0.004448243,0.001222116,0.003226127
716,768,16,0.004478104,0.001317391,0.003160713
716,768,17,0.004590716,0.001425051,0.003165665
716,768,18,0.00439034,0.001251172,0.003139168
716,768,19,0.004008303,0.000893876,0.003114427
716,768,20,0.00417926,0.00106168,0.00311758
716,768,21,0.00429813,0.001074825,0.003223305
716,768,22,0.004454711,0.001177444,0.003277267
716,768,23,0.004286472,0.000953449,0.003333023
716,768,24,0.004318311,0.0009032,0.003415111
716,768,25,0.004368344,0.000677714,0.00369063
716,768,26,0.004918942,0.001134967,0.003783975
716,768,27,0.004537356,0.000671599,0.003865757
716,768,28,0.004660407,0.00077664,0.003883767
716,768,29,0.004453237,0.000655299,0.003797938
716,768,30,0.00443516,0.000756983,0.003678177
716,768,31,0.004386195,0.000757888,0.003628307
716,768,32,0.004163336,0.000626403,0.003536933
716,768,33,0.009347886,0.005866945,0.003480941
716,768,34,0.005242038,0.001834965,0.003407073
716,768,35,0.005696223,0.002320196,0.003376027
716,768,36,0.005487299,0.002130225,0.003357074
716,768,37,0.005897977,0.00250407,0.003393907
716,768,38,0.005316951,0.001862467,0.003454484
716,768,39,0.005292518,0.001939293,0.003353225
716,768,40,0.005240582,0.001926976,0.003313606
716,768,41,0.00530563,0.001979314,0.003326316
716,768,42,0.004919557,0.001602625,0.003316932
716,768,43,0.004944531,0.001566082,0.003378449
716,768,44,0.004689233,0.001245443,0.00344379
716,768,45,0.004995135,0.001526166,0.003468969
716,768,46,0.00469991,0.001217519,0.003482391
716,768,47,0.004971152,0.00148634,0.003484812
716,768,48,0.00491941,0.001584813,0.003334597
716,768,49,0.004838059,0.001521905,0.003316154
716,768,50,0.005113633,0.001749235,0.003364398
716,768,51,0.004789166,0.001372978,0.003416188
716,768,52,0.005046388,0.001690797,0.003355591
716,768,53,0.005225952,0.001679256,0.003546696
716,768,54,0.00479892,0.001298311,0.003500609
716,768,55,0.004887664,0.00131907,0.003568594
716,768,56,0.004649935,0.001134628,0.003515307
716,768,57,0.004747739,0.001120423,0.003627316
716,768,58,0.004777212,0.001219999,0.003557213
716,768,59,0.004603461,0.001025998,0.003577463
716,768,60,0.004752996,0.001153075,0.003599921
716,768,61,0.004814088,0.001220736,0.003593352
716,768,62,0.004643726,0.001057683,0.003586043
716,768,63,0.0046747,0.001098858,0.003575842
716,768,64,0.004799033,0.001217273,0.00358176
716,768,65,0.004737246,0.001099601,0.003637645
716,768,66,0.00452178,0.000928928,0.003592852
716,768,67,0.004691724,0.001032848,0.003658876
716,768,68,0.004783401,0.001124119,0.003659282
716,768,69,0.004765099,0.001176094,0.003589005
716,768,70,0.004716421,0.001052586,0.003663835
716,768,71,0.004742716,0.001059125,0.003683591
716,768,72,0.00470324,0.001011105,0.003692135
716,768,73,0.004695718,0.001047063,0.003648655
716,768,74,0.004635443,0.000933408,0.003702035
716,768,75,0.004998815,0.001257594,0.003741221
716,768,76,0.004388809,0.000672032,0.003716777
716,768,77,0.004553235,0.00088026,0.003672975
716,768,78,0.004468959,0.000863984,0.003604975
716,768,79,0.004506483,0.000961124,0.003545359
716,768,80,0.004403694,0.000863353,0.003540341
716,768,81,0.004525638,0.000975639,0.003549999
716,768,82,0.004585114,0.001081264,0.00350385
716,768,83,0.004808391,0.001443741,0.00336465
716,768,84,0.005575755,0.002208898,0.003366857
716,768,85,0.004231343,0.000786815,0.003444528
716,768,86,0.006515057,0.003076483,0.003438574
716,768,87,0.004301039,0.000835358,0.003465681
716,768,88,0.005194074,0.001740797,0.003453277
716,768,89,0.004433934,0.00095821,0.003475724
716,768,90,0.004393993,0.000862231,0.003531762
716,768,91,0.00728212,0.003808794,0.003473326
716,768,92,0.004768001,0.001275539,0.003492462
716,768,93,0.003878334,0.000467311,0.003411023
716,768,94,0.004258661,0.000828488,0.003430173
716,768,95,0.004323332,0.00077704,0.003546292
716,768,96,0.004172661,0.000605415,0.003567246
716,768,97,0.004139603,0.00058365,0.003555953
716,768,98,0.004029281,0.00057344,0.003455841
716,768,99,0.005827063,0.002499352,0.003327711
716,768,100,0.004600582,0.001192778,0.003407804
716,768,101,0.004133916,0.000634089,0.003499827
716,768,102,0.004080839,0.000522599,0.00355824
716,768,103,0.003965414,0.000482045,0.003483369
716,768,104,0.005032291,0.001742548,0.003289743
716,768,105,0.006645164,0.003399324,0.00324584
716,768,106,0.005037312,0.001605768,0.003431544
716,768,107,0.004021298,0.000514951,0.003506347
716,768,108,0.006275627,0.002917883,0.003357744
716,768,109,0.005883584,0.002790849,0.003092735
716,768,110,0.00487514,0.001797941,0.003077199
717,768,1,0.761425383,0.638107025,0.123318358
717,768,2,0.003714163,0.000517608,0.003196555
717,768,3,0.008134657,0.005025543,0.003109114
717,768,4,0.003724895,0.000583219,0.003141676
717,768,5,0.036353056,0.033291384,0.003061672
717,768,6,0.003894522,0.000831681,0.003062841
717,768,7,0.003564701,0.00042471,0.003139991
717,768,8,0.004919329,0.001874451,0.003044878
717,768,9,0.004155593,0.001104249,0.003051344
717,768,10,0.003770333,0.000609945,0.003160388
717,768,11,0.03921433,0.035875374,0.003338956
717,768,12,0.004449468,0.001122981,0.003326487
717,768,13,0.004366938,0.000997574,0.003369364
717,768,14,0.004130329,0.00089579,0.003234539
717,768,15,0.004378515,0.00122792,0.003150595
717,768,16,0.004766916,0.001568233,0.003198683
717,768,17,0.00415234,0.001015131,0.003137209
717,768,18,0.004142184,0.000911814,0.00323037
717,768,19,0.004163287,0.000993755,0.003169532
717,768,20,0.004153346,0.000988804,0.003164542
717,768,21,0.004278283,0.00107032,0.003207963
717,768,22,0.004639136,0.001248121,0.003391015
717,768,23,0.004340945,0.000855812,0.003485133
717,768,24,0.004000498,0.000557049,0.003443449
717,768,25,0.004451049,0.000735153,0.003715896
717,768,26,0.004316666,0.000499317,0.003817349
717,768,27,0.004542627,0.000528924,0.004013703
717,768,28,0.004544465,0.000606479,0.003937986
717,768,29,0.004566247,0.000611745,0.003954502
717,768,30,0.004318817,0.000633446,0.003685371
717,768,31,0.004506531,0.000715856,0.003790675
717,768,32,0.010039364,0.006423561,0.003615803
717,768,33,0.00527059,0.001759642,0.003510948
717,768,34,0.005705663,0.002356101,0.003349562
717,768,35,0.005437289,0.002065271,0.003372018
717,768,36,0.005991346,0.002464656,0.00352669
717,768,37,0.005273268,0.0016261,0.003647168
717,768,38,0.005128224,0.001719512,0.003408712
717,768,39,0.00533339,0.001966386,0.003367004
717,768,40,0.004900459,0.001557061,0.003343398
717,768,41,0.00502226,0.001612799,0.003409461
717,768,42,0.004835975,0.001360122,0.003475853
717,768,43,0.004796969,0.001250543,0.003546426
717,768,44,0.00493136,0.001418192,0.003513168
717,768,45,0.004605861,0.001102106,0.003503755
717,768,46,0.004973433,0.001465566,0.003507867
717,768,47,0.005015085,0.00153241,0.003482675
717,768,48,0.005057786,0.00157437,0.003483416
717,768,49,0.00498937,0.001463424,0.003525946
717,768,50,0.004609327,0.00116658,0.003442747
717,768,51,0.004836376,0.001422595,0.003413781
717,768,52,0.005181916,0.001748455,0.003433461
717,768,53,0.004652984,0.001139445,0.003513539
717,768,54,0.004881899,0.001301463,0.003580436
717,768,55,0.004586383,0.000972083,0.0036143
717,768,56,0.004696081,0.001145497,0.003550584
717,768,57,0.004856501,0.001282708,0.003573793
717,768,58,0.004894247,0.001321002,0.003573245
717,768,59,0.004859573,0.001206357,0.003653216
717,768,60,0.004700986,0.001096541,0.003604445
717,768,61,0.004596319,0.000984183,0.003612136
717,768,62,0.004783156,0.001216407,0.003566749
717,768,63,0.004567979,0.001028418,0.003539561
717,768,64,0.00473193,0.001207857,0.003524073
717,768,65,0.004719678,0.001140337,0.003579341
717,768,66,0.004646552,0.001008773,0.003637779
717,768,67,0.004672214,0.001089377,0.003582837
717,768,68,0.004750343,0.001047022,0.003703321
717,768,69,0.004810006,0.001141743,0.003668263
717,768,70,0.004689287,0.001006852,0.003682435
717,768,71,0.004917074,0.001209545,0.003707529
717,768,72,0.004617426,0.000843743,0.003773683
717,768,73,0.004719119,0.000949965,0.003769154
717,768,74,0.004635686,0.000910839,0.003724847
717,768,75,0.004617361,0.000814303,0.003803058
717,768,76,0.004460936,0.000668699,0.003792237
717,768,77,0.004590163,0.000877842,0.003712321
717,768,78,0.004501342,0.000757496,0.003743846
717,768,79,0.004342406,0.000760247,0.003582159
717,768,80,0.00439415,0.000781146,0.003613004
717,768,81,0.004536023,0.000908495,0.003627528
717,768,82,0.005714617,0.002237945,0.003476672
717,768,83,0.005531346,0.002183819,0.003347527
717,768,84,0.004250827,0.00077173,0.003479097
717,768,85,0.006381008,0.002959796,0.003421212
717,768,86,0.00438362,0.000896954,0.003486666
717,768,87,0.004328077,0.000717901,0.003610176
717,768,88,0.004117061,0.000559786,0.003557275
717,768,89,0.004205392,0.000731457,0.003473935
717,768,90,0.004570775,0.00101578,0.003554995
717,768,91,0.004661113,0.000908186,0.003752927
717,768,92,0.006700208,0.003157959,0.003542249
717,768,93,0.004618739,0.001243762,0.003374977
717,768,94,0.004414259,0.000853835,0.003560424
717,768,95,0.004245275,0.000692618,0.003552657
717,768,96,0.00420009,0.000639659,0.003560431
717,768,97,0.004240493,0.000666541,0.003573952
717,768,98,0.00483185,0.001317068,0.003514782
717,768,99,0.005105238,0.001706581,0.003398657
717,768,100,0.004747188,0.001303017,0.003444171
717,768,101,0.004169455,0.00062367,0.003545785
717,768,102,0.004041725,0.000423411,0.003618314
717,768,103,0.004307046,0.000768798,0.003538248
717,768,104,0.005639772,0.002335865,0.003303907
717,768,105,0.004416766,0.001050891,0.003365875
717,768,106,0.005415022,0.001955983,0.003459039
717,768,107,0.004794346,0.001196865,0.003597481
717,768,108,0.005691544,0.002169338,0.003522206
717,768,109,0.004508837,0.001079327,0.00342951
717,768,110,0.005771089,0.00270437,0.003066719
718,768,1,0.757877149,0.634567042,0.123310107
718,768,2,0.01213978,0.008998881,0.003140899
718,768,3,0.00368988,0.00044345,0.00324643
718,768,4,0.003596857,0.000393432,0.003203425
718,768,5,0.003568779,0.000355423,0.003213356
718,768,6,0.035738014,0.032625938,0.003112076
718,768,7,0.004112108,0.001007787,0.003104321
718,768,8,0.003544886,0.000352575,0.003192311
718,768,9,0.004755688,0.001642959,0.003112729
718,768,10,0.040348641,0.036978244,0.003370397
718,768,11,0.004471456,0.000940794,0.003530662
718,768,12,0.004339136,0.000900829,0.003438307
718,768,13,0.004174046,0.000799594,0.003374452
718,768,14,0.004335115,0.00099299,0.003342125
718,768,15,0.004493702,0.001273127,0.003220575
718,768,16,0.004330907,0.001008999,0.003321908
718,768,17,0.004087461,0.000847837,0.003239624
718,768,18,0.004060991,0.000820398,0.003240593
718,768,19,0.004185102,0.000996258,0.003188844
718,768,20,0.004188894,0.000991799,0.003197095
718,768,21,0.004300639,0.001000709,0.00329993
718,768,22,0.004525962,0.001067503,0.003458459
718,768,23,0.004244481,0.000658865,0.003585616
718,768,24,0.004263,0.000752831,0.003510169
718,768,25,0.004215265,0.000610472,0.003604793
718,768,26,0.004309476,0.000513773,0.003795703
718,768,27,0.004355666,0.000460186,0.00389548
718,768,28,0.004350123,0.000433513,0.00391661
718,768,29,0.004482026,0.00055586,0.003926166
718,768,30,0.004325986,0.000585239,0.003740747
718,768,31,0.010953357,0.007357018,0.003596339
718,768,32,0.005293712,0.001800091,0.003493621
718,768,33,0.00590313,0.002481921,0.003421209
718,768,34,0.005456088,0.001946396,0.003509692
718,768,35,0.005796482,0.002301978,0.003494504
718,768,36,0.00520461,0.001762715,0.003441895
718,768,37,0.005215659,0.001746967,0.003468692
718,768,38,0.005337833,0.001886538,0.003451295
718,768,39,0.005008754,0.001368945,0.003639809
718,768,40,0.004575029,0.001020819,0.00355421
718,768,41,0.004779925,0.001200971,0.003578954
718,768,42,0.004784341,0.001241739,0.003542602
718,768,43,0.004936929,0.001401994,0.003534935
718,768,44,0.004443674,0.000995419,0.003448255
718,768,45,0.004888274,0.00141043,0.003477844
718,768,46,0.004897183,0.001499525,0.003397658
718,768,47,0.004865269,0.001338835,0.003526434
718,768,48,0.004726452,0.001202503,0.003523949
718,768,49,0.004865303,0.001332299,0.003533004
718,768,50,0.004929607,0.001327909,0.003601698
718,768,51,0.004675025,0.001156054,0.003518971
718,768,52,0.004846288,0.001267384,0.003578904
718,768,53,0.004696637,0.001073604,0.003623033
718,768,54,0.004617712,0.001038552,0.00357916
718,768,55,0.004777235,0.001158449,0.003618786
718,768,56,0.004699003,0.001057688,0.003641315
718,768,57,0.004723615,0.001064558,0.003659057
718,768,58,0.004783235,0.001154344,0.003628891
718,768,59,0.004733799,0.001072578,0.003661221
718,768,60,0.004763599,0.001061015,0.003702584
718,768,61,0.004798905,0.001059644,0.003739261
718,768,62,0.00459918,0.000979064,0.003620116
718,768,63,0.004719097,0.001028425,0.003690672
718,768,64,0.004659752,0.000957418,0.003702334
718,768,65,0.004604345,0.000963624,0.003640721
718,768,66,0.004709595,0.00105302,0.003656575
718,768,67,0.004637906,0.000948558,0.003689348
718,768,68,0.0048932,0.001167264,0.003725936
718,768,69,0.004589702,0.000902735,0.003686967
718,768,70,0.004758536,0.001066142,0.003692394
718,768,71,0.004866758,0.001082607,0.003784151
718,768,72,0.004558712,0.000806614,0.003752098
718,768,73,0.004566306,0.000811934,0.003754372
718,768,74,0.004760155,0.000988375,0.00377178
718,768,75,0.004749802,0.000945325,0.003804477
718,768,76,0.0045206,0.000736848,0.003783752
718,768,77,0.004348886,0.000670111,0.003678775
718,768,78,0.004580522,0.000927389,0.003653133
718,768,79,0.004521222,0.000850194,0.003671028
718,768,80,0.004566666,0.000873024,0.003693642
718,768,81,0.006693836,0.003239271,0.003454565
718,768,82,0.005763589,0.002261097,0.003502492
718,768,83,0.00416631,0.000659385,0.003506925
718,768,84,0.006227305,0.002760016,0.003467289
718,768,85,0.004456305,0.000929794,0.003526511
718,768,86,0.004169687,0.000556082,0.003613605
718,768,87,0.004254632,0.000621896,0.003632736
718,768,88,0.004201364,0.000635473,0.003565891
718,768,89,0.004183614,0.000619768,0.003563846
718,768,90,0.004290526,0.000718932,0.003571594
718,768,91,0.004196044,0.000546865,0.003649179
718,768,92,0.004180623,0.000559868,0.003620755
718,768,93,0.006493662,0.003019504,0.003474158
718,768,94,0.004935989,0.001372787,0.003563202
718,768,95,0.004196655,0.000669813,0.003526842
718,768,96,0.004282066,0.000671509,0.003610557
718,768,97,0.004223524,0.000655631,0.003567893
718,768,98,0.004132405,0.000602747,0.003529658
718,768,99,0.00505076,0.001649713,0.003401047
718,768,100,0.005290217,0.001865481,0.003424736
718,768,101,0.004463381,0.000889768,0.003573613
718,768,102,0.004095953,0.000508647,0.003587306
718,768,103,0.004093353,0.000522226,0.003571127
718,768,104,0.004203668,0.000702693,0.003500975
718,768,105,0.00810449,0.004739523,0.003364967
718,768,106,0.004441994,0.000838831,0.003603163
718,768,107,0.004037411,0.000411839,0.003625572
718,768,108,0.006004218,0.002542099,0.003462119
718,768,109,0.005410799,0.002155911,0.003254888
718,768,110,0.004458267,0.001197878,0.003260389
719,768,1,0.766686744,0.642633542,0.124053202
719,768,2,0.003664461,0.000489806,0.003174655
719,768,3,0.003531656,0.000410795,0.003120861
719,768,4,0.003566255,0.000405541,0.003160714
719,768,5,0.02358002,0.020544155,0.003035865
719,768,6,0.006299576,0.003277618,0.003021958
719,768,7,0.012458877,0.009440938,0.003017939
719,768,8,0.004121697,0.001100113,0.003021584
719,768,9,0.041953879,0.038739987,0.003213892
719,768,10,0.004263627,0.000964578,0.003299049
719,768,11,0.004465735,0.00102372,0.003442015
719,768,12,0.004189191,0.00081086,0.003378331
719,768,13,0.00431297,0.001035749,0.003277221
719,768,14,0.004488149,0.001265161,0.003222988
719,768,15,0.004173935,0.000969952,0.003203983
719,768,16,0.004048976,0.000853761,0.003195215
719,768,17,0.004041253,0.000922745,0.003118508
719,768,18,0.004233224,0.001113536,0.003119688
719,768,19,0.004255002,0.00110528,0.003149722
719,768,20,0.004064453,0.001013642,0.003050811
719,768,21,0.004274602,0.001172412,0.00310219
719,768,22,0.004513759,0.001259602,0.003254157
719,768,23,0.004507088,0.000903321,0.003603767
719,768,24,0.004014282,0.000465595,0.003548687
719,768,25,0.004065443,0.000584892,0.003480551
719,768,26,0.004201912,0.000596585,0.003605327
719,768,27,0.004294552,0.000496174,0.003798378
719,768,28,0.004680059,0.000780133,0.003899926
719,768,29,0.004440461,0.000566159,0.003874302
719,768,30,0.011193535,0.00767193,0.003521605
719,768,31,0.005452732,0.001988509,0.003464223
719,768,32,0.005949164,0.002386395,0.003562769
719,768,33,0.005410122,0.00201989,0.003390232
719,768,34,0.005770886,0.002371946,0.00339894
719,768,35,0.005307864,0.001927894,0.00337997
719,768,36,0.005087088,0.001697089,0.003389999
719,768,37,0.005236321,0.001782835,0.003453486
719,768,38,0.004983664,0.001378079,0.003605585
719,768,39,0.004711822,0.001218655,0.003493167
719,768,40,0.00459936,0.001224353,0.003375007
719,768,41,0.004638783,0.001305115,0.003333668
719,768,42,0.004967213,0.001569804,0.003397409
719,768,43,0.004524319,0.001060215,0.003464104
719,768,44,0.004685875,0.00135034,0.003335535
719,768,45,0.005080925,0.001707863,0.003373062
719,768,46,0.00463299,0.001211893,0.003421097
719,768,47,0.004760062,0.001327239,0.003432823
719,768,48,0.004944991,0.001486949,0.003458042
719,768,49,0.004627181,0.001178419,0.003448762
719,768,50,0.004758679,0.001246533,0.003512146
719,768,51,0.004788743,0.001244231,0.003544512
719,768,52,0.004899492,0.001316452,0.00358304
719,768,53,0.004382622,0.000833081,0.003549541
719,768,54,0.004764875,0.001156325,0.00360855
719,768,55,0.004492929,0.000906047,0.003586882
719,768,56,0.004714066,0.001100078,0.003613988
719,768,57,0.004626866,0.001039417,0.003587449
719,768,58,0.004600887,0.001032876,0.003568011
719,768,59,0.004734086,0.001191146,0.00354294
719,768,60,0.004707633,0.001116454,0.003591179
719,768,61,0.004631605,0.001070095,0.00356151
719,768,62,0.004657822,0.001042382,0.00361544
719,768,63,0.004743546,0.00115111,0.003592436
719,768,64,0.004749327,0.001081202,0.003668125
719,768,65,0.004657023,0.001081316,0.003575707
719,768,66,0.004711575,0.001143107,0.003568468
719,768,67,0.004768186,0.001126551,0.003641635
719,768,68,0.004696864,0.001060989,0.003635875
719,768,69,0.004588962,0.001001769,0.003587193
719,768,70,0.00472008,0.001086556,0.003633524
719,768,71,0.004751628,0.00111022,0.003641408
719,768,72,0.004704707,0.001018806,0.003685901
719,768,73,0.00467468,0.001006432,0.003668248
719,768,74,0.004764073,0.001001326,0.003762747
719,768,75,0.004512974,0.000854216,0.003658758
719,768,76,0.00469356,0.000942746,0.003750814
719,768,77,0.00450813,0.000847059,0.003661071
719,768,78,0.004561722,0.000989698,0.003572024
719,768,79,0.00453022,0.000976193,0.003554027
719,768,80,0.004719191,0.001064296,0.003654895
719,768,81,0.004299495,0.000704388,0.003595107
719,768,82,0.005969845,0.002506323,0.003463522
719,768,83,0.008733867,0.005355377,0.00337849
719,768,84,0.004307569,0.000815947,0.003491622
719,768,85,0.004059723,0.000607393,0.00345233
719,768,86,0.004296741,0.000825423,0.003471318
719,768,87,0.004212815,0.000694423,0.003518392
719,768,88,0.00429351,0.000783372,0.003510138
719,768,89,0.004119943,0.000649699,0.003470244
719,768,90,0.004162946,0.000671802,0.003491144
719,768,91,0.004286526,0.000681432,0.003605094
719,768,92,0.004058738,0.000541859,0.003516879
719,768,93,0.005084909,0.001693344,0.003391565
719,768,94,0.005321243,0.00186734,0.003453903
719,768,95,0.005073556,0.001601095,0.003472461
719,768,96,0.004197875,0.000697159,0.003500716
719,768,97,0.004543232,0.00098248,0.003560752
719,768,98,0.004508278,0.001077705,0.003430573
719,768,99,0.004785175,0.0014661,0.003319075
719,768,100,0.004638276,0.001286643,0.003351633
719,768,101,0.004567561,0.001094087,0.003473474
719,768,102,0.004041696,0.000509945,0.003531751
719,768,103,0.0040329,0.00057928,0.00345362
719,768,104,0.004389495,0.000928041,0.003461454
719,768,105,0.00455678,0.001269128,0.003287652
719,768,106,0.007889201,0.004386629,0.003502572
719,768,107,0.006362916,0.003070055,0.003292861
719,768,108,0.005399567,0.002077465,0.003322102
719,768,109,0.004339405,0.001215938,0.003123467
719,768,110,0.00482183,0.00175036,0.00307147
720,768,1,0.758197076,0.6367118,0.121485276
720,768,2,0.011703962,0.008632256,0.003071706
720,768,3,0.003701091,0.000558946,0.003142145
720,768,4,0.024242214,0.02118807,0.003054144
720,768,5,0.006161544,0.003111387,0.003050157
720,768,6,0.003946841,0.000757957,0.003188884
720,768,7,0.003495172,0.000358881,0.003136291
720,768,8,0.051084284,0.047661438,0.003422846
720,768,9,0.004179575,0.000690153,0.003489422
720,768,10,0.004183857,0.000758523,0.003425334
720,768,11,0.004300732,0.000761892,0.00353884
720,768,12,0.004291846,0.000833443,0.003458403
720,768,13,0.004565325,0.001121362,0.003443963
720,768,14,0.004207287,0.00081592,0.003391367
720,768,15,0.00386302,0.000574705,0.003288315
720,768,16,0.00403299,0.000764613,0.003268377
720,768,17,0.004006266,0.000790146,0.00321612
720,768,18,0.004076404,0.000904784,0.00317162
720,768,19,0.004086714,0.000949696,0.003137018
720,768,20,0.004102671,0.000937056,0.003165615
720,768,21,0.004203231,0.001033391,0.00316984
720,768,22,0.004248277,0.001041877,0.0032064
720,768,23,0.004163027,0.000876567,0.00328646
720,768,24,0.004107633,0.000740106,0.003367527
720,768,25,0.00396241,0.000691942,0.003270468
720,768,26,0.004043121,0.000777893,0.003265228
720,768,27,0.004253049,0.000915063,0.003337986
720,768,28,0.004375756,0.000948519,0.003427237
720,768,29,0.013041145,0.009472837,0.003568308
720,768,30,0.005522677,0.001860811,0.003661866
720,768,31,0.005947385,0.002251047,0.003696338
720,768,32,0.005566418,0.001877304,0.003689114
720,768,33,0.005722301,0.001934112,0.003788189
720,768,34,0.005362012,0.001546279,0.003815733
720,768,35,0.005115273,0.001423939,0.003691334
720,768,36,0.004987448,0.001298482,0.003688966
720,768,37,0.004778848,0.001061896,0.003716952
720,768,38,0.005011417,0.001172317,0.0038391
720,768,39,0.004582528,0.000914045,0.003668483
720,768,40,0.004794591,0.001141965,0.003652626
720,768,41,0.004661539,0.000964474,0.003697065
720,768,42,0.004437236,0.000792247,0.003644989
720,768,43,0.004778454,0.001102824,0.00367563
720,768,44,0.004703729,0.001026716,0.003677013
720,768,45,0.004627205,0.000924776,0.003702429
720,768,46,0.004997259,0.001165055,0.003832204
720,768,47,0.004699444,0.000960063,0.003739381
720,768,48,0.004904373,0.001093982,0.003810391
720,768,49,0.004728341,0.000849296,0.003879045
720,768,50,0.004554245,0.000650184,0.003904061
720,768,51,0.004518277,0.000705769,0.003812508
720,768,52,0.004857568,0.001041255,0.003816313
720,768,53,0.00444521,0.000623593,0.003821617
720,768,54,0.004854953,0.000972327,0.003882626
720,768,55,0.00454666,0.000652855,0.003893805
720,768,56,0.004811235,0.000863117,0.003948118
720,768,57,0.004546601,0.000580959,0.003965642
720,768,58,0.004825429,0.000893627,0.003931802
720,768,59,0.004490355,0.000570736,0.003919619
720,768,60,0.004575499,0.000736619,0.00383888
720,768,61,0.004620784,0.000702857,0.003917927
720,768,62,0.004668115,0.000739837,0.003928278
720,768,63,0.00451369,0.000681705,0.003831985
720,768,64,0.004893004,0.001043219,0.003849785
720,768,65,0.004469509,0.000629165,0.003840344
720,768,66,0.004724828,0.000970454,0.003754374
720,768,67,0.004550575,0.000843796,0.003706779
720,768,68,0.004593268,0.000881272,0.003711996
720,768,69,0.00448045,0.000798193,0.003682257
720,768,70,0.00483207,0.001106634,0.003725436
720,768,71,0.00439222,0.000704773,0.003687447
720,768,72,0.004866419,0.001140908,0.003725511
720,768,73,0.004658893,0.000783553,0.00387534
720,768,74,0.004605524,0.000803222,0.003802302
720,768,75,0.00473145,0.000953047,0.003778403
720,768,76,0.004514022,0.000737451,0.003776571
720,768,77,0.004559707,0.000878202,0.003681505
720,768,78,0.004869757,0.001103314,0.003766443
720,768,79,0.00437796,0.000666519,0.003711441
720,768,80,0.004488465,0.000912297,0.003576168
720,768,81,0.00473604,0.001057972,0.003678068
720,768,82,0.004801462,0.001041544,0.003759918
720,768,83,0.005135125,0.001538469,0.003596656
720,768,84,0.008860851,0.005300175,0.003560676
720,768,85,0.004200508,0.00064211,0.003558398
720,768,86,0.003959176,0.000543237,0.003415939
720,768,87,0.004312612,0.000784705,0.003527907
720,768,88,0.004283939,0.000640495,0.003643444
720,768,89,0.004308362,0.000601337,0.003707025
720,768,90,0.004256966,0.000658794,0.003598172
720,768,91,0.004108835,0.000639475,0.00346936
720,768,92,0.005758758,0.002310717,0.003448041
720,768,93,0.005210303,0.001758873,0.00345143
720,768,94,0.005088501,0.001587573,0.003500928
720,768,95,0.004304548,0.0006848,0.003619748
720,768,96,0.004433258,0.000897791,0.003535467
720,768,97,0.004583945,0.000864018,0.003719927
720,768,98,0.004570727,0.000915509,0.003655218
720,768,99,0.004910689,0.001163471,0.003747218
720,768,100,0.00470153,0.000995253,0.003706277
720,768,101,0.00388709,0.000477404,0.003409686
720,768,102,0.004000955,0.00062922,0.003371735
720,768,103,0.003981348,0.000703185,0.003278163
720,768,104,0.004243251,0.000975692,0.003267559
720,768,105,0.008745725,0.005430238,0.003315487
720,768,106,0.004384163,0.000976219,0.003407944
720,768,107,0.004838688,0.001503508,0.00333518
720,768,108,0.005572111,0.002049061,0.00352305
720,768,109,0.005202484,0.001909006,0.003293478
720,768,110,0.006001567,0.002891777,0.00310979
721,768,1,0.756004596,0.633847459,0.122157137
721,768,2,0.006984936,0.003949114,0.003035822
721,768,3,0.010103668,0.007068144,0.003035524
721,768,4,0.003769749,0.000664784,0.003104965
721,768,5,0.024267848,0.021236463,0.003031385
721,768,6,0.006115716,0.003082768,0.003032948
721,768,7,0.004791723,0.001636209,0.003155514
721,768,8,0.004062324,0.000933927,0.003128397
721,768,9,0.05019026,0.046811465,0.003378795
721,768,10,0.004326735,0.000883489,0.003443246
721,768,11,0.004400703,0.000974741,0.003425962
721,768,12,0.004283971,0.000819187,0.003464784
721,768,13,0.004283358,0.00079555,0.003487808
721,768,14,0.004136791,0.000807003,0.003329788
721,768,15,0.004071722,0.000805064,0.003266658
721,768,16,0.003943012,0.000709094,0.003233918
721,768,17,0.004086826,0.000887298,0.003199528
721,768,18,0.004074722,0.000855577,0.003219145
721,768,19,0.004159916,0.001012221,0.003147695
721,768,20,0.004077695,0.000921555,0.00315614
721,768,21,0.004131166,0.000989885,0.003141281
721,768,22,0.004303183,0.001154493,0.00314869
721,768,23,0.004222253,0.000968661,0.003253592
721,768,24,0.004089279,0.00071635,0.003372929
721,768,25,0.003778642,0.000608225,0.003170417
721,768,26,0.003947303,0.000684412,0.003262891
721,768,27,0.004131781,0.000767943,0.003363838
721,768,28,0.01341369,0.010047554,0.003366136
721,768,29,0.006013322,0.002408784,0.003604538
721,768,30,0.005855881,0.002120724,0.003735157
721,768,31,0.00554108,0.001872957,0.003668123
721,768,32,0.005421343,0.001667996,0.003753347
721,768,33,0.005760082,0.001894313,0.003865769
721,768,34,0.005451423,0.001708171,0.003743252
721,768,35,0.004747548,0.001032727,0.003714821
721,768,36,0.004570595,0.000848408,0.003722187
721,768,37,0.00503921,0.001301833,0.003737377
721,768,38,0.004461598,0.000766085,0.003695513
721,768,39,0.004475337,0.000871002,0.003604335
721,768,40,0.004749526,0.001116793,0.003632733
721,768,41,0.004657771,0.001098458,0.003559313
721,768,42,0.00453668,0.000913148,0.003623532
721,768,43,0.004850502,0.00115377,0.003696732
721,768,44,0.004749648,0.001073544,0.003676104
721,768,45,0.00477432,0.00112014,0.00365418
721,768,46,0.004829261,0.001096031,0.00373323
721,768,47,0.004944888,0.001205479,0.003739409
721,768,48,0.004780513,0.000945327,0.003835186
721,768,49,0.004604264,0.00071734,0.003886924
721,768,50,0.004585291,0.000659259,0.003926032
721,768,51,0.004539789,0.000661874,0.003877915
721,768,52,0.004747934,0.00086354,0.003884394
721,768,53,0.004633911,0.000787611,0.0038463
721,768,54,0.00448844,0.000646527,0.003841913
721,768,55,0.004793599,0.000944201,0.003849398
721,768,56,0.00450175,0.000585157,0.003916593
721,768,57,0.004729865,0.00085298,0.003876885
721,768,58,0.004592771,0.000635268,0.003957503
721,768,59,0.004637999,0.000714111,0.003923888
721,768,60,0.004437239,0.000541034,0.003896205
721,768,61,0.004645319,0.00073626,0.003909059
721,768,62,0.004622185,0.000718716,0.003903469
721,768,63,0.004698323,0.000783085,0.003915238
721,768,64,0.004571705,0.000695874,0.003875831
721,768,65,0.004683406,0.000819059,0.003864347
721,768,66,0.004452058,0.000636314,0.003815744
721,768,67,0.004670775,0.000917914,0.003752861
721,768,68,0.004398759,0.000700716,0.003698043
721,768,69,0.004614976,0.000843631,0.003771345
721,768,70,0.00450922,0.000797922,0.003711298
721,768,71,0.00480273,0.001046315,0.003756415
721,768,72,0.004326126,0.000636825,0.003689301
721,768,73,0.00495516,0.001165426,0.003789734
721,768,74,0.004625634,0.000815625,0.003810009
721,768,75,0.004624905,0.000774448,0.003850457
721,768,76,0.004631896,0.000898776,0.00373312
721,768,77,0.004602647,0.000742583,0.003860064
721,768,78,0.004676697,0.000916681,0.003760016
721,768,79,0.004676839,0.000988062,0.003688777
721,768,80,0.004416737,0.00081171,0.003605027
721,768,81,0.005042838,0.001436965,0.003605873
721,768,82,0.004847549,0.00121697,0.003630579
721,768,83,0.004586526,0.000897457,0.003689069
721,768,84,0.004807003,0.001136,0.003671003
721,768,85,0.008272488,0.00485845,0.003414038
721,768,86,0.004231972,0.000793808,0.003438164
721,768,87,0.004181414,0.00067364,0.003507774
721,768,88,0.004430265,0.000707549,0.003722716
721,768,89,0.004245008,0.00054046,0.003704548
721,768,90,0.004120599,0.000524078,0.003596521
721,768,91,0.006557155,0.00321648,0.003340675
721,768,92,0.005078189,0.001648225,0.003429964
721,768,93,0.004318505,0.000832733,0.003485772
721,768,94,0.004820219,0.001203249,0.00361697
721,768,95,0.004077532,0.000541866,0.003535666
721,768,96,0.004414781,0.000954642,0.003460139
721,768,97,0.004532961,0.000916356,0.003616605
721,768,98,0.004890344,0.001198144,0.0036922
721,768,99,0.005058716,0.001405616,0.0036531
721,768,100,0.004244776,0.000619692,0.003625084
721,768,101,0.00409789,0.000687419,0.003410471
721,768,102,0.004370293,0.000994713,0.00337558
721,768,103,0.003829822,0.000551389,0.003278433
721,768,104,0.009124502,0.005960918,0.003163584
721,768,105,0.004400368,0.000970513,0.003429855
721,768,106,0.004862843,0.001367766,0.003495077
721,768,107,0.004290698,0.000872169,0.003418529
721,768,108,0.004226171,0.00079345,0.003432721
721,768,109,0.008507055,0.005456521,0.003050534
721,768,110,0.003765208,0.000601402,0.003163806
722,768,1,0.754021367,0.631917717,0.12210365
722,768,2,0.011081704,0.00788045,0.003201254
722,768,3,0.003697785,0.000527881,0.003169904
722,768,4,0.007422364,0.004353223,0.003069141
722,768,5,0.024610255,0.021554799,0.003055456
722,768,6,0.0078348,0.004782329,0.003052471
722,768,7,0.00410583,0.00099083,0.003115
722,768,8,0.036958253,0.033724224,0.003234029
722,768,9,0.004329528,0.000951847,0.003377681
722,768,10,0.01591283,0.012469682,0.003443148
722,768,11,0.004424536,0.000953122,0.003471414
722,768,12,0.004298749,0.0007964,0.003502349
722,768,13,0.004303372,0.000871791,0.003431581
722,768,14,0.004128385,0.000691202,0.003437183
722,768,15,0.004129584,0.000803612,0.003325972
722,768,16,0.004144249,0.000873209,0.00327104
722,768,17,0.004027287,0.000777983,0.003249304
722,768,18,0.004014419,0.000854869,0.00315955
722,768,19,0.004092722,0.000955096,0.003137626
722,768,20,0.004138149,0.00100205,0.003136099
722,768,21,0.004378148,0.00120218,0.003175968
722,768,22,0.004246857,0.001037461,0.003209396
722,768,23,0.004362682,0.001071369,0.003291313
722,768,24,0.004033972,0.000680763,0.003353209
722,768,25,0.003827023,0.00063117,0.003195853
722,768,26,0.004111609,0.000846717,0.003264892
722,768,27,0.013541097,0.010149829,0.003391268
722,768,28,0.005677626,0.002261443,0.003416183
722,768,29,0.005637267,0.002055401,0.003581866
722,768,30,0.00600711,0.002328615,0.003678495
722,768,31,0.005421084,0.00163576,0.003785324
722,768,32,0.005393396,0.001711925,0.003681471
722,768,33,0.005310963,0.001625145,0.003685818
722,768,34,0.005256336,0.001468929,0.003787407
722,768,35,0.004468471,0.000785107,0.003683364
722,768,36,0.004862906,0.001148378,0.003714528
722,768,37,0.004653696,0.000927985,0.003725711
722,768,38,0.004807138,0.001032447,0.003774691
722,768,39,0.004559122,0.000836611,0.003722511
722,768,40,0.004723822,0.001003929,0.003719893
722,768,41,0.004250846,0.000596362,0.003654484
722,768,42,0.004651656,0.001026262,0.003625394
722,768,43,0.004424123,0.000830966,0.003593157
722,768,44,0.004937212,0.00116447,0.003772742
722,768,45,0.004700435,0.00094082,0.003759615
722,768,46,0.00453338,0.000806488,0.003726892
722,768,47,0.004650724,0.000860993,0.003789731
722,768,48,0.004614066,0.000847481,0.003766585
722,768,49,0.004766321,0.000936478,0.003829843
722,768,50,0.004505039,0.000667406,0.003837633
722,768,51,0.004712607,0.000878033,0.003834574
722,768,52,0.004484078,0.000688151,0.003795927
722,768,53,0.004866022,0.00101513,0.003850892
722,768,54,0.004660998,0.000857308,0.00380369
722,768,55,0.004701988,0.000775423,0.003926565
722,768,56,0.004746033,0.00075647,0.003989563
722,768,57,0.004584855,0.000650112,0.003934743
722,768,58,0.004762992,0.000794492,0.0039685
722,768,59,0.00457876,0.000655476,0.003923284
722,768,60,0.004536414,0.000609983,0.003926431
722,768,61,0.004631155,0.000705176,0.003925979
722,768,62,0.004597754,0.000624258,0.003973496
722,768,63,0.004530662,0.000695882,0.00383478
722,768,64,0.004475971,0.000604791,0.00387118
722,768,65,0.004609582,0.000809804,0.003799778
722,768,66,0.004565691,0.000691677,0.003874014
722,768,67,0.004541376,0.000778367,0.003763009
722,768,68,0.004552419,0.000830946,0.003721473
722,768,69,0.004515372,0.000818867,0.003696505
722,768,70,0.004561185,0.000838916,0.003722269
722,768,71,0.004522867,0.000831001,0.003691866
722,768,72,0.004595579,0.000880369,0.00371521
722,768,73,0.004685276,0.000943117,0.003742159
722,768,74,0.004473596,0.000717535,0.003756061
722,768,75,0.004666254,0.000938831,0.003727423
722,768,76,0.004549784,0.000802835,0.003746949
722,768,77,0.004666912,0.001006175,0.003660737
722,768,78,0.004522249,0.000875421,0.003646828
722,768,79,0.005363802,0.001636469,0.003727333
722,768,80,0.004395933,0.0007992,0.003596733
722,768,81,0.005208831,0.001633779,0.003575052
722,768,82,0.004732146,0.001024375,0.003707771
722,768,83,0.004795831,0.001070292,0.003725539
722,768,84,0.004397589,0.000723513,0.003674076
722,768,85,0.004556595,0.000950138,0.003606457
722,768,86,0.007392982,0.004055665,0.003337317
722,768,87,0.004413264,0.000936732,0.003476532
722,768,88,0.00444456,0.000782932,0.003661628
722,768,89,0.004354749,0.000701794,0.003652955
722,768,90,0.004099049,0.000530658,0.003568391
722,768,91,0.004167452,0.000682454,0.003484998
722,768,92,0.006532497,0.003080868,0.003451629
722,768,93,0.005076758,0.001660611,0.003416147
722,768,94,0.00493279,0.001469471,0.003463319
722,768,95,0.004362088,0.000801703,0.003560385
722,768,96,0.004886411,0.001360248,0.003526163
722,768,97,0.00484939,0.001302328,0.003547062
722,768,98,0.005298928,0.001573543,0.003725385
722,768,99,0.004204808,0.000488028,0.00371678
722,768,100,0.004659595,0.00100935,0.003650245
722,768,101,0.004348463,0.000725716,0.003622747
722,768,102,0.003963195,0.000591898,0.003371297
722,768,103,0.008987303,0.005814536,0.003172767
722,768,104,0.004144517,0.000956589,0.003187928
722,768,105,0.004459254,0.001030405,0.003428849
722,768,106,0.004991729,0.001577745,0.003413984
722,768,107,0.004175903,0.000631153,0.00354475
722,768,108,0.004030333,0.000505164,0.003525169
722,768,109,0.004770188,0.001362111,0.003408077
722,768,110,0.006539098,0.003471573,0.003067525
723,768,1,0.758440679,0.635552173,0.122888506
723,768,2,0.003636619,0.000460055,0.003176564
723,768,3,0.006952237,0.00388625,0.003065987
723,768,4,0.003949522,0.000750756,0.003198766
723,768,5,0.032602651,0.029578641,0.00302401
723,768,6,0.003997314,0.000972897,0.003024417
723,768,7,0.016771849,0.013760534,0.003011315
723,768,8,0.00401809,0.001008915,0.003009175
723,768,9,0.023248349,0.019877887,0.003370462
723,768,10,0.004460203,0.001025723,0.00343448
723,768,11,0.015663051,0.012308204,0.003354847
723,768,12,0.004717654,0.001212999,0.003504655
723,768,13,0.004315313,0.00086949,0.003445823
723,768,14,0.004147015,0.00080649,0.003340525
723,768,15,0.003832311,0.000574483,0.003257828
723,768,16,0.004283051,0.000998665,0.003284386
723,768,17,0.004333701,0.001115314,0.003218387
723,768,18,0.004121511,0.000992191,0.00312932
723,768,19,0.00423743,0.001125022,0.003112408
723,768,20,0.004336062,0.001152218,0.003183844
723,768,21,0.004234756,0.001193532,0.003041224
723,768,22,0.004582069,0.001386584,0.003195485
723,768,23,0.004276072,0.001002182,0.00327389
723,768,24,0.004093814,0.000756719,0.003337095
723,768,25,0.003872342,0.000615206,0.003257136
723,768,26,0.013456208,0.010204285,0.003251923
723,768,27,0.00543795,0.002241018,0.003196932
723,768,28,0.005752702,0.002379895,0.003372807
723,768,29,0.005845688,0.002273072,0.003572616
723,768,30,0.005430315,0.001639127,0.003791188
723,768,31,0.00544196,0.001720094,0.003721866
723,768,32,0.005231776,0.001609935,0.003621841
723,768,33,0.004936266,0.001227269,0.003708997
723,768,34,0.004872771,0.001067559,0.003805212
723,768,35,0.004609707,0.000897574,0.003712133
723,768,36,0.004822185,0.001144902,0.003677283
723,768,37,0.004554819,0.000860144,0.003694675
723,768,38,0.00476395,0.001049417,0.003714533
723,768,39,0.004653456,0.000955985,0.003697471
723,768,40,0.00451046,0.000813199,0.003697261
723,768,41,0.004437073,0.000866525,0.003570548
723,768,42,0.004437474,0.000834719,0.003602755
723,768,43,0.004760953,0.001150303,0.00361065
723,768,44,0.004820582,0.001053325,0.003767257
723,768,45,0.004580464,0.000785613,0.003794851
723,768,46,0.004254871,0.000540856,0.003714015
723,768,47,0.004704621,0.000954982,0.003749639
723,768,48,0.004702945,0.000903451,0.003799494
723,768,49,0.004647533,0.000843055,0.003804478
723,768,50,0.005014991,0.000980595,0.004034396
723,768,51,0.004330066,0.000449798,0.003880268
723,768,52,0.004598491,0.000716439,0.003882052
723,768,53,0.004482098,0.000676003,0.003806095
723,768,54,0.004852939,0.000981853,0.003871086
723,768,55,0.004568612,0.000694245,0.003874367
723,768,56,0.004640927,0.000794807,0.00384612
723,768,57,0.00446384,0.000595718,0.003868122
723,768,58,0.004805453,0.000878231,0.003927222
723,768,59,0.004392956,0.000578246,0.00381471
723,768,60,0.004743964,0.000913335,0.003830629
723,768,61,0.00437088,0.000570088,0.003800792
723,768,62,0.004860148,0.000964914,0.003895234
723,768,63,0.004571163,0.000759924,0.003811239
723,768,64,0.00470764,0.000796627,0.003911013
723,768,65,0.004547895,0.000712998,0.003834897
723,768,66,0.004618025,0.00077717,0.003840855
723,768,67,0.004516219,0.000773744,0.003742475
723,768,68,0.004692181,0.000966479,0.003725702
723,768,69,0.004444658,0.000748498,0.00369616
723,768,70,0.004662384,0.000889927,0.003772457
723,768,71,0.004497302,0.000766945,0.003730357
723,768,72,0.00470147,0.00087148,0.00382999
723,768,73,0.004447283,0.000660819,0.003786464
723,768,74,0.004626329,0.000807327,0.003819002
723,768,75,0.004463552,0.000731756,0.003731796
723,768,76,0.004647749,0.00090447,0.003743279
723,768,77,0.004734568,0.000982651,0.003751917
723,768,78,0.005306215,0.001731271,0.003574944
723,768,79,0.004663161,0.000958858,0.003704303
723,768,80,0.004504451,0.000926705,0.003577746
723,768,81,0.004875904,0.001313106,0.003562798
723,768,82,0.004717419,0.001166339,0.00355108
723,768,83,0.004879397,0.001129185,0.003750212
723,768,84,0.004404442,0.000779811,0.003624631
723,768,85,0.004677111,0.001088316,0.003588795
723,768,86,0.004704603,0.001097895,0.003606708
723,768,87,0.006338962,0.002894784,0.003444178
723,768,88,0.00440395,0.000807796,0.003596154
723,768,89,0.004447835,0.000764451,0.003683384
723,768,90,0.004232666,0.000678299,0.003554367
723,768,91,0.004355332,0.000869599,0.003485733
723,768,92,0.004188172,0.00075937,0.003428802
723,768,93,0.006089305,0.002705037,0.003384268
723,768,94,0.005764851,0.002367795,0.003397056
723,768,95,0.005653689,0.002228619,0.00342507
723,768,96,0.005282422,0.001742228,0.003540194
723,768,97,0.005118864,0.00169238,0.003426484
723,768,98,0.004126659,0.000474069,0.00365259
723,768,99,0.004712299,0.001123373,0.003588926
723,768,100,0.004532864,0.000833432,0.003699432
723,768,101,0.004112989,0.00057643,0.003536559
723,768,102,0.009059694,0.005880118,0.003179576
723,768,103,0.004221417,0.000929787,0.00329163
723,768,104,0.004171291,0.000874043,0.003297248
723,768,105,0.005172353,0.001668784,0.003503569
723,768,106,0.004070038,0.000573657,0.003496381
723,768,107,0.004032489,0.000428572,0.003603917
723,768,108,0.004844623,0.001361905,0.003482718
723,768,109,0.004648277,0.00137771,0.003270567
723,768,110,0.005263429,0.002209358,0.003054071
724,768,1,0.755985786,0.633946951,0.122038835
724,768,2,0.009663482,0.006618204,0.003045278
724,768,3,0.003797137,0.000641993,0.003155144
724,768,4,0.004703142,0.001652242,0.0030509
724,768,5,0.01356018,0.010523751,0.003036429
724,768,6,0.035330471,0.032309059,0.003021412
724,768,7,0.004130567,0.000982246,0.003148321
724,768,8,0.003505725,0.000410417,0.003095308
724,768,9,0.019432042,0.016187785,0.003244257
724,768,10,0.00704778,0.003649791,0.003397989
724,768,11,0.00447959,0.001076193,0.003403397
724,768,12,0.015670238,0.012320892,0.003349346
724,768,13,0.004719057,0.00128096,0.003438097
724,768,14,0.004365689,0.000954108,0.003411581
724,768,15,0.004088305,0.000795374,0.003292931
724,768,16,0.004002036,0.000759616,0.00324242
724,768,17,0.004130808,0.000914271,0.003216537
724,768,18,0.004434901,0.00125071,0.003184191
724,768,19,0.004170834,0.001032363,0.003138471
724,768,20,0.004232735,0.001098042,0.003134693
724,768,21,0.0043648,0.001170595,0.003194205
724,768,22,0.004430682,0.001340867,0.003089815
724,768,23,0.004447323,0.001189122,0.003258201
724,768,24,0.004050432,0.0006796,0.003370832
724,768,25,0.014122552,0.010939069,0.003183483
724,768,26,0.005554942,0.002331828,0.003223114
724,768,27,0.005768784,0.002366769,0.003402015
724,768,28,0.005590522,0.002033258,0.003557264
724,768,29,0.0051924,0.001551785,0.003640615
724,768,30,0.005597368,0.001828821,0.003768547
724,768,31,0.005191556,0.001537056,0.0036545
724,768,32,0.004776809,0.001110201,0.003666608
724,768,33,0.004562093,0.000899987,0.003662106
724,768,34,0.004842549,0.001087016,0.003755533
724,768,35,0.004668778,0.00096917,0.003699608
724,768,36,0.004681987,0.000925805,0.003756182
724,768,37,0.004582547,0.000821136,0.003761411
724,768,38,0.004512677,0.000677472,0.003835205
724,768,39,0.004753354,0.000988765,0.003764589
724,768,40,0.004275208,0.000561473,0.003713735
724,768,41,0.004469849,0.00081216,0.003657689
724,768,42,0.004476345,0.00086157,0.003614775
724,768,43,0.004752147,0.0010941,0.003658047
724,768,44,0.00438747,0.000703319,0.003684151
724,768,45,0.004717915,0.001032971,0.003684944
724,768,46,0.004615683,0.000896695,0.003718988
724,768,47,0.004786697,0.001012632,0.003774065
724,768,48,0.004669805,0.000814652,0.003855153
724,768,49,0.004522438,0.000732515,0.003789923
724,768,50,0.004775698,0.00091196,0.003863738
724,768,51,0.004492493,0.000630926,0.003861567
724,768,52,0.0046274,0.000823227,0.003804173
724,768,53,0.004638831,0.000790432,0.003848399
724,768,54,0.004610342,0.000729462,0.00388088
724,768,55,0.004699191,0.000813192,0.003885999
724,768,56,0.004635202,0.000698807,0.003936395
724,768,57,0.004549795,0.000637017,0.003912778
724,768,58,0.004667672,0.000743035,0.003924637
724,768,59,0.004588108,0.000610372,0.003977736
724,768,60,0.004724059,0.000713055,0.004011004
724,768,61,0.004388533,0.000465242,0.003923291
724,768,62,0.004650951,0.000755115,0.003895836
724,768,63,0.004641769,0.000801835,0.003839934
724,768,64,0.004587891,0.000717919,0.003869972
724,768,65,0.004665752,0.000853835,0.003811917
724,768,66,0.004655419,0.000830443,0.003824976
724,768,67,0.004519974,0.000725136,0.003794838
724,768,68,0.004551139,0.00080885,0.003742289
724,768,69,0.004481853,0.00068743,0.003794423
724,768,70,0.004438355,0.000704812,0.003733543
724,768,71,0.004524062,0.000794135,0.003729927
724,768,72,0.004463243,0.000786044,0.003677199
724,768,73,0.004508762,0.000778444,0.003730318
724,768,74,0.004473507,0.000802363,0.003671144
724,768,75,0.004648403,0.000919401,0.003729002
724,768,76,0.004537944,0.00087797,0.003659974
724,768,77,0.004966988,0.001305331,0.003661657
724,768,78,0.004542752,0.000884133,0.003658619
724,768,79,0.005166736,0.001529014,0.003637722
724,768,80,0.00457285,0.000972766,0.003600084
724,768,81,0.004918724,0.001432958,0.003485766
724,768,82,0.004894857,0.001246856,0.003648001
724,768,83,0.004825313,0.001140232,0.003685081
724,768,84,0.004437034,0.000789224,0.00364781
724,768,85,0.004646779,0.001055685,0.003591094
724,768,86,0.00456829,0.0010384,0.00352989
724,768,87,0.004459403,0.00102288,0.003436523
724,768,88,0.006110888,0.002572047,0.003538841
724,768,89,0.004521616,0.000805948,0.003715668
724,768,90,0.004624771,0.000982852,0.003641919
724,768,91,0.004522341,0.001060102,0.003462239
724,768,92,0.004126896,0.000687881,0.003439015
724,768,93,0.004173955,0.000732356,0.003441599
724,768,94,0.009333603,0.005741146,0.003592457
724,768,95,0.004590935,0.001141449,0.003449486
724,768,96,0.004440761,0.0010031,0.003437661
724,768,97,0.004424689,0.00081456,0.003610129
724,768,98,0.004791037,0.001089137,0.0037019
724,768,99,0.004913144,0.001363887,0.003549257
724,768,100,0.004914988,0.00126741,0.003647578
724,768,101,0.004691652,0.001152126,0.003539526
724,768,102,0.004046623,0.000687299,0.003359324
724,768,103,0.007599758,0.004435589,0.003164169
724,768,104,0.006218924,0.002994533,0.003224391
724,768,105,0.004203312,0.00075966,0.003443652
724,768,106,0.003925253,0.000459851,0.003465402
724,768,107,0.004835569,0.001242333,0.003593236
724,768,108,0.004803833,0.001326365,0.003477468
724,768,109,0.005385242,0.002259929,0.003125313
724,768,110,0.004708781,0.001663298,0.003045483
725,768,1,0.755453917,0.633175199,0.122278718
725,768,2,0.008700307,0.005668658,0.003031649
725,768,3,0.004818259,0.001748471,0.003069788
725,768,4,0.005342226,0.002318901,0.003023325
725,768,5,0.045565072,0.042547256,0.003017816
725,768,6,0.004061657,0.000905287,0.00315637
725,768,7,0.00345752,0.000369456,0.003088064
725,768,8,0.019120526,0.016037927,0.003082599
725,768,9,0.004805232,0.001546875,0.003258357
725,768,10,0.004546063,0.001110337,0.003435726
725,768,11,0.004874138,0.001501851,0.003372287
725,768,12,0.004508321,0.001037432,0.003470889
725,768,13,0.015958479,0.012527483,0.003430996
725,768,14,0.004964422,0.001652065,0.003312357
725,768,15,0.003937124,0.000601857,0.003335267
725,768,16,0.004275486,0.000977003,0.003298483
725,768,17,0.004093756,0.000868686,0.00322507
725,768,18,0.003865597,0.000709005,0.003156592
725,768,19,0.004319071,0.00119916,0.003119911
725,768,20,0.00438719,0.001221285,0.003165905
725,768,21,0.004222098,0.0010702,0.003151898
725,768,22,0.004523554,0.00129208,0.003231474
725,768,23,0.004372189,0.001087592,0.003284597
725,768,24,0.015236636,0.012031493,0.003205143
725,768,25,0.005576366,0.002277106,0.00329926
725,768,26,0.005628706,0.002323073,0.003305633
725,768,27,0.005390497,0.001987974,0.003402523
725,768,28,0.005198629,0.001628977,0.003569652
725,768,29,0.005310604,0.001596359,0.003714245
725,768,30,0.005329134,0.001661214,0.00366792
725,768,31,0.004829043,0.001041457,0.003787586
725,768,32,0.004390393,0.000690035,0.003700358
725,768,33,0.004685739,0.000984636,0.003701103
725,768,34,0.0046074,0.000856181,0.003751219
725,768,35,0.004818584,0.0010618,0.003756784
725,768,36,0.004432328,0.000743209,0.003689119
725,768,37,0.00476237,0.000937107,0.003825263
725,768,38,0.004336037,0.000668002,0.003668035
725,768,39,0.004476555,0.000732671,0.003743884
725,768,40,0.004530031,0.000842871,0.00368716
725,768,41,0.004522969,0.000806617,0.003716352
725,768,42,0.004140643,0.000587709,0.003552934
725,768,43,0.004669403,0.001066807,0.003602596
725,768,44,0.004527484,0.000830503,0.003696981
725,768,45,0.004782808,0.001031126,0.003751682
725,768,46,0.004458834,0.000707007,0.003751827
725,768,47,0.004619945,0.000891279,0.003728666
725,768,48,0.004770024,0.000936033,0.003833991
725,768,49,0.004514347,0.000744228,0.003770119
725,768,50,0.004718064,0.000879439,0.003838625
725,768,51,0.004478137,0.000653581,0.003824556
725,768,52,0.004565778,0.000743949,0.003821829
725,768,53,0.004528775,0.000689966,0.003838809
725,768,54,0.004745939,0.000871313,0.003874626
725,768,55,0.004697869,0.000765519,0.00393235
725,768,56,0.004532528,0.000646986,0.003885542
725,768,57,0.004639573,0.000729692,0.003909881
725,768,58,0.004665023,0.000747057,0.003917966
725,768,59,0.004446845,0.000540108,0.003906737
725,768,60,0.00464074,0.000758338,0.003882402
725,768,61,0.004554041,0.000662533,0.003891508
725,768,62,0.004670824,0.000806236,0.003864588
725,768,63,0.004586019,0.000712367,0.003873652
725,768,64,0.004597008,0.000799445,0.003797563
725,768,65,0.004539129,0.000769188,0.003769941
725,768,66,0.004665745,0.00085205,0.003813695
725,768,67,0.004421245,0.000736941,0.003684304
725,768,68,0.004701727,0.001032014,0.003669713
725,768,69,0.004403447,0.000760282,0.003643165
725,768,70,0.004671274,0.000985825,0.003685449
725,768,71,0.004507913,0.000762561,0.003745352
725,768,72,0.004695017,0.001011576,0.003683441
725,768,73,0.004633942,0.000892006,0.003741936
725,768,74,0.004674971,0.00086769,0.003807281
725,768,75,0.00450336,0.000817516,0.003685844
725,768,76,0.004978167,0.001196053,0.003782114
725,768,77,0.00442773,0.000675006,0.003752724
725,768,78,0.004795705,0.001073775,0.00372193
725,768,79,0.004314806,0.000694811,0.003619995
725,768,80,0.004903676,0.001299661,0.003604015
725,768,81,0.00509426,0.001530146,0.003564114
725,768,82,0.004845617,0.001190862,0.003654755
725,768,83,0.004971681,0.00116021,0.003811471
725,768,84,0.004448718,0.000833371,0.003615347
725,768,85,0.00450205,0.000906655,0.003595395
725,768,86,0.00476443,0.001269183,0.003495247
725,768,87,0.004543593,0.001116602,0.003426991
725,768,88,0.004343293,0.000877916,0.003465377
725,768,89,0.005790354,0.002153406,0.003636948
725,768,90,0.004928855,0.001450928,0.003477927
725,768,91,0.004693242,0.001214133,0.003479109
725,768,92,0.004437725,0.000968567,0.003469158
725,768,93,0.007979802,0.004606798,0.003373004
725,768,94,0.005736736,0.002252902,0.003483834
725,768,95,0.00401459,0.000601867,0.003412723
725,768,96,0.004639901,0.001291824,0.003348077
725,768,97,0.004452248,0.000900936,0.003551312
725,768,98,0.004476307,0.000825319,0.003650988
725,768,99,0.005414086,0.001987304,0.003426782
725,768,100,0.005002888,0.001534616,0.003468272
725,768,101,0.004568727,0.001028828,0.003539899
725,768,102,0.007003914,0.003824445,0.003179469
725,768,103,0.006680455,0.003508343,0.003172112
725,768,104,0.004222618,0.000874307,0.003348311
725,768,105,0.003946339,0.000515556,0.003430783
725,768,106,0.004268698,0.000793657,0.003475041
725,768,107,0.005030869,0.001548778,0.003482091
725,768,108,0.005830994,0.002572109,0.003258885
725,768,109,0.00475724,0.001600475,0.003156765
725,768,110,0.003887213,0.000731288,0.003155925
726,768,1,0.756640856,0.634148915,0.122491941
726,768,2,0.006516879,0.003473988,0.003042891
726,768,3,0.007980789,0.004916378,0.003064411
726,768,4,0.020248181,0.017215174,0.003033007
726,768,5,0.018391699,0.015361859,0.00302984
726,768,6,0.013298623,0.010282532,0.003016091
726,768,7,0.020164077,0.017096188,0.003067889
726,768,8,0.0045772,0.001397025,0.003180175
726,768,9,0.00430332,0.000879328,0.003423992
726,768,10,0.004240937,0.000711402,0.003529535
726,768,11,0.003984006,0.000498407,0.003485599
726,768,12,0.004520768,0.001112057,0.003408711
726,768,13,0.00435845,0.000883786,0.003474664
726,768,14,0.015888611,0.01252755,0.003361061
726,768,15,0.004619341,0.001376226,0.003243115
726,768,16,0.004239622,0.000936907,0.003302715
726,768,17,0.004132473,0.000868622,0.003263851
726,768,18,0.004164395,0.001005055,0.00315934
726,768,19,0.004145421,0.001025938,0.003119483
726,768,20,0.004233426,0.001103534,0.003129892
726,768,21,0.004256095,0.001069971,0.003186124
726,768,22,0.004607244,0.00151713,0.003090114
726,768,23,0.016244643,0.012983064,0.003261579
726,768,24,0.005868956,0.002644861,0.003224095
726,768,25,0.005514429,0.002281139,0.00323329
726,768,26,0.00531864,0.002122579,0.003196061
726,768,27,0.005022473,0.001621128,0.003401345
726,768,28,0.005095575,0.001606592,0.003488983
726,768,29,0.005239131,0.001626089,0.003613042
726,768,30,0.004826905,0.001022833,0.003804072
726,768,31,0.004428532,0.000638541,0.003789991
726,768,32,0.004694584,0.000811748,0.003882836
726,768,33,0.004592781,0.000796565,0.003796216
726,768,34,0.004550081,0.00086278,0.003687301
726,768,35,0.004750684,0.000975577,0.003775107
726,768,36,0.004620535,0.000837004,0.003783531
726,768,37,0.00441638,0.000727668,0.003688712
726,768,38,0.004402043,0.000667895,0.003734148
726,768,39,0.004503098,0.000803357,0.003699741
726,768,40,0.004570172,0.000861156,0.003709016
726,768,41,0.004372619,0.000654326,0.003718293
726,768,42,0.004155911,0.000577475,0.003578436
726,768,43,0.004520892,0.00084983,0.003671062
726,768,44,0.00446425,0.000765318,0.003698932
726,768,45,0.004537009,0.000741306,0.003795703
726,768,46,0.004558203,0.000789624,0.003768579
726,768,47,0.004717082,0.000913906,0.003803176
726,768,48,0.004772288,0.000950496,0.003821792
726,768,49,0.004433244,0.000673644,0.0037596
726,768,50,0.004816895,0.001001942,0.003814953
726,768,51,0.004459593,0.000637064,0.003822529
726,768,52,0.004583856,0.00075145,0.003832406
726,768,53,0.004627093,0.000812357,0.003814736
726,768,54,0.004646373,0.000783211,0.003863162
726,768,55,0.004629196,0.000726965,0.003902231
726,768,56,0.00471201,0.000776329,0.003935681
726,768,57,0.004645939,0.000692708,0.003953231
726,768,58,0.004480253,0.000573036,0.003907217
726,768,59,0.004682589,0.000782402,0.003900187
726,768,60,0.004538962,0.000665327,0.003873635
726,768,61,0.004721906,0.000766137,0.003955769
726,768,62,0.004385149,0.000523047,0.003862102
726,768,63,0.00466319,0.000790248,0.003872942
726,768,64,0.004527053,0.000678357,0.003848696
726,768,65,0.004585743,0.000827681,0.003758062
726,768,66,0.004609327,0.000816811,0.003792516
726,768,67,0.004580185,0.000862878,0.003717307
726,768,68,0.004573407,0.000864218,0.003709189
726,768,69,0.004597211,0.000873978,0.003723233
726,768,70,0.004767286,0.001051309,0.003715977
726,768,71,0.004830352,0.001084339,0.003746013
726,768,72,0.004466319,0.000742921,0.003723398
726,768,73,0.004738479,0.000980459,0.00375802
726,768,74,0.004627856,0.000848132,0.003779724
726,768,75,0.004811873,0.001085195,0.003726678
726,768,76,0.004334304,0.000681883,0.003652421
726,768,77,0.00485239,0.001211461,0.003640929
726,768,78,0.004582604,0.000843088,0.003739516
726,768,79,0.004442758,0.000828652,0.003614106
726,768,80,0.004521742,0.000911167,0.003610575
726,768,81,0.004993582,0.001334055,0.003659527
726,768,82,0.004580028,0.000959791,0.003620237
726,768,83,0.004809866,0.001125343,0.003684523
726,768,84,0.005123513,0.001561166,0.003562347
726,768,85,0.004629622,0.00114054,0.003489082
726,768,86,0.004833324,0.001331063,0.003502261
726,768,87,0.00457539,0.001032821,0.003542569
726,768,88,0.005610573,0.002033838,0.003576735
726,768,89,0.005179711,0.001552342,0.003627369
726,768,90,0.004651295,0.00107032,0.003580975
726,768,91,0.004215854,0.000741563,0.003474291
726,768,92,0.004511973,0.000935267,0.003576706
726,768,93,0.004409747,0.001006223,0.003403524
726,768,94,0.008343141,0.004753393,0.003589748
726,768,95,0.004482998,0.001036593,0.003446405
726,768,96,0.004607413,0.0011504,0.003457013
726,768,97,0.004359416,0.000818807,0.003540609
726,768,98,0.005830315,0.002401765,0.00342855
726,768,99,0.005211446,0.001856526,0.00335492
726,768,100,0.004465131,0.000953378,0.003511753
726,768,101,0.005957837,0.002706495,0.003251342
726,768,102,0.005216775,0.001953497,0.003263278
726,768,103,0.004661723,0.001375631,0.003286092
726,768,104,0.005573016,0.002356765,0.003216251
726,768,105,0.004762152,0.001373437,0.003388715
726,768,106,0.004876804,0.001470995,0.003405809
726,768,107,0.006568603,0.003206734,0.003361869
726,768,108,0.004701519,0.001410113,0.003291406
726,768,109,0.003838698,0.00071977,0.003118928
726,768,110,0.003808384,0.000676375,0.003132009
727,768,1,0.755571165,0.633230298,0.122340867
727,768,2,0.010723868,0.007596115,0.003127753
727,768,3,0.02204797,0.018961591,0.003086379
727,768,4,0.003968882,0.000758121,0.003210761
727,768,5,0.003552107,0.000371883,0.003180224
727,768,6,0.044283033,0.041201103,0.00308193
727,768,7,0.004261704,0.000999487,0.003262217
727,768,8,0.004013674,0.00064583,0.003367844
727,768,9,0.004127612,0.000679882,0.00344773
727,768,10,0.004188957,0.0006053,0.003583657
727,768,11,0.004053638,0.000494887,0.003558751
727,768,12,0.004078603,0.000600308,0.003478295
727,768,13,0.004320501,0.000785599,0.003534902
727,768,14,0.003984802,0.000503489,0.003481313
727,768,15,0.015616482,0.01234472,0.003271762
727,768,16,0.004697966,0.001480086,0.00321788
727,768,17,0.004260198,0.001001621,0.003258577
727,768,18,0.004104407,0.000888487,0.00321592
727,768,19,0.004406269,0.00118304,0.003223229
727,768,20,0.004060995,0.000859515,0.00320148
727,768,21,0.004279522,0.00109845,0.003181072
727,768,22,0.017457904,0.014313682,0.003144222
727,768,23,0.00621708,0.002963669,0.003253411
727,768,24,0.005531964,0.002282227,0.003249737
727,768,25,0.005307862,0.001961164,0.003346698
727,768,26,0.004824798,0.001462062,0.003362736
727,768,27,0.005114362,0.00159996,0.003514402
727,768,28,0.005055152,0.001386298,0.003668854
727,768,29,0.004492257,0.000705427,0.00378683
727,768,30,0.004445982,0.000690952,0.00375503
727,768,31,0.004479472,0.000603918,0.003875554
727,768,32,0.004491531,0.000719088,0.003772443
727,768,33,0.004838755,0.000965909,0.003872846
727,768,34,0.004336301,0.000571653,0.003764648
727,768,35,0.00462724,0.000835375,0.003791865
727,768,36,0.004389818,0.000641125,0.003748693
727,768,37,0.004663194,0.000897239,0.003765955
727,768,38,0.004501924,0.000699218,0.003802706
727,768,39,0.004300956,0.000578171,0.003722785
727,768,40,0.004449179,0.000699038,0.003750141
727,768,41,0.004340702,0.000634294,0.003706408
727,768,42,0.004237776,0.000623533,0.003614243
727,768,43,0.004416411,0.000762722,0.003653689
727,768,44,0.004426134,0.000710801,0.003715333
727,768,45,0.004521643,0.000796142,0.003725501
727,768,46,0.004588278,0.000843239,0.003745039
727,768,47,0.00476012,0.000973651,0.003786469
727,768,48,0.004484624,0.00070989,0.003774734
727,768,49,0.004619853,0.000776951,0.003842902
727,768,50,0.004797563,0.000879528,0.003918035
727,768,51,0.004613053,0.000768812,0.003844241
727,768,52,0.004565549,0.000656362,0.003909187
727,768,53,0.004369616,0.000573583,0.003796033
727,768,54,0.004814221,0.000973326,0.003840895
727,768,55,0.004649699,0.000738918,0.003910781
727,768,56,0.004512622,0.00065341,0.003859212
727,768,57,0.004934341,0.000985028,0.003949313
727,768,58,0.004507259,0.00054259,0.003964669
727,768,59,0.004597934,0.000644125,0.003953809
727,768,60,0.004517349,0.000530467,0.003986882
727,768,61,0.004641179,0.00074471,0.003896469
727,768,62,0.004711711,0.000763115,0.003948596
727,768,63,0.004887376,0.000982317,0.003905059
727,768,64,0.004623424,0.000610626,0.004012798
727,768,65,0.004578664,0.000740257,0.003838407
727,768,66,0.004728928,0.000883232,0.003845696
727,768,67,0.004512833,0.000711703,0.00380113
727,768,68,0.004650194,0.000877256,0.003772938
727,768,69,0.0046313,0.000917813,0.003713487
727,768,70,0.005015006,0.001231366,0.00378364
727,768,71,0.004535491,0.000753233,0.003782258
727,768,72,0.004647946,0.000895131,0.003752815
727,768,73,0.004666127,0.000869237,0.00379689
727,768,74,0.004805501,0.000968025,0.003837476
727,768,75,0.004447867,0.000703253,0.003744614
727,768,76,0.004784988,0.001079108,0.00370588
727,768,77,0.004516182,0.000773951,0.003742231
727,768,78,0.004474149,0.000743046,0.003731103
727,768,79,0.004531865,0.000727922,0.003803943
727,768,80,0.004389022,0.000754823,0.003634199
727,768,81,0.004741,0.001016095,0.003724905
727,768,82,0.004604966,0.000952938,0.003652028
727,768,83,0.004825215,0.001068956,0.003756259
727,768,84,0.004995805,0.001288818,0.003706987
727,768,85,0.004720017,0.001180042,0.003539975
727,768,86,0.004737613,0.001172349,0.003565264
727,768,87,0.005995974,0.002514038,0.003481936
727,768,88,0.005066108,0.001353471,0.003712637
727,768,89,0.004400647,0.000678925,0.003721722
727,768,90,0.004650091,0.001043739,0.003606352
727,768,91,0.004753346,0.001260863,0.003492483
727,768,92,0.004648139,0.001089586,0.003558553
727,768,93,0.005296598,0.001861819,0.003434779
727,768,94,0.005958491,0.002334126,0.003624365
727,768,95,0.00447184,0.000930104,0.003541736
727,768,96,0.00492798,0.001410249,0.003517731
727,768,97,0.005982632,0.002557339,0.003425293
727,768,98,0.005709593,0.002247606,0.003461987
727,768,99,0.004885663,0.001447401,0.003438262
727,768,100,0.006251957,0.002773158,0.003478799
727,768,101,0.004823365,0.001533801,0.003289564
727,768,102,0.004652538,0.001413877,0.003238661
727,768,103,0.004620532,0.001355933,0.003264599
727,768,104,0.004546969,0.001261002,0.003285967
727,768,105,0.004040376,0.000505459,0.003534917
727,768,106,0.008938149,0.005431212,0.003506937
727,768,107,0.004692032,0.001172492,0.00351954
727,768,108,0.003783736,0.000397212,0.003386524
727,768,109,0.003735771,0.000551017,0.003184754
727,768,110,0.005208775,0.001978631,0.003230144
728,768,1,0.754168545,0.632317956,0.121850589
728,768,2,0.030907535,0.027887441,0.003020094
728,768,3,0.003816427,0.00062613,0.003190297
728,768,4,0.003489423,0.000361231,0.003128192
728,768,5,0.044471033,0.041445946,0.003025087
728,768,6,0.0040693,0.000940755,0.003128545
728,768,7,0.003887658,0.000708365,0.003179293
728,768,8,0.003937794,0.000644017,0.003293777
728,768,9,0.004095127,0.000682003,0.003413124
728,768,10,0.004203194,0.000700639,0.003502555
728,768,11,0.004074643,0.000596611,0.003478032
728,768,12,0.004096996,0.000612601,0.003484395
728,768,13,0.004196786,0.000669322,0.003527464
728,768,14,0.004188629,0.000697639,0.00349099
728,768,15,0.004085308,0.000587692,0.003497616
728,768,16,0.014449557,0.011293756,0.003155801
728,768,17,0.004616747,0.001490223,0.003126524
728,768,18,0.004331021,0.001131037,0.003199984
728,768,19,0.004025283,0.000862895,0.003162388
728,768,20,0.004291268,0.001243235,0.003048033
728,768,21,0.019215617,0.015952539,0.003263078
728,768,22,0.006200945,0.002976879,0.003224066
728,768,23,0.005586265,0.002346822,0.003239443
728,768,24,0.005153821,0.001838916,0.003314905
728,768,25,0.004813637,0.001460725,0.003352912
728,768,26,0.005078005,0.001627864,0.003450141
728,768,27,0.004919883,0.00120033,0.003719553
728,768,28,0.004351825,0.000602896,0.003748929
728,768,29,0.004448746,0.00063304,0.003815706
728,768,30,0.004277665,0.000502003,0.003775662
728,768,31,0.004580846,0.000807992,0.003772854
728,768,32,0.004603214,0.000740817,0.003862397
728,768,33,0.004721986,0.000799726,0.00392226
728,768,34,0.004257143,0.000499456,0.003757687
728,768,35,0.00462141,0.00086624,0.00375517
728,768,36,0.004670851,0.000787495,0.003883356
728,768,37,0.004459548,0.000673227,0.003786321
728,768,38,0.004301668,0.000567083,0.003734585
728,768,39,0.00441017,0.000763963,0.003646207
728,768,40,0.004460387,0.000749038,0.003711349
728,768,41,0.004245444,0.000590096,0.003655348
728,768,42,0.00420866,0.000617189,0.003591471
728,768,43,0.004482387,0.000844022,0.003638365
728,768,44,0.004389216,0.000701388,0.003687828
728,768,45,0.004531292,0.000802186,0.003729106
728,768,46,0.00446733,0.000735868,0.003731462
728,768,47,0.004751619,0.001016706,0.003734913
728,768,48,0.004608879,0.000784207,0.003824672
728,768,49,0.004636605,0.000857224,0.003779381
728,768,50,0.004844498,0.000966294,0.003878204
728,768,51,0.004342009,0.000541561,0.003800448
728,768,52,0.004581271,0.000760463,0.003820808
728,768,53,0.004383583,0.000653834,0.003729749
728,768,54,0.004615879,0.000835139,0.00378074
728,768,55,0.004772389,0.000908551,0.003863838
728,768,56,0.004590542,0.000747587,0.003842955
728,768,57,0.004784196,0.000901253,0.003882943
728,768,58,0.0046378,0.000687783,0.003950017
728,768,59,0.004522606,0.000644212,0.003878394
728,768,60,0.004845174,0.000886556,0.003958618
728,768,61,0.004630146,0.00073013,0.003900016
728,768,62,0.004921157,0.000944327,0.00397683
728,768,63,0.004522366,0.000664785,0.003857581
728,768,64,0.004846242,0.000877588,0.003968654
728,768,65,0.004596258,0.000731771,0.003864487
728,768,66,0.004459661,0.000682355,0.003777306
728,768,67,0.004783653,0.001092234,0.003691419
728,768,68,0.004755886,0.001077162,0.003678724
728,768,69,0.004682636,0.001017347,0.003665289
728,768,70,0.004571144,0.00092363,0.003647514
728,768,71,0.004880474,0.001220229,0.003660245
728,768,72,0.004637666,0.000981047,0.003656619
728,768,73,0.004686633,0.000978611,0.003708022
728,768,74,0.004645413,0.000881963,0.00376345
728,768,75,0.004661012,0.000975279,0.003685733
728,768,76,0.004486764,0.00078006,0.003706704
728,768,77,0.004772043,0.001019635,0.003752408
728,768,78,0.004295357,0.000605862,0.003689495
728,768,79,0.004516737,0.000872709,0.003644028
728,768,80,0.004095414,0.000576528,0.003518886
728,768,81,0.004299982,0.000761252,0.00353873
728,768,82,0.004916405,0.001330774,0.003585631
728,768,83,0.005506501,0.00172989,0.003776611
728,768,84,0.005012783,0.001449742,0.003563041
728,768,85,0.004521753,0.001024359,0.003497394
728,768,86,0.005749123,0.002410172,0.003338951
728,768,87,0.005071087,0.001581598,0.003489489
728,768,88,0.00486784,0.001254855,0.003612985
728,768,89,0.004583771,0.000949464,0.003634307
728,768,90,0.0048162,0.001317055,0.003499145
728,768,91,0.005075883,0.001653491,0.003422392
728,768,92,0.005217098,0.00177778,0.003439318
728,768,93,0.005140611,0.001728397,0.003412214
728,768,94,0.004911903,0.001341356,0.003570547
728,768,95,0.00400947,0.000515708,0.003493762
728,768,96,0.006709689,0.003456014,0.003253675
728,768,97,0.006377148,0.00286013,0.003517018
728,768,98,0.004619857,0.001033875,0.003585982
728,768,99,0.006579724,0.002946215,0.003633509
728,768,100,0.005101573,0.001641458,0.003460115
728,768,101,0.004467163,0.001226568,0.003240595
728,768,102,0.004896328,0.001678657,0.003217671
728,768,103,0.004484226,0.001227095,0.003257131
728,768,104,0.003693739,0.000416147,0.003277592
728,768,105,0.006831315,0.003449529,0.003381786
728,768,106,0.005556046,0.002113092,0.003442954
728,768,107,0.004501089,0.001029521,0.003471568
728,768,108,0.00433583,0.001013373,0.003322457
728,768,109,0.004830823,0.001777857,0.003052966
728,768,110,0.004968403,0.001947009,0.003021394
729,768,1,0.753876082,0.631326315,0.122549767
729,768,2,0.010363384,0.007319133,0.003044251
729,768,3,0.023968959,0.020943129,0.00302583
729,768,4,0.003966539,0.000816391,0.003150148
729,768,5,0.004696006,0.001667591,0.003028415
729,768,6,0.04323475,0.040203732,0.003031018
729,768,7,0.004134668,0.001045378,0.00308929
729,768,8,0.004098673,0.000797929,0.003300744
729,768,9,0.004163528,0.000743874,0.003419654
729,768,10,0.004146234,0.000622874,0.00352336
729,768,11,0.004064248,0.000556071,0.003508177
729,768,12,0.004131095,0.000709639,0.003421456
729,768,13,0.00424661,0.000820119,0.003426491
729,768,14,0.004180254,0.000709479,0.003470775
729,768,15,0.004162765,0.000671717,0.003491048
729,768,16,0.004091875,0.000545755,0.00354612
729,768,17,0.013865561,0.010701349,0.003164212
729,768,18,0.004558434,0.001441715,0.003116719
729,768,19,0.004328285,0.001164684,0.003163601
729,768,20,0.018806732,0.01564759,0.003159142
729,768,21,0.006265547,0.002991028,0.003274519
729,768,22,0.006171151,0.00290478,0.003266371
729,768,23,0.004812244,0.001550827,0.003261417
729,768,24,0.005008292,0.001677661,0.003330631
729,768,25,0.004684948,0.001319058,0.00336589
729,768,26,0.005238664,0.001731039,0.003507625
729,768,27,0.004873665,0.001183692,0.003689973
729,768,28,0.004377955,0.000551012,0.003826943
729,768,29,0.004371883,0.000535995,0.003835888
729,768,30,0.004407387,0.000594431,0.003812956
729,768,31,0.004417911,0.00055619,0.003861721
729,768,32,0.004714372,0.000834753,0.003879619
729,768,33,0.004616955,0.000722747,0.003894208
729,768,34,0.004422003,0.000556937,0.003865066
729,768,35,0.004504018,0.000662109,0.003841909
729,768,36,0.004697793,0.000774946,0.003922847
729,768,37,0.004291839,0.000476829,0.00381501
729,768,38,0.004318628,0.000547939,0.003770689
729,768,39,0.004371187,0.000699068,0.003672119
729,768,40,0.004681379,0.000929334,0.003752045
729,768,41,0.004338174,0.000694301,0.003643873
729,768,42,0.004343373,0.000703711,0.003639662
729,768,43,0.004423486,0.000760458,0.003663028
729,768,44,0.004485348,0.000830256,0.003655092
729,768,45,0.004518042,0.000779334,0.003738708
729,768,46,0.004648506,0.000926448,0.003722058
729,768,47,0.004703048,0.000908246,0.003794802
729,768,48,0.004515824,0.000684908,0.003830916
729,768,49,0.004710882,0.00083645,0.003874432
729,768,50,0.004643624,0.000726903,0.003916721
729,768,51,0.004403582,0.000543856,0.003859726
729,768,52,0.004559632,0.000713283,0.003846349
729,768,53,0.004659799,0.000827259,0.00383254
729,768,54,0.004630465,0.000813697,0.003816768
729,768,55,0.004619837,0.000768553,0.003851284
729,768,56,0.004786406,0.000894369,0.003892037
729,768,57,0.004729207,0.00076574,0.003963467
729,768,58,0.004705901,0.000729754,0.003976147
729,768,59,0.004700085,0.00078084,0.003919245
729,768,60,0.004718704,0.000741827,0.003976877
729,768,61,0.004617199,0.000795153,0.003822046
729,768,62,0.00477666,0.000949292,0.003827368
729,768,63,0.004580477,0.000783566,0.003796911
729,768,64,0.00472668,0.00094679,0.00377989
729,768,65,0.004652376,0.000890526,0.00376185
729,768,66,0.004852045,0.001091737,0.003760308
729,768,67,0.004611391,0.000849321,0.00376207
729,768,68,0.004785007,0.001088844,0.003696163
729,768,69,0.004599537,0.000974798,0.003624739
729,768,70,0.004882172,0.001187102,0.00369507
729,768,71,0.004627644,0.000883421,0.003744223
729,768,72,0.004667816,0.001013022,0.003654794
729,768,73,0.004723961,0.000956444,0.003767517
729,768,74,0.004482344,0.000735484,0.00374686
729,768,75,0.004562512,0.000872408,0.003690104
729,768,76,0.004722254,0.001012431,0.003709823
729,768,77,0.004466012,0.000773036,0.003692976
729,768,78,0.004596283,0.000890385,0.003705898
729,768,79,0.004252373,0.000599076,0.003653297
729,768,80,0.004320364,0.000738614,0.00358175
729,768,81,0.004255003,0.000631351,0.003623652
729,768,82,0.005102882,0.00162165,0.003481232
729,768,83,0.005547868,0.002035464,0.003512404
729,768,84,0.004644183,0.00115223,0.003491953
729,768,85,0.005900193,0.002548073,0.00335212
729,768,86,0.004781807,0.001393277,0.00338853
729,768,87,0.004903718,0.001386247,0.003517471
729,768,88,0.004587497,0.000981271,0.003606226
729,768,89,0.004375514,0.000697681,0.003677833
729,768,90,0.005318221,0.001993598,0.003324623
729,768,91,0.005397061,0.002095366,0.003301695
729,768,92,0.005063376,0.001643018,0.003420358
729,768,93,0.004301637,0.000834391,0.003467246
729,768,94,0.004886271,0.001237506,0.003648765
729,768,95,0.006244081,0.00293383,0.003310251
729,768,96,0.00563532,0.002242997,0.003392323
729,768,97,0.005490634,0.001827136,0.003663498
729,768,98,0.004857131,0.001214339,0.003642792
729,768,99,0.006057424,0.002461946,0.003595478
729,768,100,0.004642649,0.001207518,0.003435131
729,768,101,0.004729008,0.001319167,0.003409841
729,768,102,0.004295052,0.001030156,0.003264896
729,768,103,0.004562447,0.001316418,0.003246029
729,768,104,0.007319268,0.003937211,0.003382057
729,768,105,0.005448214,0.001963545,0.003484669
729,768,106,0.004537964,0.001025234,0.00351273
729,768,107,0.004396989,0.000882974,0.003514015
729,768,108,0.005398302,0.002227209,0.003171093
729,768,109,0.00455003,0.001347875,0.003202155
729,768,110,0.004202998,0.001184751,0.003018247
730,768,1,0.755633744,0.633333866,0.122299878
730,768,2,0.005811126,0.002757785,0.003053341
730,768,3,0.006041003,0.002952012,0.003088991
730,768,4,0.023893185,0.020862429,0.003030756
730,768,5,0.005811034,0.002777726,0.003033308
730,768,6,0.003995141,0.000845027,0.003150114
730,768,7,0.042319889,0.039245093,0.003074796
730,768,8,0.004419475,0.001240206,0.003179269
730,768,9,0.004264006,0.000824209,0.003439797
730,768,10,0.004200539,0.000665972,0.003534567
730,768,11,0.004098536,0.000596384,0.003502152
730,768,12,0.003975014,0.000529497,0.003445517
730,768,13,0.004194407,0.000730044,0.003464363
730,768,14,0.004235904,0.00080025,0.003435654
730,768,15,0.004324768,0.000817344,0.003507424
730,768,16,0.004103831,0.000587611,0.00351622
730,768,17,0.00399381,0.000493378,0.003500432
730,768,18,0.013483639,0.01035425,0.003129389
730,768,19,0.020023501,0.016937645,0.003085856
730,768,20,0.005367397,0.002174079,0.003193318
730,768,21,0.006013851,0.002789015,0.003224836
730,768,22,0.005299525,0.002042711,0.003256814
730,768,23,0.005110676,0.001835691,0.003274985
730,768,24,0.004788867,0.001468079,0.003320788
730,768,25,0.004884158,0.001516551,0.003367607
730,768,26,0.004923483,0.00137226,0.003551223
730,768,27,0.004853899,0.001186422,0.003667477
730,768,28,0.004424492,0.000649271,0.003775221
730,768,29,0.004487046,0.000686679,0.003800367
730,768,30,0.004429054,0.000549031,0.003880023
730,768,31,0.004515752,0.000664553,0.003851199
730,768,32,0.004586804,0.00062258,0.003964224
730,768,33,0.00461813,0.000698372,0.003919758
730,768,34,0.004417229,0.000553094,0.003864135
730,768,35,0.00443934,0.000685997,0.003753343
730,768,36,0.00467112,0.000871539,0.003799581
730,768,37,0.004458977,0.00070696,0.003752017
730,768,38,0.004306035,0.000557137,0.003748898
730,768,39,0.004467543,0.000824382,0.003643161
730,768,40,0.004587406,0.00081755,0.003769856
730,768,41,0.004337347,0.000656743,0.003680604
730,768,42,0.004312367,0.000686429,0.003625938
730,768,43,0.004494221,0.000900561,0.00359366
730,768,44,0.004681792,0.001006786,0.003675006
730,768,45,0.00450153,0.000809246,0.003692284
730,768,46,0.004591992,0.00087621,0.003715782
730,768,47,0.004521001,0.000798907,0.003722094
730,768,48,0.004660717,0.000822188,0.003838529
730,768,49,0.0046851,0.000885925,0.003799175
730,768,50,0.004635212,0.00073778,0.003897432
730,768,51,0.004707538,0.000864529,0.003843009
730,768,52,0.004453701,0.000597546,0.003856155
730,768,53,0.004640719,0.000878039,0.00376268
730,768,54,0.004712987,0.000831146,0.003881841
730,768,55,0.004541122,0.000745505,0.003795617
730,768,56,0.004715248,0.00091034,0.003804908
730,768,57,0.004766579,0.000924205,0.003842374
730,768,58,0.004654426,0.00078289,0.003871536
730,768,59,0.004677862,0.000921166,0.003756696
730,768,60,0.004811152,0.000945108,0.003866044
730,768,61,0.004769163,0.000934465,0.003834698
730,768,62,0.00463053,0.000799907,0.003830623
730,768,63,0.004623251,0.000892903,0.003730348
730,768,64,0.004803584,0.001008307,0.003795277
730,768,65,0.004766637,0.001035821,0.003730816
730,768,66,0.004717253,0.000992414,0.003724839
730,768,67,0.0046241,0.001003601,0.003620499
730,768,68,0.004858291,0.001091447,0.003766844
730,768,69,0.004657723,0.001017837,0.003639886
730,768,70,0.004601213,0.000946848,0.003654365
730,768,71,0.004784081,0.00116376,0.003620321
730,768,72,0.004710898,0.001025536,0.003685362
730,768,73,0.004449742,0.000787279,0.003662463
730,768,74,0.004631439,0.00095793,0.003673509
730,768,75,0.004638351,0.000985969,0.003652382
730,768,76,0.004578133,0.000915863,0.00366227
730,768,77,0.004757622,0.001085821,0.003671801
730,768,78,0.004290729,0.000621769,0.00366896
730,768,79,0.00450341,0.000833621,0.003669789
730,768,80,0.00411015,0.000622129,0.003488021
730,768,81,0.005052041,0.001561927,0.003490114
730,768,82,0.005421093,0.002045901,0.003375192
730,768,83,0.004981764,0.001430816,0.003550948
730,768,84,0.00570642,0.00225698,0.00344944
730,768,85,0.004930118,0.001520297,0.003409821
730,768,86,0.004541873,0.001102498,0.003439375
730,768,87,0.004523065,0.001075162,0.003447903
730,768,88,0.004644925,0.001021334,0.003623591
730,768,89,0.005358798,0.001887076,0.003471722
730,768,90,0.005415884,0.002146895,0.003268989
730,768,91,0.005224933,0.001765986,0.003458947
730,768,92,0.003954584,0.000544099,0.003410485
730,768,93,0.004406571,0.000943754,0.003462817
730,768,94,0.006909917,0.003413008,0.003496909
730,768,95,0.005352447,0.001954046,0.003398401
730,768,96,0.005201151,0.001588313,0.003612838
730,768,97,0.005098034,0.001458504,0.00363953
730,768,98,0.004651079,0.000968555,0.003682524
730,768,99,0.004370345,0.000709281,0.003661064
730,768,100,0.005303949,0.001800903,0.003503046
730,768,101,0.004269994,0.000907724,0.00336227
730,768,102,0.006230841,0.003039749,0.003191092
730,768,103,0.004571474,0.001307382,0.003264092
730,768,104,0.006038502,0.002711018,0.003327484
730,768,105,0.005740072,0.002358949,0.003381123
730,768,106,0.00474188,0.001318046,0.003423834
730,768,107,0.004744786,0.00127125,0.003473536
730,768,108,0.003964148,0.000602061,0.003362087
730,768,109,0.004854654,0.001694464,0.00316019
730,768,110,0.005175187,0.002073994,0.003101193
731,768,1,0.754137344,0.632325883,0.121811461
731,768,2,0.007294283,0.004227321,0.003066962
731,768,3,0.00740612,0.00433344,0.00307268
731,768,4,0.025200244,0.022166495,0.003033749
731,768,5,0.003818804,0.000697424,0.00312138
731,768,6,0.00359154,0.000469869,0.003121671
731,768,7,0.003551039,0.000388981,0.003162058
731,768,8,0.042023611,0.038872095,0.003151516
731,768,9,0.004521962,0.001215574,0.003306388
731,768,10,0.004511276,0.001064315,0.003446961
731,768,11,0.00404141,0.000623376,0.003418034
731,768,12,0.004102557,0.000634055,0.003468502
731,768,13,0.004160353,0.000694188,0.003466165
731,768,14,0.004171638,0.000693258,0.00347838
731,768,15,0.004113344,0.00066013,0.003453214
731,768,16,0.004310007,0.000834771,0.003475236
731,768,17,0.003959178,0.000566367,0.003392811
731,768,18,0.030148175,0.027106062,0.003042113
731,768,19,0.004918015,0.00181928,0.003098735
731,768,20,0.005087193,0.001842945,0.003244248
731,768,21,0.005365877,0.002087622,0.003278255
731,768,22,0.005503617,0.002247674,0.003255943
731,768,23,0.004857404,0.001589691,0.003267713
731,768,24,0.00481046,0.001500513,0.003309947
731,768,25,0.004723138,0.0013347,0.003388438
731,768,26,0.00512784,0.001645154,0.003482686
731,768,27,0.004868737,0.001144659,0.003724078
731,768,28,0.004297186,0.000536655,0.003760531
731,768,29,0.004414383,0.000593126,0.003821257
731,768,30,0.004259555,0.00042464,0.003834915
731,768,31,0.004420291,0.000563591,0.0038567
731,768,32,0.004715215,0.000812005,0.00390321
731,768,33,0.004668089,0.000733755,0.003934334
731,768,34,0.004324972,0.000488501,0.003836471
731,768,35,0.004578893,0.000734887,0.003844006
731,768,36,0.004657549,0.000785536,0.003872013
731,768,37,0.004211834,0.000454892,0.003756942
731,768,38,0.00421964,0.000553285,0.003666355
731,768,39,0.00442696,0.00074882,0.00367814
731,768,40,0.004700701,0.000914493,0.003786208
731,768,41,0.004273392,0.000605208,0.003668184
731,768,42,0.00438503,0.000814489,0.003570541
731,768,43,0.00444037,0.0008484,0.00359197
731,768,44,0.004792721,0.001063162,0.003729559
731,768,45,0.004568564,0.000837605,0.003730959
731,768,46,0.004557294,0.000821122,0.003736172
731,768,47,0.004602415,0.000816071,0.003786344
731,768,48,0.004617761,0.000765405,0.003852356
731,768,49,0.004568637,0.000741246,0.003827391
731,768,50,0.00479433,0.000806838,0.003987492
731,768,51,0.004408309,0.000528896,0.003879413
731,768,52,0.004798622,0.000923847,0.003874775
731,768,53,0.004600326,0.000779934,0.003820392
731,768,54,0.004900374,0.001137861,0.003762513
731,768,55,0.004694226,0.000866731,0.003827495
731,768,56,0.004791131,0.00089689,0.003894241
731,768,57,0.004619194,0.000779824,0.00383937
731,768,58,0.004772847,0.000879516,0.003893331
731,768,59,0.004625349,0.000765039,0.00386031
731,768,60,0.004642295,0.000788232,0.003854063
731,768,61,0.004684673,0.000801239,0.003883434
731,768,62,0.004578691,0.00078027,0.003798421
731,768,63,0.004677003,0.000864911,0.003812092
731,768,64,0.004604774,0.000820624,0.00378415
731,768,65,0.004520235,0.000786641,0.003733594
731,768,66,0.004775786,0.001033249,0.003742537
731,768,67,0.004596083,0.000908428,0.003687655
731,768,68,0.004643208,0.000993484,0.003649724
731,768,69,0.00476712,0.001126184,0.003640936
731,768,70,0.004750564,0.001055851,0.003694713
731,768,71,0.004609182,0.000939301,0.003669881
731,768,72,0.004837931,0.001186283,0.003651648
731,768,73,0.00457435,0.000843354,0.003730996
731,768,74,0.004581045,0.000845127,0.003735918
731,768,75,0.004539854,0.000875585,0.003664269
731,768,76,0.004747291,0.000925212,0.003822079
731,768,77,0.004524335,0.00085193,0.003672405
731,768,78,0.004579997,0.000864106,0.003715891
731,768,79,0.004241917,0.000634874,0.003607043
731,768,80,0.005475125,0.002006512,0.003468613
731,768,81,0.005380159,0.001919842,0.003460317
731,768,82,0.005313272,0.001829518,0.003483754
731,768,83,0.005721568,0.002253235,0.003468333
731,768,84,0.005006994,0.001455384,0.00355161
731,768,85,0.004617864,0.001055529,0.003562335
731,768,86,0.004359291,0.000945855,0.003413436
731,768,87,0.004365613,0.000898763,0.00346685
731,768,88,0.005333677,0.00172429,0.003609387
731,768,89,0.005588771,0.002151091,0.00343768
731,768,90,0.005127602,0.001646004,0.003481598
731,768,91,0.00442655,0.000980007,0.003446543
731,768,92,0.004091708,0.000708299,0.003383409
731,768,93,0.004367043,0.000894312,0.003472731
731,768,94,0.005052678,0.001447829,0.003604849
731,768,95,0.005350454,0.002076406,0.003274048
731,768,96,0.00603847,0.00263719,0.00340128
731,768,97,0.005235005,0.00162646,0.003608545
731,768,98,0.004824631,0.001142049,0.003682582
731,768,99,0.004397669,0.000820708,0.003576961
731,768,100,0.005498719,0.002082187,0.003416532
731,768,101,0.006750248,0.003513311,0.003236937
731,768,102,0.00465842,0.001494802,0.003163618
731,768,103,0.005583417,0.002406031,0.003177386
731,768,104,0.005671462,0.002274826,0.003396636
731,768,105,0.00471308,0.001223024,0.003490056
731,768,106,0.004923388,0.001398865,0.003524523
731,768,107,0.004354627,0.000933207,0.00342142
731,768,108,0.004108845,0.000824561,0.003284284
731,768,109,0.003629776,0.000481697,0.003148079
731,768,110,0.008487281,0.005475571,0.00301171
732,768,1,0.756988628,0.634793997,0.122194631
732,768,2,0.008626438,0.005577395,0.003049043
732,768,3,0.02523069,0.022196161,0.003034529
732,768,4,0.003785886,0.000681101,0.003104785
732,768,5,0.00355543,0.00040914,0.00314629
732,768,6,0.003520637,0.000414717,0.00310592
732,768,7,0.038562141,0.035533081,0.00302906
732,768,8,0.004361508,0.001272125,0.003089383
732,768,9,0.005943442,0.002715817,0.003227625
732,768,10,0.005083503,0.001594519,0.003488984
732,768,11,0.004032107,0.000605375,0.003426732
732,768,12,0.003994415,0.000598751,0.003395664
732,768,13,0.004486162,0.001003339,0.003482823
732,768,14,0.004183652,0.000764222,0.00341943
732,768,15,0.004038382,0.000589917,0.003448465
732,768,16,0.004104234,0.000620495,0.003483739
732,768,17,0.004043573,0.000599923,0.00344365
732,768,18,0.003837461,0.000495556,0.003341905
732,768,19,0.030520146,0.027429931,0.003090215
732,768,20,0.005310436,0.002123492,0.003186944
732,768,21,0.006037919,0.002769635,0.003268284
732,768,22,0.005505813,0.002192741,0.003313072
732,768,23,0.004881925,0.001608946,0.003272979
732,768,24,0.004863376,0.001496959,0.003366417
732,768,25,0.004740325,0.001258965,0.00348136
732,768,26,0.005274546,0.001710102,0.003564444
732,768,27,0.004604531,0.000927558,0.003676973
732,768,28,0.004413446,0.000614411,0.003799035
732,768,29,0.004362583,0.000620063,0.00374252
732,768,30,0.004499717,0.000685319,0.003814398
732,768,31,0.004500878,0.000676915,0.003823963
732,768,32,0.004597055,0.000721988,0.003875067
732,768,33,0.004646895,0.000764909,0.003881986
732,768,34,0.004501123,0.000624865,0.003876258
732,768,35,0.004478419,0.000650589,0.00382783
732,768,36,0.004494812,0.0005975,0.003897312
732,768,37,0.004406651,0.000605032,0.003801619
732,768,38,0.004404119,0.000567078,0.003837041
732,768,39,0.004231221,0.000594996,0.003636225
732,768,40,0.00447679,0.000754514,0.003722276
732,768,41,0.004535873,0.000831344,0.003704529
732,768,42,0.004153619,0.000525676,0.003627943
732,768,43,0.004359503,0.000732952,0.003626551
732,768,44,0.00450148,0.000827754,0.003673726
732,768,45,0.004579862,0.000842286,0.003737576
732,768,46,0.004549936,0.00081425,0.003735686
732,768,47,0.00473049,0.000998284,0.003732206
732,768,48,0.004646932,0.000827597,0.003819335
732,768,49,0.004590286,0.000831249,0.003759037
732,768,50,0.004958289,0.001028073,0.003930216
732,768,51,0.004445035,0.000576973,0.003868062
732,768,52,0.004540609,0.000681004,0.003859605
732,768,53,0.004899121,0.001120552,0.003778569
732,768,54,0.004660387,0.000832758,0.003827629
732,768,55,0.004618343,0.000763904,0.003854439
732,768,56,0.004773266,0.000885587,0.003887679
732,768,57,0.004654652,0.000685741,0.003968911
732,768,58,0.004668344,0.000664984,0.00400336
732,768,59,0.004645666,0.000736747,0.003908919
732,768,60,0.004685682,0.000783807,0.003901875
732,768,61,0.004426609,0.000648292,0.003778317
732,768,62,0.004799237,0.000943832,0.003855405
732,768,63,0.004758424,0.000875381,0.003883043
732,768,64,0.004508746,0.000689044,0.003819702
732,768,65,0.004622161,0.000814584,0.003807577
732,768,66,0.004659929,0.000880699,0.00377923
732,768,67,0.004486238,0.000784071,0.003702167
732,768,68,0.004787587,0.001061452,0.003726135
732,768,69,0.004635701,0.000883559,0.003752142
732,768,70,0.004553131,0.000833164,0.003719967
732,768,71,0.004757481,0.00108746,0.003670021
732,768,72,0.004650931,0.000919675,0.003731256
732,768,73,0.0047033,0.001023075,0.003680225
732,768,74,0.004611079,0.000847064,0.003764015
732,768,75,0.004591769,0.000862785,0.003728984
732,768,76,0.004624318,0.000981838,0.00364248
732,768,77,0.004608336,0.000920102,0.003688234
732,768,78,0.004538184,0.000857999,0.003680185
732,768,79,0.00591864,0.002358427,0.003560213
732,768,80,0.005732977,0.002345073,0.003387904
732,768,81,0.004986133,0.001517654,0.003468479
732,768,82,0.006020036,0.002380195,0.003639841
732,768,83,0.004621561,0.001011795,0.003609766
732,768,84,0.004699831,0.001127444,0.003572387
732,768,85,0.004438979,0.000885258,0.003553721
732,768,86,0.004473737,0.001023135,0.003450602
732,768,87,0.004982969,0.001473001,0.003509968
732,768,88,0.005890149,0.002314016,0.003576133
732,768,89,0.005248705,0.001617008,0.003631697
732,768,90,0.00437712,0.000920138,0.003456982
732,768,91,0.00454407,0.000975136,0.003568934
732,768,92,0.00407983,0.000663764,0.003416066
732,768,93,0.004071399,0.000681778,0.003389621
732,768,94,0.00489348,0.001279567,0.003613913
732,768,95,0.006888426,0.003513647,0.003374779
732,768,96,0.005354765,0.001743045,0.00361172
732,768,97,0.004751233,0.001081333,0.0036699
732,768,98,0.004511252,0.000882013,0.003629239
732,768,99,0.005768244,0.002211976,0.003556268
732,768,100,0.005261657,0.001797751,0.003463906
732,768,101,0.004091816,0.000728462,0.003363354
732,768,102,0.005307913,0.00211404,0.003193873
732,768,103,0.006722579,0.003540265,0.003182314
732,768,104,0.005151046,0.001737542,0.003413504
732,768,105,0.004884546,0.001362966,0.00352158
732,768,106,0.004777001,0.001356228,0.003420773
732,768,107,0.004601202,0.001026375,0.003574827
732,768,108,0.004113297,0.000815271,0.003298026
732,768,109,0.005074784,0.002017466,0.003057318
732,768,110,0.006292127,0.003277657,0.00301447
733,768,1,0.757631735,0.635131509,0.122500226
733,768,2,0.029975191,0.02694653,0.003028661
733,768,3,0.003716443,0.000591023,0.00312542
733,768,4,0.003600885,0.000435967,0.003164918
733,768,5,0.003525273,0.000402667,0.003122606
733,768,6,0.038569371,0.035527626,0.003041745
733,768,7,0.004202238,0.001045871,0.003156367
733,768,8,0.003815157,0.000591074,0.003224083
733,768,9,0.003852802,0.00051681,0.003335992
733,768,10,0.005476566,0.002054823,0.003421743
733,768,11,0.004925389,0.001480008,0.003445381
733,768,12,0.004191117,0.000764992,0.003426125
733,768,13,0.004268791,0.000721461,0.00354733
733,768,14,0.0040922,0.000689274,0.003402926
733,768,15,0.004438717,0.000908989,0.003529728
733,768,16,0.004103688,0.000598035,0.003505653
733,768,17,0.004061448,0.000576417,0.003485031
733,768,18,0.003898794,0.000530233,0.003368561
733,768,19,0.003704782,0.0004299,0.003274882
733,768,20,0.031639308,0.028416174,0.003223134
733,768,21,0.006161686,0.00284177,0.003319916
733,768,22,0.005649811,0.002391683,0.003258128
733,768,23,0.004943149,0.00167261,0.003270539
733,768,24,0.004988741,0.00164456,0.003344181
733,768,25,0.004761013,0.001250023,0.00351099
733,768,26,0.005106158,0.001528435,0.003577723
733,768,27,0.004802044,0.000966655,0.003835389
733,768,28,0.004301181,0.000566966,0.003734215
733,768,29,0.004447386,0.000704459,0.003742927
733,768,30,0.004517354,0.000621241,0.003896113
733,768,31,0.004371664,0.000548051,0.003823613
733,768,32,0.00463894,0.00072052,0.00391842
733,768,33,0.004681632,0.000863378,0.003818254
733,768,34,0.004540313,0.000748147,0.003792166
733,768,35,0.004461911,0.000629032,0.003832879
733,768,36,0.004556705,0.00073527,0.003821435
733,768,37,0.004450437,0.000631281,0.003819156
733,768,38,0.004491861,0.000714122,0.003777739
733,768,39,0.004485412,0.000768923,0.003716489
733,768,40,0.004628172,0.000836154,0.003792018
733,768,41,0.004219797,0.000490857,0.00372894
733,768,42,0.004281941,0.000584522,0.003697419
733,768,43,0.004394201,0.000757502,0.003636699
733,768,44,0.004535663,0.00076756,0.003768103
733,768,45,0.004550044,0.000737579,0.003812465
733,768,46,0.004582391,0.00077578,0.003806611
733,768,47,0.004524931,0.000772226,0.003752705
733,768,48,0.004622126,0.000757923,0.003864203
733,768,49,0.00456758,0.000635584,0.003931996
733,768,50,0.004618852,0.000757841,0.003861011
733,768,51,0.004456855,0.000579586,0.003877269
733,768,52,0.004538769,0.000683502,0.003855267
733,768,53,0.004640428,0.000794966,0.003845462
733,768,54,0.004879037,0.000954248,0.003924789
733,768,55,0.004622542,0.000620478,0.004002064
733,768,56,0.004744218,0.000659128,0.00408509
733,768,57,0.004658983,0.000582027,0.004076956
733,768,58,0.004608089,0.000570604,0.004037485
733,768,59,0.004575131,0.000607061,0.00396807
733,768,60,0.004662854,0.000657975,0.004004879
733,768,61,0.004702527,0.000770498,0.003932029
733,768,62,0.004580298,0.000550928,0.00402937
733,768,63,0.004614117,0.000693212,0.003920905
733,768,64,0.004640725,0.000754274,0.003886451
733,768,65,0.004638403,0.000737265,0.003901138
733,768,66,0.004555152,0.000708842,0.00384631
733,768,67,0.004570868,0.000816938,0.00375393
733,768,68,0.004592116,0.000830078,0.003762038
733,768,69,0.004604367,0.000927648,0.003676719
733,768,70,0.004806668,0.000978785,0.003827883
733,768,71,0.004443804,0.00072335,0.003720454
733,768,72,0.004775416,0.001058402,0.003717014
733,768,73,0.004744713,0.000811692,0.003933021
733,768,74,0.004672192,0.000847279,0.003824913
733,768,75,0.004474233,0.000673572,0.003800661
733,768,76,0.004768165,0.001019351,0.003748814
733,768,77,0.005454876,0.001700643,0.003754233
733,768,78,0.006066568,0.002461359,0.003605209
733,768,79,0.004997367,0.001350341,0.003647026
733,768,80,0.004974879,0.001517884,0.003456995
733,768,81,0.004758891,0.001167703,0.003591188
733,768,82,0.004936758,0.001353961,0.003582797
733,768,83,0.005363602,0.001663298,0.003700304
733,768,84,0.004544128,0.000963741,0.003580387
733,768,85,0.004563166,0.000904691,0.003658475
733,768,86,0.005846499,0.002372291,0.003474208
733,768,87,0.005880048,0.002158956,0.003721092
733,768,88,0.00480049,0.001110391,0.003690099
733,768,89,0.004527428,0.000986012,0.003541416
733,768,90,0.004266519,0.000794514,0.003472005
733,768,91,0.004780403,0.001237359,0.003543044
733,768,92,0.003941833,0.000546083,0.00339575
733,768,93,0.00401823,0.000631142,0.003387088
733,768,94,0.007645572,0.004162412,0.00348316
733,768,95,0.005030553,0.001461619,0.003568934
733,768,96,0.004620576,0.000894439,0.003726137
733,768,97,0.004659482,0.000891044,0.003768438
733,768,98,0.005904561,0.002321068,0.003583493
733,768,99,0.004597735,0.000926474,0.003671261
733,768,100,0.004966805,0.001390497,0.003576308
733,768,101,0.00419688,0.000823181,0.003373699
733,768,102,0.003967622,0.000674072,0.00329355
733,768,103,0.004814707,0.00153015,0.003284557
733,768,104,0.007591374,0.004183735,0.003407639
733,768,105,0.004982553,0.001525524,0.003457029
733,768,106,0.004999774,0.001496802,0.003502972
733,768,107,0.004539997,0.001003603,0.003536394
733,768,108,0.004239866,0.000884945,0.003354921
733,768,109,0.007977779,0.00493434,0.003043439
733,768,110,0.004638004,0.001491271,0.003146733
734,768,1,0.75596053,0.634319958,0.121640572
734,768,2,0.008529828,0.00547004,0.003059788
734,768,3,0.026439671,0.023382712,0.003056959
734,768,4,0.003800201,0.000673846,0.003126355
734,768,5,0.039116992,0.036072038,0.003044954
734,768,6,0.004005026,0.000891044,0.003113982
734,768,7,0.003506845,0.000366858,0.003139987
734,768,8,0.003815734,0.000603678,0.003212056
734,768,9,0.003740211,0.000448346,0.003291865
734,768,10,0.004106669,0.000698587,0.003408082
734,768,11,0.004938413,0.001549786,0.003388627
734,768,12,0.004923227,0.001585197,0.00333803
734,768,13,0.004501187,0.001046746,0.003454441
734,768,14,0.004206631,0.000761643,0.003444988
734,768,15,0.004092033,0.00066385,0.003428183
734,768,16,0.004408645,0.000926689,0.003481956
734,768,17,0.004134539,0.0006575,0.003477039
734,768,18,0.003857197,0.000445683,0.003411514
734,768,19,0.003768875,0.000512596,0.003256279
734,768,20,0.003690416,0.000425316,0.0032651
734,768,21,0.033172847,0.029896521,0.003276326
734,768,22,0.006288408,0.003035085,0.003253323
734,768,23,0.005363778,0.002044063,0.003319715
734,768,24,0.004838922,0.001398837,0.003440085
734,768,25,0.005000221,0.001538179,0.003462042
734,768,26,0.00502164,0.001556017,0.003465623
734,768,27,0.004887087,0.001245226,0.003641861
734,768,28,0.004443611,0.000658436,0.003785175
734,768,29,0.004416763,0.000663517,0.003753246
734,768,30,0.004489316,0.000641175,0.003848141
734,768,31,0.00451166,0.000710944,0.003800716
734,768,32,0.004756487,0.000883661,0.003872826
734,768,33,0.004551724,0.000715131,0.003836593
734,768,34,0.004553088,0.000841742,0.003711346
734,768,35,0.004641732,0.000848824,0.003792908
734,768,36,0.004488342,0.000730831,0.003757511
734,768,37,0.00450335,0.000769815,0.003733535
734,768,38,0.004459773,0.000783941,0.003675832
734,768,39,0.004374166,0.000691637,0.003682529
734,768,40,0.004414039,0.000710138,0.003703901
734,768,41,0.004542431,0.0008888,0.003653631
734,768,42,0.00425582,0.00070778,0.00354804
734,768,43,0.004403235,0.000873284,0.003529951
734,768,44,0.004542427,0.000876716,0.003665711
734,768,45,0.004509464,0.000889927,0.003619537
734,768,46,0.004616288,0.000884109,0.003732179
734,768,47,0.004589712,0.000864392,0.00372532
734,768,48,0.004531623,0.000725511,0.003806112
734,768,49,0.004504983,0.000694292,0.003810691
734,768,50,0.004734114,0.000796389,0.003937725
734,768,51,0.004388251,0.000536858,0.003851393
734,768,52,0.004616592,0.000726906,0.003889686
734,768,53,0.00461101,0.000728122,0.003882888
734,768,54,0.004536648,0.000654202,0.003882446
734,768,55,0.004650291,0.000739773,0.003910518
734,768,56,0.004685744,0.000730142,0.003955602
734,768,57,0.004646448,0.000660634,0.003985814
734,768,58,0.004672788,0.00067441,0.003998378
734,768,59,0.00448601,0.000534814,0.003951196
734,768,60,0.00470116,0.000749064,0.003952096
734,768,61,0.004674236,0.000746881,0.003927355
734,768,62,0.004725383,0.000738073,0.00398731
734,768,63,0.0045257,0.000623019,0.003902681
734,768,64,0.004750924,0.000854406,0.003896518
734,768,65,0.004605553,0.000738086,0.003867467
734,768,66,0.004736117,0.000863647,0.00387247
734,768,67,0.004553198,0.000778864,0.003774334
734,768,68,0.004742988,0.000988578,0.00375441
734,768,69,0.004505972,0.000821024,0.003684948
734,768,70,0.00474775,0.001037758,0.003709992
734,768,71,0.004655071,0.000848724,0.003806347
734,768,72,0.004588819,0.000880364,0.003708455
734,768,73,0.004810027,0.000969559,0.003840468
734,768,74,0.004566745,0.000731391,0.003835354
734,768,75,0.004626715,0.000823122,0.003803593
734,768,76,0.004841359,0.001079815,0.003761544
734,768,77,0.004491441,0.000741917,0.003749524
734,768,78,0.004747333,0.000952007,0.003795326
734,768,79,0.005981437,0.002360543,0.003620894
734,768,80,0.005489634,0.001992076,0.003497558
734,768,81,0.005306984,0.001851982,0.003455002
734,768,82,0.004632416,0.001013727,0.003618689
734,768,83,0.00446292,0.000885019,0.003577901
734,768,84,0.005053646,0.001488976,0.00356467
734,768,85,0.006390722,0.002886515,0.003504207
734,768,86,0.0058839,0.002462907,0.003420993
734,768,87,0.005231977,0.001696242,0.003535735
734,768,88,0.004355366,0.000695776,0.00365959
734,768,89,0.004560994,0.000996606,0.003564388
734,768,90,0.00432965,0.000830001,0.003499649
734,768,91,0.00462763,0.001123241,0.003504389
734,768,92,0.003897084,0.000511471,0.003385613
734,768,93,0.007969497,0.004399554,0.003569943
734,768,94,0.004274247,0.000806503,0.003467744
734,768,95,0.004630109,0.001187643,0.003442466
734,768,96,0.00464877,0.001039221,0.003609549
734,768,97,0.004714877,0.000988852,0.003726025
734,768,98,0.004568074,0.000825317,0.003742757
734,768,99,0.005538824,0.001867386,0.003671438
734,768,100,0.005164402,0.001683044,0.003481358
734,768,101,0.004114521,0.000732003,0.003382518
734,768,102,0.003992274,0.000638107,0.003354167
734,768,103,0.003908709,0.000626682,0.003282027
734,768,104,0.00662429,0.003289055,0.003335235
734,768,105,0.006222199,0.002759485,0.003462714
734,768,106,0.005466391,0.001925314,0.003541077
734,768,107,0.004386292,0.000865074,0.003521218
734,768,108,0.008986353,0.005883663,0.00310269
734,768,109,0.004603974,0.001558356,0.003045618
734,768,110,0.004192275,0.001019375,0.0031729
735,768,1,0.623326607,0.497970481,0.125356126
735,768,2,0.135798841,0.132742387,0.003056454
735,768,3,0.008587737,0.005526835,0.003060902
735,768,4,0.026375799,0.023354629,0.00302117
735,768,5,0.003944712,0.000784339,0.003160373
735,768,6,0.03894738,0.035918988,0.003028392
735,768,7,0.004153258,0.001009004,0.003144254
735,768,8,0.003636617,0.000470196,0.003166421
735,768,9,0.00386575,0.000557651,0.003308099
735,768,10,0.003932635,0.000564809,0.003367826
735,768,11,0.004153992,0.00062548,0.003528512
735,768,12,0.004983057,0.001530341,0.003452716
735,768,13,0.00481196,0.001354557,0.003457403
735,768,14,0.004527763,0.001122927,0.003404836
735,768,15,0.004146117,0.000676184,0.003469933
735,768,16,0.004142481,0.000675195,0.003467286
735,768,17,0.004291534,0.000877731,0.003413803
735,768,18,0.004023441,0.000688009,0.003335432
735,768,19,0.003793892,0.000536329,0.003257563
735,768,20,0.00375773,0.000500203,0.003257527
735,768,21,0.003758948,0.000505374,0.003253574
735,768,22,0.034178044,0.031045117,0.003132927
735,768,23,0.005537382,0.002369384,0.003167998
735,768,24,0.005554025,0.002329963,0.003224062
735,768,25,0.004846102,0.001600433,0.003245669
735,768,26,0.005962818,0.002501076,0.003461742
735,768,27,0.004363786,0.000709936,0.00365385
735,768,28,0.004784215,0.001031178,0.003753037
735,768,29,0.004340581,0.000506148,0.003834433
735,768,30,0.00454722,0.000774342,0.003772878
735,768,31,0.004392785,0.000563491,0.003829294
735,768,32,0.004944282,0.001037742,0.00390654
735,768,33,0.004633819,0.000722836,0.003910983
735,768,34,0.004352805,0.000519076,0.003833729
735,768,35,0.004645961,0.000824968,0.003820993
735,768,36,0.004639146,0.000763605,0.003875541
735,768,37,0.004452873,0.000693819,0.003759054
735,768,38,0.004317042,0.000551026,0.003766016
735,768,39,0.004465282,0.000794642,0.00367064
735,768,40,0.00453552,0.000749751,0.003785769
735,768,41,0.004243847,0.000597024,0.003646823
735,768,42,0.004405487,0.000807802,0.003597685
735,768,43,0.004389428,0.000741745,0.003647683
735,768,44,0.004504445,0.000771449,0.003732996
735,768,45,0.004608151,0.000803226,0.003804925
735,768,46,0.004451525,0.000716857,0.003734668
735,768,47,0.00462351,0.000874569,0.003748941
735,768,48,0.004703343,0.000835733,0.00386761
735,768,49,0.004357906,0.000515909,0.003841997
735,768,50,0.00481691,0.000897504,0.003919406
735,768,51,0.004280881,0.00045987,0.003821011
735,768,52,0.004669232,0.00079831,0.003870922
735,768,53,0.004408346,0.000651288,0.003757058
735,768,54,0.004669505,0.000862879,0.003806626
735,768,55,0.004479437,0.000645753,0.003833684
735,768,56,0.00470963,0.00087961,0.00383002
735,768,57,0.004597231,0.000725882,0.003871349
735,768,58,0.00474852,0.000840534,0.003907986
735,768,59,0.004593587,0.00076039,0.003833197
735,768,60,0.004558321,0.000769262,0.003789059
735,768,61,0.004540467,0.00074216,0.003798307
735,768,62,0.004795083,0.000948083,0.003847
735,768,63,0.004626061,0.000800283,0.003825778
735,768,64,0.00453383,0.000723359,0.003810471
735,768,65,0.004681904,0.00088527,0.003796634
735,768,66,0.004767086,0.000938586,0.0038285
735,768,67,0.004597071,0.000807827,0.003789244
735,768,68,0.004490172,0.000817023,0.003673149
735,768,69,0.004828714,0.00108982,0.003738894
735,768,70,0.004495936,0.000712515,0.003783421
735,768,71,0.004725529,0.001004504,0.003721025
735,768,72,0.00462062,0.000832885,0.003787735
735,768,73,0.004656258,0.000903294,0.003752964
735,768,74,0.00472487,0.000958169,0.003766701
735,768,75,0.005124924,0.001418651,0.003706273
735,768,76,0.005249508,0.00151482,0.003734688
735,768,77,0.004337876,0.000613024,0.003724852
735,768,78,0.004172317,0.00047881,0.003693507
735,768,79,0.004266054,0.000554925,0.003711129
735,768,80,0.005676482,0.002305537,0.003370945
735,768,81,0.005656032,0.002193857,0.003462175
735,768,82,0.005284792,0.001823217,0.003461575
735,768,83,0.004674932,0.001109694,0.003565238
735,768,84,0.004354617,0.000891003,0.003463614
735,768,85,0.004911951,0.001579681,0.00333227
735,768,86,0.00719689,0.003770351,0.003426539
735,768,87,0.00568909,0.002166606,0.003522484
735,768,88,0.004882702,0.001303098,0.003579604
735,768,89,0.004792171,0.001238349,0.003553822
735,768,90,0.004078205,0.000608971,0.003469234
735,768,91,0.004749895,0.001210345,0.00353955
735,768,92,0.007656769,0.004278832,0.003377937
735,768,93,0.005229523,0.001623719,0.003605804
735,768,94,0.003991497,0.000476867,0.00351463
735,768,95,0.004512778,0.000991354,0.003521424
735,768,96,0.004443459,0.00085292,0.003590539
735,768,97,0.004632849,0.00093236,0.003700489
735,768,98,0.004536546,0.000819976,0.00371657
735,768,99,0.004178628,0.0005418,0.003636828
735,768,100,0.006694655,0.003231186,0.003463469
735,768,101,0.004337985,0.001021575,0.00331641
735,768,102,0.003641276,0.000348138,0.003293138
735,768,103,0.006347701,0.003208476,0.003139225
735,768,104,0.004754326,0.001440399,0.003313927
735,768,105,0.004435242,0.001038553,0.003396689
735,768,106,0.005898456,0.002431135,0.003467321
735,768,107,0.005023063,0.001527544,0.003495519
735,768,108,0.003928519,0.000609998,0.003318521
735,768,109,0.008768476,0.005741597,0.003026879
735,768,110,0.004632583,0.00151309,0.003119493
736,768,1,0.489114305,0.314699939,0.174414366
736,768,2,0.144771823,0.141749202,0.003022621
736,768,3,0.133376038,0.130312096,0.003063942
736,768,4,0.003870773,0.000708634,0.003162139
736,768,5,0.006595983,0.003577418,0.003018565
736,768,6,0.003923655,0.000836415,0.00308724
736,768,7,0.005857915,0.0028454,0.003012515
736,768,8,0.057037334,0.053954323,0.003083011
736,768,9,0.004207452,0.001011939,0.003195513
736,768,10,0.004539961,0.001088534,0.003451427
736,768,11,0.00412604,0.000589807,0.003536233
736,768,12,0.004178802,0.000691229,0.003487573
736,768,13,0.004075971,0.000609965,0.003466006
736,768,14,0.004139183,0.000657194,0.003481989
736,768,15,0.004437548,0.000943842,0.003493706
736,768,16,0.004071491,0.000586266,0.003485225
736,768,17,0.004194272,0.000695345,0.003498927
736,768,18,0.003937354,0.000500905,0.003436449
736,768,19,0.00368514,0.000349793,0.003335347
736,768,20,0.003963272,0.000660446,0.003302826
736,768,21,0.003953004,0.000695056,0.003257948
736,768,22,0.003744547,0.000580566,0.003163981
736,768,23,0.003963667,0.000843633,0.003120034
736,768,24,0.003993443,0.000949282,0.003044161
736,768,25,0.013383595,0.010227845,0.00315575
736,768,26,0.005381074,0.002109636,0.003271438
736,768,27,0.004966261,0.001711549,0.003254712
736,768,28,0.005060043,0.001902141,0.003157902
736,768,29,0.005169399,0.001976816,0.003192583
736,768,30,0.004879122,0.001634532,0.00324459
736,768,31,0.005187691,0.001921933,0.003265758
736,768,32,0.005037085,0.001484171,0.003552914
736,768,33,0.004862391,0.001169004,0.003693387
736,768,34,0.004490214,0.000764486,0.003725728
736,768,35,0.004467107,0.00066446,0.003802647
736,768,36,0.004423245,0.000647679,0.003775566
736,768,37,0.004791956,0.000995728,0.003796228
736,768,38,0.004587036,0.000794261,0.003792775
736,768,39,0.004597009,0.000831983,0.003765026
736,768,40,0.004534373,0.000772099,0.003762274
736,768,41,0.004418079,0.0006592,0.003758879
736,768,42,0.004394949,0.000646743,0.003748206
736,768,43,0.004532307,0.000789558,0.003742749
736,768,44,0.004289492,0.000606845,0.003682647
736,768,45,0.004471027,0.000790504,0.003680523
736,768,46,0.004938361,0.001341106,0.003597255
736,768,47,0.005460053,0.001999865,0.003460188
736,768,48,0.005642518,0.002149068,0.00349345
736,768,49,0.005680029,0.002124523,0.003555506
736,768,50,0.006087751,0.002367124,0.003720627
736,768,51,0.00606784,0.002479822,0.003588018
736,768,52,0.005858857,0.002235637,0.00362322
736,768,53,0.005682759,0.001994777,0.003687982
736,768,54,0.005709174,0.0020887,0.003620474
736,768,55,0.005535869,0.001939274,0.003596595
736,768,56,0.005567563,0.00192725,0.003640313
736,768,57,0.005247991,0.001543356,0.003704635
736,768,58,0.00515669,0.001310152,0.003846538
736,768,59,0.004767919,0.001055567,0.003712352
736,768,60,0.004896032,0.001133491,0.003762541
736,768,61,0.004702167,0.00094691,0.003755257
736,768,62,0.004974349,0.001115801,0.003858548
736,768,63,0.004784145,0.001001122,0.003783023
736,768,64,0.004998504,0.001157617,0.003840887
736,768,65,0.004781061,0.00093959,0.003841471
736,768,66,0.004700387,0.000891882,0.003808505
736,768,67,0.004553401,0.000837634,0.003715767
736,768,68,0.004996738,0.001385058,0.00361168
736,768,69,0.004767976,0.001199907,0.003568069
736,768,70,0.004953512,0.001336995,0.003616517
736,768,71,0.004948394,0.001322483,0.003625911
736,768,72,0.004891461,0.001230901,0.00366056
736,768,73,0.005149638,0.00155788,0.003591758
736,768,74,0.004742241,0.00112072,0.003621521
736,768,75,0.004606283,0.001029042,0.003577241
736,768,76,0.004630835,0.001127956,0.003502879
736,768,77,0.004938148,0.001367426,0.003570722
736,768,78,0.004433995,0.000876966,0.003557029
736,768,79,0.004838517,0.001258464,0.003580053
736,768,80,0.004637186,0.001090186,0.003547
736,768,81,0.004429537,0.000853503,0.003576034
736,768,82,0.004715961,0.00129392,0.003422041
736,768,83,0.004585842,0.001133305,0.003452537
736,768,84,0.004382962,0.000893194,0.003489768
736,768,85,0.004928027,0.001270888,0.003657139
736,768,86,0.004653984,0.001121474,0.00353251
736,768,87,0.004965578,0.001325722,0.003639856
736,768,88,0.004218192,0.000813752,0.00340444
736,768,89,0.004790462,0.001257737,0.003532725
736,768,90,0.004632241,0.001101685,0.003530556
736,768,91,0.004698308,0.001137215,0.003561093
736,768,92,0.005474154,0.002185385,0.003288769
736,768,93,0.005027797,0.001728599,0.003299198
736,768,94,0.00432952,0.000830511,0.003499009
736,768,95,0.004586528,0.001096439,0.003490089
736,768,96,0.004447912,0.00097942,0.003468492
736,768,97,0.004552089,0.000989265,0.003562824
736,768,98,0.004778785,0.001278248,0.003500537
736,768,99,0.00466253,0.001129538,0.003532992
736,768,100,0.004081578,0.000453325,0.003628253
736,768,101,0.004119237,0.000619822,0.003499415
736,768,102,0.006134252,0.002598577,0.003535675
736,768,103,0.005416823,0.001946604,0.003470219
736,768,104,0.006849566,0.003687494,0.003162072
736,768,105,0.004751745,0.001605058,0.003146687
736,768,106,0.005219529,0.002001209,0.00321832
736,768,107,0.004900352,0.001479658,0.003420694
736,768,108,0.004166875,0.000659362,0.003507513
736,768,109,0.004114744,0.000570186,0.003544558
736,768,110,0.004201599,0.000709367,0.003492232
737,768,1,0.62194708,0.497661205,0.124285875
737,768,2,0.142095638,0.139055214,0.003040424
737,768,3,0.003755132,0.000600306,0.003154826
737,768,4,0.00680746,0.003757695,0.003049765
737,768,5,0.003875859,0.000740419,0.00313544
737,768,6,0.005851198,0.002840022,0.003011176
737,768,7,0.056912476,0.05386576,0.003046716
737,768,8,0.004130422,0.001046647,0.003083775
737,768,9,0.004134208,0.000814411,0.003319797
737,768,10,0.00418295,0.000730029,0.003452921
737,768,11,0.004213458,0.000706392,0.003507066
737,768,12,0.003987475,0.000504652,0.003482823
737,768,13,0.00425486,0.000818357,0.003436503
737,768,14,0.004228341,0.000717439,0.003510902
737,768,15,0.004233976,0.000713817,0.003520159
737,768,16,0.004133688,0.000611027,0.003522661
737,768,17,0.004094745,0.000570209,0.003524536
737,768,18,0.003846156,0.000438485,0.003407671
737,768,19,0.00377171,0.000424234,0.003347476
737,768,20,0.003804723,0.00050271,0.003302013
737,768,21,0.003930152,0.000650316,0.003279836
737,768,22,0.003835054,0.000619972,0.003215082
737,768,23,0.003909915,0.000725278,0.003184637
737,768,24,0.012744851,0.009669005,0.003075846
737,768,25,0.005606298,0.002435354,0.003170944
737,768,26,0.005517312,0.002251863,0.003265449
737,768,27,0.005127406,0.001843706,0.0032837
737,768,28,0.004920747,0.001724778,0.003195969
737,768,29,0.004987032,0.001679998,0.003307034
737,768,30,0.005194767,0.001774311,0.003420456
737,768,31,0.004676707,0.001302478,0.003374229
737,768,32,0.005010236,0.001336023,0.003674213
737,768,33,0.004447688,0.000677698,0.00376999
737,768,34,0.004368701,0.000598759,0.003769942
737,768,35,0.004498874,0.000727809,0.003771065
737,768,36,0.004818042,0.000995179,0.003822863
737,768,37,0.004561262,0.000712571,0.003848691
737,768,38,0.004597441,0.000732658,0.003864783
737,768,39,0.00457658,0.00066911,0.00390747
737,768,40,0.004405193,0.00059131,0.003813883
737,768,41,0.004476663,0.000605651,0.003871012
737,768,42,0.004447376,0.000676307,0.003771069
737,768,43,0.004390487,0.000591335,0.003799152
737,768,44,0.004434641,0.000733118,0.003701523
737,768,45,0.005098838,0.001455072,0.003643766
737,768,46,0.005530773,0.001968187,0.003562586
737,768,47,0.005409305,0.001841682,0.003567623
737,768,48,0.005892683,0.002201085,0.003691598
737,768,49,0.005742676,0.002228455,0.003514221
737,768,50,0.006322115,0.002690811,0.003631304
737,768,51,0.005625495,0.002044009,0.003581486
737,768,52,0.005916935,0.002215612,0.003701323
737,768,53,0.005618035,0.001919088,0.003698947
737,768,54,0.005700954,0.002014418,0.003686536
737,768,55,0.005340749,0.001599098,0.003741651
737,768,56,0.005100515,0.001418365,0.00368215
737,768,57,0.00510385,0.001247447,0.003856403
737,768,58,0.004977504,0.001093372,0.003884132
737,768,59,0.004782609,0.000843803,0.003938806
737,768,60,0.004864377,0.000922598,0.003941779
737,768,61,0.004884979,0.000999669,0.00388531
737,768,62,0.004978468,0.001074715,0.003903753
737,768,63,0.004889325,0.00109457,0.003794755
737,768,64,0.004800423,0.000998689,0.003801734
737,768,65,0.004746617,0.000963499,0.003783118
737,768,66,0.004622855,0.000851525,0.00377133
737,768,67,0.004930798,0.001255978,0.00367482
737,768,68,0.00478083,0.001151447,0.003629383
737,768,69,0.004888039,0.001318089,0.00356995
737,768,70,0.004815302,0.001245722,0.00356958
737,768,71,0.00503492,0.00137952,0.0036554
737,768,72,0.005071946,0.001399004,0.003672942
737,768,73,0.004796001,0.001104226,0.003691775
737,768,74,0.004568398,0.000952173,0.003616225
737,768,75,0.004796121,0.001081754,0.003714367
737,768,76,0.004917607,0.001190221,0.003727386
737,768,77,0.004340166,0.000707272,0.003632894
737,768,78,0.004815402,0.00117994,0.003635462
737,768,79,0.004690892,0.000999357,0.003691535
737,768,80,0.004383685,0.000831917,0.003551768
737,768,81,0.004638537,0.001088867,0.00354967
737,768,82,0.004787879,0.001236062,0.003551817
737,768,83,0.004473052,0.000938826,0.003534226
737,768,84,0.004533184,0.000959182,0.003574002
737,768,85,0.004737998,0.001054506,0.003683492
737,768,86,0.00437815,0.000871627,0.003506523
737,768,87,0.004591074,0.001057027,0.003534047
737,768,88,0.004416409,0.001031175,0.003385234
737,768,89,0.004699724,0.001188442,0.003511282
737,768,90,0.004503868,0.00094645,0.003557418
737,768,91,0.004538308,0.000899804,0.003638504
737,768,92,0.004259254,0.000747869,0.003511385
737,768,93,0.005749393,0.002413701,0.003335692
737,768,94,0.005795179,0.002417276,0.003377903
737,768,95,0.004631414,0.001190035,0.003441379
737,768,96,0.004459925,0.000828048,0.003631877
737,768,97,0.00414806,0.000621222,0.003526838
737,768,98,0.004234343,0.000675903,0.00355844
737,768,99,0.004942067,0.00135508,0.003586987
737,768,100,0.004232606,0.00052884,0.003703766
737,768,101,0.006346643,0.002804347,0.003542296
737,768,102,0.005386675,0.00189857,0.003488105
737,768,103,0.004538881,0.000991905,0.003546976
737,768,104,0.004250936,0.000905865,0.003345071
737,768,105,0.008225872,0.005068335,0.003157537
737,768,106,0.004331419,0.001116547,0.003214872
737,768,107,0.004400356,0.000911736,0.00348862
737,768,108,0.004109374,0.000553575,0.003555799
737,768,109,0.004221934,0.000683813,0.003538121
737,768,110,0.007114854,0.003843314,0.00327154
738,768,1,0.620384426,0.496516873,0.123867553
738,768,2,0.14075771,0.137724887,0.003032823
738,768,3,0.010208348,0.007143403,0.003064945
738,768,4,0.003807949,0.000634504,0.003173445
738,768,5,0.003475449,0.000374297,0.003101152
738,768,6,0.059241317,0.056216914,0.003024403
738,768,7,0.004205072,0.001030461,0.003174611
738,768,8,0.003655941,0.00049456,0.003161381
738,768,9,0.003905392,0.000615734,0.003289658
738,768,10,0.004084006,0.000695453,0.003388553
738,768,11,0.004110473,0.000695704,0.003414769
738,768,12,0.004079323,0.000614366,0.003464957
738,768,13,0.004160883,0.000755954,0.003404929
738,768,14,0.004245719,0.000770325,0.003475394
738,768,15,0.004115419,0.000661652,0.003453767
738,768,16,0.004202416,0.000693894,0.003508522
738,768,17,0.00394505,0.000490232,0.003454818
738,768,18,0.003848365,0.000450303,0.003398062
738,768,19,0.003719752,0.000414432,0.00330532
738,768,20,0.003846531,0.000551669,0.003294862
738,768,21,0.003804841,0.000609763,0.003195078
738,768,22,0.00399236,0.000834428,0.003157932
738,768,23,0.013019829,0.009974743,0.003045086
738,768,24,0.005344472,0.002259518,0.003084954
738,768,25,0.005456903,0.002311951,0.003144952
738,768,26,0.005021018,0.001782956,0.003238062
738,768,27,0.005099794,0.001815339,0.003284455
738,768,28,0.005028573,0.001729122,0.003299451
738,768,29,0.004999827,0.001667706,0.003332121
738,768,30,0.004653561,0.001269401,0.00338416
738,768,31,0.004952247,0.001481765,0.003470482
738,768,32,0.004612931,0.000964975,0.003647956
738,768,33,0.004546697,0.000786028,0.003760669
738,768,34,0.004514715,0.000747906,0.003766809
738,768,35,0.004561082,0.000807929,0.003753153
738,768,36,0.004400237,0.000659529,0.003740708
738,768,37,0.004616933,0.000791529,0.003825404
738,768,38,0.004633073,0.000791956,0.003841117
738,768,39,0.00453673,0.000742056,0.003794674
738,768,40,0.004620732,0.000813248,0.003807484
738,768,41,0.004449067,0.0006369,0.003812167
738,768,42,0.004383618,0.000614195,0.003769423
738,768,43,0.00451179,0.000781134,0.003730656
738,768,44,0.005186998,0.001725263,0.003461735
738,768,45,0.005591226,0.002104609,0.003486617
738,768,46,0.005115778,0.001624455,0.003491323
738,768,47,0.005922402,0.002460546,0.003461856
738,768,48,0.005842682,0.002412865,0.003429817
738,768,49,0.006129091,0.002672197,0.003456894
738,768,50,0.005894511,0.002294842,0.003599669
738,768,51,0.005581226,0.001951493,0.003629733
738,768,52,0.00578897,0.002214441,0.003574529
738,768,53,0.005398152,0.001778397,0.003619755
738,768,54,0.005473471,0.001821139,0.003652332
738,768,55,0.005212926,0.001535244,0.003677682
738,768,56,0.004994842,0.001172496,0.003822346
738,768,57,0.005175148,0.001345452,0.003829696
738,768,58,0.004627527,0.000766513,0.003861014
738,768,59,0.004903074,0.001133174,0.0037699
738,768,60,0.005008942,0.00126614,0.003742802
738,768,61,0.004929231,0.00123012,0.003699111
738,768,62,0.004945579,0.001185489,0.00376009
738,768,63,0.004844153,0.001100133,0.00374402
738,768,64,0.004806407,0.001077213,0.003729194
738,768,65,0.004493124,0.000799932,0.003693192
738,768,66,0.005173843,0.001555341,0.003618502
738,768,67,0.004803234,0.001234772,0.003568462
738,768,68,0.004765414,0.001192068,0.003573346
738,768,69,0.004849796,0.001393915,0.003455881
738,768,70,0.004840419,0.001341287,0.003499132
738,768,71,0.005107981,0.001523732,0.003584249
738,768,72,0.004854942,0.001288622,0.00356632
738,768,73,0.004631963,0.001001653,0.00363031
738,768,74,0.004750245,0.001136604,0.003613641
738,768,75,0.00490203,0.00120591,0.00369612
738,768,76,0.004532656,0.000786871,0.003745785
738,768,77,0.00469893,0.001075465,0.003623465
738,768,78,0.004708283,0.001030902,0.003677381
738,768,79,0.004450739,0.000766798,0.003683941
738,768,80,0.004456553,0.000890305,0.003566248
738,768,81,0.004583418,0.001038416,0.003545002
738,768,82,0.004644072,0.001064495,0.003579577
738,768,83,0.00470792,0.001174352,0.003533568
738,768,84,0.004715368,0.001053126,0.003662242
738,768,85,0.004327247,0.000791317,0.00353593
738,768,86,0.00450627,0.000980337,0.003525933
738,768,87,0.004453734,0.000963206,0.003490528
738,768,88,0.004509575,0.001110662,0.003398913
738,768,89,0.004479404,0.001029452,0.003449952
738,768,90,0.004629267,0.001031343,0.003597924
738,768,91,0.004407328,0.000859877,0.003547451
738,768,92,0.004429555,0.000870659,0.003558896
738,768,93,0.007392573,0.004018659,0.003373914
738,768,94,0.004641961,0.001222817,0.003419144
738,768,95,0.004191903,0.000821088,0.003370815
738,768,96,0.004423779,0.000777389,0.00364639
738,768,97,0.003909111,0.000418534,0.003490577
738,768,98,0.004358771,0.000871584,0.003487187
738,768,99,0.004961864,0.001362451,0.003599413
738,768,100,0.006484806,0.003103958,0.003380848
738,768,101,0.005452089,0.002136608,0.003315481
738,768,102,0.004384991,0.000967473,0.003417518
738,768,103,0.004358641,0.000967813,0.003390828
738,768,104,0.003938465,0.000607494,0.003330971
738,768,105,0.006681916,0.003533972,0.003147944
738,768,106,0.00502226,0.001736616,0.003285644
738,768,107,0.004900881,0.001430169,0.003470712
738,768,108,0.004645422,0.001114563,0.003530859
738,768,109,0.00749,0.004103022,0.003386978
738,768,110,0.004421503,0.001041305,0.003380198
739,768,1,0.622452178,0.498004664,0.124447514
739,768,2,0.145775937,0.142709818,0.003066119
739,768,3,0.003669055,0.000558912,0.003110143
739,768,4,0.003535022,0.000398557,0.003136465
739,768,5,0.00350626,0.000399428,0.003106832
739,768,6,0.003486393,0.000380623,0.00310577
739,768,7,0.058825932,0.05579717,0.003028762
739,768,8,0.004221409,0.001115956,0.003105453
739,768,9,0.004020563,0.00067625,0.003344313
739,768,10,0.004164643,0.000713305,0.003451338
739,768,11,0.004129375,0.000638849,0.003490526
739,768,12,0.004199578,0.000723658,0.00347592
739,768,13,0.004031435,0.000616873,0.003414562
739,768,14,0.004365664,0.000857117,0.003508547
739,768,15,0.004141149,0.000641787,0.003499362
739,768,16,0.004189038,0.000652005,0.003537033
739,768,17,0.004036479,0.000540439,0.00349604
739,768,18,0.003747206,0.000325259,0.003421947
739,768,19,0.003744306,0.000413542,0.003330764
739,768,20,0.003856147,0.000551281,0.003304866
739,768,21,0.003975977,0.000685399,0.003290578
739,768,22,0.013244995,0.010195694,0.003049301
739,768,23,0.004949765,0.001911952,0.003037813
739,768,24,0.005362609,0.002302292,0.003060317
739,768,25,0.004953965,0.001857339,0.003096626
739,768,26,0.00476306,0.001601802,0.003161258
739,768,27,0.004964447,0.001752495,0.003211952
739,768,28,0.005000384,0.001768673,0.003231711
739,768,29,0.004675376,0.001339657,0.003335719
739,768,30,0.004661711,0.001287187,0.003374524
739,768,31,0.005018821,0.001552134,0.003466687
739,768,32,0.00454153,0.000930551,0.003610979
739,768,33,0.004768936,0.001078828,0.003690108
739,768,34,0.0047375,0.000994145,0.003743355
739,768,35,0.004395893,0.000718099,0.003677794
739,768,36,0.004440281,0.000714705,0.003725576
739,768,37,0.004493591,0.000716936,0.003776655
739,768,38,0.004664096,0.000863214,0.003800882
739,768,39,0.004590717,0.000859067,0.00373165
739,768,40,0.004518217,0.000814122,0.003704095
739,768,41,0.004498987,0.00074853,0.003750457
739,768,42,0.004448246,0.000787855,0.003660391
739,768,43,0.005596885,0.002035538,0.003561347
739,768,44,0.005522672,0.001907079,0.003615593
739,768,45,0.005239625,0.001671282,0.003568343
739,768,46,0.005658174,0.002225353,0.003432821
739,768,47,0.005923847,0.002480852,0.003442995
739,768,48,0.006145167,0.002525885,0.003619282
739,768,49,0.005838407,0.002247435,0.003590972
739,768,50,0.005477629,0.001963794,0.003513835
739,768,51,0.005595875,0.001995829,0.003600046
739,768,52,0.005524122,0.001970689,0.003553433
739,768,53,0.005664004,0.001910878,0.003753126
739,768,54,0.004904958,0.001116417,0.003788541
739,768,55,0.004893083,0.001146998,0.003746085
739,768,56,0.005024201,0.001273861,0.00375034
739,768,57,0.004936828,0.00124559,0.003691238
739,768,58,0.004931907,0.001221149,0.003710758
739,768,59,0.005033488,0.001347836,0.003685652
739,768,60,0.005047654,0.001339663,0.003707991
739,768,61,0.004862622,0.001186206,0.003676416
739,768,62,0.004905525,0.001208701,0.003696824
739,768,63,0.004741695,0.001019054,0.003722641
739,768,64,0.004495338,0.000839875,0.003655463
739,768,65,0.005380096,0.001685822,0.003694274
739,768,66,0.004820573,0.00114452,0.003676053
739,768,67,0.004772521,0.001047965,0.003724556
739,768,68,0.004846011,0.001172734,0.003673277
739,768,69,0.004798864,0.001070015,0.003728849
739,768,70,0.005082073,0.001414164,0.003667909
739,768,71,0.004821474,0.001095179,0.003726295
739,768,72,0.004517147,0.000813605,0.003703542
739,768,73,0.004848628,0.001109825,0.003738803
739,768,74,0.004830236,0.001061853,0.003768383
739,768,75,0.004415649,0.000665141,0.003750508
739,768,76,0.004801602,0.00108362,0.003717982
739,768,77,0.004648664,0.000872719,0.003775945
739,768,78,0.004606032,0.000849044,0.003756988
739,768,79,0.004549446,0.000872791,0.003676655
739,768,80,0.004564353,0.000905644,0.003658709
739,768,81,0.004484608,0.000915482,0.003569126
739,768,82,0.004821781,0.001201768,0.003620013
739,768,83,0.004632696,0.000977631,0.003655065
739,768,84,0.004436814,0.000769949,0.003666865
739,768,85,0.004517599,0.0008726,0.003644999
739,768,86,0.004083306,0.000522128,0.003561178
739,768,87,0.004579453,0.001021393,0.00355806
739,768,88,0.004261849,0.000837466,0.003424383
739,768,89,0.004707978,0.001223639,0.003484339
739,768,90,0.004718878,0.001122918,0.00359596
739,768,91,0.004476381,0.000957918,0.003518463
739,768,92,0.007067004,0.003683039,0.003383965
739,768,93,0.005178894,0.001584944,0.00359395
739,768,94,0.004303932,0.00091574,0.003388192
739,768,95,0.00401776,0.000680865,0.003336895
739,768,96,0.004205085,0.00057175,0.003633335
739,768,97,0.004302768,0.000818857,0.003483911
739,768,98,0.004369776,0.000941202,0.003428574
739,768,99,0.00727092,0.003887168,0.003383752
739,768,100,0.005523157,0.00197446,0.003548697
739,768,101,0.004307024,0.000836322,0.003470702
739,768,102,0.004034901,0.000654328,0.003380573
739,768,103,0.004173824,0.000798306,0.003375518
739,768,104,0.006640577,0.003448041,0.003192536
739,768,105,0.004538498,0.00130196,0.003236538
739,768,106,0.004952374,0.001727482,0.003224892
739,768,107,0.00497042,0.001570393,0.003400027
739,768,108,0.00771744,0.004293859,0.003423581
739,768,109,0.004455385,0.0009356,0.003519785
739,768,110,0.003978889,0.000613527,0.003365362
740,768,1,0.620653626,0.496873517,0.123780109
740,768,2,0.142788383,0.139728018,0.003060365
740,768,3,0.007972259,0.004920863,0.003051396
740,768,4,0.003827059,0.000648566,0.003178493
740,768,5,0.003510214,0.000385006,0.003125208
740,768,6,0.022317608,0.019270772,0.003046836
740,768,7,0.004158154,0.000948929,0.003209225
740,768,8,0.03947991,0.036372245,0.003107665
740,768,9,0.004582229,0.001247875,0.003334354
740,768,10,0.004076867,0.000644597,0.00343227
740,768,11,0.004015652,0.000545451,0.003470201
740,768,12,0.004223851,0.000732264,0.003491587
740,768,13,0.004117667,0.000673558,0.003444109
740,768,14,0.004201508,0.000758129,0.003443379
740,768,15,0.004226105,0.000789898,0.003436207
740,768,16,0.004178691,0.00067913,0.003499561
740,768,17,0.004068882,0.000561757,0.003507125
740,768,18,0.00390938,0.00045197,0.00345741
740,768,19,0.00376807,0.000418144,0.003349926
740,768,20,0.003849892,0.000602608,0.003247284
740,768,21,0.013601411,0.010555787,0.003045624
740,768,22,0.005041598,0.00197921,0.003062388
740,768,23,0.005128138,0.002063858,0.00306428
740,768,24,0.005049588,0.00192263,0.003126958
740,768,25,0.004961603,0.001702385,0.003259218
740,768,26,0.004441852,0.001233114,0.003208738
740,768,27,0.004563358,0.001356514,0.003206844
740,768,28,0.004709521,0.001373896,0.003335625
740,768,29,0.004671757,0.001381256,0.003290501
740,768,30,0.004811182,0.001487975,0.003323207
740,768,31,0.004962714,0.001490672,0.003472042
740,768,32,0.004930307,0.001330948,0.003599359
740,768,33,0.004911004,0.001171022,0.003739982
740,768,34,0.004344841,0.000631047,0.003713794
740,768,35,0.004465317,0.000649271,0.003816046
740,768,36,0.004317017,0.000603045,0.003713972
740,768,37,0.004657169,0.000862003,0.003795166
740,768,38,0.004523571,0.000732565,0.003791006
740,768,39,0.004589057,0.000821036,0.003768021
740,768,40,0.004472552,0.000733996,0.003738556
740,768,41,0.00446996,0.000709588,0.003760372
740,768,42,0.005963727,0.0022691,0.003694627
740,768,43,0.00544411,0.001811311,0.003632799
740,768,44,0.00535192,0.001666539,0.003685381
740,768,45,0.005618547,0.002043815,0.003574732
740,768,46,0.005902832,0.002384644,0.003518188
740,768,47,0.006092044,0.002400619,0.003691425
740,768,48,0.005569319,0.002026984,0.003542335
740,768,49,0.005817591,0.002263146,0.003554445
740,768,50,0.005478159,0.001869862,0.003608297
740,768,51,0.005542476,0.001873007,0.003669469
740,768,52,0.005628291,0.001739468,0.003888823
740,768,53,0.004781512,0.001025681,0.003755831
740,768,54,0.004759105,0.001053157,0.003705948
740,768,55,0.004874953,0.001194508,0.003680445
740,768,56,0.004912562,0.001287497,0.003625065
740,768,57,0.005161559,0.001477099,0.00368446
740,768,58,0.005153442,0.001454683,0.003698759
740,768,59,0.005143783,0.001375827,0.003767956
740,768,60,0.004858695,0.001039668,0.003819027
740,768,61,0.004876721,0.001073556,0.003803165
740,768,62,0.004753563,0.000931097,0.003822466
740,768,63,0.004571572,0.000832804,0.003738768
740,768,64,0.005263181,0.001371003,0.003892178
740,768,65,0.00490026,0.001038302,0.003861958
740,768,66,0.004721244,0.000931503,0.003789741
740,768,67,0.004890716,0.001048762,0.003841954
740,768,68,0.004621038,0.000908037,0.003713001
740,768,69,0.005033936,0.001329682,0.003704254
740,768,70,0.00492613,0.00128009,0.00364604
740,768,71,0.004515189,0.000842772,0.003672417
740,768,72,0.004687605,0.001034286,0.003653319
740,768,73,0.004950727,0.001286001,0.003664726
740,768,74,0.004409672,0.000682534,0.003727138
740,768,75,0.004704094,0.001014785,0.003689309
740,768,76,0.004589375,0.000869953,0.003719422
740,768,77,0.00469306,0.000994997,0.003698063
740,768,78,0.004631516,0.00093763,0.003693886
740,768,79,0.004574359,0.000889829,0.00368453
740,768,80,0.004564703,0.000940929,0.003623774
740,768,81,0.004624983,0.001143987,0.003480996
740,768,82,0.004786047,0.001234896,0.003551151
740,768,83,0.004460864,0.000888356,0.003572508
740,768,84,0.004620008,0.000933876,0.003686132
740,768,85,0.004056952,0.000407333,0.003649619
740,768,86,0.004231453,0.000674012,0.003557441
740,768,87,0.004634411,0.001076117,0.003558294
740,768,88,0.004479328,0.001013623,0.003465705
740,768,89,0.004810433,0.001338719,0.003471714
740,768,90,0.004640317,0.001017214,0.003623103
740,768,91,0.00730744,0.003807473,0.003499967
740,768,92,0.004567615,0.00117255,0.003395065
740,768,93,0.004901406,0.001377164,0.003524242
740,768,94,0.004058808,0.000568364,0.003490444
740,768,95,0.003831198,0.000523926,0.003307272
740,768,96,0.004573917,0.00097699,0.003596927
740,768,97,0.004331649,0.000955752,0.003375897
740,768,98,0.007435318,0.003896757,0.003538561
740,768,99,0.005340995,0.001694776,0.003646219
740,768,100,0.004407514,0.000698013,0.003709501
740,768,101,0.004033623,0.000411095,0.003622528
740,768,102,0.004040008,0.000666823,0.003373185
740,768,103,0.006477643,0.003210743,0.0032669
740,768,104,0.004426801,0.001235518,0.003191283
740,768,105,0.005495365,0.00232825,0.003167115
740,768,106,0.004821337,0.001537679,0.003283658
740,768,107,0.007795469,0.004422329,0.00337314
740,768,108,0.004321811,0.000775244,0.003546567
740,768,109,0.004131833,0.000617877,0.003513956
740,768,110,0.00566613,0.002514708,0.003151422
741,768,1,0.620190832,0.495584464,0.124606368
741,768,2,0.141353444,0.13829178,0.003061664
741,768,3,0.005136006,0.002075874,0.003060132
741,768,4,0.007980085,0.004949304,0.003030781
741,768,5,0.003886438,0.000756861,0.003129577
741,768,6,0.022909356,0.019887843,0.003021513
741,768,7,0.004069126,0.000817966,0.00325116
741,768,8,0.003745831,0.000617313,0.003128518
741,768,9,0.03888671,0.035698305,0.003188405
741,768,10,0.004655578,0.001346033,0.003309545
741,768,11,0.00435038,0.000866132,0.003484248
741,768,12,0.004117926,0.000589437,0.003528489
741,768,13,0.004092342,0.000623451,0.003468891
741,768,14,0.004129526,0.000668265,0.003461261
741,768,15,0.004248385,0.000757892,0.003490493
741,768,16,0.004128554,0.000698522,0.003430032
741,768,17,0.004092248,0.000647148,0.0034451
741,768,18,0.004010201,0.000598187,0.003412014
741,768,19,0.003825721,0.000561271,0.00326445
741,768,20,0.014061281,0.01099355,0.003067731
741,768,21,0.004922523,0.001899684,0.003022839
741,768,22,0.0049238,0.001890527,0.003033273
741,768,23,0.004967876,0.001900145,0.003067731
741,768,24,0.005144304,0.001963308,0.003180996
741,768,25,0.004770067,0.001520919,0.003249148
741,768,26,0.004493231,0.001232741,0.00326049
741,768,27,0.004300906,0.001047776,0.00325313
741,768,28,0.004779531,0.00149232,0.003287211
741,768,29,0.00490298,0.001573934,0.003329046
741,768,30,0.004499222,0.001274238,0.003224984
741,768,31,0.005060901,0.001676159,0.003384742
741,768,32,0.004920076,0.001293165,0.003626911
741,768,33,0.004537428,0.000757569,0.003779859
741,768,34,0.004282222,0.000499145,0.003783077
741,768,35,0.00435193,0.00061534,0.00373659
741,768,36,0.004334969,0.000700242,0.003634727
741,768,37,0.004695956,0.000876205,0.003819751
741,768,38,0.004270737,0.000536725,0.003734012
741,768,39,0.004695426,0.000978651,0.003716775
741,768,40,0.004379209,0.000715064,0.003664145
741,768,41,0.006538558,0.002896179,0.003642379
741,768,42,0.005284217,0.001660124,0.003624093
741,768,43,0.005530473,0.001956094,0.003574379
741,768,44,0.005635528,0.002128704,0.003506824
741,768,45,0.005855759,0.002325275,0.003530484
741,768,46,0.006041741,0.002551889,0.003489852
741,768,47,0.005757834,0.002348166,0.003409668
741,768,48,0.005634999,0.002178002,0.003456997
741,768,49,0.005188052,0.001642532,0.00354552
741,768,50,0.005836417,0.001998117,0.0038383
741,768,51,0.005185681,0.001473352,0.003712329
741,768,52,0.005032297,0.001315678,0.003716619
741,768,53,0.004868864,0.001131146,0.003737718
741,768,54,0.004974012,0.001278206,0.003695806
741,768,55,0.004851363,0.00124583,0.003605533
741,768,56,0.005123536,0.001519521,0.003604015
741,768,57,0.005244304,0.001628006,0.003616298
741,768,58,0.005009715,0.00123556,0.003774155
741,768,59,0.004902948,0.001022699,0.003880249
741,768,60,0.004669213,0.000793818,0.003875395
741,768,61,0.004844724,0.001017478,0.003827246
741,768,62,0.004737879,0.00091601,0.003821869
741,768,63,0.005144151,0.001245837,0.003898314
741,768,64,0.004961163,0.001105997,0.003855166
741,768,65,0.004804896,0.00091661,0.003888286
741,768,66,0.004758056,0.001023065,0.003734991
741,768,67,0.004796379,0.001049129,0.00374725
741,768,68,0.004858786,0.001278642,0.003580144
741,768,69,0.004950478,0.001368044,0.003582434
741,768,70,0.004657069,0.001049853,0.003607216
741,768,71,0.004729829,0.001091532,0.003638297
741,768,72,0.004663151,0.001019698,0.003643453
741,768,73,0.00458671,0.000938308,0.003648402
741,768,74,0.004671718,0.001010143,0.003661575
741,768,75,0.004531051,0.000835733,0.003695318
741,768,76,0.004648,0.0009806,0.0036674
741,768,77,0.00467618,0.000973304,0.003702876
741,768,78,0.004738045,0.001096512,0.003641533
741,768,79,0.004480428,0.00085197,0.003628458
741,768,80,0.004666528,0.001048726,0.003617802
741,768,81,0.004387583,0.000900249,0.003487334
741,768,82,0.004635424,0.001150805,0.003484619
741,768,83,0.004468969,0.000933504,0.003535465
741,768,84,0.004494638,0.000848827,0.003645811
741,768,85,0.004201935,0.000540533,0.003661402
741,768,86,0.004420698,0.000850354,0.003570344
741,768,87,0.004600861,0.001060562,0.003540299
741,768,88,0.004804684,0.001339128,0.003465556
741,768,89,0.004621483,0.001052135,0.003569348
741,768,90,0.004667219,0.001055978,0.003611241
741,768,91,0.004422516,0.000880487,0.003542029
741,768,92,0.005934259,0.00251835,0.003415909
741,768,93,0.005149037,0.001563705,0.003585332
741,768,94,0.004448225,0.001000544,0.003447681
741,768,95,0.004868477,0.001527112,0.003341365
741,768,96,0.004503776,0.000978878,0.003524898
741,768,97,0.007101933,0.003626784,0.003475149
741,768,98,0.005379829,0.001969759,0.00341007
741,768,99,0.004476308,0.000821235,0.003655073
741,768,100,0.004000253,0.00031399,0.003686263
741,768,101,0.004355263,0.000712829,0.003642434
741,768,102,0.005101101,0.001582408,0.003518693
741,768,103,0.004565464,0.001197678,0.003367786
741,768,104,0.006814806,0.003668545,0.003146261
741,768,105,0.004618078,0.001452114,0.003165964
741,768,106,0.008009754,0.004661039,0.003348715
741,768,107,0.004161085,0.000769498,0.003391587
741,768,108,0.004139351,0.000616109,0.003523242
741,768,109,0.005872849,0.002612903,0.003259946
741,768,110,0.009280949,0.006241167,0.003039782
742,768,1,0.621528214,0.498056747,0.123471467
742,768,2,0.140468368,0.137429989,0.003038379
742,768,3,0.004847616,0.001786995,0.003060621
742,768,4,0.004583255,0.001546591,0.003036664
742,768,5,0.006464648,0.00343628,0.003028368
742,768,6,0.023980292,0.020951798,0.003028494
742,768,7,0.004206223,0.00103377,0.003172453
742,768,8,0.003885368,0.000781759,0.003103609
742,768,9,0.003661755,0.000572967,0.003088788
742,768,10,0.038162448,0.034900878,0.00326157
742,768,11,0.004868244,0.001414408,0.003453836
742,768,12,0.004210791,0.000726098,0.003484693
742,768,13,0.004137471,0.000695422,0.003442049
742,768,14,0.004111952,0.000709478,0.003402474
742,768,15,0.004195829,0.0007152,0.003480629
742,768,16,0.00426536,0.00077472,0.00349064
742,768,17,0.004149295,0.000608502,0.003540793
742,768,18,0.003883215,0.000475487,0.003407728
742,768,19,0.01473293,0.011630094,0.003102836
742,768,20,0.004764087,0.001718405,0.003045682
742,768,21,0.004976073,0.001907193,0.00306888
742,768,22,0.004696622,0.00164421,0.003052412
742,768,23,0.00479804,0.001710146,0.003087894
742,768,24,0.004992905,0.001799673,0.003193232
742,768,25,0.004724264,0.00135766,0.003366604
742,768,26,0.004088338,0.000847625,0.003240713
742,768,27,0.004276472,0.001132685,0.003143787
742,768,28,0.005055575,0.001799571,0.003256004
742,768,29,0.004742598,0.001438463,0.003304135
742,768,30,0.004622782,0.001301584,0.003321198
742,768,31,0.004729301,0.001352539,0.003376762
742,768,32,0.004780766,0.001118484,0.003662282
742,768,33,0.004496466,0.000805861,0.003690605
742,768,34,0.004445265,0.000694044,0.003751221
742,768,35,0.004463882,0.000785356,0.003678526
742,768,36,0.004456921,0.000794284,0.003662637
742,768,37,0.004643433,0.000997085,0.003646348
742,768,38,0.004650912,0.000884142,0.00376677
742,768,39,0.004551151,0.000876501,0.00367465
742,768,40,0.006492914,0.002761005,0.003731909
742,768,41,0.005366579,0.001630944,0.003735635
742,768,42,0.005503744,0.001944368,0.003559376
742,768,43,0.005660056,0.002154316,0.00350574
742,768,44,0.005955685,0.002406102,0.003549583
742,768,45,0.005966942,0.002520114,0.003446828
742,768,46,0.005797038,0.002363948,0.00343309
742,768,47,0.005346857,0.0018474,0.003499457
742,768,48,0.005357367,0.001746584,0.003610783
742,768,49,0.005620203,0.001960314,0.003659889
742,768,50,0.005294381,0.001753083,0.003541298
742,768,51,0.004925409,0.001400336,0.003525073
742,768,52,0.004909137,0.001293594,0.003615543
742,768,53,0.004925241,0.001303582,0.003621659
742,768,54,0.004996312,0.001405584,0.003590728
742,768,55,0.005079454,0.001474233,0.003605221
742,768,56,0.005081,0.001362142,0.003718858
742,768,57,0.004813668,0.000995485,0.003818183
742,768,58,0.004941367,0.001004202,0.003937165
742,768,59,0.004733113,0.000870523,0.00386259
742,768,60,0.005049794,0.001078783,0.003971011
742,768,61,0.004828087,0.000915449,0.003912638
742,768,62,0.005079124,0.001201127,0.003877997
742,768,63,0.004948943,0.001082464,0.003866479
742,768,64,0.004778717,0.001044541,0.003734176
742,768,65,0.004909925,0.001140291,0.003769634
742,768,66,0.004748876,0.001138742,0.003610134
742,768,67,0.004950075,0.001339577,0.003610498
742,768,68,0.004834058,0.001268243,0.003565815
742,768,69,0.004793634,0.001203122,0.003590512
742,768,70,0.004760258,0.001161683,0.003598575
742,768,71,0.0045796,0.000958118,0.003621482
742,768,72,0.00468768,0.001073676,0.003614004
742,768,73,0.00445729,0.000876142,0.003581148
742,768,74,0.004644342,0.001028057,0.003616285
742,768,75,0.004623396,0.000982058,0.003641338
742,768,76,0.004541944,0.001000522,0.003541422
742,768,77,0.004634096,0.001012363,0.003621733
742,768,78,0.004550172,0.000952867,0.003597305
742,768,79,0.004586533,0.000955227,0.003631306
742,768,80,0.004564737,0.000938053,0.003626684
742,768,81,0.004426187,0.000954478,0.003471709
742,768,82,0.004487427,0.000962606,0.003524821
742,768,83,0.00438829,0.000937062,0.003451228
742,768,84,0.004399098,0.000782067,0.003617031
742,768,85,0.004376071,0.000752355,0.003623716
742,768,86,0.004317851,0.000782492,0.003535359
742,768,87,0.005056569,0.001504439,0.00355213
742,768,88,0.004726362,0.001219914,0.003506448
742,768,89,0.004545638,0.001018098,0.00352754
742,768,90,0.004512647,0.00089939,0.003613257
742,768,91,0.004239936,0.000770864,0.003469072
742,768,92,0.00453871,0.001176624,0.003362086
742,768,93,0.007044187,0.003622147,0.00342204
742,768,94,0.005146381,0.001656264,0.003490117
742,768,95,0.004208946,0.000851918,0.003357028
742,768,96,0.004216049,0.000698411,0.003517638
742,768,97,0.005200544,0.001742721,0.003457823
742,768,98,0.005521965,0.002040417,0.003481548
742,768,99,0.005152853,0.001590916,0.003561937
742,768,100,0.004359353,0.000738794,0.003620559
742,768,101,0.005398049,0.001725136,0.003672913
742,768,102,0.005138659,0.001695981,0.003442678
742,768,103,0.007111864,0.003955609,0.003156255
742,768,104,0.004667823,0.001514318,0.003153505
742,768,105,0.007996126,0.004609717,0.003386409
742,768,106,0.004052006,0.000691804,0.003360202
742,768,107,0.003986602,0.000630314,0.003356288
742,768,108,0.005940129,0.002586875,0.003353254
742,768,109,0.004798181,0.001451756,0.003346425
742,768,110,0.003732673,0.000582158,0.003150515
743,768,1,0.625488424,0.499479963,0.126008461
743,768,2,0.13574767,0.132706068,0.003041602
743,768,3,0.00706373,0.004000597,0.003063133
743,768,4,0.004618904,0.001586501,0.003032403
743,768,5,0.025772538,0.022745079,0.003027459
743,768,6,0.003960217,0.000936804,0.003023413
743,768,7,0.003996562,0.000892294,0.003104268
743,768,8,0.003669489,0.000533389,0.0031361
743,768,9,0.018634934,0.015615962,0.003018972
743,768,10,0.00434105,0.001213286,0.003127764
743,768,11,0.02234911,0.018950458,0.003398652
743,768,12,0.004625173,0.001288458,0.003336715
743,768,13,0.004447161,0.000960799,0.003486362
743,768,14,0.004092793,0.000678052,0.003414741
743,768,15,0.00415844,0.000737838,0.003420602
743,768,16,0.004089177,0.000690458,0.003398719
743,768,17,0.004315399,0.000778424,0.003536975
743,768,18,0.015459076,0.012340149,0.003118927
743,768,19,0.00477374,0.001688855,0.003084885
743,768,20,0.004776175,0.001735957,0.003040218
743,768,21,0.004573783,0.001536877,0.003036906
743,768,22,0.004692208,0.001574932,0.003117276
743,768,23,0.004901866,0.001742775,0.003159091
743,768,24,0.004641776,0.001363513,0.003278263
743,768,25,0.004477392,0.001110946,0.003366446
743,768,26,0.00448409,0.001186123,0.003297967
743,768,27,0.004573087,0.001373173,0.003199914
743,768,28,0.004730466,0.001495588,0.003234878
743,768,29,0.004756614,0.001393504,0.00336311
743,768,30,0.004291955,0.001001729,0.003290226
743,768,31,0.004883565,0.001411645,0.00347192
743,768,32,0.004760881,0.001166003,0.003594878
743,768,33,0.004427893,0.000706723,0.00372117
743,768,34,0.004392218,0.00064929,0.003742928
743,768,35,0.00456161,0.000777891,0.003783719
743,768,36,0.004430914,0.000813854,0.00361706
743,768,37,0.004667016,0.000901341,0.003765675
743,768,38,0.004722877,0.000923352,0.003799525
743,768,39,0.006486292,0.002798558,0.003687734
743,768,40,0.005521586,0.001759211,0.003762375
743,768,41,0.005639403,0.001969352,0.003670051
743,768,42,0.005633445,0.00200865,0.003624795
743,768,43,0.006005185,0.002291739,0.003713446
743,768,44,0.005998923,0.002467131,0.003531792
743,768,45,0.005684565,0.002144232,0.003540333
743,768,46,0.005479716,0.0018725,0.003607216
743,768,47,0.005352658,0.001779749,0.003572909
743,768,48,0.005474982,0.00198309,0.003491892
743,768,49,0.005379363,0.001735331,0.003644032
743,768,50,0.00489677,0.001224801,0.003671969
743,768,51,0.004692578,0.001039456,0.003653122
743,768,52,0.005042243,0.001379014,0.003663229
743,768,53,0.005016309,0.001268858,0.003747451
743,768,54,0.004855772,0.001038944,0.003816828
743,768,55,0.005000528,0.001164995,0.003835533
743,768,56,0.004700219,0.000861791,0.003838428
743,768,57,0.004919814,0.001056508,0.003863306
743,768,58,0.005065973,0.001141501,0.003924472
743,768,59,0.004909947,0.001018843,0.003891104
743,768,60,0.004928272,0.001105778,0.003822494
743,768,61,0.005034409,0.001248141,0.003786268
743,768,62,0.004975977,0.001268038,0.003707939
743,768,63,0.004946488,0.001213583,0.003732905
743,768,64,0.004834039,0.001171537,0.003662502
743,768,65,0.004900353,0.001239382,0.003660971
743,768,66,0.004921919,0.001296667,0.003625252
743,768,67,0.004927594,0.001315741,0.003611853
743,768,68,0.004762204,0.001146072,0.003616132
743,768,69,0.004707631,0.001077761,0.00362987
743,768,70,0.004554864,0.00095238,0.003602484
743,768,71,0.004766015,0.001100304,0.003665711
743,768,72,0.004410127,0.000802661,0.003607466
743,768,73,0.004673839,0.001055685,0.003618154
743,768,74,0.004594192,0.000909067,0.003685125
743,768,75,0.004492671,0.000879638,0.003613033
743,768,76,0.004592702,0.000952254,0.003640448
743,768,77,0.004529697,0.000967374,0.003562323
743,768,78,0.004686509,0.001026845,0.003659664
743,768,79,0.004448666,0.000851678,0.003596988
743,768,80,0.004638613,0.001040895,0.003597718
743,768,81,0.004384363,0.000909656,0.003474707
743,768,82,0.004561224,0.001031898,0.003529326
743,768,83,0.004291678,0.000807362,0.003484316
743,768,84,0.004357092,0.00077379,0.003583302
743,768,85,0.004092555,0.000588007,0.003504548
743,768,86,0.004723088,0.00124364,0.003479448
743,768,87,0.00455967,0.001037935,0.003521735
743,768,88,0.004812261,0.001348675,0.003463586
743,768,89,0.004557603,0.00104799,0.003509613
743,768,90,0.004571083,0.00088567,0.003685413
743,768,91,0.004419961,0.000809885,0.003610076
743,768,92,0.00737895,0.004071936,0.003307014
743,768,93,0.00515553,0.001782278,0.003373252
743,768,94,0.004367847,0.000867184,0.003500663
743,768,95,0.003951645,0.000436844,0.003514801
743,768,96,0.004502093,0.000955001,0.003547092
743,768,97,0.005176921,0.001753566,0.003423355
743,768,98,0.005540078,0.001955531,0.003584547
743,768,99,0.004462471,0.000757649,0.003704822
743,768,100,0.005213322,0.001653609,0.003559713
743,768,101,0.005664074,0.002185404,0.00347867
743,768,102,0.007712648,0.004456034,0.003256614
743,768,103,0.004639382,0.001425622,0.00321376
743,768,104,0.00789032,0.004700281,0.003190039
743,768,105,0.004051368,0.000578748,0.00347262
743,768,106,0.003870861,0.000397229,0.003473632
743,768,107,0.005767027,0.00233337,0.003433657
743,768,108,0.004498601,0.000970779,0.003527822
743,768,109,0.003913362,0.000537208,0.003376154
743,768,110,0.003657657,0.00048166,0.003175997
744,768,1,0.637899468,0.510711476,0.127187992
744,768,2,0.127110069,0.124072081,0.003037988
744,768,3,0.004687936,0.001633894,0.003054042
744,768,4,0.025686997,0.022665886,0.003021111
744,768,5,0.003910526,0.000765131,0.003145395
744,768,6,0.003999085,0.000854428,0.003144657
744,768,7,0.003605581,0.00051384,0.003091741
744,768,8,0.018787521,0.015755811,0.00303171
744,768,9,0.004226178,0.001201583,0.003024595
744,768,10,0.003688839,0.000584381,0.003104458
744,768,11,0.003526639,0.000380418,0.003146221
744,768,12,0.021670213,0.018624216,0.003045997
744,768,13,0.004682175,0.001533096,0.003149079
744,768,14,0.004388281,0.001337252,0.003051029
744,768,15,0.004323047,0.001085423,0.003237624
744,768,16,0.004084388,0.000959794,0.003124594
744,768,17,0.017140415,0.013832908,0.003307507
744,768,18,0.004782514,0.001490948,0.003291566
744,768,19,0.004714993,0.001387112,0.003327881
744,768,20,0.004384973,0.001131127,0.003253846
744,768,21,0.004558294,0.001450152,0.003108142
744,768,22,0.004712489,0.001640791,0.003071698
744,768,23,0.004538724,0.001347282,0.003191442
744,768,24,0.004446074,0.001288371,0.003157703
744,768,25,0.004574175,0.001330573,0.003243602
744,768,26,0.004385303,0.001137735,0.003247568
744,768,27,0.004648324,0.001264779,0.003383545
744,768,28,0.004501102,0.001216623,0.003284479
744,768,29,0.004886403,0.001442979,0.003443424
744,768,30,0.004548236,0.001052817,0.003495419
744,768,31,0.004391211,0.000915235,0.003475976
744,768,32,0.00464016,0.001283021,0.003357139
744,768,33,0.004253232,0.000774942,0.00347829
744,768,34,0.004155027,0.000803154,0.003351873
744,768,35,0.0042417,0.000842992,0.003398708
744,768,36,0.0043031,0.000832458,0.003470642
744,768,37,0.004288182,0.000931136,0.003357046
744,768,38,0.008186111,0.004758678,0.003427433
744,768,39,0.005416011,0.002022821,0.00339319
744,768,40,0.005756396,0.002310125,0.003446271
744,768,41,0.005724956,0.002223617,0.003501339
744,768,42,0.006111017,0.002527394,0.003583623
744,768,43,0.006006164,0.002406711,0.003599453
744,768,44,0.005814446,0.002075312,0.003739134
744,768,45,0.005459048,0.001631381,0.003827667
744,768,46,0.005300746,0.001541367,0.003759379
744,768,47,0.005556972,0.001825761,0.003731211
744,768,48,0.005225778,0.001336881,0.003888897
744,768,49,0.004818138,0.000901346,0.003916792
744,768,50,0.004797173,0.000878929,0.003918244
744,768,51,0.004956704,0.000909856,0.004046848
744,768,52,0.004929702,0.000902842,0.00402686
744,768,53,0.004722876,0.000643396,0.00407948
744,768,54,0.00500764,0.000920525,0.004087115
744,768,55,0.004755457,0.000861241,0.003894216
744,768,56,0.004903564,0.00102818,0.003875384
744,768,57,0.005005316,0.001144593,0.003860723
744,768,58,0.004883707,0.001086035,0.003797672
744,768,59,0.004982188,0.001072254,0.003909934
744,768,60,0.005063672,0.001202177,0.003861495
744,768,61,0.005033392,0.001113847,0.003919545
744,768,62,0.004895709,0.001042579,0.00385313
744,768,63,0.004929754,0.000989157,0.003940597
744,768,64,0.004775223,0.000875973,0.00389925
744,768,65,0.0050262,0.001002977,0.004023223
744,768,66,0.004918156,0.000818759,0.004099397
744,768,67,0.004723558,0.000667649,0.004055909
744,768,68,0.004708592,0.000629981,0.004078611
744,768,69,0.004628544,0.000599317,0.004029227
744,768,70,0.004653923,0.000555397,0.004098526
744,768,71,0.004522955,0.000572833,0.003950122
744,768,72,0.00457131,0.000575941,0.003995369
744,768,73,0.004567437,0.000605474,0.003961963
744,768,74,0.004498253,0.000605164,0.003893089
744,768,75,0.004602239,0.000661769,0.00394047
744,768,76,0.004536741,0.000669109,0.003867632
744,768,77,0.004607239,0.000663087,0.003944152
744,768,78,0.004557618,0.000644676,0.003912942
744,768,79,0.004593073,0.000698452,0.003894621
744,768,80,0.004485795,0.000659856,0.003825939
744,768,81,0.004491816,0.000752325,0.003739491
744,768,82,0.00437602,0.000662193,0.003713827
744,768,83,0.00425831,0.000656835,0.003601475
744,768,84,0.004049795,0.000598372,0.003451423
744,768,85,0.004053872,0.000648696,0.003405176
744,768,86,0.004337951,0.000939092,0.003398859
744,768,87,0.004800877,0.001352335,0.003448542
744,768,88,0.004517352,0.001136717,0.003380635
744,768,89,0.004914814,0.001383963,0.003530851
744,768,90,0.004467967,0.000904979,0.003562988
744,768,91,0.008165639,0.004514584,0.003651055
744,768,92,0.005121103,0.001555797,0.003565306
744,768,93,0.004177625,0.000671797,0.003505828
744,768,94,0.003901951,0.000596137,0.003305814
744,768,95,0.003995883,0.000619251,0.003376632
744,768,96,0.005840375,0.002304353,0.003536022
744,768,97,0.005187702,0.001712547,0.003475155
744,768,98,0.004405176,0.000986363,0.003418813
744,768,99,0.005383843,0.00179897,0.003584873
744,768,100,0.005841946,0.002182409,0.003659537
744,768,101,0.007739562,0.004446663,0.003292899
744,768,102,0.004741689,0.001497367,0.003244322
744,768,103,0.007985395,0.003512391,0.004473004
744,768,104,0.003841081,0.000596772,0.003244309
744,768,105,0.003901112,0.000504582,0.00339653
744,768,106,0.004651146,0.001161097,0.003490049
744,768,107,0.004718082,0.001140261,0.003577821
744,768,108,0.004457796,0.000795914,0.003661882
744,768,109,0.004043127,0.000332511,0.003710616
744,768,110,0.00469918,0.001145557,0.003553623
745,768,1,0.620316663,0.496189556,0.124127107
745,768,2,0.146125752,0.143092204,0.003033548
745,768,3,0.003801931,0.000631393,0.003170538
745,768,4,0.006853961,0.003813807,0.003040154
745,768,5,0.021571815,0.018539575,0.00303224
745,768,6,0.003926233,0.000897812,0.003028421
745,768,7,0.019870607,0.01683997,0.003030637
745,768,8,0.004010102,0.000969447,0.003040655
745,768,9,0.003842067,0.000706329,0.003135738
745,768,10,0.003468068,0.000364813,0.003103255
745,768,11,0.00358162,0.000461527,0.003120093
745,768,12,0.003626307,0.000467606,0.003158701
745,768,13,0.020971046,0.017935214,0.003035832
745,768,14,0.004698838,0.001646854,0.003051984
745,768,15,0.004657747,0.001466164,0.003191583
745,768,16,0.018519789,0.015286912,0.003232877
745,768,17,0.004753266,0.001468036,0.00328523
745,768,18,0.004791191,0.001408247,0.003382944
745,768,19,0.004471707,0.001133772,0.003337935
745,768,20,0.00443073,0.001324577,0.003106153
745,768,21,0.004691384,0.001585144,0.00310624
745,768,22,0.004442037,0.001251607,0.00319043
745,768,23,0.00458795,0.001337602,0.003250348
745,768,24,0.004225015,0.000969352,0.003255663
745,768,25,0.004322458,0.001134561,0.003187897
745,768,26,0.004555094,0.001294069,0.003261025
745,768,27,0.004495069,0.001236838,0.003258231
745,768,28,0.004922948,0.001552587,0.003370361
745,768,29,0.004507189,0.001101903,0.003405286
745,768,30,0.004654956,0.001208176,0.00344678
745,768,31,0.00493935,0.001327573,0.003611777
745,768,32,0.004117683,0.000589766,0.003527917
745,768,33,0.00432425,0.000809096,0.003515154
745,768,34,0.00420424,0.000717949,0.003486291
745,768,35,0.004165244,0.000645072,0.003520172
745,768,36,0.003999026,0.000531137,0.003467889
745,768,37,0.008518592,0.005213194,0.003305398
745,768,38,0.005533468,0.002015288,0.00351818
745,768,39,0.005728115,0.002271009,0.003457106
745,768,40,0.005707138,0.002225134,0.003482004
745,768,41,0.005993365,0.00240545,0.003587915
745,768,42,0.00571661,0.002157427,0.003559183
745,768,43,0.005611415,0.001920143,0.003691272
745,768,44,0.005544907,0.001878575,0.003666332
745,768,45,0.005488839,0.001627952,0.003860887
745,768,46,0.005129076,0.001341474,0.003787602
745,768,47,0.005324169,0.001385636,0.003938533
745,768,48,0.004768192,0.000809777,0.003958415
745,768,49,0.004984238,0.001006082,0.003978156
745,768,50,0.004590473,0.00066619,0.003924283
745,768,51,0.005016886,0.000937949,0.004078937
745,768,52,0.004886034,0.000904194,0.00398184
745,768,53,0.005017594,0.001002534,0.00401506
745,768,54,0.005047968,0.001168252,0.003879716
745,768,55,0.004831231,0.001014951,0.00381628
745,768,56,0.004972816,0.001168369,0.003804447
745,768,57,0.005026516,0.001159509,0.003867007
745,768,58,0.004932627,0.001111725,0.003820902
745,768,59,0.005111654,0.001254591,0.003857063
745,768,60,0.004930074,0.000999995,0.003930079
745,768,61,0.004943554,0.000952391,0.003991163
745,768,62,0.004871359,0.0008318,0.004039559
745,768,63,0.004757291,0.000685465,0.004071826
745,768,64,0.004729319,0.00072824,0.004001079
745,768,65,0.004696927,0.000644688,0.004052239
745,768,66,0.00497252,0.000822446,0.004150074
745,768,67,0.004610869,0.000472848,0.004138021
745,768,68,0.004618926,0.00057008,0.004048846
745,768,69,0.004654375,0.00057384,0.004080535
745,768,70,0.004604443,0.000507707,0.004096736
745,768,71,0.004577127,0.000528965,0.004048162
745,768,72,0.004508092,0.00051038,0.003997712
745,768,73,0.004560908,0.000580308,0.0039806
745,768,74,0.004463517,0.000528221,0.003935296
745,768,75,0.004725669,0.000681223,0.004044446
745,768,76,0.004483514,0.000593504,0.00389001
745,768,77,0.004759779,0.000791956,0.003967823
745,768,78,0.004452237,0.00057747,0.003874767
745,768,79,0.00507753,0.001042758,0.004034772
745,768,80,0.004439327,0.000547571,0.003891756
745,768,81,0.004560232,0.000616436,0.003943796
745,768,82,0.004276367,0.00059552,0.003680847
745,768,83,0.004157217,0.000593592,0.003563625
745,768,84,0.004275423,0.000801722,0.003473701
745,768,85,0.004306833,0.000888393,0.00341844
745,768,86,0.004674118,0.001175315,0.003498803
745,768,87,0.004307547,0.000834251,0.003473296
745,768,88,0.004928345,0.001521761,0.003406584
745,768,89,0.00473399,0.001247923,0.003486067
745,768,90,0.008152366,0.004556879,0.003595487
745,768,91,0.005176192,0.001267293,0.003908899
745,768,92,0.004273618,0.000596997,0.003676621
745,768,93,0.003840076,0.000353169,0.003486907
745,768,94,0.004105255,0.000777572,0.003327683
745,768,95,0.005537297,0.002386366,0.003150931
745,768,96,0.005414835,0.001961345,0.00345349
745,768,97,0.004533927,0.001074626,0.003459301
745,768,98,0.004497161,0.000958097,0.003539064
745,768,99,0.005656351,0.0019772,0.003679151
745,768,100,0.005207454,0.001487537,0.003719917
745,768,101,0.004397637,0.000890132,0.003507505
745,768,102,0.009675803,0.005694932,0.003980871
745,768,103,0.003869533,0.000549987,0.003319546
745,768,104,0.00535477,0.002182899,0.003171871
745,768,105,0.004016976,0.000573515,0.003443461
745,768,106,0.005265088,0.001771576,0.003493512
745,768,107,0.00413779,0.000530608,0.003607182
745,768,108,0.004367585,0.000792628,0.003574957
745,768,109,0.005324654,0.001596982,0.003727672
745,768,110,0.004276769,0.000713038,0.003563731
746,768,1,0.620690684,0.49669312,0.123997564
746,768,2,0.142205824,0.139165235,0.003040589
746,768,3,0.009375771,0.006333841,0.00304193
746,768,4,0.00390694,0.000735842,0.003171098
746,768,5,0.004140383,0.001110777,0.003029606
746,768,6,0.038960068,0.035935151,0.003024917
746,768,7,0.00400833,0.000865555,0.003142775
746,768,8,0.003750239,0.000577981,0.003172258
746,768,9,0.00343541,0.000312069,0.003123341
746,768,10,0.003629461,0.000468092,0.003161369
746,768,11,0.003398557,0.000281516,0.003117041
746,768,12,0.003656688,0.000459373,0.003197315
746,768,13,0.003427498,0.000321213,0.003106285
746,768,14,0.020640714,0.017589227,0.003051487
746,768,15,0.021274282,0.018082366,0.003191916
746,768,16,0.004616764,0.001342381,0.003274383
746,768,17,0.004502957,0.00123893,0.003264027
746,768,18,0.004689318,0.001291062,0.003398256
746,768,19,0.004751045,0.001437268,0.003313777
746,768,20,0.004273765,0.0010627,0.003211065
746,768,21,0.00431498,0.001127035,0.003187945
746,768,22,0.004441071,0.001184144,0.003256927
746,768,23,0.004189691,0.001023626,0.003166065
746,768,24,0.004341215,0.001070709,0.003270506
746,768,25,0.004426233,0.001123109,0.003303124
746,768,26,0.00445294,0.001210965,0.003241975
746,768,27,0.004809884,0.001600654,0.00320923
746,768,28,0.004773523,0.001395863,0.00337766
746,768,29,0.004655075,0.001274349,0.003380726
746,768,30,0.004807008,0.001376036,0.003430972
746,768,31,0.004463054,0.0008525,0.003610554
746,768,32,0.004352886,0.000753702,0.003599184
746,768,33,0.004261498,0.000713796,0.003547702
746,768,34,0.004131297,0.000634582,0.003496715
746,768,35,0.003972913,0.000497908,0.003475005
746,768,36,0.008786735,0.005475897,0.003310838
746,768,37,0.005268508,0.001938471,0.003330037
746,768,38,0.005959119,0.002489399,0.00346972
746,768,39,0.005545072,0.002121748,0.003423324
746,768,40,0.006014557,0.002578665,0.003435892
746,768,41,0.005710052,0.002040079,0.003669973
746,768,42,0.005117369,0.001555774,0.003561595
746,768,43,0.005484392,0.001909272,0.00357512
746,768,44,0.005714519,0.001971009,0.00374351
746,768,45,0.005239357,0.001346658,0.003892699
746,768,46,0.00512365,0.001154807,0.003968843
746,768,47,0.004613183,0.000644937,0.003968246
746,768,48,0.004987946,0.001017387,0.003970559
746,768,49,0.004657606,0.000689981,0.003967625
746,768,50,0.004902785,0.000985192,0.003917593
746,768,51,0.005027329,0.001141667,0.003885662
746,768,52,0.005034872,0.001208108,0.003826764
746,768,53,0.005143272,0.001169821,0.003973451
746,768,54,0.004912272,0.001005586,0.003906686
746,768,55,0.004792948,0.000854527,0.003938421
746,768,56,0.005069025,0.001291337,0.003777688
746,768,57,0.005010842,0.001108178,0.003902664
746,768,58,0.005101269,0.001212768,0.003888501
746,768,59,0.004704683,0.000768595,0.003936088
746,768,60,0.004668282,0.000627581,0.004040701
746,768,61,0.004835559,0.000849842,0.003985717
746,768,62,0.004868333,0.000826961,0.004041372
746,768,63,0.00471749,0.000703247,0.004014243
746,768,64,0.004654408,0.000571832,0.004082576
746,768,65,0.004644661,0.000626089,0.004018572
746,768,66,0.004848659,0.000699453,0.004149206
746,768,67,0.004607063,0.000543553,0.00406351
746,768,68,0.004648983,0.000566544,0.004082439
746,768,69,0.004723164,0.00070169,0.004021474
746,768,70,0.00472027,0.00064638,0.00407389
746,768,71,0.004551454,0.000554855,0.003996599
746,768,72,0.004697339,0.000733068,0.003964271
746,768,73,0.004616292,0.000663485,0.003952807
746,768,74,0.004556988,0.000593079,0.003963909
746,768,75,0.004602785,0.000668132,0.003934653
746,768,76,0.004782877,0.00086366,0.003919217
746,768,77,0.004421753,0.000541514,0.003880239
746,768,78,0.004978506,0.001099425,0.003879081
746,768,79,0.004536508,0.000605509,0.003930999
746,768,80,0.004494193,0.000604696,0.003889497
746,768,81,0.00429307,0.000514632,0.003778438
746,768,82,0.004362773,0.000661563,0.00370121
746,768,83,0.004222888,0.000577692,0.003645196
746,768,84,0.004701316,0.001155791,0.003545525
746,768,85,0.004461588,0.00098079,0.003480798
746,768,86,0.004448981,0.000998918,0.003450063
746,768,87,0.004851131,0.001502497,0.003348634
746,768,88,0.004674933,0.001271816,0.003403117
746,768,89,0.008193452,0.004699869,0.003493583
746,768,90,0.004871055,0.001208049,0.003663006
746,768,91,0.004332022,0.000472343,0.003859679
746,768,92,0.00426623,0.000613221,0.003653009
746,768,93,0.004238554,0.000674923,0.003563631
746,768,94,0.005672797,0.002355595,0.003317202
746,768,95,0.004883025,0.00152596,0.003357065
746,768,96,0.004741261,0.001112256,0.003629005
746,768,97,0.004126292,0.000736932,0.00338936
746,768,98,0.004737695,0.001191881,0.003545814
746,768,99,0.004942672,0.001202892,0.00373978
746,768,100,0.005190114,0.001479891,0.003710223
746,768,101,0.004080703,0.000663596,0.003417107
746,768,102,0.004247195,0.000735586,0.003511609
746,768,103,0.009314911,0.006070471,0.00324444
746,768,104,0.003832171,0.000552166,0.003280005
746,768,105,0.007407012,0.00282517,0.004581842
746,768,106,0.004173781,0.000748423,0.003425358
746,768,107,0.003934263,0.000395855,0.003538408
746,768,108,0.004582564,0.000966051,0.003616513
746,768,109,0.005070791,0.0014776,0.003593191
746,768,110,0.004255291,0.00071841,0.003536881
747,768,1,0.619002857,0.495377481,0.123625376
747,768,2,0.143156792,0.140121279,0.003035513
747,768,3,0.008036463,0.004982384,0.003054079
747,768,4,0.005320641,0.00228548,0.003035161
747,768,5,0.003974429,0.000833089,0.00314134
747,768,6,0.013477426,0.010452092,0.003025334
747,768,7,0.029539578,0.026491203,0.003048375
747,768,8,0.004104639,0.001082728,0.003021911
747,768,9,0.003664759,0.000518209,0.00314655
747,768,10,0.003522245,0.000423836,0.003098409
747,768,11,0.003532597,0.000408828,0.003123769
747,768,12,0.003517654,0.000415414,0.00310224
747,768,13,0.003607804,0.000483704,0.0031241
747,768,14,0.038649899,0.035466942,0.003182957
747,768,15,0.004476169,0.001270125,0.003206044
747,768,16,0.004626389,0.001253636,0.003372753
747,768,17,0.004402054,0.001088726,0.003313328
747,768,18,0.004454074,0.001169573,0.003284501
747,768,19,0.004508521,0.0012975,0.003211021
747,768,20,0.004412869,0.001173511,0.003239358
747,768,21,0.0040483,0.000797926,0.003250374
747,768,22,0.004228814,0.00101618,0.003212634
747,768,23,0.004560136,0.001342963,0.003217173
747,768,24,0.004428729,0.001102664,0.003326065
747,768,25,0.004192726,0.000914676,0.00327805
747,768,26,0.004579217,0.001325962,0.003253255
747,768,27,0.004516873,0.001305069,0.003211804
747,768,28,0.004963996,0.001665826,0.00329817
747,768,29,0.004806273,0.001394492,0.003411781
747,768,30,0.004438714,0.001063006,0.003375708
747,768,31,0.004786409,0.00109387,0.003692539
747,768,32,0.004253608,0.000656279,0.003597329
747,768,33,0.00412954,0.000564098,0.003565442
747,768,34,0.004068575,0.000610319,0.003458256
747,768,35,0.009092073,0.005638612,0.003453461
747,768,36,0.005142747,0.001706168,0.003436579
747,768,37,0.005734706,0.002359283,0.003375423
747,768,38,0.005550582,0.002182351,0.003368231
747,768,39,0.006143467,0.002633402,0.003510065
747,768,40,0.005560585,0.001944482,0.003616103
747,768,41,0.005148426,0.001586924,0.003561502
747,768,42,0.005413414,0.001952448,0.003460966
747,768,43,0.005564794,0.001914957,0.003649837
747,768,44,0.005085406,0.001158894,0.003926512
747,768,45,0.005064977,0.001156495,0.003908482
747,768,46,0.004577823,0.000688093,0.00388973
747,768,47,0.005093603,0.001100816,0.003992787
747,768,48,0.004629191,0.000729082,0.003900109
747,768,49,0.004922747,0.001024604,0.003898143
747,768,50,0.00500564,0.001217222,0.003788418
747,768,51,0.005061236,0.001090145,0.003971091
747,768,52,0.005097948,0.001225437,0.003872511
747,768,53,0.004966863,0.000994974,0.003971889
747,768,54,0.004764431,0.00088023,0.003884201
747,768,55,0.005178293,0.001298152,0.003880141
747,768,56,0.004822721,0.000949623,0.003873098
747,768,57,0.005066941,0.001059315,0.004007626
747,768,58,0.00449175,0.000583688,0.003908062
747,768,59,0.004796092,0.000842436,0.003953656
747,768,60,0.004845325,0.000804201,0.004041124
747,768,61,0.004874337,0.000823671,0.004050666
747,768,62,0.004680679,0.000589764,0.004090915
747,768,63,0.004738627,0.000672272,0.004066355
747,768,64,0.004519708,0.0004988,0.004020908
747,768,65,0.004842725,0.000739434,0.004103291
747,768,66,0.004732531,0.000559369,0.004173162
747,768,67,0.004585929,0.000503128,0.004082801
747,768,68,0.004845876,0.000759361,0.004086515
747,768,69,0.004688099,0.000545133,0.004142966
747,768,70,0.004641478,0.000585624,0.004055854
747,768,71,0.004681472,0.000642229,0.004039243
747,768,72,0.004642584,0.000589529,0.004053055
747,768,73,0.004574984,0.000540729,0.004034255
747,768,74,0.004580411,0.000608823,0.003971588
747,768,75,0.004793752,0.000688195,0.004105557
747,768,76,0.004436185,0.000518991,0.003917194
747,768,77,0.005054001,0.001089418,0.003964583
747,768,78,0.004503667,0.000550576,0.003953091
747,768,79,0.004558401,0.000498952,0.004059449
747,768,80,0.004373024,0.000464411,0.003908613
747,768,81,0.004357959,0.00057166,0.003786299
747,768,82,0.004356052,0.000547381,0.003808671
747,768,83,0.004252091,0.000649282,0.003602809
747,768,84,0.004263155,0.000808285,0.00345487
747,768,85,0.004953665,0.001553362,0.003400303
747,768,86,0.005202916,0.001752357,0.003450559
747,768,87,0.004477779,0.000996167,0.003481612
747,768,88,0.008298446,0.004862054,0.003436392
747,768,89,0.004467917,0.001062008,0.003405909
747,768,90,0.00429892,0.00069269,0.00360623
747,768,91,0.004528316,0.000599635,0.003928681
747,768,92,0.004342069,0.000671299,0.00367077
747,768,93,0.005876796,0.002509758,0.003367038
747,768,94,0.004724981,0.001309221,0.00341576
747,768,95,0.004432484,0.000880222,0.003552262
747,768,96,0.004195746,0.000625382,0.003570364
747,768,97,0.004055443,0.000638442,0.003417001
747,768,98,0.004391543,0.000807441,0.003584102
747,768,99,0.004757211,0.001063355,0.003693856
747,768,100,0.005233336,0.001551834,0.003681502
747,768,101,0.004527365,0.001069271,0.003458094
747,768,102,0.0040174,0.000609033,0.003408367
747,768,103,0.00386751,0.000558362,0.003309148
747,768,104,0.00897297,0.005774459,0.003198511
747,768,105,0.003847039,0.000527186,0.003319853
747,768,106,0.007735992,0.004315881,0.003420111
747,768,107,0.004221185,0.000577091,0.003644094
747,768,108,0.003999405,0.000376092,0.003623313
747,768,109,0.00476621,0.001002102,0.003764108
747,768,110,0.004824877,0.001199489,0.003625388
748,768,1,0.621769578,0.497442161,0.124327417
748,768,2,0.140505639,0.137462759,0.00304288
748,768,3,0.005782069,0.002727439,0.00305463
748,768,4,0.005396194,0.002360783,0.003035411
748,768,5,0.006332254,0.003296603,0.003035651
748,768,6,0.01136421,0.008329176,0.003035034
748,768,7,0.028724523,0.0256979,0.003026623
748,768,8,0.005924793,0.002891445,0.003033348
748,768,9,0.004334587,0.001163121,0.003171466
748,768,10,0.003531879,0.000426384,0.003105495
748,768,11,0.003556312,0.000405455,0.003150857
748,768,12,0.003601714,0.000496758,0.003104956
748,768,13,0.038909875,0.035753753,0.003156122
748,768,14,0.004533826,0.001385186,0.00314864
748,768,15,0.004488525,0.001195391,0.003293134
748,768,16,0.004444462,0.001031155,0.003413307
748,768,17,0.004436512,0.001042834,0.003393678
748,768,18,0.004497173,0.001168423,0.00332875
748,768,19,0.004283925,0.001015258,0.003268667
748,768,20,0.003917107,0.000714827,0.00320228
748,768,21,0.004163809,0.000974212,0.003189597
748,768,22,0.004318275,0.001125553,0.003192722
748,768,23,0.004539686,0.001278094,0.003261592
748,768,24,0.004362167,0.001073703,0.003288464
748,768,25,0.004414031,0.001011564,0.003402467
748,768,26,0.004172779,0.000932382,0.003240397
748,768,27,0.004997154,0.001696762,0.003300392
748,768,28,0.004567733,0.001238815,0.003328918
748,768,29,0.004627626,0.001328502,0.003299124
748,768,30,0.004647037,0.001220172,0.003426865
748,768,31,0.004608165,0.00099461,0.003613555
748,768,32,0.00436897,0.00080707,0.0035619
748,768,33,0.00418256,0.000571045,0.003611515
748,768,34,0.009176599,0.005741953,0.003434646
748,768,35,0.005226017,0.001915824,0.003310193
748,768,36,0.00566893,0.002356033,0.003312897
748,768,37,0.005690183,0.002221288,0.003468895
748,768,38,0.005948631,0.002419946,0.003528685
748,768,39,0.005460859,0.001990164,0.003470695
748,768,40,0.005223611,0.001670918,0.003552693
748,768,41,0.005520849,0.001934919,0.00358593
748,768,42,0.005358521,0.001532716,0.003825805
748,768,43,0.004838721,0.001027647,0.003811074
748,768,44,0.005076734,0.001104052,0.003972682
748,768,45,0.004561833,0.000744825,0.003817008
748,768,46,0.004987955,0.001266033,0.003721922
748,768,47,0.004732468,0.000868639,0.003863829
748,768,48,0.0049153,0.001092298,0.003823002
748,768,49,0.005062469,0.001194119,0.00386835
748,768,50,0.004919181,0.001110095,0.003809086
748,768,51,0.005172911,0.001300108,0.003872803
748,768,52,0.004816541,0.00085188,0.003964661
748,768,53,0.004888174,0.000879916,0.004008258
748,768,54,0.005206497,0.001206279,0.004000218
748,768,55,0.004796014,0.000789763,0.004006251
748,768,56,0.004777262,0.000754362,0.0040229
748,768,57,0.004631877,0.000617826,0.004014051
748,768,58,0.004711572,0.000714831,0.003996741
748,768,59,0.004799097,0.000761968,0.004037129
748,768,60,0.004878111,0.000735092,0.004143019
748,768,61,0.004807071,0.000710917,0.004096154
748,768,62,0.004680363,0.000562383,0.00411798
748,768,63,0.004613317,0.000455052,0.004158265
748,768,64,0.004773046,0.000665948,0.004107098
748,768,65,0.004705394,0.00059147,0.004113924
748,768,66,0.004719633,0.000605083,0.00411455
748,768,67,0.004814435,0.000667249,0.004147186
748,768,68,0.004607177,0.000609532,0.003997645
748,768,69,0.004721711,0.000627395,0.004094316
748,768,70,0.004604537,0.000658774,0.003945763
748,768,71,0.004752433,0.000742304,0.004010129
748,768,72,0.004594746,0.000691439,0.003903307
748,768,73,0.004649265,0.000726079,0.003923186
748,768,74,0.00458907,0.000731789,0.003857281
748,768,75,0.004697133,0.000779186,0.003917947
748,768,76,0.00484971,0.00108599,0.00376372
748,768,77,0.004615176,0.000608883,0.004006293
748,768,78,0.004397683,0.00054762,0.003850063
748,768,79,0.004635567,0.000655496,0.003980071
748,768,80,0.004384191,0.00055793,0.003826261
748,768,81,0.004401465,0.000649724,0.003751741
748,768,82,0.004406265,0.000722673,0.003683592
748,768,83,0.00445196,0.00079555,0.00365641
748,768,84,0.005033262,0.001486783,0.003546479
748,768,85,0.005109609,0.001783612,0.003325997
748,768,86,0.004367048,0.000909348,0.0034577
748,768,87,0.00636676,0.003027856,0.003338904
748,768,88,0.0045508,0.001025803,0.003524997
748,768,89,0.005075755,0.001523533,0.003552222
748,768,90,0.004565607,0.000875861,0.003689746
748,768,91,0.004641877,0.000707055,0.003934822
748,768,92,0.006767684,0.003392269,0.003375415
748,768,93,0.004623401,0.001365061,0.00325834
748,768,94,0.003986378,0.000613714,0.003372664
748,768,95,0.004406759,0.000850316,0.003556443
748,768,96,0.004411838,0.000799978,0.00361186
748,768,97,0.004057728,0.00059134,0.003466388
748,768,98,0.004283644,0.000664365,0.003619279
748,768,99,0.004076016,0.000446966,0.00362905
748,768,100,0.005795515,0.002157966,0.003637549
748,768,101,0.004474729,0.000950699,0.00352403
748,768,102,0.004108795,0.000590987,0.003517808
748,768,103,0.003891532,0.000547505,0.003344027
748,768,104,0.008450048,0.003075352,0.005374696
748,768,105,0.005103138,0.000958279,0.004144859
748,768,106,0.003930471,0.000463601,0.00346687
748,768,107,0.006403906,0.002840579,0.003563327
748,768,108,0.004402743,0.000732457,0.003670286
748,768,109,0.004080198,0.000443149,0.003637049
748,768,110,0.004592486,0.001155289,0.003437197
749,768,1,0.636086389,0.5085527,0.127533689
749,768,2,0.1286726,0.125587767,0.003084833
749,768,3,0.003778331,0.000561212,0.003217119
749,768,4,0.008015245,0.004933639,0.003081606
749,768,5,0.003828752,0.000669977,0.003158775
749,768,6,0.036223488,0.033149013,0.003074475
749,768,7,0.003896302,0.000836448,0.003059854
749,768,8,0.003633855,0.000465106,0.003168749
749,768,9,0.004871846,0.001810034,0.003061812
749,768,10,0.004321526,0.001160181,0.003161345
749,768,11,0.003699882,0.000503012,0.00319687
749,768,12,0.039250075,0.036087145,0.00316293
749,768,13,0.004549598,0.001272866,0.003276732
749,768,14,0.004446625,0.001087737,0.003358888
749,768,15,0.004237914,0.000823572,0.003414342
749,768,16,0.004433195,0.001011016,0.003422179
749,768,17,0.004698877,0.001219208,0.003479669
749,768,18,0.004172646,0.000662772,0.003509874
749,768,19,0.003954661,0.000621058,0.003333603
749,768,20,0.004077815,0.000827688,0.003250127
749,768,21,0.004193139,0.000909988,0.003283151
749,768,22,0.004302813,0.000986225,0.003316588
749,768,23,0.004666719,0.001358649,0.00330807
749,768,24,0.004427151,0.001101478,0.003325673
749,768,25,0.004063216,0.000661191,0.003402025
749,768,26,0.004293695,0.001015575,0.00327812
749,768,27,0.004423441,0.001025788,0.003397653
749,768,28,0.004575783,0.001160103,0.00341568
749,768,29,0.004606653,0.00114338,0.003463273
749,768,30,0.004604832,0.001157923,0.003446909
749,768,31,0.004575191,0.000840862,0.003734329
749,768,32,0.004391433,0.000788894,0.003602539
749,768,33,0.009784346,0.006397204,0.003387142
749,768,34,0.005297402,0.001889303,0.003408099
749,768,35,0.00572621,0.002355859,0.003370351
749,768,36,0.005592003,0.002068705,0.003523298
749,768,37,0.005934864,0.002379803,0.003555061
749,768,38,0.005439243,0.001929805,0.003509438
749,768,39,0.005150987,0.001556828,0.003594159
749,768,40,0.00546892,0.001695164,0.003773756
749,768,41,0.005118366,0.001319951,0.003798415
749,768,42,0.004855302,0.000940827,0.003914475
749,768,43,0.004863651,0.000938576,0.003925075
749,768,44,0.004793607,0.000849371,0.003944236
749,768,45,0.004963189,0.0010956,0.003867589
749,768,46,0.004590991,0.000753675,0.003837316
749,768,47,0.004857987,0.000982705,0.003875282
749,768,48,0.005139475,0.001165101,0.003974374
749,768,49,0.005017964,0.001078632,0.003939332
749,768,50,0.005073906,0.001033395,0.004040511
749,768,51,0.00469269,0.0006676,0.00402509
749,768,52,0.004812287,0.000768302,0.004043985
749,768,53,0.005201649,0.001058322,0.004143327
749,768,54,0.0048012,0.000681554,0.004119646
749,768,55,0.004651272,0.0005549,0.004096372
749,768,56,0.004637286,0.000537604,0.004099682
749,768,57,0.004690063,0.000597341,0.004092722
749,768,58,0.004912002,0.000699921,0.004212081
749,768,59,0.004944391,0.000679477,0.004264914
749,768,60,0.004828708,0.000619276,0.004209432
749,768,61,0.004598542,0.000486435,0.004112107
749,768,62,0.004634727,0.00049887,0.004135857
749,768,63,0.004814439,0.000651547,0.004162892
749,768,64,0.004640336,0.000496243,0.004144093
749,768,65,0.00477116,0.000643494,0.004127666
749,768,66,0.004782929,0.00059464,0.004188289
749,768,67,0.004720336,0.000570393,0.004149943
749,768,68,0.004687292,0.000594576,0.004092716
749,768,69,0.004690303,0.000581097,0.004109206
749,768,70,0.004645492,0.000675582,0.00396991
749,768,71,0.00469013,0.000645951,0.004044179
749,768,72,0.004710467,0.000689552,0.004020915
749,768,73,0.004535814,0.000624299,0.003911515
749,768,74,0.004662301,0.000754416,0.003907885
749,768,75,0.004736668,0.000751171,0.003985497
749,768,76,0.004492348,0.000652198,0.00384015
749,768,77,0.00465206,0.000583096,0.004068964
749,768,78,0.004477537,0.000515413,0.003962124
749,768,79,0.004591859,0.000573896,0.004017963
749,768,80,0.004523147,0.000530899,0.003992248
749,768,81,0.004368695,0.00056885,0.003799845
749,768,82,0.0043222,0.000562674,0.003759526
749,768,83,0.005417737,0.00180152,0.003616217
749,768,84,0.005249346,0.001871282,0.003378064
749,768,85,0.004316858,0.000820598,0.00349626
749,768,86,0.006387184,0.002889943,0.003497241
749,768,87,0.004435806,0.000923625,0.003512181
749,768,88,0.004368625,0.000767175,0.00360145
749,768,89,0.004191304,0.000494261,0.003697043
749,768,90,0.004241772,0.000525727,0.003716045
749,768,91,0.004817559,0.000841357,0.003976202
749,768,92,0.004465198,0.000727522,0.003737676
749,768,93,0.006371649,0.002972008,0.003399641
749,768,94,0.004716666,0.001198883,0.003517783
749,768,95,0.004538242,0.000858254,0.003679988
749,768,96,0.004267708,0.000583343,0.003684365
749,768,97,0.00412077,0.000525309,0.003595461
749,768,98,0.004354745,0.00065669,0.003698055
749,768,99,0.005049143,0.00111901,0.003930133
749,768,100,0.005052066,0.001179453,0.003872613
749,768,101,0.004448617,0.00086787,0.003580747
749,768,102,0.004130097,0.000570143,0.003559954
749,768,103,0.006420476,0.000470793,0.005949683
749,768,104,0.004687937,0.00103284,0.003655097
749,768,105,0.00530868,0.001892062,0.003416618
749,768,106,0.004602073,0.001040351,0.003561722
749,768,107,0.004075392,0.00056733,0.003508062
749,768,108,0.006264261,0.002763706,0.003500555
749,768,109,0.004508736,0.000827248,0.003681488
749,768,110,0.005028402,0.001378815,0.003649587
750,768,1,0.618081688,0.494889216,0.123192472
750,768,2,0.143164935,0.140127867,0.003037068
750,768,3,0.012065455,0.009026993,0.003038462
750,768,4,0.003880706,0.000719942,0.003160764
750,768,5,0.003491226,0.000389086,0.00310214
750,768,6,0.003544205,0.000412079,0.003132126
750,768,7,0.035637308,0.03262291,0.003014398
750,768,8,0.004257258,0.001101462,0.003155796
750,768,9,0.003487743,0.00038916,0.003098583
750,768,10,0.004671183,0.001647324,0.003023859
750,768,11,0.040504667,0.037395806,0.003108861
750,768,12,0.004466118,0.001344945,0.003121173
750,768,13,0.004420115,0.00122071,0.003199405
750,768,14,0.004249191,0.000972085,0.003277106
750,768,15,0.004412592,0.001047016,0.003365576
750,768,16,0.004424813,0.001151005,0.003273808
750,768,17,0.004473785,0.001041132,0.003432653
750,768,18,0.004093143,0.000644516,0.003448627
750,768,19,0.003853615,0.000598939,0.003254676
750,768,20,0.004137385,0.000920925,0.00321646
750,768,21,0.004148627,0.000974344,0.003174283
750,768,22,0.0042995,0.001132131,0.003167369
750,768,23,0.004511879,0.001381514,0.003130365
750,768,24,0.004386624,0.001161728,0.003224896
750,768,25,0.004430917,0.001082018,0.003348899
750,768,26,0.004081442,0.000817638,0.003263804
750,768,27,0.00441634,0.001028881,0.003387459
750,768,28,0.004287522,0.000976267,0.003311255
750,768,29,0.004457003,0.00108232,0.003374683
750,768,30,0.004463091,0.00114505,0.003318041
750,768,31,0.004591747,0.000996599,0.003595148
750,768,32,0.0107619,0.007381865,0.003380035
750,768,33,0.005288944,0.001914473,0.003374471
750,768,34,0.005947715,0.002497707,0.003450008
750,768,35,0.005398713,0.002046049,0.003352664
750,768,36,0.005807056,0.002390024,0.003417032
750,768,37,0.005564066,0.002130719,0.003433347
750,768,38,0.005094316,0.001650293,0.003444023
750,768,39,0.005304892,0.00169175,0.003613142
750,768,40,0.005086445,0.001411333,0.003675112
750,768,41,0.004741247,0.001194851,0.003546396
750,768,42,0.004701459,0.001008371,0.003693088
750,768,43,0.004787116,0.001106319,0.003680797
750,768,44,0.005108654,0.001308538,0.003800116
750,768,45,0.004453603,0.000707437,0.003746166
750,768,46,0.004850563,0.001080428,0.003770135
750,768,47,0.004841437,0.001033772,0.003807665
750,768,48,0.00488124,0.001085711,0.003795529
750,768,49,0.004848051,0.001067708,0.003780343
750,768,50,0.00495462,0.001045413,0.003909207
750,768,51,0.005036404,0.001156679,0.003879725
750,768,52,0.005013749,0.000937679,0.00407607
750,768,53,0.004598181,0.00060954,0.003988641
750,768,54,0.004565808,0.000577897,0.003987911
750,768,55,0.004595393,0.000576041,0.004019352
750,768,56,0.004598963,0.000598918,0.004000045
750,768,57,0.004671255,0.000743413,0.003927842
750,768,58,0.004788622,0.000750289,0.004038333
750,768,59,0.005129429,0.000730779,0.00439865
750,768,60,0.004570819,0.000476756,0.004094063
750,768,61,0.004659791,0.000640646,0.004019145
750,768,62,0.004795192,0.000675311,0.004119881
750,768,63,0.00459547,0.000539898,0.004055572
750,768,64,0.004776028,0.00071268,0.004063348
750,768,65,0.004575814,0.000589435,0.003986379
750,768,66,0.004863765,0.000787382,0.004076383
750,768,67,0.004797356,0.000739116,0.00405824
750,768,68,0.00464165,0.000611866,0.004029784
750,768,69,0.004659484,0.000635371,0.004024113
750,768,70,0.00470022,0.000726816,0.003973404
750,768,71,0.00473828,0.00071255,0.00402573
750,768,72,0.004624894,0.000698847,0.003926047
750,768,73,0.004573077,0.000664935,0.003908142
750,768,74,0.004521119,0.00064981,0.003871309
750,768,75,0.004730683,0.000817434,0.003913249
750,768,76,0.004772919,0.000930037,0.003842882
750,768,77,0.00455343,0.000633301,0.003920129
750,768,78,0.004530079,0.000652206,0.003877873
750,768,79,0.004481128,0.000577652,0.003903476
750,768,80,0.004553399,0.000700806,0.003852593
750,768,81,0.004400825,0.000695673,0.003705152
750,768,82,0.006274834,0.002742329,0.003532505
750,768,83,0.00554896,0.002185305,0.003363655
750,768,84,0.004222518,0.000809893,0.003412625
750,768,85,0.006261466,0.002783863,0.003477603
750,768,86,0.004590735,0.000972177,0.003618558
750,768,87,0.003980833,0.000551652,0.003429181
750,768,88,0.004270718,0.000836001,0.003434717
750,768,89,0.00431642,0.000774697,0.003541723
750,768,90,0.004316623,0.000644285,0.003672338
750,768,91,0.00446557,0.000627307,0.003838263
750,768,92,0.004087686,0.00039708,0.003690606
750,768,93,0.004073928,0.000553159,0.003520769
750,768,94,0.006230808,0.002893649,0.003337159
750,768,95,0.004903274,0.001524865,0.003378409
750,768,96,0.004508442,0.000905553,0.003602889
750,768,97,0.00410234,0.00069204,0.0034103
750,768,98,0.004390648,0.000805066,0.003585582
750,768,99,0.004240865,0.000629129,0.003611736
750,768,100,0.005119333,0.001466126,0.003653207
750,768,101,0.004913188,0.001481618,0.00343157
750,768,102,0.004448166,0.001005891,0.003442275
750,768,103,0.003991663,0.000657857,0.003333806
750,768,104,0.009098056,0.003316999,0.005781057
750,768,105,0.0044725,0.000903658,0.003568842
750,768,106,0.003892666,0.000430761,0.003461905
750,768,107,0.003939854,0.000526159,0.003413695
750,768,108,0.004824322,0.001360006,0.003464316
750,768,109,0.007335208,0.003682422,0.003652786
750,768,110,0.004945295,0.001420732,0.003524563
751,768,1,0.621295901,0.496035274,0.125260627
751,768,2,0.148788107,0.145726908,0.003061199
751,768,3,0.003674692,0.000554734,0.003119958
751,768,4,0.003544623,0.000386601,0.003158022
751,768,5,0.003499415,0.000394654,0.003104761
751,768,6,0.023581198,0.02055378,0.003027418
751,768,7,0.006215895,0.003190609,0.003025286
751,768,8,0.012463133,0.00943436,0.003028773
751,768,9,0.004233524,0.001206958,0.003026566
751,768,10,0.041959813,0.038900046,0.003059767
751,768,11,0.004299844,0.00117328,0.003126564
751,768,12,0.004626042,0.001356233,0.003269809
751,768,13,0.004178965,0.000911303,0.003267662
751,768,14,0.004280202,0.00101724,0.003262962
751,768,15,0.004633606,0.001256425,0.003377181
751,768,16,0.004215201,0.000864708,0.003350493
751,768,17,0.003985154,0.000600351,0.003384803
751,768,18,0.004081553,0.000656733,0.00342482
751,768,19,0.004023179,0.000800043,0.003223136
751,768,20,0.004214244,0.001031046,0.003183198
751,768,21,0.004042295,0.000882388,0.003159907
751,768,22,0.004327866,0.001131994,0.003195872
751,768,23,0.004439111,0.001313441,0.00312567
751,768,24,0.004689602,0.001436767,0.003252835
751,768,25,0.004178047,0.000807764,0.003370283
751,768,26,0.003907073,0.000669669,0.003237404
751,768,27,0.004238713,0.000945287,0.003293426
751,768,28,0.004314298,0.000982123,0.003332175
751,768,29,0.004610477,0.001343174,0.003267303
751,768,30,0.004677703,0.001260324,0.003417379
751,768,31,0.01113831,0.007789011,0.003349299
751,768,32,0.005509514,0.002156616,0.003352898
751,768,33,0.005901511,0.002540899,0.003360612
751,768,34,0.005397277,0.002120754,0.003276523
751,768,35,0.005746535,0.002447234,0.003299301
751,768,36,0.005661046,0.002130082,0.003530964
751,768,37,0.005152757,0.001619782,0.003532975
751,768,38,0.004993716,0.001448462,0.003545254
751,768,39,0.004962544,0.001419884,0.00354266
751,768,40,0.004958837,0.001337995,0.003620842
751,768,41,0.004596828,0.001052877,0.003543951
751,768,42,0.004819712,0.001201011,0.003618701
751,768,43,0.004923254,0.001150703,0.003772551
751,768,44,0.004576833,0.000773732,0.003803101
751,768,45,0.004821904,0.000982537,0.003839367
751,768,46,0.004781697,0.001011602,0.003770095
751,768,47,0.004722441,0.000849084,0.003873357
751,768,48,0.005020153,0.001135506,0.003884647
751,768,49,0.004826479,0.000884923,0.003941556
751,768,50,0.00504074,0.000928251,0.004112489
751,768,51,0.004880061,0.000821699,0.004058362
751,768,52,0.004582601,0.000488772,0.004093829
751,768,53,0.004616972,0.000541137,0.004075835
751,768,54,0.004516985,0.000476601,0.004040384
751,768,55,0.004481661,0.00051722,0.003964441
751,768,56,0.00469902,0.00064028,0.00405874
751,768,57,0.004669186,0.000672909,0.003996277
751,768,58,0.004708374,0.000626955,0.004081419
751,768,59,0.004509941,0.000517015,0.003992926
751,768,60,0.004883418,0.000808671,0.004074747
751,768,61,0.004621449,0.000634991,0.003986458
751,768,62,0.004557182,0.000501826,0.004055356
751,768,63,0.004634526,0.0006589,0.003975626
751,768,64,0.004697177,0.000679333,0.004017844
751,768,65,0.004724521,0.00072464,0.003999881
751,768,66,0.004731449,0.000659905,0.004071544
751,768,67,0.004668365,0.000644815,0.00402355
751,768,68,0.00479521,0.000813693,0.003981517
751,768,69,0.004697353,0.000672711,0.004024642
751,768,70,0.004617853,0.000685661,0.003932192
751,768,71,0.004620454,0.000691944,0.00392851
751,768,72,0.00472898,0.000835057,0.003893923
751,768,73,0.004664969,0.000806787,0.003858182
751,768,74,0.00464942,0.000813152,0.003836268
751,768,75,0.004842625,0.000941279,0.003901346
751,768,76,0.004516823,0.000627843,0.00388898
751,768,77,0.004670341,0.000777891,0.00389245
751,768,78,0.004462717,0.000604606,0.003858111
751,768,79,0.004558484,0.000695904,0.00386258
751,768,80,0.004485407,0.00066927,0.003816137
751,768,81,0.00461239,0.000874091,0.003738299
751,768,82,0.004382365,0.000591553,0.003790812
751,768,83,0.005600441,0.002215507,0.003384934
751,768,84,0.008673186,0.005291751,0.003381435
751,768,85,0.004391089,0.000950671,0.003440418
751,768,86,0.004128263,0.000585937,0.003542326
751,768,87,0.00416391,0.000751177,0.003412733
751,768,88,0.00430115,0.000812743,0.003488407
751,768,89,0.004264933,0.000773793,0.00349114
751,768,90,0.004262298,0.000661322,0.003600976
751,768,91,0.004368682,0.000563214,0.003805468
751,768,92,0.004201905,0.000527286,0.003674619
751,768,93,0.003988643,0.000417613,0.00357103
751,768,94,0.004911163,0.001504226,0.003406937
751,768,95,0.005119232,0.001853868,0.003265364
751,768,96,0.005347019,0.001820909,0.00352611
751,768,97,0.004158185,0.000712661,0.003445524
751,768,98,0.004634584,0.001052578,0.003582006
751,768,99,0.004620032,0.000933854,0.003686178
751,768,100,0.00522634,0.001514122,0.003712218
751,768,101,0.004059144,0.000616691,0.003442453
751,768,102,0.004487216,0.001073479,0.003413737
751,768,103,0.003819678,0.000528646,0.003291032
751,768,104,0.004004218,0.000742136,0.003262082
751,768,105,0.008945846,0.005637582,0.003308264
751,768,106,0.004387531,0.001033094,0.003354437
751,768,107,0.005542393,0.002165182,0.003377211
751,768,108,0.006970153,0.001108428,0.005861725
751,768,109,0.005219054,0.000887166,0.004331888
751,768,110,0.003998472,0.000469926,0.003528546
752,768,1,0.617129728,0.493243505,0.123886223
752,768,2,0.144509029,0.141445282,0.003063747
752,768,3,0.011664438,0.008606832,0.003057606
752,768,4,0.003679772,0.000621947,0.003057825
752,768,5,0.024213361,0.021152644,0.003060717
752,768,6,0.006186915,0.003136412,0.003050503
752,768,7,0.003860871,0.000815866,0.003045005
752,768,8,0.003530657,0.000497193,0.003033464
752,768,9,0.051250223,0.048174256,0.003075967
752,768,10,0.004179203,0.001074067,0.003105136
752,768,11,0.004171404,0.001042601,0.003128803
752,768,12,0.004375026,0.001203766,0.00317126
752,768,13,0.004333404,0.001133566,0.003199838
752,768,14,0.004551546,0.001336687,0.003214859
752,768,15,0.004266473,0.00097847,0.003288003
752,768,16,0.003891011,0.000599594,0.003291417
752,768,17,0.004047219,0.000737717,0.003309502
752,768,18,0.0040851,0.00068549,0.00339961
752,768,19,0.003817169,0.000651894,0.003165275
752,768,20,0.004072744,0.000930796,0.003141948
752,768,21,0.004052002,0.00094041,0.003111592
752,768,22,0.004219758,0.001094496,0.003125262
752,768,23,0.004277066,0.001096804,0.003180262
752,768,24,0.004265124,0.000999526,0.003265598
752,768,25,0.004118553,0.000849469,0.003269084
752,768,26,0.004015233,0.0008497,0.003165533
752,768,27,0.003992441,0.000769767,0.003222674
752,768,28,0.004307974,0.001024378,0.003283596
752,768,29,0.004502721,0.001092544,0.003410177
752,768,30,0.013093859,0.009667799,0.00342606
752,768,31,0.005594007,0.00208327,0.003510737
752,768,32,0.005918124,0.002489719,0.003428405
752,768,33,0.005593808,0.002174374,0.003419434
752,768,34,0.005661985,0.002276593,0.003385392
752,768,35,0.005504808,0.001983068,0.00352174
752,768,36,0.005127027,0.001582945,0.003544082
752,768,37,0.004855737,0.001449966,0.003405771
752,768,38,0.00493179,0.001434987,0.003496803
752,768,39,0.005030634,0.001455561,0.003575073
752,768,40,0.004649787,0.001033873,0.003615914
752,768,41,0.004731275,0.001210143,0.003521132
752,768,42,0.004760165,0.001096278,0.003663887
752,768,43,0.004519819,0.000770899,0.00374892
752,768,44,0.004801589,0.000982517,0.003819072
752,768,45,0.004633971,0.000937,0.003696971
752,768,46,0.004802464,0.000949898,0.003852566
752,768,47,0.005080317,0.001150321,0.003929996
752,768,48,0.004724096,0.000759497,0.003964599
752,768,49,0.004891624,0.000920666,0.003970958
752,768,50,0.004972267,0.000786376,0.004185891
752,768,51,0.004276918,0.000305242,0.003971676
752,768,52,0.004714393,0.00058793,0.004126463
752,768,53,0.004775042,0.000665375,0.004109667
752,768,54,0.004437046,0.000352198,0.004084848
752,768,55,0.004765353,0.000780669,0.003984684
752,768,56,0.004625498,0.000594351,0.004031147
752,768,57,0.00471268,0.000695954,0.004016726
752,768,58,0.004605743,0.000533294,0.004072449
752,768,59,0.004826246,0.000781511,0.004044735
752,768,60,0.004596391,0.000457651,0.00413874
752,768,61,0.004488536,0.000451703,0.004036833
752,768,62,0.004678573,0.000610811,0.004067762
752,768,63,0.004698488,0.000594429,0.004104059
752,768,64,0.004549277,0.000443646,0.004105631
752,768,65,0.004782454,0.000720853,0.004061601
752,768,66,0.004476453,0.000386385,0.004090068
752,768,67,0.004727011,0.000659677,0.004067334
752,768,68,0.004546649,0.000497903,0.004048746
752,768,69,0.004494591,0.000518739,0.003975852
752,768,70,0.004450073,0.000523809,0.003926264
752,768,71,0.004753433,0.000906685,0.003846748
752,768,72,0.004400943,0.000534156,0.003866787
752,768,73,0.004812239,0.000997487,0.003814752
752,768,74,0.004724801,0.000913491,0.00381131
752,768,75,0.004650839,0.000751547,0.003899292
752,768,76,0.004654177,0.000819451,0.003834726
752,768,77,0.004561399,0.00072938,0.003832019
752,768,78,0.004535278,0.000752259,0.003783019
752,768,79,0.004907608,0.001030817,0.003876791
752,768,80,0.004250148,0.000430735,0.003819413
752,768,81,0.004410931,0.000679507,0.003731424
752,768,82,0.00479757,0.001058432,0.003739138
752,768,83,0.004595991,0.001034198,0.003561793
752,768,84,0.005046291,0.001574966,0.003471325
752,768,85,0.008849813,0.00535809,0.003491723
752,768,86,0.00424063,0.000702965,0.003537665
752,768,87,0.003805414,0.00045357,0.003351844
752,768,88,0.004388906,0.000925562,0.003463344
752,768,89,0.004359591,0.000844578,0.003515013
752,768,90,0.004477467,0.000836851,0.003640616
752,768,91,0.004412373,0.000595689,0.003816684
752,768,92,0.004028669,0.000396378,0.003632291
752,768,93,0.005553524,0.002085917,0.003467607
752,768,94,0.005031645,0.001686807,0.003344838
752,768,95,0.005182222,0.001755992,0.00342623
752,768,96,0.004406778,0.000886609,0.003520169
752,768,97,0.004304418,0.000937255,0.003367163
752,768,98,0.004760299,0.001221989,0.00353831
752,768,99,0.005279768,0.001656823,0.003622945
752,768,100,0.004363502,0.000698593,0.003664909
752,768,101,0.004401637,0.000980116,0.003421521
752,768,102,0.003896611,0.00048955,0.003407061
752,768,103,0.003862582,0.00060585,0.003256732
752,768,104,0.003891984,0.00065318,0.003238804
752,768,105,0.004279523,0.001007808,0.003271715
752,768,106,0.010941639,0.007394085,0.003547554
752,768,107,0.003787955,0.000374009,0.003413946
752,768,108,0.006577949,0.000446265,0.006131684
752,768,109,0.005123159,0.000927285,0.004195874
752,768,110,0.003906909,0.000373674,0.003533235
753,768,1,0.616721661,0.492530207,0.124191454
753,768,2,0.142683873,0.139637618,0.003046255
753,768,3,0.006883031,0.003835273,0.003047758
753,768,4,0.010243327,0.007206835,0.003036492
753,768,5,0.003682442,0.00065365,0.003028792
753,768,6,0.024270828,0.021243918,0.00302691
753,768,7,0.006125911,0.003099144,0.003026767
753,768,8,0.004691386,0.001669777,0.003021609
753,768,9,0.004065754,0.001051631,0.003014123
753,768,10,0.050321497,0.047271178,0.003050319
753,768,11,0.004354732,0.00126334,0.003091392
753,768,12,0.004449087,0.001287695,0.003161392
753,768,13,0.004342145,0.001152498,0.003189647
753,768,14,0.004317355,0.001123182,0.003194173
753,768,15,0.004179142,0.000909958,0.003269184
753,768,16,0.004101015,0.000818364,0.003282651
753,768,17,0.003973082,0.000636039,0.003337043
753,768,18,0.004083454,0.000727641,0.003355813
753,768,19,0.003869564,0.000713905,0.003155659
753,768,20,0.004141593,0.001011616,0.003129977
753,768,21,0.004030531,0.000944297,0.003086234
753,768,22,0.004105767,0.001016166,0.003089601
753,768,23,0.004395445,0.001249122,0.003146323
753,768,24,0.004232012,0.001007879,0.003224133
753,768,25,0.004195755,0.000927897,0.003267858
753,768,26,0.003696286,0.000564423,0.003131863
753,768,27,0.004031105,0.00080996,0.003221145
753,768,28,0.004213688,0.000876858,0.00333683
753,768,29,0.013604641,0.010157048,0.003447593
753,768,30,0.006033087,0.002520699,0.003512388
753,768,31,0.005797271,0.002406088,0.003391183
753,768,32,0.005514415,0.002119891,0.003394524
753,768,33,0.005478736,0.002050522,0.003428214
753,768,34,0.005716181,0.002285034,0.003431147
753,768,35,0.005434802,0.002004505,0.003430297
753,768,36,0.004821127,0.001355271,0.003465856
753,768,37,0.004617093,0.001166203,0.00345089
753,768,38,0.0050566,0.001605595,0.003451005
753,768,39,0.004533865,0.00094792,0.003585945
753,768,40,0.004518375,0.000953918,0.003564457
753,768,41,0.004764617,0.001195161,0.003569456
753,768,42,0.004641611,0.001020354,0.003621257
753,768,43,0.004700534,0.000923282,0.003777252
753,768,44,0.004875117,0.00102161,0.003853507
753,768,45,0.004680343,0.000933236,0.003747107
753,768,46,0.004944602,0.001037458,0.003907144
753,768,47,0.004829112,0.000929684,0.003899428
753,768,48,0.00493506,0.000981404,0.003953656
753,768,49,0.004833493,0.000880978,0.003952515
753,768,50,0.004678257,0.000584969,0.004093288
753,768,51,0.00458328,0.000567272,0.004016008
753,768,52,0.004625114,0.000531909,0.004093205
753,768,53,0.004636086,0.000632097,0.004003989
753,768,54,0.004537003,0.000603914,0.003933089
753,768,55,0.004463246,0.000514066,0.00394918
753,768,56,0.004784584,0.000843585,0.003940999
753,768,57,0.004532344,0.000608745,0.003923599
753,768,58,0.004770105,0.000791337,0.003978768
753,768,59,0.004535908,0.000594519,0.003941389
753,768,60,0.004782074,0.000738429,0.004043645
753,768,61,0.004482452,0.000463524,0.004018928
753,768,62,0.004561794,0.000542267,0.004019527
753,768,63,0.004689635,0.000664956,0.004024679
753,768,64,0.004672141,0.000645759,0.004026382
753,768,65,0.004601071,0.000586195,0.004014876
753,768,66,0.004743941,0.000644215,0.004099726
753,768,67,0.004449812,0.000423673,0.004026139
753,768,68,0.004549795,0.000569056,0.003980739
753,768,69,0.004455474,0.000490883,0.003964591
753,768,70,0.004611835,0.000644892,0.003966943
753,768,71,0.004472037,0.000547216,0.003924821
753,768,72,0.004757177,0.000808259,0.003948918
753,768,73,0.004387778,0.000464494,0.003923284
753,768,74,0.004771363,0.000954458,0.003816905
753,768,75,0.004662041,0.000794682,0.003867359
753,768,76,0.004620775,0.000791122,0.003829653
753,768,77,0.004702854,0.000835283,0.003867571
753,768,78,0.004525866,0.000686617,0.003839249
753,768,79,0.00466562,0.000821871,0.003843749
753,768,80,0.00473984,0.000895103,0.003844737
753,768,81,0.004268204,0.000523326,0.003744878
753,768,82,0.004968221,0.001247173,0.003721048
753,768,83,0.004821008,0.001181288,0.00363972
753,768,84,0.004385414,0.000939036,0.003446378
753,768,85,0.004716861,0.001284184,0.003432677
753,768,86,0.008322323,0.004939283,0.00338304
753,768,87,0.004121054,0.000861831,0.003259223
753,768,88,0.004306708,0.000866968,0.00343974
753,768,89,0.004524468,0.000998496,0.003525972
753,768,90,0.004333761,0.000670553,0.003663208
753,768,91,0.004355997,0.000560546,0.003795451
753,768,92,0.006174641,0.002742107,0.003432534
753,768,93,0.004893167,0.001594054,0.003299113
753,768,94,0.004286226,0.000980319,0.003305907
753,768,95,0.004995808,0.001535522,0.003460286
753,768,96,0.004120001,0.000608785,0.003511216
753,768,97,0.004292603,0.000953307,0.003339296
753,768,98,0.006437776,0.003002944,0.003434832
753,768,99,0.00416293,0.000522422,0.003640508
753,768,100,0.004133282,0.000535226,0.003598056
753,768,101,0.004025731,0.000643997,0.003381734
753,768,102,0.004165946,0.00076742,0.003398526
753,768,103,0.004188779,0.00098933,0.003199449
753,768,104,0.003706322,0.000496239,0.003210083
753,768,105,0.011291311,0.007116308,0.004175003
753,768,106,0.003926741,0.000420418,0.003506323
753,768,107,0.00384578,0.000387855,0.003457925
753,768,108,0.004090544,0.000616811,0.003473733
753,768,109,0.006323705,0.002627537,0.003696168
753,768,110,0.006136038,0.002769046,0.003366992
754,768,1,0.619649077,0.494586222,0.125062855
754,768,2,0.137824848,0.13477711,0.003047738
754,768,3,0.011018072,0.007967279,0.003050793
754,768,4,0.003665539,0.000628269,0.00303727
754,768,5,0.007561133,0.004523815,0.003037318
754,768,6,0.024477598,0.021452158,0.00302544
754,768,7,0.007875005,0.004858825,0.00301618
754,768,8,0.004007382,0.000995494,0.003011888
754,768,9,0.037108414,0.034052596,0.003055818
754,768,10,0.004332186,0.001292286,0.0030399
754,768,11,0.015932282,0.012831788,0.003100494
754,768,12,0.004447813,0.001328765,0.003119048
754,768,13,0.004441427,0.001238582,0.003202845
754,768,14,0.004237808,0.001044385,0.003193423
754,768,15,0.004223515,0.000980837,0.003242678
754,768,16,0.00411758,0.000844647,0.003272933
754,768,17,0.004203474,0.000895341,0.003308133
754,768,18,0.003977542,0.000661719,0.003315823
754,768,19,0.003890815,0.00074721,0.003143605
754,768,20,0.00404319,0.000942374,0.003100816
754,768,21,0.004118045,0.001028187,0.003089858
754,768,22,0.004366585,0.001243177,0.003123408
754,768,23,0.004314561,0.001160189,0.003154372
754,768,24,0.00438944,0.001162662,0.003226778
754,768,25,0.004084969,0.000852564,0.003232405
754,768,26,0.003840559,0.000702158,0.003138401
754,768,27,0.004069718,0.000859242,0.003210476
754,768,28,0.013684508,0.01032371,0.003360798
754,768,29,0.005788823,0.002317749,0.003471074
754,768,30,0.005660874,0.00225122,0.003409654
754,768,31,0.006005611,0.002667191,0.00333842
754,768,32,0.00549085,0.002062413,0.003428437
754,768,33,0.005312132,0.001911214,0.003400918
754,768,34,0.005202701,0.001914446,0.003288255
754,768,35,0.00549085,0.00200319,0.00348766
754,768,36,0.004423539,0.0010088,0.003414739
754,768,37,0.00491609,0.001443915,0.003472175
754,768,38,0.00459734,0.001158687,0.003438653
754,768,39,0.00495817,0.001413725,0.003544445
754,768,40,0.004485527,0.000961596,0.003523931
754,768,41,0.004867567,0.001234858,0.003632709
754,768,42,0.00437396,0.00070259,0.00367137
754,768,43,0.004655557,0.000834336,0.003821221
754,768,44,0.004483624,0.000666376,0.003817248
754,768,45,0.004917602,0.001136925,0.003780677
754,768,46,0.004757106,0.000846527,0.003910579
754,768,47,0.00453235,0.000690259,0.003842091
754,768,48,0.004671182,0.000766768,0.003904414
754,768,49,0.004547222,0.00072301,0.003824212
754,768,50,0.004915901,0.000918697,0.003997204
754,768,51,0.004516658,0.000600764,0.003915894
754,768,52,0.004815824,0.000785102,0.004030722
754,768,53,0.004491501,0.000513463,0.003978038
754,768,54,0.004738133,0.000731375,0.004006758
754,768,55,0.004550918,0.000632187,0.003918731
754,768,56,0.004807061,0.000800838,0.004006223
754,768,57,0.004639503,0.000722631,0.003916872
754,768,58,0.004702601,0.000710295,0.003992306
754,768,59,0.004775279,0.000788836,0.003986443
754,768,60,0.004578521,0.000525062,0.004053459
754,768,61,0.004556945,0.000567327,0.003989618
754,768,62,0.004666349,0.000612756,0.004053593
754,768,63,0.004545157,0.000535837,0.00400932
754,768,64,0.004578933,0.000534767,0.004044166
754,768,65,0.004452929,0.000504936,0.003947993
754,768,66,0.004714479,0.000669419,0.00404506
754,768,67,0.004540077,0.000540239,0.003999838
754,768,68,0.004432189,0.000454352,0.003977837
754,768,69,0.004510184,0.000582738,0.003927446
754,768,70,0.004509176,0.000622378,0.003886798
754,768,71,0.004522825,0.000642548,0.003880277
754,768,72,0.004466839,0.000616018,0.003850821
754,768,73,0.004653413,0.000819147,0.003834266
754,768,74,0.004611202,0.000818477,0.003792725
754,768,75,0.004547275,0.000688518,0.003858757
754,768,76,0.004572668,0.000777516,0.003795152
754,768,77,0.004709008,0.000868721,0.003840287
754,768,78,0.004510625,0.000741972,0.003768653
754,768,79,0.004596474,0.000832298,0.003764176
754,768,80,0.005314239,0.001491765,0.003822474
754,768,81,0.004255447,0.000546409,0.003709038
754,768,82,0.005177277,0.001445093,0.003732184
754,768,83,0.004586805,0.001026662,0.003560143
754,768,84,0.004773025,0.001255709,0.003517316
754,768,85,0.004235653,0.000839684,0.003395969
754,768,86,0.004614405,0.001176414,0.003437991
754,768,87,0.007433552,0.004079021,0.003354531
754,768,88,0.004313541,0.000895604,0.003417937
754,768,89,0.004531561,0.001058745,0.003472816
754,768,90,0.004442954,0.000859653,0.003583301
754,768,91,0.004415088,0.000628668,0.00378642
754,768,92,0.004146823,0.000533803,0.00361302
754,768,93,0.006187367,0.002707586,0.003479781
754,768,94,0.004904682,0.001575502,0.00332918
754,768,95,0.005078911,0.001598051,0.00348086
754,768,96,0.004483049,0.000924257,0.003558792
754,768,97,0.007204488,0.003828141,0.003376347
754,768,98,0.003973859,0.000517767,0.003456092
754,768,99,0.00405655,0.000464236,0.003592314
754,768,100,0.004072417,0.000489891,0.003582526
754,768,101,0.004354368,0.000987118,0.00336725
754,768,102,0.00438246,0.001019971,0.003362489
754,768,103,0.00377281,0.000580475,0.003192335
754,768,104,0.010232054,0.006270242,0.003961812
754,768,105,0.003882182,0.000485519,0.003396663
754,768,106,0.004172304,0.000737619,0.003434685
754,768,107,0.004581615,0.00113595,0.003445665
754,768,108,0.004221353,0.000714769,0.003506584
754,768,109,0.003926242,0.000489513,0.003436729
754,768,110,0.007690655,0.004324283,0.003366372
755,768,1,0.620472995,0.495856661,0.124616334
755,768,2,0.141315089,0.138271048,0.003044041
755,768,3,0.003570014,0.00053527,0.003034744
755,768,4,0.006965132,0.003922068,0.003043064
755,768,5,0.003882463,0.000847284,0.003035179
755,768,6,0.032607597,0.029566721,0.003040876
755,768,7,0.003986731,0.000952939,0.003033792
755,768,8,0.016817746,0.013784746,0.003033
755,768,9,0.004047325,0.001023301,0.003024024
755,768,10,0.023266876,0.020227699,0.003039177
755,768,11,0.004420146,0.001360192,0.003059954
755,768,12,0.015817132,0.012686377,0.003130755
755,768,13,0.004808886,0.00159249,0.003216396
755,768,14,0.004224963,0.001033312,0.003191651
755,768,15,0.004234064,0.00096399,0.003270074
755,768,16,0.003913476,0.00058993,0.003323546
755,768,17,0.004284124,0.000964349,0.003319775
755,768,18,0.004335478,0.000979785,0.003355693
755,768,19,0.003884827,0.000728159,0.003156668
755,768,20,0.004222149,0.001092187,0.003129962
755,768,21,0.004335095,0.001231787,0.003103308
755,768,22,0.004197343,0.001086278,0.003111065
755,768,23,0.004601599,0.001468626,0.003132973
755,768,24,0.004391973,0.001147799,0.003244174
755,768,25,0.004191742,0.000912194,0.003279548
755,768,26,0.003776815,0.000627885,0.00314893
755,768,27,0.013547595,0.010246945,0.00330065
755,768,28,0.005461406,0.002216334,0.003245072
755,768,29,0.005934508,0.002591373,0.003343135
755,768,30,0.005901975,0.002478846,0.003423129
755,768,31,0.005394501,0.001969821,0.00342468
755,768,32,0.005394048,0.002067859,0.003326189
755,768,33,0.005228788,0.0019029,0.003325888
755,768,34,0.005012279,0.001648831,0.003363448
755,768,35,0.004980379,0.001478797,0.003501582
755,768,36,0.004501558,0.001092488,0.00340907
755,768,37,0.004898812,0.001447377,0.003451435
755,768,38,0.004592601,0.001074931,0.00351767
755,768,39,0.004852149,0.001244275,0.003607874
755,768,40,0.004609258,0.001007669,0.003601589
755,768,41,0.004681834,0.00096546,0.003716374
755,768,42,0.00438163,0.000681962,0.003699668
755,768,43,0.004596508,0.000740466,0.003856042
755,768,44,0.004690373,0.000886587,0.003803786
755,768,45,0.004710797,0.000954964,0.003755833
755,768,46,0.004787325,0.000832013,0.003955312
755,768,47,0.004254434,0.00035221,0.003902224
755,768,48,0.00475825,0.000779374,0.003978876
755,768,49,0.004713525,0.000798378,0.003915147
755,768,50,0.00478395,0.000697629,0.004086321
755,768,51,0.004882953,0.000939839,0.003943114
755,768,52,0.004389956,0.000320384,0.004069572
755,768,53,0.004590915,0.00063695,0.003953965
755,768,54,0.004459425,0.000443624,0.004015801
755,768,55,0.004796495,0.000858781,0.003937714
755,768,56,0.004701045,0.000682397,0.004018648
755,768,57,0.00456548,0.000604554,0.003960926
755,768,58,0.004540624,0.000528581,0.004012043
755,768,59,0.004755397,0.000793409,0.003961988
755,768,60,0.004401033,0.000372856,0.004028177
755,768,61,0.004747904,0.000786739,0.003961165
755,768,62,0.004446156,0.000398843,0.004047313
755,768,63,0.004795217,0.000780566,0.004014651
755,768,64,0.004659732,0.00063814,0.004021592
755,768,65,0.00467414,0.000666153,0.004007987
755,768,66,0.004576199,0.000461478,0.004114721
755,768,67,0.004620889,0.000581416,0.004039473
755,768,68,0.004511731,0.000486531,0.0040252
755,768,69,0.004554798,0.000603613,0.003951185
755,768,70,0.004446372,0.000506229,0.003940143
755,768,71,0.004630681,0.000733518,0.003897163
755,768,72,0.004554902,0.000613496,0.003941406
755,768,73,0.004632391,0.000754457,0.003877934
755,768,74,0.004409107,0.000604595,0.003804512
755,768,75,0.004684636,0.000803066,0.00388157
755,768,76,0.004371204,0.000573687,0.003797517
755,768,77,0.004775021,0.000893733,0.003881288
755,768,78,0.004602015,0.000819509,0.003782506
755,768,79,0.005363825,0.001473988,0.003889837
755,768,80,0.004595548,0.000750989,0.003844559
755,768,81,0.004428038,0.000686614,0.003741424
755,768,82,0.004802435,0.001103726,0.003698709
755,768,83,0.004578745,0.001014026,0.003564719
755,768,84,0.004775032,0.001325015,0.003450017
755,768,85,0.004418885,0.000987215,0.00343167
755,768,86,0.004579692,0.001159449,0.003420243
755,768,87,0.004891266,0.001388902,0.003502364
755,768,88,0.006258767,0.002775096,0.003483671
755,768,89,0.004385525,0.000949865,0.00343566
755,768,90,0.004550557,0.001012436,0.003538121
755,768,91,0.004461537,0.000677804,0.003783733
755,768,92,0.004215472,0.000604984,0.003610488
755,768,93,0.003973853,0.000576474,0.003397379
755,768,94,0.00593881,0.002669909,0.003268901
755,768,95,0.005861585,0.002487465,0.00337412
755,768,96,0.008714651,0.004400763,0.004313888
755,768,97,0.003998825,0.000559927,0.003438898
755,768,98,0.003960261,0.000482358,0.003477903
755,768,99,0.004072798,0.000518165,0.003554633
755,768,100,0.004229762,0.000715202,0.00351456
755,768,101,0.004470708,0.001052517,0.003418191
755,768,102,0.004098259,0.000686519,0.00341174
755,768,103,0.008910349,0.00561177,0.003298579
755,768,104,0.004106041,0.000971399,0.003134642
755,768,105,0.00437743,0.000974602,0.003402828
755,768,106,0.005321932,0.001803365,0.003518567
755,768,107,0.004126181,0.000552691,0.00357349
755,768,108,0.003959389,0.000498064,0.003461325
755,768,109,0.007796933,0.004323207,0.003473726
755,768,110,0.004563815,0.001345123,0.003218692
756,768,1,0.616694863,0.492616639,0.124078224
756,768,2,0.142685737,0.139638399,0.003047338
756,768,3,0.009598923,0.006536806,0.003062117
756,768,4,0.003736782,0.000690772,0.00304601
756,768,5,0.004764799,0.001721069,0.00304373
756,768,6,0.013533536,0.010493738,0.003039798
756,768,7,0.035279306,0.032249064,0.003030242
756,768,8,0.004173927,0.001142495,0.003031432
756,768,9,0.003461651,0.000439918,0.003021733
756,768,10,0.019536906,0.016480897,0.003056009
756,768,11,0.007041933,0.004001414,0.003040519
756,768,12,0.004460791,0.001409002,0.003051789
756,768,13,0.015897276,0.012689057,0.003208219
756,768,14,0.004678924,0.001511571,0.003167353
756,768,15,0.004423936,0.001153477,0.003270459
756,768,16,0.004079996,0.000765548,0.003314448
756,768,17,0.004044688,0.000745988,0.0032987
756,768,18,0.004154085,0.000780729,0.003373356
756,768,19,0.004285405,0.001095332,0.003190073
756,768,20,0.00405146,0.000941785,0.003109675
756,768,21,0.004208015,0.001111651,0.003096364
756,768,22,0.004454847,0.001324499,0.003130348
756,768,23,0.004419872,0.001261789,0.003158083
756,768,24,0.004570946,0.001326364,0.003244582
756,768,25,0.004155162,0.000851996,0.003303166
756,768,26,0.014104843,0.010884363,0.00322048
756,768,27,0.005601096,0.002387486,0.00321361
756,768,28,0.005928709,0.002467,0.003461709
756,768,29,0.005659867,0.002150795,0.003509072
756,768,30,0.005109675,0.00164504,0.003464635
756,768,31,0.005532599,0.002158668,0.003373931
756,768,32,0.005288539,0.001870677,0.003417862
756,768,33,0.004662275,0.001358581,0.003303694
756,768,34,0.004624269,0.00127873,0.003345539
756,768,35,0.005036397,0.001520764,0.003515633
756,768,36,0.00449707,0.001093653,0.003403417
756,768,37,0.004817713,0.001312825,0.003504888
756,768,38,0.004558079,0.001072372,0.003485707
756,768,39,0.004734482,0.001041123,0.003693359
756,768,40,0.004549371,0.001014581,0.00353479
756,768,41,0.004483317,0.000804398,0.003678919
756,768,42,0.004439572,0.000783288,0.003656284
756,768,43,0.004677774,0.000791166,0.003886608
756,768,44,0.004557923,0.000804563,0.00375336
756,768,45,0.004402507,0.000642096,0.003760411
756,768,46,0.004859087,0.000975207,0.00388388
756,768,47,0.004634207,0.000726963,0.003907244
756,768,48,0.004798141,0.000838672,0.003959469
756,768,49,0.004772113,0.000785079,0.003987034
756,768,50,0.004633562,0.000500951,0.004132611
756,768,51,0.004722629,0.000660566,0.004062063
756,768,52,0.004585134,0.000414617,0.004170517
756,768,53,0.004634449,0.000528788,0.004105661
756,768,54,0.004486319,0.000433289,0.00405303
756,768,55,0.004613656,0.000601182,0.004012474
756,768,56,0.004690321,0.000681447,0.004008874
756,768,57,0.004577241,0.000613526,0.003963715
756,768,58,0.004634386,0.000611918,0.004022468
756,768,59,0.004665617,0.000681868,0.003983749
756,768,60,0.00472603,0.000618899,0.004107131
756,768,61,0.00456364,0.000542069,0.004021571
756,768,62,0.00446544,0.000439277,0.004026163
756,768,63,0.004602271,0.000583112,0.004019159
756,768,64,0.004638382,0.000643815,0.003994567
756,768,65,0.004639208,0.000654194,0.003985014
756,768,66,0.004696892,0.00064213,0.004054762
756,768,67,0.004604343,0.000591008,0.004013335
756,768,68,0.00453823,0.00055339,0.00398484
756,768,69,0.00456113,0.000520503,0.004040627
756,768,70,0.004507433,0.000507598,0.003999835
756,768,71,0.004395695,0.00045816,0.003937535
756,768,72,0.004548608,0.000551274,0.003997334
756,768,73,0.004542274,0.000517038,0.004025236
756,768,74,0.004319735,0.000499144,0.003820591
756,768,75,0.004560858,0.000669606,0.003891252
756,768,76,0.004540191,0.000672569,0.003867622
756,768,77,0.004626705,0.000747689,0.003879016
756,768,78,0.004849681,0.001003794,0.003845887
756,768,79,0.004705716,0.000752667,0.003953049
756,768,80,0.004988159,0.001176412,0.003811747
756,768,81,0.004488099,0.000725782,0.003762317
756,768,82,0.004815862,0.001149581,0.003666281
756,768,83,0.004918803,0.001243277,0.003675526
756,768,84,0.004584234,0.001114943,0.003469291
756,768,85,0.004399574,0.000935653,0.003463921
756,768,86,0.004708661,0.001184979,0.003523682
756,768,87,0.004580517,0.00107354,0.003506977
756,768,88,0.004302098,0.000956329,0.003345769
756,768,89,0.006269679,0.00283333,0.003436349
756,768,90,0.004582831,0.001040656,0.003542175
756,768,91,0.004860557,0.001058433,0.003802124
756,768,92,0.004396936,0.000769341,0.003627595
756,768,93,0.003960617,0.000526908,0.003433709
756,768,94,0.003958164,0.00069072,0.003267444
756,768,95,0.009559265,0.006021022,0.003538243
756,768,96,0.004578783,0.001067792,0.003510991
756,768,97,0.005924353,0.002516374,0.003407979
756,768,98,0.003915449,0.000528731,0.003386718
756,768,99,0.004163266,0.000620376,0.00354289
756,768,100,0.004583505,0.00108005,0.003503455
756,768,101,0.004743972,0.001362417,0.003381555
756,768,102,0.008644609,0.005469374,0.003175235
756,768,103,0.003696913,0.000443636,0.003253277
756,768,104,0.003803998,0.000640707,0.003163291
756,768,105,0.006357021,0.003074331,0.00328269
756,768,106,0.004338618,0.0009117,0.003426918
756,768,107,0.003969736,0.000450012,0.003519724
756,768,108,0.007970503,0.004472653,0.00349785
756,768,109,0.004864638,0.001404671,0.003459967
756,768,110,0.00356802,0.000412702,0.003155318
757,768,1,0.620308388,0.494863046,0.125445342
757,768,2,0.138441335,0.135394625,0.00304671
757,768,3,0.008654749,0.00560929,0.003045459
757,768,4,0.004826341,0.001798106,0.003028235
757,768,5,0.005366491,0.002336068,0.003030423
757,768,6,0.045494404,0.042465982,0.003028422
757,768,7,0.004098463,0.001052535,0.003045928
757,768,8,0.003404159,0.000379341,0.003024818
757,768,9,0.019179195,0.016142691,0.003036504
757,768,10,0.004853243,0.001826488,0.003026755
757,768,11,0.004561444,0.001515891,0.003045553
757,768,12,0.004869771,0.001829213,0.003040558
757,768,13,0.004568029,0.001517302,0.003050727
757,768,14,0.016091066,0.01292884,0.003162226
757,768,15,0.005065737,0.001809203,0.003256534
757,768,16,0.003891679,0.000611316,0.003280363
757,768,17,0.00428119,0.001028613,0.003252577
757,768,18,0.004142616,0.000792816,0.0033498
757,768,19,0.00375145,0.000544153,0.003207297
757,768,20,0.00417181,0.001058885,0.003112925
757,768,21,0.004376297,0.00129065,0.003085647
757,768,22,0.004218512,0.001101411,0.003117101
757,768,23,0.00454776,0.001422438,0.003125322
757,768,24,0.004517332,0.001279873,0.003237459
757,768,25,0.015240472,0.012055917,0.003184555
757,768,26,0.005800737,0.002458513,0.003342224
757,768,27,0.005590269,0.002234699,0.00335557
757,768,28,0.005391473,0.001958691,0.003432782
757,768,29,0.005259228,0.001875835,0.003383393
757,768,30,0.005243902,0.00189071,0.003353192
757,768,31,0.005446531,0.002041092,0.003405439
757,768,32,0.004855895,0.001434383,0.003421512
757,768,33,0.004312902,0.0009886,0.003324302
757,768,34,0.004715791,0.001379452,0.003336339
757,768,35,0.004702961,0.001241432,0.003461529
757,768,36,0.004751475,0.001318463,0.003433012
757,768,37,0.004488564,0.000993582,0.003494982
757,768,38,0.004860056,0.00131033,0.003549726
757,768,39,0.004363413,0.000758032,0.003605381
757,768,40,0.004452626,0.000846175,0.003606451
757,768,41,0.004668948,0.000956173,0.003712775
757,768,42,0.004612948,0.000835419,0.003777529
757,768,43,0.00431479,0.000449294,0.003865496
757,768,44,0.00442539,0.000633478,0.003791912
757,768,45,0.00452905,0.000731706,0.003797344
757,768,46,0.004890875,0.000977858,0.003913017
757,768,47,0.004422664,0.000547077,0.003875587
757,768,48,0.004697629,0.000767245,0.003930384
757,768,49,0.004693355,0.000827086,0.003866269
757,768,50,0.004701141,0.000709585,0.003991556
757,768,51,0.004592373,0.000722504,0.003869869
757,768,52,0.004570271,0.000586072,0.003984199
757,768,53,0.004535582,0.000604828,0.003930754
757,768,54,0.00449662,0.000587636,0.003908984
757,768,55,0.004753982,0.000846746,0.003907236
757,768,56,0.004739143,0.000790764,0.003948379
757,768,57,0.004457177,0.000582278,0.003874899
757,768,58,0.004688837,0.000767831,0.003921006
757,768,59,0.004689382,0.000755814,0.003933568
757,768,60,0.004569309,0.000515678,0.004053631
757,768,61,0.004629948,0.000641228,0.00398872
757,768,62,0.004574309,0.000505175,0.004069134
757,768,63,0.004644562,0.000634929,0.004009633
757,768,64,0.004585662,0.000606954,0.003978708
757,768,65,0.004526354,0.000569797,0.003956557
757,768,66,0.004701294,0.000621259,0.004080035
757,768,67,0.004558937,0.000588397,0.00397054
757,768,68,0.004513636,0.00055308,0.003960556
757,768,69,0.004586404,0.000639129,0.003947275
757,768,70,0.004470607,0.000573308,0.003897299
757,768,71,0.00443444,0.000614491,0.003819949
757,768,72,0.004501893,0.000659141,0.003842752
757,768,73,0.004686453,0.000848797,0.003837656
757,768,74,0.004525811,0.000795415,0.003730396
757,768,75,0.004776701,0.000979084,0.003797617
757,768,76,0.004435436,0.000677299,0.003758137
757,768,77,0.005029369,0.0012199,0.003809469
757,768,78,0.004489143,0.000661865,0.003827278
757,768,79,0.004770997,0.000967158,0.003803839
757,768,80,0.004212859,0.000515288,0.003697571
757,768,81,0.004842727,0.001170614,0.003672113
757,768,82,0.005130845,0.001383457,0.003747388
757,768,83,0.00464836,0.001097328,0.003551032
757,768,84,0.004838515,0.001375547,0.003462968
757,768,85,0.004441396,0.001031422,0.003409974
757,768,86,0.004569289,0.001098619,0.00347067
757,768,87,0.004675793,0.001265617,0.003410176
757,768,88,0.004527809,0.001203805,0.003324004
757,768,89,0.004367975,0.001043665,0.00332431
757,768,90,0.006000074,0.002472068,0.003528006
757,768,91,0.005059926,0.001341644,0.003718282
757,768,92,0.004700319,0.0010735,0.003626819
757,768,93,0.00413281,0.000693278,0.003439532
757,768,94,0.00780934,0.004480161,0.003329179
757,768,95,0.005956308,0.002456521,0.003499787
757,768,96,0.003993182,0.000519073,0.003474109
757,768,97,0.004460954,0.001146491,0.003314463
757,768,98,0.004909625,0.00148817,0.003421455
757,768,99,0.004251587,0.000737788,0.003513799
757,768,100,0.005363725,0.001890102,0.003473623
757,768,101,0.009442154,0.004835491,0.004606663
757,768,102,0.003696924,0.000521887,0.003175037
757,768,103,0.003608762,0.000341437,0.003267325
757,768,104,0.006252521,0.002995949,0.003256572
757,768,105,0.004282669,0.001007022,0.003275647
757,768,106,0.00399481,0.000604717,0.003390093
757,768,107,0.008080404,0.004578916,0.003501488
757,768,108,0.004896431,0.001240376,0.003656055
757,768,109,0.003879954,0.000460622,0.003419332
757,768,110,0.003555441,0.000446707,0.003108734
758,768,1,0.618852758,0.494969031,0.123883727
758,768,2,0.141201493,0.138159028,0.003042465
758,768,3,0.006448118,0.003409294,0.003038824
758,768,4,0.007936126,0.00489932,0.003036806
758,768,5,0.020300965,0.017271404,0.003029561
758,768,6,0.018381378,0.015348482,0.003032896
758,768,7,0.013271244,0.010246007,0.003025237
758,768,8,0.020230958,0.017188228,0.00304273
758,768,9,0.00456974,0.001541136,0.003028604
758,768,10,0.004294198,0.001228455,0.003065743
758,768,11,0.004275925,0.001231245,0.00304468
758,768,12,0.003969336,0.000916761,0.003052575
758,768,13,0.00453561,0.001467011,0.003068599
758,768,14,0.004443484,0.001317406,0.003126078
758,768,15,0.016038121,0.012824393,0.003213728
758,768,16,0.004601231,0.001308109,0.003293122
758,768,17,0.004210914,0.000937104,0.00327381
758,768,18,0.004179792,0.000879213,0.003300579
758,768,19,0.004042568,0.000830877,0.003211691
758,768,20,0.004072931,0.000967477,0.003105454
758,768,21,0.004226341,0.001115505,0.003110836
758,768,22,0.004203073,0.001086851,0.003116222
758,768,23,0.0046486,0.001496602,0.003151998
758,768,24,0.016467056,0.013180083,0.003286973
758,768,25,0.005838426,0.002587179,0.003251247
758,768,26,0.005625713,0.002331075,0.003294638
758,768,27,0.005173728,0.001988631,0.003185097
758,768,28,0.005177923,0.001852876,0.003325047
758,768,29,0.005165426,0.001775522,0.003389904
758,768,30,0.005212109,0.001847056,0.003365053
758,768,31,0.004794016,0.001415594,0.003378422
758,768,32,0.004433817,0.001040185,0.003393632
758,768,33,0.004713984,0.001357719,0.003356265
758,768,34,0.004707513,0.00128223,0.003425283
758,768,35,0.00459911,0.001131219,0.003467891
758,768,36,0.004720336,0.00122894,0.003491396
758,768,37,0.004623569,0.001120095,0.003503474
758,768,38,0.004504572,0.000953208,0.003551364
758,768,39,0.004432249,0.000811704,0.003620545
758,768,40,0.004488567,0.00086855,0.003620017
758,768,41,0.004628688,0.000923117,0.003705571
758,768,42,0.004479273,0.000692943,0.00378633
758,768,43,0.004276198,0.000419216,0.003856982
758,768,44,0.004481294,0.000664242,0.003817052
758,768,45,0.004425429,0.000618182,0.003807247
758,768,46,0.004567121,0.000696433,0.003870688
758,768,47,0.004610604,0.000754102,0.003856502
758,768,48,0.004814445,0.000862969,0.003951476
758,768,49,0.004699998,0.000784778,0.00391522
758,768,50,0.004561586,0.000519577,0.004042009
758,768,51,0.004783597,0.000787012,0.003996585
758,768,52,0.004540602,0.000459334,0.004081268
758,768,53,0.004604892,0.000556789,0.004048103
758,768,54,0.004526279,0.000535757,0.003990522
758,768,55,0.004563158,0.000618304,0.003944854
758,768,56,0.004750996,0.000770218,0.003980778
758,768,57,0.004684359,0.000725117,0.003959242
758,768,58,0.004614852,0.000621346,0.003993506
758,768,59,0.004481635,0.000535,0.003946635
758,768,60,0.004742508,0.00068673,0.004055778
758,768,61,0.004555041,0.000524168,0.004030873
758,768,62,0.004759647,0.0007318,0.004027847
758,768,63,0.00441438,0.000400694,0.004013686
758,768,64,0.004646449,0.000664697,0.003981752
758,768,65,0.004527749,0.000543916,0.003983833
758,768,66,0.00458081,0.000604798,0.003976012
758,768,67,0.004573498,0.000586213,0.003987285
758,768,68,0.004532845,0.000585137,0.003947708
758,768,69,0.004694783,0.000688608,0.004006175
758,768,70,0.004492887,0.000560019,0.003932868
758,768,71,0.004669367,0.000775034,0.003894333
758,768,72,0.004749994,0.000957139,0.003792855
758,768,73,0.004573086,0.000707974,0.003865112
758,768,74,0.004547295,0.000780625,0.00376667
758,768,75,0.004760242,0.000946786,0.003813456
758,768,76,0.004726972,0.000971048,0.003755924
758,768,77,0.004363624,0.000562529,0.003801095
758,768,78,0.004806604,0.001025541,0.003781063
758,768,79,0.004619838,0.000804682,0.003815156
758,768,80,0.004360524,0.000628476,0.003732048
758,768,81,0.00450964,0.000771288,0.003738352
758,768,82,0.004900321,0.001256224,0.003644097
758,768,83,0.004483666,0.000924709,0.003558957
758,768,84,0.004823256,0.001309021,0.003514235
758,768,85,0.004964382,0.001547307,0.003417075
758,768,86,0.004683742,0.001179776,0.003503966
758,768,87,0.00481699,0.001374657,0.003442333
758,768,88,0.004505538,0.001153467,0.003352071
758,768,89,0.005699642,0.002245084,0.003454558
758,768,90,0.005347938,0.00172122,0.003626718
758,768,91,0.004768056,0.000964623,0.003803433
758,768,92,0.004039306,0.000421376,0.00361793
758,768,93,0.004461821,0.000972007,0.003489814
758,768,94,0.004215352,0.000941103,0.003274249
758,768,95,0.008468043,0.004993308,0.003474735
758,768,96,0.004525529,0.001016456,0.003509073
758,768,97,0.004340061,0.001039688,0.003300373
758,768,98,0.004546972,0.001067674,0.003479298
758,768,99,0.005939704,0.002486712,0.003452992
758,768,100,0.007857596,0.001667767,0.006189829
758,768,101,0.004516827,0.000984842,0.003531985
758,768,102,0.004603776,0.001414493,0.003189283
758,768,103,0.005448445,0.002190842,0.003257603
758,768,104,0.004515142,0.001234418,0.003280724
758,768,105,0.003761091,0.000483309,0.003277782
758,768,106,0.009214117,0.005649173,0.003564944
758,768,107,0.004748982,0.001264444,0.003484538
758,768,108,0.004036097,0.000382938,0.003653159
758,768,109,0.003807621,0.000354113,0.003453508
758,768,110,0.00352899,0.000457638,0.003071352
759,768,1,0.616837916,0.493283525,0.123554391
759,768,2,0.141998907,0.13895072,0.003048187
759,768,3,0.010720542,0.007674581,0.003045961
759,768,4,0.021978625,0.018951177,0.003027448
759,768,5,0.004003997,0.000975019,0.003028978
759,768,6,0.003546305,0.000519246,0.003027059
759,768,7,0.044279502,0.04124953,0.003029972
759,768,8,0.00426144,0.001222517,0.003038923
759,768,9,0.004027342,0.000986902,0.00304044
759,768,10,0.004110846,0.001084372,0.003026474
759,768,11,0.004176453,0.001142461,0.003033992
759,768,12,0.004130277,0.001082994,0.003047283
759,768,13,0.00405556,0.001008722,0.003046838
759,768,14,0.004462735,0.001344534,0.003118201
759,768,15,0.003975001,0.00085798,0.003117021
759,768,16,0.015736569,0.012486602,0.003249967
759,768,17,0.004736666,0.001469013,0.003267653
759,768,18,0.004236106,0.000940063,0.003296043
759,768,19,0.00400034,0.000776005,0.003224335
759,768,20,0.00432428,0.001211759,0.003112521
759,768,21,0.004071374,0.000953757,0.003117617
759,768,22,0.004286357,0.001181327,0.00310503
759,768,23,0.017591066,0.014457233,0.003133833
759,768,24,0.006218482,0.003028058,0.003190424
759,768,25,0.005584781,0.002379186,0.003205595
759,768,26,0.005212274,0.002000565,0.003211709
759,768,27,0.00491955,0.001628091,0.003291459
759,768,28,0.005319179,0.001938686,0.003380493
759,768,29,0.004978524,0.001577103,0.003401421
759,768,30,0.00451253,0.001144174,0.003368356
759,768,31,0.004460345,0.001090489,0.003369856
759,768,32,0.004481993,0.001070151,0.003411842
759,768,33,0.004493658,0.001144623,0.003349035
759,768,34,0.004855556,0.001448536,0.00340702
759,768,35,0.004428858,0.000901237,0.003527621
759,768,36,0.004567184,0.001103842,0.003463342
759,768,37,0.00444887,0.000960242,0.003488628
759,768,38,0.004756104,0.001204963,0.003551141
759,768,39,0.004521703,0.000890211,0.003631492
759,768,40,0.004261236,0.000706605,0.003554631
759,768,41,0.004448108,0.000854935,0.003593173
759,768,42,0.004498995,0.000809339,0.003689656
759,768,43,0.004380496,0.000575491,0.003805005
759,768,44,0.004273982,0.000568607,0.003705375
759,768,45,0.004452579,0.000716623,0.003735956
759,768,46,0.004540975,0.000736708,0.003804267
759,768,47,0.004690266,0.000867632,0.003822634
759,768,48,0.004715525,0.000857277,0.003858248
759,768,49,0.004542179,0.000688881,0.003853298
759,768,50,0.004689714,0.000748066,0.003941648
759,768,51,0.00484806,0.000885229,0.003962831
759,768,52,0.004628652,0.000662932,0.00396572
759,768,53,0.004521166,0.000596847,0.003924319
759,768,54,0.00438238,0.000501374,0.003881006
759,768,55,0.004718558,0.000842531,0.003876027
759,768,56,0.004735913,0.000827035,0.003908878
759,768,57,0.004460888,0.000541367,0.003919521
759,768,58,0.00490615,0.001032336,0.003873814
759,768,59,0.004623525,0.000667153,0.003956372
759,768,60,0.004551768,0.000595202,0.003956566
759,768,61,0.004605938,0.000648021,0.003957917
759,768,62,0.00456316,0.000603819,0.003959341
759,768,63,0.004701624,0.000773488,0.003928136
759,768,64,0.004843723,0.000946216,0.003897507
759,768,65,0.00468624,0.000742388,0.003943852
759,768,66,0.004634525,0.000697995,0.00393653
759,768,67,0.004617382,0.000697394,0.003919988
759,768,68,0.004523306,0.000642949,0.003880357
759,768,69,0.004723149,0.000777757,0.003945392
759,768,70,0.004556064,0.000708395,0.003847669
759,768,71,0.00490236,0.001097205,0.003805155
759,768,72,0.004548578,0.000780793,0.003767785
759,768,73,0.004630143,0.000858922,0.003771221
759,768,74,0.00463343,0.000917549,0.003715881
759,768,75,0.004877764,0.00110474,0.003773024
759,768,76,0.00432541,0.000603541,0.003721869
759,768,77,0.004881748,0.001110735,0.003771013
759,768,78,0.004429259,0.000706121,0.003723138
759,768,79,0.004589847,0.000822913,0.003766934
759,768,80,0.004384863,0.000697676,0.003687187
759,768,81,0.004363922,0.000727825,0.003636097
759,768,82,0.004741703,0.001116719,0.003624984
759,768,83,0.00442027,0.00090781,0.00351246
759,768,84,0.004784489,0.001377243,0.003407246
759,768,85,0.004872515,0.001516606,0.003355909
759,768,86,0.004829362,0.00141915,0.003410212
759,768,87,0.004723066,0.001297597,0.003425469
759,768,88,0.006013765,0.002607554,0.003406211
759,768,89,0.005127548,0.001680709,0.003446839
759,768,90,0.004477632,0.00092731,0.003550322
759,768,91,0.004802294,0.001041926,0.003760368
759,768,92,0.004558039,0.001001192,0.003556847
759,768,93,0.004662373,0.00115657,0.003505803
759,768,94,0.005074107,0.001750033,0.003324074
759,768,95,0.006175131,0.002675523,0.003499608
759,768,96,0.004412007,0.000920203,0.003491804
759,768,97,0.004783655,0.001429425,0.00335423
759,768,98,0.006133123,0.002737351,0.003395772
759,768,99,0.005873158,0.002398136,0.003475022
759,768,100,0.00460187,0.001314865,0.003287005
759,768,101,0.006327311,0.002923515,0.003403796
759,768,102,0.007011269,0.003788493,0.003222776
759,768,103,0.004500362,0.001304742,0.00319562
759,768,104,0.00362821,0.000387653,0.003240557
759,768,105,0.00874552,0.002744069,0.006001451
759,768,106,0.005071985,0.001199485,0.0038725
759,768,107,0.003937856,0.000499594,0.003438262
759,768,108,0.003901388,0.000352454,0.003548934
759,768,109,0.003787855,0.000334843,0.003453012
759,768,110,0.003506937,0.000440403,0.003066534
760,768,1,0.616770305,0.493209028,0.123561277
760,768,2,0.140759115,0.137688112,0.003071003
760,768,3,0.03083983,0.027796552,0.003043278
760,768,4,0.003762974,0.000715271,0.003047703
760,768,5,0.003469362,0.000429036,0.003040326
760,768,6,0.044558418,0.041502079,0.003056339
760,768,7,0.004069612,0.001007233,0.003062379
760,768,8,0.00379935,0.000752116,0.003047234
760,768,9,0.004026004,0.000976557,0.003049447
760,768,10,0.004028538,0.000977994,0.003050544
760,768,11,0.004276437,0.001218281,0.003058156
760,768,12,0.004050185,0.000979825,0.00307036
760,768,13,0.004130642,0.001058689,0.003071953
760,768,14,0.004255643,0.001116486,0.003139157
760,768,15,0.004200762,0.001064614,0.003136148
760,768,16,0.004162514,0.000915431,0.003247083
760,768,17,0.014679809,0.011385556,0.003294253
760,768,18,0.004641759,0.001343894,0.003297865
760,768,19,0.004231053,0.000947556,0.003283497
760,768,20,0.003859479,0.000733175,0.003126304
760,768,21,0.004302214,0.001185388,0.003116826
760,768,22,0.019341574,0.016060373,0.003281201
760,768,23,0.006107842,0.002880384,0.003227458
760,768,24,0.005719779,0.002357987,0.003361792
760,768,25,0.005180797,0.001765508,0.003415289
760,768,26,0.004746861,0.001369396,0.003377465
760,768,27,0.005294436,0.001756302,0.003538134
760,768,28,0.004935314,0.001395611,0.003539703
760,768,29,0.004314543,0.000783463,0.00353108
760,768,30,0.004401653,0.000964524,0.003437129
760,768,31,0.004251925,0.000793669,0.003458256
760,768,32,0.004724826,0.00119346,0.003531366
760,768,33,0.004531413,0.001030223,0.00350119
760,768,34,0.004791178,0.001245666,0.003545512
760,768,35,0.004363499,0.000735318,0.003628181
760,768,36,0.004590787,0.000993908,0.003596879
760,768,37,0.004677981,0.001054127,0.003623854
760,768,38,0.004493356,0.000810047,0.003683309
760,768,39,0.004393571,0.000660005,0.003733566
760,768,40,0.004300871,0.00069117,0.003609701
760,768,41,0.004605276,0.000826342,0.003778934
760,768,42,0.004345572,0.000511366,0.003834206
760,768,43,0.004349992,0.000384737,0.003965255
760,768,44,0.004331235,0.000461979,0.003869256
760,768,45,0.004343229,0.000509398,0.003833831
760,768,46,0.004694026,0.000689372,0.004004654
760,768,47,0.004408719,0.000451587,0.003957132
760,768,48,0.004892402,0.000854355,0.004038047
760,768,49,0.004492711,0.000532802,0.003959909
760,768,50,0.004783476,0.000707791,0.004075685
760,768,51,0.004787048,0.000773866,0.004013182
760,768,52,0.004525022,0.000342999,0.004182023
760,768,53,0.004487625,0.000366271,0.004121354
760,768,54,0.004455542,0.000382995,0.004072547
760,768,55,0.004411653,0.000484058,0.003927595
760,768,56,0.004887869,0.000818616,0.004069253
760,768,57,0.004489818,0.000514647,0.003975171
760,768,58,0.00490881,0.000838371,0.004070439
760,768,59,0.004521591,0.000528255,0.003993336
760,768,60,0.004687749,0.000589202,0.004098547
760,768,61,0.004728055,0.00068361,0.004044445
760,768,62,0.004694242,0.000620174,0.004074068
760,768,63,0.004912769,0.000778498,0.004134271
760,768,64,0.004528278,0.000445387,0.004082891
760,768,65,0.004854987,0.000789455,0.004065532
760,768,66,0.004593256,0.00049,0.004103256
760,768,67,0.004540007,0.000462157,0.00407785
760,768,68,0.004690081,0.000677351,0.00401273
760,768,69,0.004710237,0.000707782,0.004002455
760,768,70,0.004658475,0.000703832,0.003954643
760,768,71,0.004578503,0.000628524,0.003949979
760,768,72,0.004838299,0.000947637,0.003890662
760,768,73,0.004580471,0.000711077,0.003869394
760,768,74,0.004651476,0.000770548,0.003880928
760,768,75,0.004702998,0.000735724,0.003967274
760,768,76,0.004588115,0.000730586,0.003857529
760,768,77,0.004467303,0.000558691,0.003908612
760,768,78,0.004814913,0.000924759,0.003890154
760,768,79,0.004354709,0.000416499,0.00393821
760,768,80,0.00450044,0.000655788,0.003844652
760,768,81,0.004144105,0.00045945,0.003684655
760,768,82,0.004172555,0.00053627,0.003636285
760,768,83,0.004673167,0.001095848,0.003577319
760,768,84,0.005395014,0.001878282,0.003516732
760,768,85,0.004870157,0.001470467,0.00339969
760,768,86,0.004466478,0.001061683,0.003404795
760,768,87,0.005764292,0.00240619,0.003358102
760,768,88,0.005211326,0.0017363,0.003475026
760,768,89,0.004846227,0.001320958,0.003525269
760,768,90,0.004715806,0.001078952,0.003636854
760,768,91,0.005001658,0.001166954,0.003834704
760,768,92,0.004847302,0.001301865,0.003545437
760,768,93,0.005063697,0.001651668,0.003412029
760,768,94,0.005015225,0.001645499,0.003369726
760,768,95,0.005138384,0.001587111,0.003551273
760,768,96,0.004060171,0.000476749,0.003583422
760,768,97,0.006498477,0.003138172,0.003360305
760,768,98,0.006799527,0.003072321,0.003727206
760,768,99,0.004511209,0.000864465,0.003646744
760,768,100,0.006263828,0.002874513,0.003389315
760,768,101,0.00722004,0.001715696,0.005504344
760,768,102,0.00469631,0.00085382,0.00384249
760,768,103,0.00358709,0.000374876,0.003212214
760,768,104,0.006007917,0.002608683,0.003399234
760,768,105,0.003887042,0.000422493,0.003464549
760,768,106,0.006224176,0.002687227,0.003536949
760,768,107,0.004753202,0.001267004,0.003486198
760,768,108,0.004071199,0.000387567,0.003683632
760,768,109,0.003847794,0.000339953,0.003507841
760,768,110,0.00411423,0.001055201,0.003059029
761,768,1,0.616712935,0.492676627,0.124036308
761,768,2,0.140491281,0.137436438,0.003054843
761,768,3,0.010314146,0.007259995,0.003054151
761,768,4,0.024011152,0.020980342,0.00303081
761,768,5,0.003902991,0.00087205,0.003030941
761,768,6,0.00471356,0.001671506,0.003042054
761,768,7,0.043208363,0.040173144,0.003035219
761,768,8,0.004210211,0.001168167,0.003042044
761,768,9,0.004043802,0.001009039,0.003034763
761,768,10,0.004197707,0.001168177,0.00302953
761,768,11,0.004139528,0.001095316,0.003044212
761,768,12,0.004120369,0.001077252,0.003043117
761,768,13,0.004166164,0.001089492,0.003076672
761,768,14,0.004275845,0.00115747,0.003118375
761,768,15,0.004195904,0.001086735,0.003109169
761,768,16,0.004212711,0.00101381,0.003198901
761,768,17,0.00409993,0.000955432,0.003144498
761,768,18,0.014227627,0.010911776,0.003315851
761,768,19,0.004695273,0.001326783,0.00336849
761,768,20,0.004013357,0.000885849,0.003127508
761,768,21,0.018628139,0.015444318,0.003183821
761,768,22,0.00628087,0.003030688,0.003250182
761,768,23,0.006252052,0.002966352,0.0032857
761,768,24,0.004874911,0.001548816,0.003326095
761,768,25,0.00502967,0.001667262,0.003362408
761,768,26,0.004683662,0.001314549,0.003369113
761,768,27,0.005324479,0.001883305,0.003441174
761,768,28,0.004966431,0.001406275,0.003560156
761,768,29,0.004269194,0.000815877,0.003453317
761,768,30,0.004415746,0.000982686,0.00343306
761,768,31,0.004402757,0.000990329,0.003412428
761,768,32,0.004482701,0.000983674,0.003499027
761,768,33,0.004635159,0.001218288,0.003416871
761,768,34,0.004726235,0.001237157,0.003489078
761,768,35,0.004417574,0.000875868,0.003541706
761,768,36,0.004510383,0.001012228,0.003498155
761,768,37,0.004803312,0.001194091,0.003609221
761,768,38,0.004223323,0.000657476,0.003565847
761,768,39,0.004455115,0.000786122,0.003668993
761,768,40,0.00435256,0.000720445,0.003632115
761,768,41,0.004760775,0.001033131,0.003727644
761,768,42,0.004370896,0.000604858,0.003766038
761,768,43,0.004339711,0.000502698,0.003837013
761,768,44,0.004455282,0.000658783,0.003796499
761,768,45,0.004409557,0.000611282,0.003798275
761,768,46,0.004670041,0.000764149,0.003905892
761,768,47,0.004625044,0.000718206,0.003906838
761,768,48,0.004800065,0.00083566,0.003964405
761,768,49,0.004463268,0.000554064,0.003909204
761,768,50,0.004827607,0.00077875,0.004048857
761,768,51,0.004528044,0.000568718,0.003959326
761,768,52,0.00466807,0.000541459,0.004126611
761,768,53,0.004514968,0.000511679,0.004003289
761,768,54,0.00456801,0.000561898,0.004006112
761,768,55,0.00459184,0.000602914,0.003988926
761,768,56,0.004567495,0.000599763,0.003967732
761,768,57,0.004783363,0.000831815,0.003951548
761,768,58,0.004811472,0.000799027,0.004012445
761,768,59,0.004701759,0.000699359,0.0040024
761,768,60,0.004748293,0.000691839,0.004056454
761,768,61,0.00463614,0.000626727,0.004009413
761,768,62,0.004648578,0.000649076,0.003999502
761,768,63,0.004725253,0.000788719,0.003936534
761,768,64,0.004641437,0.000663823,0.003977614
761,768,65,0.004704124,0.000741001,0.003963123
761,768,66,0.004729421,0.000675708,0.004053713
761,768,67,0.004716502,0.000781742,0.00393476
761,768,68,0.004755273,0.000783174,0.003972099
761,768,69,0.004703386,0.000757959,0.003945427
761,768,70,0.004577355,0.00069358,0.003883775
761,768,71,0.004950011,0.000991705,0.003958306
761,768,72,0.004546652,0.000643571,0.003903081
761,768,73,0.004522672,0.00073402,0.003788652
761,768,74,0.004734333,0.000954391,0.003779942
761,768,75,0.004635327,0.000732467,0.00390286
761,768,76,0.004379118,0.000552439,0.003826679
761,768,77,0.004791826,0.000969051,0.003822775
761,768,78,0.004392608,0.000588858,0.00380375
761,768,79,0.00470965,0.000915069,0.003794581
761,768,80,0.004253617,0.000497423,0.003756194
761,768,81,0.004284384,0.000617023,0.003667361
761,768,82,0.00418881,0.00051352,0.00367529
761,768,83,0.004806918,0.001254075,0.003552843
761,768,84,0.005436508,0.002084908,0.0033516
761,768,85,0.004566948,0.001289954,0.003276994
761,768,86,0.006017632,0.002652866,0.003364766
761,768,87,0.00464737,0.001337562,0.003309808
761,768,88,0.005086226,0.001628016,0.00345821
761,768,89,0.004581159,0.001111974,0.003469185
761,768,90,0.004535437,0.000908694,0.003626743
761,768,91,0.005374425,0.001682585,0.00369184
761,768,92,0.005138208,0.001708475,0.003429733
761,768,93,0.004904484,0.001618138,0.003286346
761,768,94,0.004324678,0.000992576,0.003332102
761,768,95,0.005064888,0.001610554,0.003454334
761,768,96,0.006204056,0.002777056,0.003427
761,768,97,0.005714039,0.002245223,0.003468816
761,768,98,0.005734107,0.002059143,0.003674964
761,768,99,0.004767571,0.001105791,0.00366178
761,768,100,0.005787488,0.002396499,0.003390989
761,768,101,0.004640474,0.001247751,0.003392723
761,768,102,0.006267968,0.002988707,0.003279261
761,768,103,0.007117621,0.002732097,0.004385524
761,768,104,0.003927748,0.000587189,0.003340559
761,768,105,0.00381553,0.00033598,0.00347955
761,768,106,0.00538206,0.001783288,0.003598772
761,768,107,0.004543638,0.001015798,0.00352784
761,768,108,0.004628586,0.000939041,0.003689545
761,768,109,0.005047009,0.001578814,0.003468195
761,768,110,0.005299091,0.002233974,0.003065117
762,768,1,0.619694282,0.494931565,0.124762717
762,768,2,0.139277966,0.136222405,0.003055561
762,768,3,0.005762919,0.002702178,0.003060741
762,768,4,0.006035438,0.002987655,0.003047783
762,768,5,0.0239531,0.020925227,0.003027873
762,768,6,0.005794372,0.002764534,0.003029838
762,768,7,0.003871786,0.000847066,0.00302472
762,768,8,0.042374819,0.039342266,0.003032553
762,768,9,0.004413158,0.00137498,0.003038178
762,768,10,0.004343989,0.001307724,0.003036265
762,768,11,0.004174123,0.001139739,0.003034384
762,768,12,0.004124728,0.001063825,0.003060903
762,768,13,0.003953244,0.000905102,0.003048142
762,768,14,0.004253035,0.001154761,0.003098274
762,768,15,0.004299747,0.001172665,0.003127082
762,768,16,0.004371548,0.001170288,0.00320126
762,768,17,0.004035187,0.000883337,0.00315185
762,768,18,0.004118014,0.000886176,0.003231838
762,768,19,0.013867664,0.010540027,0.003327637
762,768,20,0.019513606,0.016380929,0.003132677
762,768,21,0.005463861,0.002226062,0.003237799
762,768,22,0.006064209,0.002810957,0.003253252
762,768,23,0.00536478,0.002063478,0.003301302
762,768,24,0.005109536,0.001782568,0.003326968
762,768,25,0.004858334,0.001465555,0.003392779
762,768,26,0.00483611,0.001453051,0.003383059
762,768,27,0.004978507,0.001516918,0.003461589
762,768,28,0.005013876,0.001474053,0.003539823
762,768,29,0.004399763,0.000901602,0.003498161
762,768,30,0.004430723,0.000972357,0.003458366
762,768,31,0.00444366,0.000993692,0.003449968
762,768,32,0.004542603,0.001032791,0.003509812
762,768,33,0.004581703,0.001118076,0.003463627
762,768,34,0.004665692,0.001133754,0.003531938
762,768,35,0.00450001,0.000938088,0.003561922
762,768,36,0.004465264,0.000827148,0.003638116
762,768,37,0.004722044,0.001091391,0.003630653
762,768,38,0.004406257,0.000750386,0.003655871
762,768,39,0.004354829,0.000684197,0.003670632
762,768,40,0.004392749,0.000778109,0.00361464
762,768,41,0.004766002,0.001012485,0.003753517
762,768,42,0.004326411,0.000524222,0.003802189
762,768,43,0.004449219,0.000570001,0.003879218
762,768,44,0.004394039,0.00058738,0.003806659
762,768,45,0.004652996,0.000859744,0.003793252
762,768,46,0.004629544,0.000678958,0.003950586
762,768,47,0.004580125,0.000700439,0.003879686
762,768,48,0.004558159,0.00058785,0.003970309
762,768,49,0.004644789,0.000733191,0.003911598
762,768,50,0.004720192,0.00075083,0.003969362
762,768,51,0.004657633,0.000672407,0.003985226
762,768,52,0.004745302,0.000759525,0.003985777
762,768,53,0.004444887,0.000409668,0.004035219
762,768,54,0.004571888,0.000615337,0.003956551
762,768,55,0.004709248,0.000757929,0.003951319
762,768,56,0.004616665,0.000604424,0.004012241
762,768,57,0.004605423,0.000680551,0.003924872
762,768,58,0.004811384,0.000851319,0.003960065
762,768,59,0.004675683,0.000704684,0.003970999
762,768,60,0.004653063,0.000684451,0.003968612
762,768,61,0.004911064,0.000976296,0.003934768
762,768,62,0.004773342,0.000817706,0.003955636
762,768,63,0.004621004,0.000628086,0.003992918
762,768,64,0.004582305,0.000639913,0.003942392
762,768,65,0.004823831,0.00087997,0.003943861
762,768,66,0.004837243,0.000857073,0.00398017
762,768,67,0.00466914,0.000687819,0.003981321
762,768,68,0.004562401,0.000669586,0.003892815
762,768,69,0.004881164,0.000926377,0.003954787
762,768,70,0.004575669,0.000730707,0.003844962
762,768,71,0.004598121,0.000724825,0.003873296
762,768,72,0.004746616,0.000914727,0.003831889
762,768,73,0.00471838,0.000941458,0.003776922
762,768,74,0.004387564,0.000662703,0.003724861
762,768,75,0.004693539,0.000854202,0.003839337
762,768,76,0.004544109,0.000849562,0.003694547
762,768,77,0.004647503,0.000794943,0.00385256
762,768,78,0.004764299,0.000951702,0.003812597
762,768,79,0.004355235,0.000532758,0.003822477
762,768,80,0.004440872,0.000630118,0.003810754
762,768,81,0.004133814,0.000507825,0.003625989
762,768,82,0.004809943,0.001225081,0.003584862
762,768,83,0.005213364,0.001843296,0.003370068
762,768,84,0.00490882,0.001596578,0.003312242
762,768,85,0.005711021,0.002358492,0.003352529
762,768,86,0.005001346,0.0016171,0.003384246
762,768,87,0.004375644,0.001111147,0.003264497
762,768,88,0.004670781,0.001259697,0.003411084
762,768,89,0.004699002,0.001266898,0.003432104
762,768,90,0.005536301,0.001989608,0.003546693
762,768,91,0.005342261,0.001795576,0.003546685
762,768,92,0.005123696,0.001676937,0.003446759
762,768,93,0.003755094,0.000489976,0.003265118
762,768,94,0.004385616,0.001070101,0.003315515
762,768,95,0.007212552,0.003742116,0.003470436
762,768,96,0.005167068,0.001785967,0.003381101
762,768,97,0.005340957,0.001815506,0.003525451
762,768,98,0.005239576,0.001563134,0.003676442
762,768,99,0.004655975,0.000982618,0.003673357
762,768,100,0.004102406,0.000728931,0.003373475
762,768,101,0.005314084,0.001933374,0.00338071
762,768,102,0.004007686,0.000852371,0.003155315
762,768,103,0.007003144,0.003798651,0.003204493
762,768,104,0.006566195,0.003190826,0.003375369
762,768,105,0.003839467,0.000404568,0.003434899
762,768,106,0.005592044,0.002021221,0.003570823
762,768,107,0.004753948,0.001153179,0.003600769
762,768,108,0.00484214,0.001129988,0.003712152
762,768,109,0.006605245,0.000321631,0.006283614
762,768,110,0.004130046,0.00081964,0.003310406
763,768,1,0.616635491,0.492797972,0.123837519
763,768,2,0.140826495,0.137779568,0.003046927
763,768,3,0.007233988,0.00417197,0.003062018
763,768,4,0.007358731,0.004304444,0.003054287
763,768,5,0.02525797,0.022227807,0.003030163
763,768,6,0.00374048,0.000714812,0.003025668
763,768,7,0.003623373,0.000598327,0.003025046
763,768,8,0.003517461,0.000506606,0.003010855
763,768,9,0.042094372,0.039055886,0.003038486
763,768,10,0.004535875,0.001499076,0.003036799
763,768,11,0.004542367,0.001480997,0.00306137
763,768,12,0.004039883,0.000987226,0.003052657
763,768,13,0.004134921,0.001083321,0.0030516
763,768,14,0.004174874,0.001082147,0.003092727
763,768,15,0.004245427,0.001118461,0.003126966
763,768,16,0.00413038,0.000941134,0.003189246
763,768,17,0.004305883,0.001139938,0.003165945
763,768,18,0.004035489,0.000795129,0.00324036
763,768,19,0.030011954,0.026887224,0.00312473
763,768,20,0.004994427,0.001806212,0.003188215
763,768,21,0.00511821,0.001872546,0.003245664
763,768,22,0.005419658,0.002160431,0.003259227
763,768,23,0.005466714,0.002183819,0.003282895
763,768,24,0.00495124,0.001586579,0.003364661
763,768,25,0.004882145,0.001487942,0.003394203
763,768,26,0.004719315,0.001322534,0.003396781
763,768,27,0.00524008,0.001747522,0.003492558
763,768,28,0.004826263,0.001316597,0.003509666
763,768,29,0.004301004,0.000807804,0.0034932
763,768,30,0.00440927,0.000980224,0.003429046
763,768,31,0.004216337,0.000802729,0.003413608
763,768,32,0.004440055,0.000980386,0.003459669
763,768,33,0.004779534,0.001316777,0.003462757
763,768,34,0.004647933,0.001139963,0.00350797
763,768,35,0.004450171,0.000873209,0.003576962
763,768,36,0.004589026,0.001007209,0.003581817
763,768,37,0.004596729,0.001007631,0.003589098
763,768,38,0.004290126,0.00067881,0.003611316
763,768,39,0.004197666,0.000550345,0.003647321
763,768,40,0.004418636,0.000806139,0.003612497
763,768,41,0.004930837,0.001127417,0.00380342
763,768,42,0.004254327,0.000450569,0.003803758
763,768,43,0.004386027,0.000535692,0.003850335
763,768,44,0.004374581,0.000572789,0.003801792
763,768,45,0.004761486,0.000964336,0.00379715
763,768,46,0.004701947,0.000823374,0.003878573
763,768,47,0.004571024,0.000685139,0.003885885
763,768,48,0.004634972,0.000664916,0.003970056
763,768,49,0.004578824,0.000657997,0.003920827
763,768,50,0.004764591,0.000675782,0.004088809
763,768,51,0.004615776,0.000664384,0.003951392
763,768,52,0.004580665,0.000513443,0.004067222
763,768,53,0.00469037,0.000703197,0.003987173
763,768,54,0.0045727,0.000592012,0.003980688
763,768,55,0.004798952,0.000924567,0.003874385
763,768,56,0.00477587,0.000839889,0.003935981
763,768,57,0.004794972,0.000889739,0.003905233
763,768,58,0.004612398,0.000630457,0.003981941
763,768,59,0.004809263,0.000838995,0.003970268
763,768,60,0.004645065,0.000616031,0.004029034
763,768,61,0.00466512,0.000670534,0.003994586
763,768,62,0.004595018,0.000662577,0.003932441
763,768,63,0.004732775,0.000668743,0.004064032
763,768,64,0.004535897,0.000588098,0.003947799
763,768,65,0.004647933,0.000644818,0.004003115
763,768,66,0.004602693,0.000559761,0.004042932
763,768,67,0.004787657,0.000699494,0.004088163
763,768,68,0.004500269,0.000523033,0.003977236
763,768,69,0.004697638,0.000659192,0.004038446
763,768,70,0.004620671,0.000773867,0.003846804
763,768,71,0.004859729,0.000889988,0.003969741
763,768,72,0.004458049,0.000567264,0.003890785
763,768,73,0.004825815,0.000988263,0.003837552
763,768,74,0.004505981,0.000724803,0.003781178
763,768,75,0.004694922,0.000780366,0.003914556
763,768,76,0.004453449,0.000628262,0.003825187
763,768,77,0.004764378,0.000882869,0.003881509
763,768,78,0.004493529,0.000670161,0.003823368
763,768,79,0.004793983,0.000885909,0.003908074
763,768,80,0.004228488,0.000459419,0.003769069
763,768,81,0.005075458,0.001464263,0.003611195
763,768,82,0.00532445,0.001777223,0.003547227
763,768,83,0.005076815,0.001710395,0.00336642
763,768,84,0.005673005,0.002343671,0.003329334
763,768,85,0.005110294,0.001644774,0.00346552
763,768,86,0.004733473,0.001210609,0.003522864
763,768,87,0.004214495,0.000866831,0.003347664
763,768,88,0.004345028,0.000938006,0.003407022
763,768,89,0.005535339,0.002076339,0.003459
763,768,90,0.005689625,0.002029785,0.00365984
763,768,91,0.00507773,0.001485451,0.003592279
763,768,92,0.004293282,0.000795545,0.003497737
763,768,93,0.003893985,0.000654116,0.003239869
763,768,94,0.004251086,0.001011444,0.003239642
763,768,95,0.005607297,0.002140332,0.003466965
763,768,96,0.00507741,0.001645606,0.003431804
763,768,97,0.006196305,0.002633388,0.003562917
763,768,98,0.005294818,0.001596025,0.003698793
763,768,99,0.004808755,0.001182054,0.003626701
763,768,100,0.004142283,0.000755981,0.003386302
763,768,101,0.005509118,0.002102969,0.003406149
763,768,102,0.007742571,0.003694957,0.004047614
763,768,103,0.003692306,0.000483506,0.0032088
763,768,104,0.005432017,0.002071099,0.003360918
763,768,105,0.005912192,0.002364185,0.003548007
763,768,106,0.004691798,0.001150161,0.003541637
763,768,107,0.004781847,0.001322575,0.003459272
763,768,108,0.004585983,0.000892382,0.003693601
763,768,109,0.003863372,0.000396667,0.003466705
763,768,110,0.006045819,0.002977742,0.003068077
764,768,1,0.617052712,0.493358626,0.123694086
764,768,2,0.143241979,0.14020064,0.003041339
764,768,3,0.008616927,0.005564122,0.003052805
764,768,4,0.025232805,0.022194061,0.003038744
764,768,5,0.003717407,0.000687218,0.003030189
764,768,6,0.003559752,0.000526739,0.003033013
764,768,7,0.003479151,0.000448719,0.003030432
764,768,8,0.03863249,0.03559321,0.00303928
764,768,9,0.004328033,0.001300596,0.003027437
764,768,10,0.006036708,0.002986322,0.003050386
764,768,11,0.005092684,0.00204524,0.003047444
764,768,12,0.004058137,0.001008015,0.003050122
764,768,13,0.003988532,0.000934404,0.003054128
764,768,14,0.004519369,0.001424743,0.003094626
764,768,15,0.004224939,0.00110435,0.003120589
764,768,16,0.004134736,0.000956006,0.00317873
764,768,17,0.004072831,0.000901328,0.003171503
764,768,18,0.00411726,0.000888858,0.003228402
764,768,19,0.003837136,0.000587325,0.003249811
764,768,20,0.030393744,0.027245204,0.00314854
764,768,21,0.005393992,0.002159165,0.003234827
764,768,22,0.006117848,0.002834922,0.003282926
764,768,23,0.005501626,0.002193495,0.003308131
764,768,24,0.004915021,0.001536802,0.003378219
764,768,25,0.004977453,0.001564655,0.003412798
764,768,26,0.004754899,0.001304509,0.00345039
764,768,27,0.005422728,0.00183976,0.003582968
764,768,28,0.004550616,0.000960535,0.003590081
764,768,29,0.004451797,0.000929171,0.003522626
764,768,30,0.004303996,0.000814788,0.003489208
764,768,31,0.004472379,0.001018726,0.003453653
764,768,32,0.004601411,0.001071154,0.003530257
764,768,33,0.004546711,0.00105808,0.003488631
764,768,34,0.004691815,0.001143748,0.003548067
764,768,35,0.004493989,0.000937196,0.003556793
764,768,36,0.004494468,0.000931375,0.003563093
764,768,37,0.004513323,0.000915541,0.003597782
764,768,38,0.00448994,0.000857276,0.003632664
764,768,39,0.004379265,0.000710196,0.003669069
764,768,40,0.004283279,0.000628474,0.003654805
764,768,41,0.004586066,0.000788025,0.003798041
764,768,42,0.004538706,0.000727748,0.003810958
764,768,43,0.00433886,0.000426086,0.003912774
764,768,44,0.00428862,0.000452433,0.003836187
764,768,45,0.004430158,0.000575459,0.003854699
764,768,46,0.004705291,0.000706352,0.003998939
764,768,47,0.004537148,0.0005744,0.003962748
764,768,48,0.004805485,0.000758183,0.004047302
764,768,49,0.004544719,0.000620783,0.003923936
764,768,50,0.004821541,0.000724524,0.004097017
764,768,51,0.004798363,0.000789225,0.004009138
764,768,52,0.004595821,0.000435023,0.004160798
764,768,53,0.004554132,0.000442477,0.004111655
764,768,54,0.004801156,0.000710017,0.004091139
764,768,55,0.004556139,0.000601513,0.003954626
764,768,56,0.004697262,0.000602626,0.004094636
764,768,57,0.004655598,0.000697013,0.003958585
764,768,58,0.004775455,0.000689472,0.004085983
764,768,59,0.004715344,0.000649897,0.004065447
764,768,60,0.004669134,0.000569317,0.004099817
764,768,61,0.004614242,0.000543023,0.004071219
764,768,62,0.004611738,0.000521795,0.004089943
764,768,63,0.004624939,0.000528118,0.004096821
764,768,64,0.004801215,0.00074788,0.004053335
764,768,65,0.004528141,0.000455296,0.004072845
764,768,66,0.004669994,0.000518224,0.00415177
764,768,67,0.004580468,0.000451251,0.004129217
764,768,68,0.004672246,0.000532622,0.004139624
764,768,69,0.004587106,0.000493565,0.004093541
764,768,70,0.004605728,0.000552676,0.004053052
764,768,71,0.004540863,0.000569896,0.003970967
764,768,72,0.004745432,0.000787942,0.00395749
764,768,73,0.004647122,0.00066752,0.003979602
764,768,74,0.00468149,0.000750984,0.003930506
764,768,75,0.004542362,0.000620761,0.003921601
764,768,76,0.004676617,0.000751002,0.003925615
764,768,77,0.004535123,0.000615367,0.003919756
764,768,78,0.004711502,0.000732225,0.003979277
764,768,79,0.004563078,0.000550129,0.004012949
764,768,80,0.005828302,0.002088852,0.00373945
764,768,81,0.005418592,0.001791627,0.003626965
764,768,82,0.0048375,0.00133775,0.00349975
764,768,83,0.005953397,0.002498687,0.00345471
764,768,84,0.004641738,0.001189222,0.003452516
764,768,85,0.004673616,0.00116371,0.003509906
764,768,86,0.004394541,0.000925495,0.003469046
764,768,87,0.004377709,0.001041862,0.003335847
764,768,88,0.005060307,0.001702418,0.003357889
764,768,89,0.0060998,0.002541965,0.003557835
764,768,90,0.005476736,0.001659806,0.00381693
764,768,91,0.004139515,0.00051663,0.003622885
764,768,92,0.004497147,0.000962759,0.003534388
764,768,93,0.003865855,0.000630837,0.003235018
764,768,94,0.005781552,0.002587691,0.003193861
764,768,95,0.004638032,0.001121467,0.003516565
764,768,96,0.00555202,0.002126663,0.003425357
764,768,97,0.005482336,0.001918199,0.003564137
764,768,98,0.004929639,0.00118684,0.003742799
764,768,99,0.004492917,0.000752659,0.003740258
764,768,100,0.005488444,0.002041496,0.003446948
764,768,101,0.005156054,0.001761975,0.003394079
764,768,102,0.006601568,0.000685253,0.005916315
764,768,103,0.004160361,0.000977113,0.003183248
764,768,104,0.005353768,0.001970635,0.003383133
764,768,105,0.005303601,0.001779257,0.003524344
764,768,106,0.004982763,0.001347443,0.00363532
764,768,107,0.004655957,0.001092898,0.003563059
764,768,108,0.004786557,0.001059832,0.003726725
764,768,109,0.003864221,0.000326579,0.003537642
764,768,110,0.005674893,0.002610651,0.003064242
765,768,1,0.616624818,0.492559145,0.124065673
765,768,2,0.144280131,0.141246939,0.003033192
765,768,3,0.029963621,0.026932911,0.00303071
765,768,4,0.003659406,0.000642247,0.003017159
765,768,5,0.003599986,0.000579384,0.003020602
765,768,6,0.003523288,0.000503906,0.003019382
765,768,7,0.038629479,0.035609729,0.00301975
765,768,8,0.004149724,0.001108624,0.0030411
765,768,9,0.00381777,0.000788255,0.003029515
765,768,10,0.003942207,0.000893348,0.003048859
765,768,11,0.005463948,0.002417746,0.003046202
765,768,12,0.004981867,0.001940501,0.003041366
765,768,13,0.004187824,0.00114445,0.003043374
765,768,14,0.004285734,0.001209518,0.003076216
765,768,15,0.004106816,0.001020126,0.00308669
765,768,16,0.004588296,0.001421666,0.00316663
765,768,17,0.004113575,0.000958932,0.003154643
765,768,18,0.004046063,0.000863126,0.003182937
765,768,19,0.003928575,0.00066392,0.003264655
765,768,20,0.003732862,0.000485411,0.003247451
765,768,21,0.031618887,0.028417102,0.003201785
765,768,22,0.006182728,0.002935201,0.003247527
765,768,23,0.005672359,0.002408624,0.003263735
765,768,24,0.004962865,0.001651023,0.003311842
765,768,25,0.005094638,0.001731142,0.003363496
765,768,26,0.00472933,0.001360513,0.003368817
765,768,27,0.005244794,0.001762428,0.003482366
765,768,28,0.004792673,0.001324868,0.003467805
765,768,29,0.004276968,0.000804353,0.003472615
765,768,30,0.004480228,0.001058488,0.00342174
765,768,31,0.004487242,0.001061824,0.003425418
765,768,32,0.0044242,0.000959004,0.003465196
765,768,33,0.004649956,0.001200211,0.003449745
765,768,34,0.004706769,0.001207696,0.003499073
765,768,35,0.004579275,0.001007821,0.003571454
765,768,36,0.004429118,0.000905534,0.003523584
765,768,37,0.004673695,0.001077013,0.003596682
765,768,38,0.004413367,0.000824443,0.003588924
765,768,39,0.004564614,0.000926383,0.003638231
765,768,40,0.004409881,0.000851091,0.00355879
765,768,41,0.004689579,0.001047371,0.003642208
765,768,42,0.004304343,0.000601699,0.003702644
765,768,43,0.004405259,0.000548986,0.003856273
765,768,44,0.004288606,0.000558922,0.003729684
765,768,45,0.004503512,0.000760125,0.003743387
765,768,46,0.004688832,0.000817023,0.003871809
765,768,47,0.004590281,0.000751715,0.003838566
765,768,48,0.004556146,0.000657971,0.003898175
765,768,49,0.004640869,0.000729807,0.003911062
765,768,50,0.004678886,0.000662687,0.004016199
765,768,51,0.004624288,0.00064805,0.003976238
765,768,52,0.004513208,0.000450333,0.004062875
765,768,53,0.004539763,0.000533787,0.004005976
765,768,54,0.004608855,0.000625281,0.003983574
765,768,55,0.004779558,0.000851665,0.003927893
765,768,56,0.004706563,0.000750701,0.003955862
765,768,57,0.004660118,0.000742722,0.003917396
765,768,58,0.004668576,0.000750839,0.003917737
765,768,59,0.004569599,0.000670626,0.003898973
765,768,60,0.0046936,0.000679335,0.004014265
765,768,61,0.004643059,0.000696044,0.003947015
765,768,62,0.004717106,0.000765755,0.003951351
765,768,63,0.004571162,0.000576717,0.003994445
765,768,64,0.0046811,0.000685085,0.003996015
765,768,65,0.004647747,0.000656358,0.003991389
765,768,66,0.004602762,0.000618914,0.003983848
765,768,67,0.004615242,0.000617246,0.003997996
765,768,68,0.004542425,0.000571196,0.003971229
765,768,69,0.004612785,0.000656154,0.003956631
765,768,70,0.004557543,0.000678265,0.003879278
765,768,71,0.004692944,0.000830209,0.003862735
765,768,72,0.00442723,0.000623226,0.003804004
765,768,73,0.004731496,0.000927152,0.003804344
765,768,74,0.004784548,0.000997072,0.003787476
765,768,75,0.004708063,0.000873193,0.00383487
765,768,76,0.004334997,0.000600964,0.003734033
765,768,77,0.004901201,0.001093587,0.003807614
765,768,78,0.005397168,0.001663757,0.003733411
765,768,79,0.006099425,0.002381192,0.003718233
765,768,80,0.004840368,0.001186191,0.003654177
765,768,81,0.004924057,0.001391089,0.003532968
765,768,82,0.004684488,0.001186408,0.00349808
765,768,83,0.004814539,0.001440552,0.003373987
765,768,84,0.005356043,0.001963289,0.003392754
765,768,85,0.00460163,0.001156243,0.003445387
765,768,86,0.004552625,0.001086636,0.003465989
765,768,87,0.00575084,0.002391128,0.003359712
765,768,88,0.005990355,0.00256101,0.003429345
765,768,89,0.004930568,0.001329633,0.003600935
765,768,90,0.004746482,0.000934516,0.003811966
765,768,91,0.004093265,0.000453485,0.00363978
765,768,92,0.004654979,0.001159038,0.003495941
765,768,93,0.005649692,0.000442834,0.005206858
765,768,94,0.004511647,0.000941243,0.003570404
765,768,95,0.005519761,0.001957133,0.003562628
765,768,96,0.004699404,0.001376774,0.00332263
765,768,97,0.00471776,0.00127676,0.003441
765,768,98,0.005003178,0.001335333,0.003667845
765,768,99,0.005688658,0.002160342,0.003528316
765,768,100,0.004425776,0.00109981,0.003325966
765,768,101,0.004957503,0.001647513,0.00330999
765,768,102,0.004103748,0.000955327,0.003148421
765,768,103,0.005934681,0.002705333,0.003229348
765,768,104,0.003881629,0.000622446,0.003259183
765,768,105,0.006836407,0.003393426,0.003442981
765,768,106,0.004961625,0.001435108,0.003526517
765,768,107,0.005016422,0.001551707,0.003464715
765,768,108,0.004618943,0.00101817,0.003600773
765,768,109,0.006670753,0.003475059,0.003195694
765,768,110,0.004910245,0.001893819,0.003016426
766,768,1,0.61812069,0.494107655,0.124013035
766,768,2,0.141049098,0.13800455,0.003044548
766,768,3,0.008533806,0.005469061,0.003064745
766,768,4,0.026394138,0.023360528,0.00303361
766,768,5,0.003809096,0.000780044,0.003029052
766,768,6,0.039141277,0.036108947,0.00303233
766,768,7,0.003929159,0.000895405,0.003033754
766,768,8,0.003556647,0.000531635,0.003025012
766,768,9,0.003781236,0.000747813,0.003033423
766,768,10,0.003717631,0.000686776,0.003030855
766,768,11,0.004222061,0.001177179,0.003044882
766,768,12,0.004884461,0.001840546,0.003043915
766,768,13,0.004965711,0.001919107,0.003046604
766,768,14,0.004509986,0.001435947,0.003074039
766,768,15,0.004225008,0.001128642,0.003096366
766,768,16,0.004133292,0.000997098,0.003136194
766,768,17,0.004504698,0.001332483,0.003172215
766,768,18,0.004118556,0.00090148,0.003217076
766,768,19,0.00392487,0.000658349,0.003266521
766,768,20,0.003796584,0.000502016,0.003294568
766,768,21,0.003759301,0.000451402,0.003307899
766,768,22,0.033097949,0.029842831,0.003255118
766,768,23,0.006267362,0.003045402,0.00322196
766,768,24,0.005486414,0.002130794,0.00335562
766,768,25,0.004828206,0.001442186,0.00338602
766,768,26,0.005027354,0.001675046,0.003352308
766,768,27,0.00511616,0.001629912,0.003486248
766,768,28,0.004982545,0.001421296,0.003561249
766,768,29,0.004446219,0.000925073,0.003521146
766,768,30,0.004249571,0.000817027,0.003432544
766,768,31,0.004542767,0.001113287,0.00342948
766,768,32,0.004533108,0.001080311,0.003452797
766,768,33,0.004679898,0.001240401,0.003439497
766,768,34,0.004599561,0.001139174,0.003460387
766,768,35,0.00464895,0.001108092,0.003540858
766,768,36,0.004577582,0.001084743,0.003492839
766,768,37,0.004554164,0.000987985,0.003566179
766,768,38,0.004613156,0.001007533,0.003605623
766,768,39,0.004449807,0.000795027,0.00365478
766,768,40,0.004282953,0.000731514,0.003551439
766,768,41,0.004553476,0.000832823,0.003720653
766,768,42,0.004646289,0.000879025,0.003767264
766,768,43,0.004353647,0.000495998,0.003857649
766,768,44,0.004230474,0.00049374,0.003736734
766,768,45,0.004585422,0.000799234,0.003786188
766,768,46,0.004599843,0.000701976,0.003897867
766,768,47,0.004582152,0.000727138,0.003855014
766,768,48,0.004644878,0.000771804,0.003873074
766,768,49,0.004496227,0.000666906,0.003829321
766,768,50,0.004634521,0.000680056,0.003954465
766,768,51,0.004685463,0.00077767,0.003907793
766,768,52,0.00449501,0.000435072,0.004059938
766,768,53,0.004467643,0.000545423,0.00392222
766,768,54,0.004711558,0.000718307,0.003993251
766,768,55,0.004468195,0.000513937,0.003954258
766,768,56,0.004765084,0.000790245,0.003974839
766,768,57,0.004525783,0.000616562,0.003909221
766,768,58,0.004778031,0.000808221,0.00396981
766,768,59,0.00460538,0.000688121,0.003917259
766,768,60,0.004611074,0.000546771,0.004064303
766,768,61,0.004648038,0.000663744,0.003984294
766,768,62,0.004690901,0.000624126,0.004066775
766,768,63,0.004675505,0.000703196,0.003972309
766,768,64,0.004608028,0.000534137,0.004073891
766,768,65,0.004692739,0.00070773,0.003985009
766,768,66,0.004773299,0.000628062,0.004145237
766,768,67,0.004636453,0.0005807,0.004055753
766,768,68,0.004577667,0.000503049,0.004074618
766,768,69,0.004712623,0.000687905,0.004024718
766,768,70,0.004456233,0.000489095,0.003967138
766,768,71,0.004764588,0.000792292,0.003972296
766,768,72,0.00460178,0.000644739,0.003957041
766,768,73,0.004573433,0.000662675,0.003910758
766,768,74,0.004819284,0.000862998,0.003956286
766,768,75,0.004508574,0.000594612,0.003913962
766,768,76,0.004629426,0.000713315,0.003916111
766,768,77,0.004873869,0.00096482,0.003909049
766,768,78,0.004412675,0.00051319,0.003899485
766,768,79,0.00473434,0.000873488,0.003860852
766,768,80,0.005999861,0.002254414,0.003745447
766,768,81,0.00523898,0.001663653,0.003575327
766,768,82,0.005201705,0.00170425,0.003497455
766,768,83,0.004512246,0.001151421,0.003360825
766,768,84,0.00441103,0.001091563,0.003319467
766,768,85,0.005045017,0.001650347,0.00339467
766,768,86,0.006474636,0.003044968,0.003429668
766,768,87,0.005922566,0.002404568,0.003517998
766,768,88,0.005194189,0.001707128,0.003487061
766,768,89,0.004504357,0.000849012,0.003655345
766,768,90,0.004767124,0.000960499,0.003806625
766,768,91,0.00404784,0.000493632,0.003554208
766,768,92,0.004615758,0.001127555,0.003488203
766,768,93,0.0036218,0.000384217,0.003237583
766,768,94,0.008280919,0.004742573,0.003538346
766,768,95,0.00426062,0.000746343,0.003514277
766,768,96,0.004388992,0.001059234,0.003329758
766,768,97,0.004776433,0.001319863,0.00345657
766,768,98,0.00485146,0.001237273,0.003614187
766,768,99,0.004651061,0.001009195,0.003641866
766,768,100,0.006677137,0.003370429,0.003306708
766,768,101,0.004464394,0.001160866,0.003303528
766,768,102,0.003494791,0.000359643,0.003135148
766,768,103,0.003710787,0.000456463,0.003254324
766,768,104,0.005354348,0.002107397,0.003246951
766,768,105,0.005367341,0.002010774,0.003356567
766,768,106,0.006256874,0.002818356,0.003438518
766,768,107,0.005546158,0.002078028,0.00346813
766,768,108,0.007914039,0.003676212,0.004237827
766,768,109,0.005016486,0.001941924,0.003074562
766,768,110,0.004504158,0.00146912,0.003035038
767,768,1,0.518278645,0.30773813,0.210540515
767,768,2,0.108363057,0.105331871,0.003031186
767,768,3,0.135808192,0.132787484,0.003020708
767,768,4,0.008563827,0.005523434,0.003040393
767,768,5,0.026407058,0.023378969,0.003028089
767,768,6,0.003859003,0.000833255,0.003025748
767,768,7,0.039019451,0.035991599,0.003027852
767,768,8,0.004114758,0.001083306,0.003031452
767,768,9,0.003610753,0.000578351,0.003032402
767,768,10,0.003845843,0.000812045,0.003033798
767,768,11,0.003922029,0.000893275,0.003028754
767,768,12,0.004172975,0.001139807,0.003033168
767,768,13,0.005074939,0.002020036,0.003054903
767,768,14,0.004782439,0.00172481,0.003057629
767,768,15,0.004597157,0.001496561,0.003100596
767,768,16,0.004232549,0.001087349,0.0031452
767,768,17,0.004161402,0.000951918,0.003209484
767,768,18,0.004298938,0.001094285,0.003204653
767,768,19,0.004074855,0.000808273,0.003266582
767,768,20,0.003905938,0.000608307,0.003297631
767,768,21,0.003787101,0.000466268,0.003320833
767,768,22,0.003867998,0.000473259,0.003394739
767,768,23,0.033893987,0.030732825,0.003161162
767,768,24,0.005467234,0.002315198,0.003152036
767,768,25,0.005656579,0.002383763,0.003272816
767,768,26,0.00487333,0.001598847,0.003274483
767,768,27,0.006152444,0.002692919,0.003459525
767,768,28,0.004332141,0.00091005,0.003422091
767,768,29,0.004929839,0.001402644,0.003527195
767,768,30,0.004220028,0.000806656,0.003413372
767,768,31,0.004595541,0.001154743,0.003440798
767,768,32,0.004445316,0.000972352,0.003472964
767,768,33,0.004960053,0.001454152,0.003505901
767,768,34,0.004624328,0.001109461,0.003514867
767,768,35,0.004433106,0.000858853,0.003574253
767,768,36,0.004620501,0.001062125,0.003558376
767,768,37,0.004732374,0.001066371,0.003666003
767,768,38,0.004471414,0.000810102,0.003661312
767,768,39,0.004367265,0.000644789,0.003722476
767,768,40,0.004343778,0.00076745,0.003576328
767,768,41,0.004652341,0.000897646,0.003754695
767,768,42,0.004302133,0.000492072,0.003810061
767,768,43,0.00476448,0.000783445,0.003981035
767,768,44,0.004184892,0.000397192,0.0037877
767,768,45,0.004411757,0.000522849,0.003888908
767,768,46,0.00467941,0.000730906,0.003948504
767,768,47,0.004424747,0.0005045,0.003920247
767,768,48,0.004713343,0.000728997,0.003984346
767,768,49,0.004664104,0.000737161,0.003926943
767,768,50,0.004362176,0.000380371,0.003981805
767,768,51,0.004854454,0.000855622,0.003998832
767,768,52,0.004543659,0.000401413,0.004142246
767,768,53,0.004484631,0.000472895,0.004011736
767,768,54,0.004394914,0.000386666,0.004008248
767,768,55,0.00472889,0.000726852,0.004002038
767,768,56,0.004422724,0.000443629,0.003979095
767,768,57,0.004699471,0.000770461,0.00392901
767,768,58,0.004598952,0.000624238,0.003974714
767,768,59,0.00467252,0.000746701,0.003925819
767,768,60,0.004796497,0.000766493,0.004030004
767,768,61,0.004442847,0.000507488,0.003935359
767,768,62,0.00461388,0.000659744,0.003954136
767,768,63,0.004736278,0.000789483,0.003946795
767,768,64,0.004667954,0.000692913,0.003975041
767,768,65,0.004529697,0.000593495,0.003936202
767,768,66,0.004759315,0.000746707,0.004012608
767,768,67,0.004744608,0.000752259,0.003992349
767,768,68,0.004678281,0.00062066,0.004057621
767,768,69,0.004582634,0.00058541,0.003997224
767,768,70,0.00466257,0.000723693,0.003938877
767,768,71,0.004464339,0.000562091,0.003902248
767,768,72,0.004691581,0.00081977,0.003871811
767,768,73,0.004588854,0.000749556,0.003839298
767,768,74,0.004646638,0.000816742,0.003829896
767,768,75,0.00474159,0.000922591,0.003818999
767,768,76,0.00493313,0.001115296,0.003817834
767,768,77,0.005324231,0.001410331,0.0039139
767,768,78,0.004379115,0.000459097,0.003920018
767,768,79,0.004256124,0.000396904,0.00385922
767,768,80,0.004225918,0.000441213,0.003784705
767,768,81,0.005824224,0.002234902,0.003589322
767,768,82,0.005292351,0.001698526,0.003593825
767,768,83,0.004944101,0.001595879,0.003348222
767,768,84,0.004596519,0.001270958,0.003325561
767,768,85,0.004391446,0.001046238,0.003345208
767,768,86,0.005058213,0.001641765,0.003416448
767,768,87,0.007089714,0.003726366,0.003363348
767,768,88,0.00572843,0.002267475,0.003460955
767,768,89,0.005011037,0.001434848,0.003576189
767,768,90,0.005018244,0.001170034,0.00384821
767,768,91,0.004013551,0.000445271,0.00356828
767,768,92,0.004502405,0.001040534,0.003461871
767,768,93,0.007444662,0.004115715,0.003328947
767,768,94,0.005446452,0.001916067,0.003530385
767,768,95,0.003959835,0.000456413,0.003503422
767,768,96,0.004375491,0.001025739,0.003349752
767,768,97,0.004580718,0.001110313,0.003470405
767,768,98,0.004737656,0.001115702,0.003621954
767,768,99,0.007695952,0.00096999,0.006725962
767,768,100,0.004758789,0.000945387,0.003813402
767,768,101,0.003628872,0.000362792,0.00326608
767,768,102,0.00348938,0.000331006,0.003158374
767,768,103,0.003619453,0.000356438,0.003263015
767,768,104,0.006253859,0.002931729,0.00332213
767,768,105,0.00498043,0.001485391,0.003495039
767,768,106,0.004284958,0.000894271,0.003390687
767,768,107,0.006001012,0.002472599,0.003528413
767,768,108,0.005150916,0.001487524,0.003663392
767,768,109,0.007195598,0.004023165,0.003172433
767,768,110,0.004857594,0.001825955,0.003031639
